[0.07634498157807912, 1.5306759760443915, -0.04220337956880246, 1.0559460147553938, 1.0451522939545659, 1.0174539062705306, 0.8871123173590099, 0.8228243053695784, 1.3701238213531273, 0.9826747447562397, 0.018220181386450773, 0.9062360384987588, 1.0015890422912594, 0.8289139238442794, 0.9886774367431658]
7118.347678528829
[0.6136091118930658, 0.9936903317597561, 0.01169272054319545, 0.9845391271878885, 1.2618199772854872, 1.0739193021289166, 0.8021918701423401, 0.8906339826011165, 1.4629542554632005, 0.999538193622794, -0.296370735273927, 0.8977186936797814, 0.9930564577394159, 0.877925485128301, 0.9901041671830119]
5871.990057143871
[0.42767589675522955, 1.8442235811007477, 0.09844424258129061, 1.0461323335956367, 1.1702801846717734, 1.2596965457233749, 0.8105118847344838, 0.9006363746978036, 1.2477421098326185, 1.0021631014438466, -0.21399683752381185, 0.8890030565582407, 0.9821769264377379, 0.8731402540383914, 0.9800038420586866]
5001.79520723994
[0.7877439995353241, 1.5813369816838447, 0.1119885911447073, 1.0311307206680231, 1.023144802871144, 1.0309780085066755, 0.9146524183883017, 0.8554673133001587, 1.4509761540316681, 0.9819340659354571, -0.03265249129233552, 0.8784479127504783, 0.9940606794394172, 0.8756789984743872, 0.9819000814980321]
5033.510315974069
[0.36808968780799034, 2.032744408153096, 0.14339128011574134, 0.9257802360783058, 1.2415699358793444, 1.0578836919719277, 0.9358223108999942, 0.8340237955778482, 1.2958582555885232, 0.9908431382390985, 0.17091573969771504, 0.9120671890672771, 0.999211833674615, 0.8383700520066696, 0.9797176031986317]
798.8843671350343
[0.9504765949006222, 2.1600657467127644, 0.3280966303199402, 1.0924069436053938, 1.0425155507479313, 1.2209950149800168, 0.8993789380298616, 0.9579761547094467, 1.215696116535008, 0.9936314139320604, -0.21895217127290778, 0.8256790342733293, 0.9906377126862188, 0.8149727201465253, 0.9763710979393693]
16684.4906913648
