32.41,43093404,58.47,36.98647311827957,0.989263386399024,-0.6153327113252528,256.8,167850000,310.94,271.0384516129032,0.9972063352606572,-0.09285510805620922,561.11,7141591,678.74,616.405870967742,0.9933176798092134,-0.0703961823697482,2599.95,2929.67,2771.9676559139784,0.9956359679833698
30.78,46116448,58.47,36.50348387096775,0.9869414624701506,-0.6485849984893713,238.32,180540000,310.94,269.08679569892473,0.9927993393470023,-0.1081688887479052,523.96,7141591,678.74,610.0146451612903,0.9896314650663246,-0.06325883514609754,2416.62,2929.67,2748.2329892473126,0.9914376105305457
31.83,28654450,58.47,36.11862365591398,0.9894568908432365,-0.6316519284735365,243.12,105166000,310.94,267.5048387096774,0.9941210159155586,-0.0455757162670718,536.75,7141591,678.74,604.6879784946236,0.9912679692054633,-0.057910171930319,2485.74,2929.67,2729.6129677419353,0.9932247296432909
32.04,36755748,58.47,35.77348387096774,0.9904442708494589,-0.6013710451660598,241.19,140315008,310.94,265.83178494623655,0.9937457065393249,-0.030594640464630674,548.85,7141591,678.74,600.3439354838711,0.9928160585868316,-0.05433953144363646,2531.94,2929.67,2714.508817204301,0.9944665596492498
31.8,47924520,58.47,35.43666666666667,0.9905847245541993,-0.6131661779442006,244.17,172663008,310.94,264.3862365591398,0.9945621687512306,-0.09202106331239834,571.3,7141591,678.74,597.6456344086021,0.9955054079573666,-0.029707292451812584,2596.26,2929.67,2704.085720430108,0.996160227328004
33.97,34398400,58.47,35.263440860215056,0.9951116788697693,-0.5802788721318795,252.49,161931008,310.94,263.5197204301075,0.996722536920569,-0.03381362068822824,590.15,7141591,678.74,596.2934623655913,0.997737502015975,-0.002495182047929312,2670.71,2929.67,2698.860258064516,0.9980675677822962
34.98,60381056,58.47,35.171247311827955,0.9973855770696751,-0.35640909349813465,255.52,178456992,310.94,262.8596559139785,0.9974951987841681,0.02170462430641873,589.72,7141591,678.74,594.9569247311829,0.9977585908302498,-0.0008399913946253168,2664.76,2929.67,2693.4319354838713,0.9979886611155859
36.11,45342232,58.47,35.158365591397846,0.9996337428605844,-0.18572264361907542,265.45,165051008,310.94,262.8190107526882,0.9998453731473209,0.03226517354819358,604.94,7141591,678.74,594.6289462365592,0.9994487357302851,0.01690157859708241,2706.53,2929.67,2690.8137419354844,0.9990279340220578
36.0,31725880,58.47,35.142645161290325,0.9995528680061463,-0.21806205023529834,267.59,123387000,310.94,262.8830752688172,1.0002437590642532,0.009370854936606943,614.16,7141591,678.74,594.8989462365591,1.0004540646763143,0.02401279019312763,2707.88,2929.67,2688.397247311828,0.9991019465279234
35.05,33195572,58.47,35.06804301075268,0.9978771617732458,-0.32542522845865096,268.02,127740000,310.94,262.9411397849463,1.0002208758250022,-0.04837361047234512,635.82,7141591,678.74,596.578817204301,1.0028237921387642,0.02602307532248449,2775.6,2929.67,2690.5507096774195,1.0008010208936737
35.49,24700390,58.47,35.027913978494624,0.9988556808760114,-0.33602474598929144,263.02,118264000,310.94,262.65845161290326,0.9989248994194129,-0.1093976884828105,639.89,7141591,678.74,598.4988602150538,1.0032184230404804,0.011705104555878032,2792.67,2929.67,2693.861870967742,1.001230663030588
34.64,40873740,58.47,34.941978494623655,0.9975466571054237,-0.3175810766335688,256.65,173406000,310.94,261.9792688172043,0.9974141978241007,-0.07790814555762549,640.88,7141591,678.74,600.479440860215,1.0033092471461844,0.01902950128328662,2803.69,2929.67,2697.9402365591395,1.001513947554383
31.91,34137684,58.47,34.68804301075268,0.9927326529632532,-0.37971727140484113,246.39,166488000,310.94,260.6618494623656,0.994971283946296,-0.1484117404054225,622.52,7141591,678.74,601.2671182795699,1.001311747523323,0.01872887893860964,2743.07,2929.67,2698.18647311828,1.0000912683519834
31.43,47023960,58.47,34.414645161290316,0.9921183835773724,-0.3539904854227137,248.28,207388000,310.94,259.51707526881717,0.9956082019831073,-0.14679588264130983,624.31,7141591,678.74,602.1880645161291,1.0015316757037942,-0.014387351920423508,2822.48,2929.67,2703.749935483871,1.0020619265647572
30.57,33121434,58.47,34.099440860215054,0.9908409835522638,-0.32713551341872293,240.58,141116992,310.94,257.9304301075269,0.9938861627519239,-0.21627603036517062,614.81,7141591,678.74,602.5292473118279,1.000566571833291,-0.017987442776506213,2800.71,2929.67,2707.9683440860217,1.0015602066399665
31.76,29830308,58.47,33.87875268817204,0.993528099978305,-0.2799060410560019,248.61,151380992,310.94,256.94707526881723,0.996187519098465,-0.20885797370441783,632.36,7141591,678.74,604.0631397849462,1.002545756044145,0.0024426204705395582,2834.4,2929.67,2714.519397849463,1.002419176641318
34.06,39248736,58.47,33.825204301075274,0.9984194109036528,-0.08670161960434641,265.3,162028992,310.94,257.12221505376345,1.000681618129971,-0.16155178846941676,649.13,7141591,678.74,606.7076989247311,1.0043779515179925,-0.008241769686706424,2892.74,2929.67,2724.9786666666664,1.0038530831002679
34.69,33461630,58.47,33.82169892473118,0.9998963679180503,-0.16379784054503033,267.62,159872000,310.94,257.4845161290323,1.001409061738182,-0.17341753448605624,651.03,7141591,678.74,609.4761075268818,1.004563002261315,-0.017258914876573273,2907.41,2929.67,2736.3390967741934,1.0041689978150998
34.37,17979588,58.47,33.808408602150536,0.9996070474576034,-0.39061079910829144,268.0,85784000,310.94,257.91593548387095,1.0016755157215842,-0.16707781507196973,659.7,7141591,678.74,612.8272473118279,1.0054983940199793,-0.0077555715315730245,2905.03,2929.67,2747.540752688172,1.0040936651189114
33.06,26733778,58.47,33.730451612903224,0.9976941538371507,-0.38623539585993427,266.25,139480000,310.94,258.29617204301076,1.001474265475014,-0.18228132299631084,652.91,7141591,678.74,615.7636344086022,1.0047915413514246,-0.01823469069655037,2939.88,2929.67,2761.043784946237,1.0049145885260677
34.79,26246460,58.47,33.781892473118276,1.0015250569664882,-0.37717439659688257,271.05,109576000,310.94,259.03486021505375,1.002859849475121,-0.14298542744713671,660.25,7141591,678.74,619.1868172043011,1.0055592480692475,-0.02656978312242797,2945.64,2939.88,2774.8627311827954,1.0050049717834617
33.99,24938752,58.47,33.785268817204305,1.0000999453801682,-0.21238921100749608,264.37,99219000,310.94,259.3409677419355,1.0011817232886246,-0.13706614747239887,641.72,7141591,678.74,621.4227311827956,1.0036110490668873,-0.008761302414923788,2881.4,2945.64,2784.407978494624,1.0034398989198863
31.74,26555084,58.47,33.636860215053765,0.9956072984662782,-0.28642898596941524,257.06,99455000,310.94,259.1564946236559,0.9992886850084434,-0.17785058650282093,629.36,7141591,678.74,622.8177419354839,1.002244865986851,-0.010065885549862319,2859.53,2945.64,2792.2965161290326,1.002833111273684
29.17,39910680,58.47,33.32329032258064,0.9906777894705883,-0.4762575630632615,250.98,109802000,310.94,258.59529032258064,0.9978344964810154,-0.1706900758652663,620.08,7141591,678.74,623.5835053763441,1.0012295144940484,0.004311283735045857,2826.06,2945.64,2797.828387096774,1.001981118744298
27.23,26786374,58.47,32.89163440860215,0.987046419792286,-0.6408355006418321,238.41,93421000,310.94,257.22591397849465,0.9947045580668628,-0.24778760085498197,604.8,7141591,678.74,623.2794193548388,0.9995123571760901,0.004200455414798743,2752.06,2945.64,2798.2261290322585,1.0001421609478691
30.92,36079616,58.47,32.717612903225806,0.9947092472446175,-0.5155664171587643,255.31,126391000,310.94,257.0087311827957,0.9991556729555752,-0.18797068308742582,635.64,7141591,678.74,624.9459784946237,1.0026738555582502,0.011916569630974871,2873.34,2945.64,2806.386021505376,1.0029160947317504
32.68,31081416,58.47,32.6685376344086,0.9985000351656962,-0.42445302289524156,263.73,108964000,310.94,257.36929032258064,1.0014029061897063,-0.1533132240405094,632.91,7141591,678.74,626.3773978494623,1.0022904689430705,-0.006780492290509255,2886.98,2945.64,2815.2273548387097,1.0031504337840849
31.57,29196702,58.47,32.556602150537636,0.9965735998004065,-0.48853701649486403,260.33,113579000,310.94,257.52658064516123,1.0006111464284781,-0.2101621614403073,649.74,995770112,678.74,628.8319139784946,1.0039185898748253,-0.008740688518163564,2950.46,2945.64,2827.840064516129,1.0044801744540246
32.61,28552404,58.47,32.52548387096774,0.9990441791368151,-0.4588761616939244,263.02,118907000,310.94,257.89165591397847,1.0014176216990986,-0.1872561433849127,651.69,867564928,678.74,631.2714838709678,1.0038795262108096,0.006298355913441744,2941.76,2950.46,2839.2078279569896,1.0040199456763852
32.46,19094298,58.47,32.5009247311828,0.9992449262282348,-0.3489597635545898,269.69,79702000,310.94,258.74722580645164,1.0033175555426213,-0.09781797008369941,652.39,533879712,678.74,633.6619784946237,1.0037867932969144,0.009579299589514312,2990.41,2950.46,2853.323784946237,1.0049717941921161
33.78,31504208,58.47,32.563913978494625,1.0019380755419365,-0.21403570190390053,276.18,132582000,310.94,260.0119139784946,1.0048877361606534,-0.05752565946588306,660.45,786600320,678.74,636.3944946236559,1.0043122614607929,0.017877335417286755,3013.77,2990.41,2868.1783870967743,1.0052060695771394
33.08,23018122,58.47,32.57879569892473,1.000457000360581,-0.34987048172001356,274.93,125208000,310.94,261.1542795698925,1.0043935124891714,-0.028715793827809533,652.22,910865856,678.74,638.3824086021505,1.003123713349642,0.013065203921908797,2976.61,3013.77,2879.745634408602,1.004032959513211
31.24,36872588,58.47,32.470021505376344,0.9966611966091805,-0.3864634993715621,275.99,155670000,310.94,262.2863010752688,1.0043346848737869,-0.057466982785925325,661.19,946825600,678.74,640.6732043010752,1.0035884380084044,0.014552369060583104,3025.86,3013.77,2893.2860215053765,1.0047019385792229
29.45,33012376,58.47,32.247032258064515,0.9931324576648368,-0.3942545188136667,265.07,124308000,310.94,262.6431182795699,1.0013604111340861,-0.1274109577494995,638.4,1103761792,678.74,641.226064516129,1.0008629363790185,0.005134261466970935,2932.05,3025.86,2899.612602150538,1.002186641969766
28.78,30790320,58.47,31.986387096774195,0.9919172356946077,-0.39098482210027086,262.18,120488000,310.94,262.7621290322581,1.0004531272453197,-0.12662294071809632,634.46,1035479104,678.74,641.3321505376344,1.0001654424662003,-0.013619899636454269,2918.65,3025.86,2904.214215053764,1.0015869750668807
25.79,50115048,58.47,31.539333333333335,0.9860236242971641,-0.5773742805426688,252.1,129681000,310.94,262.1920860215054,0.9978305739382912,-0.18052679638751046,624.22,1470532864,678.74,640.6417634408601,0.9989235108575244,-0.023883915937055633,2888.68,3025.86,2906.1889677419354,1.0006799610985773
25.42,37792248,58.47,31.086,0.9856264135788115,-0.5816054838929192,248.05,106278000,310.94,261.36159139784945,0.9968324954568314,-0.18743126336458993,614.12,1053415488,678.74,639.2264946236558,0.9977908577024341,-0.02705460951076666,2847.11,3025.86,2905.0130322580644,0.9995953685404069
26.31,35600232,58.47,30.710645161290323,0.9879252770150655,-0.6301770468521013,254.9,124308000,310.94,260.98909677419357,0.9985747920279194,-0.18570715132830395,636.24,840556480,678.74,639.1858494623657,0.9999364150866212,-0.02951836059285795,2926.46,3025.86,2908.564301075269,1.0012224622670434
27.79,24439048,58.47,30.451849462365598,0.9915730946853918,-0.5501651944227938,257.94,104032000,310.94,260.83541935483873,0.9994111730288572,-0.18240295947310392,647.68,760340800,678.74,639.8159569892474,1.000985797053254,-0.04543689885173241,2978.71,3025.86,2915.0135698924737,1.0022173375416938
29.95,38722236,58.47,30.35006451612903,0.9966575118413625,-0.4895036331925867,271.6,131367000,310.94,261.58378494623656,1.0028691103119693,-0.08420713880653774,666.21,952235648,678.74,641.5694623655913,1.0027406402687975,-0.03571332554712514,3007.39,3025.86,2922.730731182796,1.0026473843449746
27.99,46519016,58.47,30.132795698924735,0.9928412403509445,-0.5154529307434247,264.3,152708000,310.94,261.85348387096775,1.0010310230994885,-0.11334666659826609,656.39,922648256,678.74,642.6240645161291,1.0016437848314184,-0.045615521951755555,2992.07,3025.86,2928.961032258065,1.0021316712514081
27.01,27449320,58.47,29.868430107526876,0.9912266490623938,-0.440739608055703,261.51,102571000,310.94,261.9404301075269,1.0003320415496246,-0.11511508791315372,653.53,775377984,678.74,643.4586666666668,1.0012987408916378,-0.0366514872034831,2961.79,3025.86,2932.808967741935,1.0013137544137634
25.83,41082776,58.47,29.544344086021507,0.9891495461817493,-0.4009073606029049,249.25,164492992,310.94,261.22595698924727,0.9972723831980183,-0.12146270399382608,637.93,940280000,678.74,643.2596129032258,0.9996906502721113,-0.05141590578329769,2952.01,3025.86,2935.6859354838707,1.0009809598148327
27.36,37745248,58.47,29.332043010752688,0.9928141550663409,-0.36729528823070023,253.91,156614000,310.94,260.8059784946237,0.9983922788551948,-0.07967260122833664,647.76,845080000,678.74,643.6616129032258,1.0006249420792728,-0.014800284924266993,2970.27,3025.86,2939.291634408602,1.001228230472868
28.22,29015188,58.47,29.18397849462366,0.9949521239937241,-0.43054151416585895,257.54,134898000,310.94,260.6080860215054,0.9992412272361987,-0.041405031766197586,648.41,858659968,678.74,644.0551182795699,1.0006113544266984,-0.011578604228726253,2986.2,3025.86,2943.607247311829,1.0014682493062976
30.86,55119544,58.47,29.21129032258064,1.0009358500576613,-0.3285934462508614,269.2,185412992,310.94,261.12597849462367,1.0019872463706883,-0.006009969181546504,662.43,966659968,678.74,645.2808817204302,1.0019031964905964,-0.018828864573313675,3022.55,3025.86,2949.86911827957,1.0021272780101556
30.56,44548372,58.47,29.221182795698926,1.0003386523843707,-0.571718486164092,270.52,130824000,310.94,261.68475268817207,1.002139864431604,-0.05119447527566745,675.93,1121619968,678.74,647.3129462365591,1.003149116258816,-0.018923322694676115,3066.91,3025.86,2958.588301075269,1.002955786323423
30.76,28354548,58.47,29.251505376344085,1.0010376917613897,-0.5143348986478589,276.66,108442000,310.94,262.6284301075269,1.003606161267177,0.005339881966872628,688.42,1051950016,678.74,650.0931827956988,1.0042950424138801,-0.00642889297951954,3093.08,3066.91,2968.621311827956,1.0033911479840032
28.86,28898980,58.47,29.16769892473118,0.9971349696183267,-0.26872229371832534,272.59,87858000,310.94,263.2900860215053,1.0025193613414491,-0.06588050265365619,692.36,713430016,688.42,653.0472043010751,1.0045439970508114,-0.02465023002282507,3120.46,3093.08,2980.0214838709676,1.003840224415822
28.68,32171640,58.47,29.08412903225807,0.9971348479463955,-0.20064760946751192,269.1,106213000,310.94,263.7167096774193,1.0016203559441246,-0.04490369170726516,686.73,766339968,692.36,655.5677634408603,1.0038596890441982,-0.006166081274619373,3110.29,3120.46,2990.30223655914,1.0034498921379646
28.74,17474466,58.47,29.01384946236559,0.9975835766023962,-0.18002226021388912,272.56,66048000,310.94,264.36043010752695,1.0024409542758783,-0.0542592717090804,688.72,584179968,692.36,658.1439784946235,1.0039297463930221,-0.023194930124516455,3140.98,3120.46,3002.1965161290314,1.0039776178556379
27.73,30550564,58.47,28.891419354838703,0.995780287352573,-0.1341012311564872,265.35,121171000,310.94,264.5357419354839,1.0006631545722846,-0.06094496575056896,681.2,873089984,692.36,660.1738064516128,1.0030841700650852,-0.030276966227982705,3145.91,3140.98,3013.9887741935486,1.0039278768065862
27.48,33127344,58.47,28.766322580645163,0.9956701063157498,-0.10795866789562303,262.64,123474000,310.94,264.5341075268817,0.9999938215963173,-0.0017922766932236822,686.22,833310016,692.36,662.4426021505375,1.0034366642189567,-0.01780838915683125,3168.8,3145.91,3026.6889677419354,1.0042137494529273
29.04,36130888,58.47,28.75103225806452,0.999468464467859,0.10440185857466644,270.5,131517000,310.94,265.0275698924731,1.0018654016686344,0.029845606105125322,687.99,1088809984,692.36,664.7033118279571,1.0034126876352465,-0.030309053196693636,3221.22,3168.8,3042.106,1.0050936955935603
28.44,24832010,58.47,28.697311827956995,0.9981315303873148,0.2107628549508368,268.48,68438000,310.94,265.3487311827957,1.0012118033246613,0.06379386719106384,691.34,421320000,692.36,667.0341075268818,1.0035065203639726,-0.034218556464119754,3240.02,3221.22,3057.8861290322575,1.0051872383908573
27.65,29633640,58.47,28.590021505376345,0.9962613110515763,0.0031836724570291075,265.17,96511000,310.94,265.3916774193549,1.0001618482830792,0.0036383335369514214,699.23,682449984,692.36,669.6878279569893,1.0039783879117463,-0.025774349672720964,3234.85,3240.02,3072.2833333333333,1.004708221200386
27.32,37812504,58.47,28.468473118279565,0.99574857307911,-0.07767157275834335,265.55,132834000,310.94,265.437935483871,1.0001743011120994,-0.025607075964968473,697.97,960569984,699.23,672.1235053763439,1.0036370340294,-0.028265805585142134,3265.35,3240.02,3087.870838709677,1.005073589797928
28.4,34283396,58.47,28.428129032258067,0.9985828503743815,0.01948767862580625,274.27,155263008,310.94,266.04286021505374,1.0022789686413134,0.004936605848950393,711.83,911800000,699.23,675.3134623655914,1.00474608753262,-0.03294747345924187,3329.62,3265.35,3106.7910967741936,1.0061272828601933
27.64,69940928,58.47,28.34556989247312,0.9970958644625798,-0.02486799419989949,267.35,231416992,310.94,266.17135483870965,1.0004829846722894,-0.07243211273517725,704.53,876280000,711.83,677.8989247311828,1.0038285366865554,-0.039156049067878396,3295.47,3329.62,3122.692731182796,1.005118346845114
26.84,64320792,58.47,28.222086021505376,0.9956436271545723,-0.1060756534602727,255.04,211767008,310.94,265.4963440860215,0.9974639992605622,-0.0978408609531558,684.12,1355299968,711.83,679.0539784946236,1.001703873131085,-0.029984774416813798,3225.52,3329.62,3133.320795698925,1.0034034935330007
28.38,41992032,58.47,28.210043010752685,0.9995732770871892,-0.1427920846000833,265.01,152400000,310.94,265.4960645161291,0.999998946991555,-0.10387811395006752,705.2,954499968,711.83,681.5007956989248,1.0036032734978233,-0.036411700637023925,3327.71,3329.62,3150.0361505376345,1.0053347090606408
29.2,48071680,58.47,28.262516129032257,1.0018600864330327,0.06284614483884443,269.69,130860000,310.94,265.82174193548383,1.001226675129623,-0.1597894008904922,712.8,818700032,711.83,684.3416989247311,1.0041685985456448,-0.04269091991510976,3380.16,3329.62,3169.4602365591404,1.0061663057480121
27.82,40237400,58.47,28.234301075268814,0.9990016793397082,0.021193803433775193,263.17,108456000,310.94,265.7380430107527,0.9996851313811965,-0.17882505908748114,704.12,679600000,712.8,686.4923225806451,1.003142616706381,-0.03814644161655956,3337.75,3380.16,3185.2803440860216,1.0049914200987282
19.05,132705184,58.47,27.64763440860215,0.979221491436863,-0.26597058169016397,206.26,389123008,310.94,262.0103010752688,0.9859721179051015,-0.19473496728506612,618.39,1807500032,712.8,683.0196559139786,0.9949414340809928,-0.038905247560246936,2954.22,3380.16,3175.6858494623652,0.9969878649326832
15.97,217664304,58.47,26.88462365591398,0.9724023132897486,-0.3993152081936243,192.95,547620992,310.94,257.5503225806451,0.9829778505794609,-0.26548272104474024,608.4,2061100032,712.8,678.9455053763442,0.9940350903486334,-0.05948006919504578,2972.37,3380.16,3167.2146451612903,0.9973324803829355
14.31,255653536,58.47,26.042064516129027,0.9686601847000521,-0.37606077474266697,164.24,683566016,310.94,251.38696774193548,0.976069318116347,-0.2615541529859666,528.6,2494099968,712.8,669.779010752688,0.9864989243598055,-0.09168103321394083,2711.02,3380.16,3141.766623655914,0.9919651730758904
10.38,355697696,58.47,24.97064516129032,0.9588581253158662,-0.5317263888433135,106.53,944072000,310.94,241.68933333333334,0.9614234799213721,-0.27572832114679924,431.44,2866599936,712.8,654.5497634408603,0.9772622804427488,-0.10703107998126093,2304.92,3380.16,3090.5006666666673,0.9836824426730999
14.04,380186432,58.47,24.167698924731187,0.967844393632093,-0.38189316330607337,136.82,1005488000,310.94,234.25023655913975,0.9692204175021091,-0.26273726917440443,498.02,2781710080,712.8,644.0088602150538,0.9838959483074371,-0.08569021691880274,2541.47,3380.16,3055.6620000000003,0.9887271771067945
9.39,304776128,58.47,23.09113978494624,0.9554546279669478,-0.5971424719012646,105.59,739548032,310.94,225.05023655913976,0.9607257600455942,-0.3304029164485464,475.7,2357570048,712.8,632.3252043010754,0.9818579267526274,-0.10101147845896175,2488.65,3380.16,3018.2435268817203,0.9877543808450411
12.51,432644800,58.47,22.25544086021505,0.9638086758594738,-0.4732082191057827,127.41,1092976000,310.94,217.58561290322584,0.9668313005574098,-0.4576341759531631,534.19,2517040128,712.8,624.7849462365592,0.9880753479171361,-0.12582062035442088,2789.82,3380.16,3001.3092688172046,0.9943893665591619
11.57,411051424,58.47,21.396602150537635,0.9614099439740725,-0.5707810695610546,117.61,1085895040,310.94,209.7988172043011,0.9642127271420835,-0.43801299543081623,533.43,2711889920,712.8,617.4795698924733,0.9883073745805009,-0.14805384203328398,2874.56,3380.16,2990.31,0.9963351764739862
10.31,307020736,58.47,20.491784946236564,0.9577121078414623,-0.6640669169879361,108.03,935088000,310.94,201.7094193548387,0.9614421188962902,-0.4300864004475459,520.2,2235790080,712.8,609.5850752688171,0.9872149703268226,-0.16179402862446735,2836.74,3380.16,2977.123440860215,0.9955902367514455
10.64,490053984,58.47,19.64417204301075,0.958636453317773,-0.6457095628878347,112.97,1465607040,310.94,194.26879569892475,0.9631121656107456,-0.3815546442703499,526.21,3115699968,712.8,602.3650537634409,0.9881558427227038,-0.13403828592961087,2830.71,3380.16,2963.816774193548,0.9955303611250926
10.14,402981696,58.47,18.79696774193549,0.9568724861897812,-0.6393229895299302,107.07,1282386048,310.94,186.74060215053765,0.9612485704597964,-0.4303715262129114,533.16,2498510080,712.8,595.8336774193548,0.9891571127785725,-0.1632923528185063,2929.8,3380.16,2957.1638709677422,0.9977552919992444
9.04,276124768,58.47,17.915827956989247,0.9531233017450764,-0.6444654530263829,91.71,1112903040,310.94,178.5372258064516,0.9560707406444312,-0.42015291168766966,501.72,2518190080,712.8,587.5203655913978,0.9860475965978237,-0.1852082825446295,2863.7,3380.16,2946.333483870968,0.9963375762827679
9.7,266256096,58.47,17.11851612903226,0.9554967914477017,-0.6594481389957466,109.35,1181892992,310.94,171.8285376344086,0.9624241491277805,-0.42256551980062673,537.84,2431330048,712.8,581.8528387096776,0.9903534801282756,-0.16588045180502486,2955.45,3380.16,2941.685892473118,0.998422584740223
10.5,330897888,58.47,16.418322580645164,0.9590972989066735,-0.6812132617022415,121.58,1280866944,310.94,166.2526451612903,0.9675496716093699,-0.4340840356599731,570.15,2422180096,712.8,578.5377634408602,0.9943025537588354,-0.14912651459083826,3044.31,3380.16,2942.9155053763443,1.0004179959887534
18.59,1014565184,58.47,16.28320430107527,0.9917702750140152,-0.371003860048821,164.13,2568920064,310.94,163.74221505376346,0.9848999087798492,-0.3887660584177116,630.14,3675379968,712.8,579.3204946236558,1.0013529474344773,-0.11726266273072117,3193.93,3380.16,2953.846623655914,1.0037143840044336
16.74,735928512,58.47,16.05490322580645,0.9859793520336937,-0.49608376080147576,149.69,2143800064,310.94,160.5421720430107,0.9804568234911074,-0.3740050313586232,579.51,3538040064,712.8,576.9621075268817,0.9959290459794519,-0.13762839045655828,3041.31,3380.16,2954.71440860215,1.000293781315281
16.0,478566016,58.47,15.804924731182796,0.9844297725680563,-0.5654565522319998,143.23,1488461952,310.94,157.18965591397847,0.979117535994629,-0.3950827683358741,582.81,2780940032,712.8,575.059311827957,0.9967020439053078,-0.1472908550652764,3097.74,3380.16,2959.393053763441,1.001583450890438
12.38,690188672,58.47,15.348666666666666,0.9711319052588753,-0.660240043656528,129.07,1491918976,310.94,153.1942795698925,0.9745824474208886,-0.404907783527801,559.4,2816969984,712.8,571.8696774193548,0.994453381863406,-0.1457657998326688,3009.05,3380.16,2958.376752688172,0.9996565846250208
12.5,387760000,58.47,14.935333333333334,0.9730704078530166,-0.6046744411905685,134.68,989452992,310.94,149.86941935483867,0.9782964466794146,-0.42271855401609615,582.8,1929970048,712.8,570.4678279569893,0.9975486557204928,-0.13939678741744188,3130.01,3380.16,2965.448043010753,1.002390260238543
11.94,409927520,58.47,14.518623655913979,0.9720990708329673,-0.558461874184689,131.09,1054539008,310.94,146.59395698924732,0.9781445582448265,-0.4387722319904407,574.69,1990889984,712.8,568.7543655913979,0.9969963908889872,-0.16765302067046084,3185.04,3380.16,2976.103849462366,1.0035933209070136
11.91,402360960,58.47,14.133397849462368,0.9734667820048704,-0.6054539225050874,133.43,1047228992,310.94,143.75236559139788,0.9806159035733112,-0.42050833813286614,608.04,2037389952,712.8,569.4323655913978,1.0011920787619712,-0.11729773368315433,3224.73,3380.16,2989.2853763440853,1.004429121948853
11.39,340629088,58.47,13.751462365591397,0.9729763862916022,-0.6369429438770234,126.74,890904000,310.94,140.77393548387096,0.9792808271691833,-0.4311176773233718,606.87,1732659968,712.8,570.2068172043012,1.0013600414372286,-0.1146552756038084,3215.63,3380.16,3001.8722580645153,1.0042106658066297
11.12,276383488,58.47,13.388774193548391,0.9736254834285467,-0.5263043793805191,123.03,699321024,310.94,137.86096774193547,0.9793074781072009,-0.47646685196016103,605.88,1985549952,712.8,571.0990537634409,1.001564759543764,-0.14471626366523893,3271.12,3380.16,3018.0915913978497,1.0054030724624479
13.03,414773696,58.47,13.18486021505376,0.9847697798508775,-0.45507273553864325,134.0,904700032,310.94,135.9614193548387,0.9862212748233963,-0.43921512293948595,634.74,1906200064,712.8,574.0539784946236,1.0051741019560623,-0.11690699504109292,3351.28,3380.16,3039.4045376344084,1.00706172943767
13.33,420035264,58.47,13.031032258064515,0.9883329853726008,-0.5436637001841482,140.51,934801984,310.94,134.76477419354842,0.9911986417399246,-0.3921309119398594,654.39,1943239936,712.8,578.412623655914,1.0075927444536146,-0.09367688757010972,3372.85,3380.16,3061.9243010752693,1.0074092682175135
12.16,226574880,58.47,12.834129032258065,0.9848896678400445,-0.6016859684359865,133.52,552657984,310.94,133.40481720430108,0.9899086612404057,-0.39617552532414585,644.59,1304429952,712.8,582.2625376344087,1.0066559992314152,-0.11593550572058098,3397.16,3380.16,3085.9194838709677,1.0078366348858696
13.59,389147968,58.47,12.762774193548388,0.9944402274178225,-0.5174125330652828,151.9,891206016,310.94,133.51847311827956,1.0008519625929582,-0.334092727716211,664.07,1757319936,712.8,587.498129032258,1.0089918053445792,-0.11688740086647198,3508.01,3397.16,3116.8475913978496,1.0100223313305912
13.61,329121984,58.47,12.721204301075266,0.9967428795775345,-0.5172462756090885,152.87,779684992,310.94,133.91651612903223,1.0029811830637103,-0.32895737864549934,655.8,1831480064,712.8,592.2432903225806,1.0080768960032926,-0.09987636465462568,3426.96,3508.01,3141.9391612903223,1.0080503037625974
12.95,248011472,58.47,12.668817204301073,0.9958819074409673,-0.658375551876212,150.12,554262016,310.94,134.37830107526884,1.0034483046571467,-0.29192275329976936,653.85,1403970048,712.8,596.9688817204301,1.0079791387679133,-0.07110789448016075,3340.97,3508.01,3161.2695483870975,1.0061523747292538
13.19,260874768,58.47,12.666860215053763,0.9998455270751996,-0.5912346062425438,153.97,681769024,310.94,135.34561290322583,1.0071984228124389,-0.2623476356012311,663.78,2192270080,712.8,602.4618924731183,1.0092015026593306,-0.05181462747396259,3319.47,3508.01,3179.29711827957,1.0057026361139214
12.29,231837616,58.47,12.638301075268817,0.9977453655207306,-0.3877443774583138,141.58,555137024,310.94,135.74840860215053,1.0029760528641052,-0.2593906808250038,646.54,1711869952,712.8,606.9293978494625,1.0074154157004105,-0.07100340096550406,3298.46,3508.01,3196.0085161290317,1.0052563183709313
13.0,336921184,58.47,12.670086021505375,1.0025149698560953,-0.1613921768872989,148.77,667918976,310.94,136.75417204301075,1.0074090256469075,-0.17585200078726804,655.83,1715660032,712.8,611.9357204301075,1.0082486078255295,-0.0485633537941641,3348.44,3508.01,3215.2041290322577,1.0060061206991011
13.2,354124736,58.47,12.721161290322579,1.0040311698539783,-0.08269379554756928,153.32,666620992,310.94,138.14849462365592,1.0101958321257405,-0.11633216015501169,682.05,1819730048,712.8,618.5316559139784,1.0107788044784096,0.007704064893217399,3477.13,3508.01,3241.893569892472,1.0083010097614697
12.46,207365760,58.47,12.726881720430107,1.0004496782940626,0.2086825061903297,148.56,446032000,310.94,139.25920430107527,1.0080399694578297,0.06283088537048154,689.55,1491609984,712.8,625.2814623655914,1.0109126289448178,0.08678558875624609,3483.81,3508.01,3267.366430107527,1.0078574017517483
12.6,316389888,58.47,12.737161290322582,1.0008077053058466,-0.047109195578109775,160.01,624988032,310.94,141.01823655913978,1.0126313536465534,0.03050499142516827,685.74,1641760000,712.8,631.2303870967742,1.0095139950394123,0.013395015640706331,3465.39,3508.01,3289.1156559139777,1.006656500356385
11.28,310971776,58.47,12.665376344086019,0.9943641330591374,0.32859500793854024,145.15,607811968,310.94,141.76868817204303,1.0053216635749698,0.21214981906688268,641.01,1986370048,712.8,633.8898064516129,1.004213072452152,0.033559604244219,3269.96,3508.01,3296.2695698924726,1.0021750265806653
11.46,221745552,58.47,12.601139784946236,0.9949281760450982,0.07371694267622553,147.91,441447008,310.94,142.61212903225805,1.0059494157073068,0.15980945333160346,687.16,1595160064,712.8,639.1711397849461,1.0083316268530915,0.028413829177349692,3509.44,3508.01,3317.1935698924735,1.0063477818049582
12.24,572717056,58.47,12.589483870967742,0.9990750111357055,0.24471897309870094,166.34,1017964032,310.94,144.60051612903223,1.0139426226245063,0.33136363937570246,723.41,2453100032,712.8,646.4622150537634,1.0114070783472333,0.1089483767717232,3585.15,3509.44,3341.454516129033,1.007313696269267
12.53,384207744,58.47,12.595096774193548,1.0004458406145427,0.40172568102393624,171.34,669832000,310.94,146.806688172043,1.0152570136128847,0.471792816257669,730.99,1907570048,723.41,653.8337634408603,1.0114029067986343,0.151115046050188,3557.54,3585.15,3362.4060215053764,1.0062701752411147
14.98,424383808,58.47,12.754,1.0126162766872926,0.6209200942214533,187.66,640398976,310.94,149.9296129032258,1.021272360067976,0.5440185982926369,748.75,1529660032,730.99,661.897806451613,1.012333475971499,0.13759742653986717,3638.35,3585.15,3387.0209677419343,1.0073206347119072
16.4,536631968,58.47,12.995182795698925,1.018910365038335,0.7676991487918381,193.76,875648000,310.94,153.2854623655914,1.022382832833242,0.6933871620049281,751.94,2127640064,748.75,669.6890752688173,1.0117711053598633,0.14776138564918928,3699.12,3638.35,3413.8196989247317,1.0079121834314075
17.05,584948032,58.47,13.264838709677418,1.020750451780312,1.1229895924743074,189.59,846825024,310.94,156.18584946236558,1.0189214753441957,0.8983072740628337,748.01,1932969984,751.94,676.7563010752688,1.0105529955130514,0.21161627008294492,3663.46,3699.12,3436.663333333334,1.0066915175443498
16.51,360758656,58.47,13.482430107526882,1.0164036218315056,0.9607344621956986,185.24,592640000,310.94,158.5950967741935,1.0154255159486036,0.5845563401889726,748.53,1696969984,751.94,683.3274193548388,1.0097097260404218,0.13662524193782333,3709.41,3699.12,3460.7515698924735,1.0070091929941172
15.66,256335648,58.47,13.630537634408602,1.0109852248964402,0.7600742548118342,182.79,416824000,310.94,160.68307526881722,1.0131654668844936,0.4584178795253451,744.1,1005379968,751.94,689.1596344086021,1.0085350227263963,0.08870785738352338,3703.06,3709.41,3482.808709677419,1.0063735114582728
15.77,220069808,58.47,13.774645161290325,1.0105724022593165,0.06134812444372051,184.0,351319008,310.94,162.71748387096775,1.0126610011586288,0.12764467426478954,749.54,854480000,751.94,694.9687311827958,1.008429246990327,0.013479097537566265,3756.07,3709.41,3506.869182795699,1.0069083533216812
15.13,290652864,58.47,13.88352688172043,1.0079045027407374,0.030723568479466445,183.23,486907008,310.94,164.65948387096776,1.0119347961497487,0.21373596298704922,757.79,1587760000,751.94,701.0533118279569,1.0087551862006878,0.05006270757670239,3824.68,3756.07,3534.1472043010754,1.0077784542517865
15.76,264149776,58.47,14.036516129032261,1.0110194800366803,0.1830442041660041,184.83,471073984,310.94,166.63258064516126,1.0119828917703864,0.25335057060834676,751.1,1361280000,757.79,706.32288172043,1.0075166464569334,0.07230485001562559,3768.25,3824.68,3556.099913978494,1.0062116002555588
15.82,171947840,58.47,14.19389247311828,1.0112119234316634,0.4587910089570447,185.22,333729984,310.94,168.54137634408605,1.011455116949725,0.34011999795144665,748.41,1025350016,757.79,711.0569892473118,1.0067024694362876,0.061241065022909824,3841.47,3824.68,3581.3345376344087,1.0070961514767123
17.17,717716992,58.47,14.430967741935483,1.0167026253908995,0.5028735512826157,176.41,1001867008,310.94,169.76103225806452,1.0072365370476652,0.274720565496299,717.01,2413400064,757.79,713.358817204301,1.0032371919435399,0.04363047610937709,3714.24,3841.47,3596.570623655914,1.0042543040482248
17.19,218655648,58.47,14.659290322580645,1.0158217095851216,0.5431787278763717,192.16,435168000,310.94,171.9070752688172,1.0126415525530639,0.3788946217795244,752.03,1336400000,757.79,717.631376344086,1.0059893549175287,0.08824429621529406,3886.83,3841.47,3621.6851397849455,1.006982906428653
17.27,168922384,58.47,14.881483870967747,1.015157183158099,0.5706843278013496,199.24,362328992,310.94,174.37855913978495,1.014376859516125,0.39426171971403456,762.72,1117869952,757.79,722.2122365591397,1.0063833053654796,0.03418667624069416,3934.83,3886.83,3648.3872043010747,1.007372828803587
18.68,144258144,58.47,15.183118279569891,1.0202691083239759,0.7431531792208028,210.57,306679008,310.94,177.43948387096776,1.0175533319364631,0.5638684908920213,768.39,935369984,762.72,726.8262580645162,1.006388733493854,0.0512397679011265,3906.71,3934.83,3671.7479784946236,1.0064030413674319
20.94,361333792,58.47,15.614881720430109,1.028437072866724,0.9102194460463247,227.59,703798016,310.94,181.4181935483871,1.0224229105643285,0.8167808732884057,764.55,1815090048,768.39,730.845182795699,1.0055294159870956,0.09679329697531758,3811.15,3934.83,3687.4573978494623,1.0042784579570407
20.45,246573568,58.47,15.993913978494623,1.0242737834874918,0.6042953402934513,221.84,515896992,310.94,184.80107526881721,1.0186468713763697,0.6432394383844484,788.1,1736729984,768.39,736.0422365591398,1.0071110187024297,0.09520100824142697,3841.94,3934.83,3703.9919139784947,1.0044839883814456
23.37,218084784,58.47,16.545376344086023,1.0344795130405788,0.8848947546550986,241.34,473123008,310.94,189.2531182795699,1.0240910016582783,0.6277342721473618,816.2,2026909952,788.1,742.7223870967742,1.0090757706634648,0.07812662479846555,3943.34,3934.83,3726.013182795699,1.0059452799381388
24.97,283427552,58.47,17.178473118279573,1.038264271602371,1.2010344901058154,246.21,560481024,310.94,193.80251612903228,1.0240386942673352,0.7653917715054948,813.8,1771970048,816.2,748.8997204301074,1.0083171497731203,0.11063403257638726,3913.1,3943.34,3744.856623655914,1.0050572662885955
22.93,229389952,58.47,17.652408602150537,1.0275889178629416,0.8244372684600233,237.89,484388992,310.94,197.57279569892475,1.0194542343680524,0.46286860030209986,831.5,1402450048,816.2,755.8550967741935,1.0092874601957276,0.11913710603751726,3974.54,3943.34,3766.5543870967736,1.0057940171337394
23.86,126204512,58.47,18.16625806451613,1.0291093115929228,0.890053199404671,242.1,267266000,310.94,201.4297634408602,1.0195217551500004,0.4658051437780666,835.29,940310016,831.5,762.6949247311829,1.009049125931915,0.10068284922519855,4019.87,3974.54,3790.1733763440857,1.0062707150408408
23.54,142463184,58.47,18.63741935483871,1.0259360672213995,0.9498102471515298,246.55,347502016,310.94,205.3819354838709,1.0196205961596687,0.4981019449799995,849.97,1081799936,835.29,770.0958494623654,1.0097036501636496,0.06413770877714287,4128.8,4019.87,3819.5450322580646,1.007749422782952
22.03,166258928,58.47,18.988387096774193,1.0188313486568819,0.7392019406411008,236.71,382252000,310.94,208.4918924731183,1.0151423102617105,0.361532263964804,854.96,1143410048,849.97,777.3969462365592,1.0094807636988188,0.02713209330255717,4185.47,4128.8,3850.8785591397855,1.0082034709938206
21.11,246381040,58.47,19.26098924731183,1.0143562562290478,0.8050209790142776,231.43,501150016,310.94,211.08326881720427,1.0124291468284317,0.4085369816486282,858.65,1295539968,854.96,784.5249677419356,1.0091690886359712,0.060759822697173504,4180.17,4185.47,3880.007784946237,1.0075643065235893
21.72,159728032,58.47,19.553978494623657,1.0152115368296941,0.7160272924965585,236.16,321918016,310.94,213.78658064516134,1.0128068503160148,0.40495057925286204,861.51,1342630016,858.65,791.3813548387096,1.0087395396943306,0.06492593010496472,4181.17,4185.47,3907.305376344086,1.0070354475843475
22.0,149297296,58.47,19.846279569892474,1.0149484195939555,0.6845149969841532,233.45,317823008,310.94,216.12711827956986,1.0109480100544443,0.36648477233063037,890.44,1158480000,861.51,799.661870967742,1.0104633702555703,0.08826652049537631,4232.6,4185.47,3936.1302150537635,1.0073771655740529
22.4,179014336,58.47,20.145462365591396,1.0150750066099439,0.684955860835478,235.98,365132992,310.94,218.45855913978497,1.01078735921144,0.41667051896362994,884.78,1275490048,890.44,807.1290752688172,1.009337952167256,0.0850561735473705,4173.85,4232.6,3959.540064516129,1.0059474275959759
22.57,173789696,58.47,20.434236559139784,1.014334453501629,0.5730812185153504,231.4,362688992,310.94,220.30651612903227,1.008459073412019,0.24826134986122228,869.73,1203369984,890.44,813.2054623655915,1.007528395746059,0.06906127327033418,4155.86,4232.6,3980.3053118279568,1.0052443584288786
24.24,173586416,58.47,20.809311827956993,1.01835523767828,0.9019464775049346,241.38,349318016,310.94,222.64481720430106,1.010613853445439,0.38622669569655943,886.44,1293880064,890.44,819.9642365591399,1.0083112749561314,0.0972038648898157,4204.11,4232.6,4002.6985806451607,1.0056260178712069
24.3,161420832,58.47,21.160387096774194,1.0168710657863052,0.7609081930767736,233.01,316150016,310.94,224.23617204301075,1.0071475045262313,0.31513423661642914,888.37,889169984,890.44,826.3197204301075,1.0077509281351555,0.08752473774933045,4229.89,4232.6,4024.7461505376345,1.005508176408557
23.53,120924208,58.47,21.434172043010754,1.0129385603857075,0.6118536957139864,230.93,274785984,310.94,225.51032258064512,1.0056821810951624,0.1668971079957542,872.96,988590016,890.44,831.2483010752688,1.005964495973297,0.021997778955503255,4247.44,4232.6,4046.376623655914,1.0053743695401485
22.29,122861176,58.47,21.60367741935484,1.0079081839972148,0.4639817150670087,221.79,303504992,310.94,226.05589247311823,1.0024192679351873,0.08609405196754816,840.16,1251779968,890.44,833.7391397849461,1.0029965038201645,-0.021815000315032806,4166.45,4247.44,4061.3576559139788,1.0037023326426122
22.22,108212016,58.47,21.74767741935484,1.0066655318538957,0.15995926991945142,219.42,283532992,310.94,226.34006451612905,1.0012570875277875,-0.05938816715870687,865.68,1100729984,890.44,837.6416559139786,1.0046807399854576,-0.020382864758289543,4280.7,4247.44,4082.4001720430106,1.0051811531787629
21.48,146777712,58.47,21.82836559139785,1.0037101972080569,0.042933756729866435,215.51,348927008,310.94,226.30367741935478,0.9998392370486769,-0.09970613469539069,873.16,1142470016,890.44,841.7752903225804,1.0049348481888611,-0.01537827425664351,4352.34,4280.7,4106.683225806452,1.005948229654147
20.89,105303712,58.47,21.860064516129032,1.0014521895649242,-0.2195867901787678,210.2,255204992,310.94,225.8779354838709,0.9981187140202987,-0.17213045886484313,875.18,943246912,890.44,845.7785591397851,1.0047557452246794,-0.022727462522025066,4369.55,4352.34,4130.67182795699,1.0058413568399414
19.79,175584144,58.47,21.812537634408603,0.997825858121994,-0.32792945429750575,195.62,415660992,310.94,224.4672258064516,0.9937545485600561,-0.23049294548872323,861.83,1184388992,890.44,848.6470537634408,1.0033915433214258,-0.015172579300230638,4327.16,4369.55,4150.40711827957,1.0047777434626999
21.2,230971520,58.47,21.848924731182795,1.0016681734782107,-0.09399283937844527,201.34,538718976,310.94,223.40322580645162,0.9952598870673555,-0.19031806745357627,875.77,1421620096,890.44,852.1712473118279,1.0041527199473075,-0.014441041536932708,4411.8,4369.55,4174.274559139784,1.0057506264277294
20.38,132562704,58.47,21.820494623655915,0.9986987868795985,-0.09607662349971968,198.27,315888000,310.94,222.1012688172043,0.9941721656679421,-0.19510910105500123,873.59,1215902720,890.44,855.2716344086022,1.003638220729172,-0.004673702135865376,4395.26,4411.8,4195.550731182796,1.0050969747537153
21.02,165721104,58.47,21.823440860215058,1.000135021529528,0.09070580304912168,200.79,382396000,310.94,220.9312043010753,0.9947318422701493,-0.21927583672652173,875.1,946720448,890.44,858.2026666666666,1.0034270191365473,-0.005166132148757052,4436.52,4411.8,4218.11423655914,1.0053779603256003
19.84,164613104,58.47,21.73759139784946,0.9960661811803424,-0.13389954099839008,197.52,342315008,310.94,219.51240860215051,0.9935781108720554,-0.22258899890945738,887.01,817517888,890.44,861.6498064516129,1.004016696660167,-0.004748335096274037,4468.0,4436.52,4241.392924731183,1.0055187429421142
18.5,139895904,58.47,21.556516129032257,0.9916699479025484,-0.23286713941777903,186.35,312324000,310.94,217.34567741935481,0.9901293453222376,-0.27449915568142846,866.26,819059968,890.44,863.4659569892473,1.0021077594679833,0.0012248918817754362,4441.67,4468.0,4261.46806451613,1.0047331478458152
20.22,126525696,58.47,21.480645161290326,0.996480369680899,-0.24623643739647827,201.77,293312000,310.94,216.1713548387097,0.9945969821227255,-0.13439054011740814,885.51,758270016,890.44,866.2706021505378,1.0032481247680798,0.020927599582637235,4509.37,4468.0,4284.620193548388,1.0054328998086455
19.37,110504896,58.47,21.34337634408602,0.9936096510987634,-0.26427067973218743,194.87,261039008,310.94,214.49733333333333,0.9922560437916236,-0.2743570792789658,881.86,784230016,890.44,868.4773978494624,1.0025474669155876,0.0057681858603093605,4535.43,4509.37,4307.743655913979,1.005396852304531
18.95,155155600,58.47,21.17432258064516,0.9920793336201607,-0.22053825046044828,190.25,305320992,310.94,212.5194193548387,0.9907788411736527,-0.26966935170795714,859.64,778080000,890.44,868.9714408602152,1.0005688611033243,-0.0060345981907075075,4458.58,4535.43,4324.514215053764,1.0038931191081348
19.73,155884000,58.47,21.05197849462365,0.9942220543039548,-0.26978179377801115,194.44,328235008,310.94,210.8311612903226,0.9920559821326386,-0.3076694024921609,846.2,1102630016,890.44,868.3899569892474,0.9993308366148463,-0.03344813513295253,4432.99,4535.43,4338.507462365591,1.0032357963498226
21.39,208603600,58.47,21.03447311827957,0.9991684688283076,-0.28536525156087245,210.22,432839008,310.94,210.19565591397853,0.9969857141968261,-0.3137278101955151,852.92,1065859968,890.44,868.074688172043,0.9996369501804265,-0.05348012495849375,4455.48,4535.43,4352.819892473119,1.0032989294663386
21.65,140338896,58.47,21.032774193548384,0.9999192314101887,-0.21332971024094816,217.11,355604000,310.94,210.04202150537634,0.9992690885644894,-0.24776312061774397,838.5,969219968,890.44,866.6390537634408,0.9983461856126397,-0.0701242178913708,4357.05,4535.43,4359.396344086021,1.0015108485476907
20.07,139970304,58.47,20.926559139784946,0.9949500216763598,-0.44569125314672475,209.22,314184000,310.94,209.38952688172049,0.9968935043617491,-0.2844177162938475,853.35,868089984,890.44,866.0530967741937,0.9993238742395666,-0.06809854227872414,4391.36,4535.43,4367.078580645161,1.0017622248478422
19.98,124227600,58.47,20.82163440860215,0.9949860495229091,-0.5165023357057523,200.09,334468992,310.94,208.2170752688172,0.9944006195994436,-0.39138267177844477,869.92,865350016,890.44,866.4562795698926,1.0004655405046188,-0.07370650671661472,4471.37,4535.43,4378.959268817204,1.0027205116538773
19.15,144153600,58.47,20.67389247311828,0.992904402575485,-0.4347938385244213,191.68,344576000,310.94,206.6012258064516,0.9922395919725628,-0.38662948063944524,885.75,821459968,890.44,867.760064516129,1.0015047325260122,-0.07825986335678414,4544.9,4535.43,4394.383247311828,1.0035222932089045
19.2,129386400,58.47,20.537505376344086,0.9934029309211347,-0.5169031000200006,189.45,288993984,310.94,204.94088172043013,0.991963532261048,-0.40850440273750555,883.3,904259968,890.44,868.78911827957,1.0011858736135948,-0.08817692003323652,4605.38,4544.9,4412.482580645161,1.0041187425662985
21.82,169324704,58.47,20.58017204301075,1.0020774999633506,-0.3451361813388374,213.35,385494016,310.94,204.93569892473118,0.9999747107768082,-0.3293285464484238,899.52,923329984,890.44,870.761376344086,1.0022701228906061,-0.07945086998716633,4697.53,4605.38,4435.267913978494,1.0051638353051586
20.29,146993296,58.47,20.52782795698925,0.9974565768492067,-0.3109271501035159,200.36,310726016,310.94,204.1638494623656,0.9962336993192724,-0.3172545982892484,903.16,813750016,899.52,872.8619139784947,1.0024122999612453,-0.06245801524311623,4682.85,4697.53,4455.883075268817,1.004648008122655
19.28,137123808,58.47,20.41406451612903,0.994458086793275,-0.41544390053029345,189.95,320716000,310.94,202.79855913978494,0.9933127714520669,-0.3190554649302879,892.29,882990016,903.16,874.157505376344,1.0014843028170906,-0.0846903889692141,4697.96,4697.53,4476.403440860216,1.0046052298152282
17.75,169148608,58.47,20.205526881720434,0.9897846098093874,-0.4972644800517224,177.27,361921984,310.94,200.70440860215055,0.9896737405506371,-0.36656696426125124,870.76,796360000,903.16,873.9917204301073,0.999810348884249,-0.08814684340462242,4594.62,4697.96,4489.143182795699,1.0028459771563922
16.62,291844992,58.47,19.93262365591398,0.9864936347661715,-0.4620732997845466,173.04,649148992,310.94,198.46400000000003,0.9888372725952841,-0.3866134556446751,862.21,1411949952,903.16,873.2544301075269,0.9991564104037306,-0.10395925136247985,4538.43,4697.96,4497.368623655913,1.0018322963927142
18.01,235319904,58.47,19.76096774193548,0.9913881926964708,-0.31491474901218763,178.6,520416992,310.94,196.71221505376346,0.9911732861061121,-0.4134858700076094,888.5,1054320000,903.16,874.2739784946236,1.0011675273001148,-0.12473407500795375,4712.02,4697.96,4516.135720430108,1.0041729060578848
16.95,184580096,58.47,19.53036559139785,0.9883304221964665,-0.3656313656710273,169.29,439800000,310.94,194.48318279569887,0.9886685620541898,-0.44684876362269443,863.98,1189520000,903.16,873.7035913978494,0.9993475877004182,-0.1184485082891037,4620.64,4712.02,4527.849978494624,1.002593867587177
18.26,153915104,58.47,19.39636559139785,0.9931388893171041,-0.376749882404231,181.35,348532000,310.94,193.16578494623658,0.9932261605835287,-0.40878093601984145,879.3,737260032,903.16,874.1339569892472,1.0004925761959031,-0.13214040679345718,4725.78,4712.02,4545.347935483872,1.0038645178334873
17.96,127765200,58.47,19.255870967741934,0.9927566521164035,-0.3639169608247175,180.57,295040992,310.94,191.92716129032257,0.993587768888477,-0.3924643095939606,894.96,600590016,903.16,875.5899999999999,1.0016656978019338,-0.11936772263612427,4766.18,4725.78,4564.33047311828,1.0041762562302916
19.28,168103008,58.47,19.21417204301075,0.9978344825429584,-0.2977652427312709,191.75,389583008,310.94,191.52260215053767,0.9978921214847077,-0.25812835846405857,900.75,952899968,903.16,877.4054193548387,1.0020733669352537,-0.0693043489646179,4677.02,4766.18,4576.407440860215,1.002645945076296
18.49,190275008,58.47,19.130645161290328,0.9956528503266523,-0.22633119731580276,188.84,410351008,310.94,191.01455913978495,0.9973473469708114,-0.24442807394672061,895.18,981230016,903.16,878.8017204301075,1.0015913978241615,-0.053654669208672345,4662.85,4766.18,4586.646387096775,1.0022373327482037
16.3,183429408,58.47,18.914,0.9886754911053028,-0.2903261078249052,174.2,372953984,310.94,189.63286021505377,0.9927665255938943,-0.25703440176123404,855.63,938249984,903.16,877.5280860215054,0.998550714707319,-0.03899507861310769,4397.93,4766.18,4578.7261935483875,0.9982732059810261
15.64,236982000,58.47,18.66750537634409,0.9869676100425128,-0.30697843814577175,172.64,519928992,310.94,188.24776344086024,0.992695903164553,-0.24761503252060513,843.04,1351239936,903.16,875.463806451613,0.9976476199419995,-0.05276372984863287,4431.85,4766.18,4572.742279569893,0.9986931050852252
16.45,173464496,58.47,18.485827956989247,0.990267718385925,-0.17712529523525233,178.57,376351008,310.94,187.33744086021505,0.9951642316274787,-0.1699114740700749,846.52,1132739968,903.16,873.688817204301,0.9979725155577748,-0.06272546442159255,4500.54,4766.18,4571.018989247312,0.9996231385419903
17.61,228788000,58.47,18.388537634408603,0.994737031914015,-0.04024849489401061,190.09,514390016,310.94,187.2383655913978,0.9994711400542128,-0.013112334886594468,840.15,1147890048,903.16,871.564494623656,0.9975685592641066,-0.0462966600437652,4418.64,4766.18,4563.730129032258,0.9984054189597114
17.87,174990704,58.47,18.312709677419356,0.9958763465319092,-0.07994888709403447,192.62,419560000,310.94,187.31440860215056,1.0004061294303257,-0.009464840426365306,830.34,1050950016,903.16,868.8538924731183,0.9968899580383801,-0.03761033135031744,4348.87,4766.18,4551.743247311828,0.9973734464173997
17.46,168547392,58.47,18.217591397849464,0.994805887209189,-0.08826190762321129,188.08,386534016,310.94,187.11630107526878,0.9989423796687069,-0.04091325004733215,836.86,1023160000,903.16,866.661634408602,0.997476839220601,-0.03962410553368434,4384.62,4766.18,4542.198150537634,0.9979029799671081
14.59,269597408,58.47,17.943591397849463,0.9849595924062526,-0.2092514059917987,160.16,593878976,310.94,185.1388172043011,0.9894317926358953,-0.20193984019917866,846.81,1450409984,903.16,865.1903010752688,0.9983022978346824,-0.008063220345461808,4328.87,4766.18,4529.079161290323,0.997111753205712
14.02,371292896,58.47,17.64664516129032,0.9834511258100352,-0.1976816022951925,153.96,806748032,310.94,182.84870967741938,0.9876303221471131,-0.20208078114386674,826.0,1628889984,903.16,862.4372258064517,0.9968179540785471,-0.0097641797102207,4204.31,4766.18,4508.155548387097,0.9953801618037373
16.75,277626496,58.47,17.538344086021507,0.9938627952067409,-0.0035881323860188497,176.84,615782016,310.94,182.12840860215053,0.9960606718169376,-0.05351870113450585,867.47,1451469952,903.16,862.4908387096775,1.000062164412228,-0.003425701180106655,4463.09,4766.18,4504.4944946236565,0.9991879042938635
17.01,190736096,58.47,17.450580645161292,0.9949959106498449,-0.07226472882474899,180.11,433500000,310.94,181.63952688172043,0.9973157305651419,-0.11684870577827189,877.48,1014899968,903.16,863.1876559139785,1.000807912586461,-0.01653489551917897,4543.04,4766.18,4505.945440860215,1.0003221107803084
18.24,175478000,58.47,17.449075268817204,0.9999137348851194,-0.07669375918115062,187.62,390457984,310.94,181.6817419354839,1.000232411163408,-0.05093802640434464,864.37,1116509952,903.16,863.0559354838708,0.9998474023241584,-0.022132751776696713,4545.86,4766.18,4507.505913978494,1.0003463142505298
16.59,163412992,58.47,17.34354838709677,0.9939522937408025,-0.2150591808638399,170.08,473276992,310.94,180.60793548387093,0.9940896292595308,-0.1687491502990104,841.81,1072310016,903.16,861.5063440860214,0.9982045295859292,-0.02740255421109039,4488.28,4766.18,4505.329118279569,0.99951707313524
19.0,189760000,58.47,17.398580645161292,1.003173067981029,-0.10624133390139423,190.97,431489984,310.94,180.925247311828,1.0017569096679333,-0.06335674591195184,845.44,245080000,903.16,860.2292903225806,0.998517650192355,0.008215354907149752,4392.59,4766.18,4496.914903225807,0.9981323861514084
20.18,238407008,58.47,17.531311827956987,1.007628851197848,-0.04279258818341669,198.28,107457000,310.94,181.72163440860217,1.0044017466252324,-0.13146709081058816,832.24,1106860032,903.16,858.1022580645161,0.9975273659220941,0.016984006384145545,4271.78,4766.18,4480.793376344086,0.9964149806637086
18.77,153351008,58.47,17.57567741935484,1.0025306486949312,-0.1167925142399433,193.19,435356992,310.94,182.21531182795698,1.0027166683865762,-0.1471509707425246,804.56,1197970048,903.16,854.2338924731183,0.9954919526722572,0.011190944029415006,4131.93,4766.18,4456.044322580645,0.9944766357908621
17.84,160148000,58.47,17.566236559139785,0.9994628451586931,-0.08093299802096576,185.41,397108000,310.94,182.2584946236559,1.0002369877441457,-0.11932653216349043,807.37,1129420032,903.16,850.6198064516128,0.9957692078793055,0.007151723810212118,4123.34,4766.18,4431.225204301075,0.9944302353201917
16.58,180536000,58.47,17.480301075268816,0.9951079171920717,-0.13433598813252545,172.36,472072992,310.94,181.51094623655914,0.9958984167588986,-0.0723828893315348,786.26,1174339968,903.16,845.7426666666664,0.9942663693603708,0.00390694753320342,4023.89,4766.18,4400.566344086023,0.9930811775972718
16.26,146034000,58.47,17.381032258064515,0.9943211036939892,-0.1358478529190974,172.15,378182016,310.94,180.80948387096774,0.996135426649822,0.009341884809918377,757.2,1035470016,903.16,839.1706021505374,0.9922292385436441,-0.003535169986758735,3901.36,4766.18,4362.964645161291,0.9914552591678875
18.13,156920000,58.47,17.408623655913978,1.001587442991866,-0.0444678233232505,187.63,378632000,310.94,181.14873118279573,1.0018762694553682,0.05273638183902707,805.12,924510016,903.16,835.9666021505375,0.9961819444201345,0.008581793471081678,4158.24,4766.18,4343.319806451613,0.9954973646803522
16.22,133402000,58.47,17.315290322580648,0.9946386724661244,-0.283097410324777,175.22,321449984,310.94,180.69124731182796,0.9974745400203432,-0.08810101394158587,805.43,854280000,903.16,832.9507311827957,0.9963923547184979,0.020782682765048577,4108.54,4766.18,4321.430107526882,0.9949601457179793
14.71,159188992,58.47,17.136580645161292,0.9896790828169769,-0.3200393010693061,159.88,383456992,310.94,179.32608602150538,0.9924447846222089,-0.055792062830440026,765.48,838060032,903.16,827.5597849462366,0.9935278930256728,0.014547652500446207,3900.86,4766.18,4287.408344086021,0.9921271980352978
12.94,257911008,58.47,16.85567741935484,0.983607976899069,-0.3478461520747608,141.12,592190016,310.94,176.83765591397855,0.9861234348959782,-0.06515483415066214,720.96,1388889984,903.16,819.5926666666666,0.9903727580478217,0.02576806626392747,3674.84,4766.18,4240.486344086022,0.9890558593363931
13.9,146368992,58.47,16.65034408602151,0.9878181500378291,-0.223204580702969,148.12,375360992,310.94,174.90584946236558,0.9890758196175554,-0.04247167568257715,751.42,904329984,903.16,813.9591612903226,0.9931264570737856,0.011573312110565892,3911.74,4766.18,4211.0484731182805,0.993057902188791
