42.91,3641416,85.1,42.260000000000005,0.9990746907586012,-0.05821718492514405,640.22,71604464,676.55,620.8241720430108,1.0017887148317306,-0.12982713568936766,1525.03,1356080000,1502.87,1449.0087956989246,1.0044485357808681,0.007167372138289219,4544.9,4535.43,4394.383247311828,1.0035222932089045
41.62,4028458,85.1,42.13531182795698,0.9970494990051344,-0.11067733177126393,659.4,137109520,676.55,623.0890322580644,1.0036481508244122,-0.0997440539359511,1585.72,1743180032,1525.03,1458.912258064516,1.006834646135336,0.025370974587255013,4605.38,4544.9,4412.482580645161,1.0041187425662985
46.08,2864317,85.1,42.30154838709678,1.0039453026909724,-0.04527905905585339,682.79,132348032,676.55,626.7443010752689,1.0058663668078989,-0.06750768948872965,1664.89,2045849984,1585.72,1473.4254193548386,1.0099479329274925,0.04181298177637882,4697.53,4605.38,4435.267913978494,1.0051638353051586
47.22,5875494,85.1,42.5354193548387,1.0055286621095236,-0.06629596978567909,694.47,244042768,682.79,630.9874623655913,1.0067701633394075,-0.03403081098100569,1611.82,1871360000,1664.89,1483.969677419355,1.0071562889617673,0.0003368541811705761,4682.85,4697.53,4455.883075268817,1.004648008122655
46.1,4783649,85.1,42.692903225806454,1.0037024172643978,-0.14198548705379477,691.57,161269024,694.47,634.8721075268817,1.0061564538013588,-0.04560030156356687,1673.27,1711910016,1664.89,1498.1093548387098,1.0095282792057745,0.052420056915050584,4697.96,4697.53,4476.403440860216,1.0046052298152282
45.01,4181219,85.1,42.785440860215054,1.0021675179577074,-0.10481057677921557,653.31,67899056,694.47,636.1603010752688,1.0020290599210684,-0.07142088436635907,1612.87,1441170048,1673.27,1507.8129677419354,1.0064772393763406,0.02437076160332352,4594.62,4697.96,4489.143182795699,1.0028459771563922
44.2,5503438,85.1,42.828580645161296,1.0010082818846529,-0.14733762945273265,636.8,115577960,694.47,636.3218279569893,1.0002539090877685,-0.15878040277388317,1574.74,2259919872,1673.27,1514.6759784946232,1.0045516326623491,0.037411502861265156,4538.43,4697.96,4497.368623655913,1.0018322963927142
47.36,3825323,85.1,43.0865376344086,1.0060230104608066,-0.06777513002055746,661.28,86669488,694.47,638.106430107527,1.0028045590645027,-0.11788907382783242,1614.44,1766800000,1673.27,1523.7655913978492,1.0060010279639213,0.05233023953394911,4712.02,4697.96,4516.135720430108,1.0041729060578848
44.44,5462775,85.1,43.158795698924735,1.001677045046628,-0.13327087015539374,629.05,140136672,694.47,637.740817204301,0.9994270346042989,-0.17974093935378843,1545.06,2143299968,1673.27,1527.846301075269,1.0026780429355122,0.032660105526718164,4620.64,4712.02,4527.849978494624,1.002593867587177
46.87,2187619,85.1,43.39658064516128,1.0055095361764803,-0.1801825481553283,644.4,70302088,694.47,638.3672903225807,1.000982331852344,-0.17340701635191458,1604.1,1289059968,1673.27,1535.3165376344082,1.0048893900871323,0.03823820713017256,4725.78,4712.02,4545.347935483872,1.0038645178334873
47.88,1644819,85.1,43.70638709677419,1.0071389599596818,-0.2209112324118726,654.41,73933456,694.47,639.6582795698924,1.002022329882628,-0.20013444495123267,1610.76,1123879936,1673.27,1542.7346881720432,1.0048316750036868,0.05205771904077694,4766.18,4725.78,4564.33047311828,1.0041762562302916
48.28,3955384,85.1,44.05227956989248,1.0079140028745093,-0.1399439261218397,662.3,94128072,694.47,641.5059139784946,1.0028884710283819,-0.0885118508279561,1569.02,2226520064,1673.27,1546.9344086021506,1.0027222570817302,0.028798994390634824,4677.02,4766.18,4576.407440860215,1.002645945076296
50.35,3310248,85.1,44.53350537634408,1.0109239705901734,0.17493007167653163,637.65,90631848,694.47,641.7632903225806,1.0004012065025087,-0.054632895626651745,1545.9,1967440000,1673.27,1549.2544946236558,1.0014997959891536,-0.005108498379041704,4662.85,4766.18,4586.646387096775,1.0022373327482037
43.58,3735784,85.1,44.55793548387096,1.0005485781395476,-0.031367058470126885,575.86,135179136,694.47,637.9799139784946,0.9941047167995783,-0.15637802403497414,1414.67,1682109952,1673.27,1542.7678279569893,0.9958130399562002,-0.0339655792968907,4397.93,4766.18,4578.7261935483875,0.9982732059810261
40.22,5689294,85.1,44.36847311827957,0.995747954577923,-0.07822241327796109,552.88,159394560,694.47,632.8599139784948,0.9919746689702642,-0.19119418533153854,1401.07,2257880064,1673.27,1535.4238924731183,0.9952397662494711,-0.054346516972467174,4431.85,4766.18,4572.742279569893,0.9986931050852252
44.36,7122057,85.1,44.45569892473119,1.0019659411361552,0.07914310594604146,564.02,117700648,694.47,628.6562150537634,0.9933576154345047,-0.12551387282102588,1456.33,2030189952,1673.27,1531.7578924731185,0.9976123857275043,-0.04231413323382893,4500.54,4766.18,4571.018989247312,0.9996231385419903
45.0,6437634,85.1,44.580064516129035,1.0027975174028512,0.21892124223793274,559.44,86386952,694.47,624.3009677419356,0.993072131941851,-0.059231064380850795,1423.52,1828649984,1673.27,1526.0142365591396,0.9962502847596199,-0.02960383447674908,4418.64,4766.18,4563.730129032258,0.9984054189597114
48.14,5113291,85.1,44.89318279569892,1.0070237287219852,0.25099471748075886,573.68,93837584,694.47,620.96111827957,0.9946502574320113,-0.04418082664001388,1417.74,1549820032,1673.27,1519.9238064516128,0.9960089296930417,-0.025610830096857495,4348.87,4766.18,4551.743247311828,0.9973734464173997
46.3,4321551,85.1,45.07051612903226,1.0039501171957521,0.09455777635138363,554.59,82680368,694.47,616.4940645161291,0.9928062262967169,-0.1340923544024223,1387.08,1654019968,1673.27,1511.981935483871,0.9947748229654467,-0.033465525154825704,4384.62,4766.18,4542.198150537634,0.9979029799671081
35.56,8873075,85.1,44.54597849462365,0.988361845404501,-0.09741492678542218,478.87,115853000,694.47,607.3434193548386,0.9851569614567617,-0.23918833792052696,1350.6,2032390016,1673.27,1501.7975483870966,0.9932642137728219,-0.040475218660355305,4328.87,4766.18,4529.079161290323,0.997111753205712
34.7,7780287,85.1,43.97249462365592,0.987126023709706,-0.24159758893405614,473.38,113065000,694.47,598.1630752688172,0.9848844265147825,-0.23053079446040714,1315.58,1975840000,1673.27,1489.5548602150538,0.9918479769891813,-0.030357499263042986,4204.31,4766.18,4508.155548387097,0.9953801618037373
38.08,4732234,85.1,43.63204301075268,0.9922576234117023,-0.03640457159479227,513.75,109882000,694.47,591.9247526881718,0.9895708664767682,-0.1390838534345833,1437.52,1846499968,1673.27,1485.4569462365591,0.9972489002668199,0.01300605773964536,4463.09,4766.18,4504.4944946236565,0.9991879042938635
37.6,4219585,85.1,43.25969892473118,0.9914662697336969,-0.1916262207948618,508.84,74833000,694.47,585.5444516129032,0.9892210943261065,-0.16885774840098655,1452.85,1489810048,1673.27,1482.2939139784942,0.9978706671599749,-0.005003382828258962,4543.04,4766.18,4505.945440860215,1.0003221107803084
39.28,5282973,85.1,43.005032258064524,0.9941130735304062,-0.027831981027363506,515.35,119149000,694.47,579.7915913978494,0.9901751947282442,-0.14228269894325063,1465.81,1485650048,1673.27,1479.9593333333332,0.9984250217698764,-0.0029132899299649795,4545.86,4766.18,4507.505913978494,1.0003463142505298
33.03,5492669,85.1,42.34335483870968,0.984613953655836,-0.20995596263284966,483.89,93606000,694.47,572.1725376344085,0.9868589785079985,-0.2249275434522362,1417.79,1734560000,1673.27,1474.5286236559139,0.9963305007407279,-0.036807839350895044,4488.28,4766.18,4505.329118279569,0.99951707313524
33.4,3430179,85.1,41.713741935483874,0.985130774223628,-0.15756683210175726,483.97,12205266,694.47,564.7601075268816,0.9870451138075014,-0.21438974308428094,1406.28,1057670016,1673.27,1468.4501075268818,0.9958776547084172,-0.03403166532322055,4392.59,4766.18,4496.914903225807,0.9981323861514084
33.85,3807680,85.1,41.12221505376343,0.9858193761989678,-0.21368397527806005,481.16,19142372,694.47,557.377870967742,0.9869285445966308,-0.2756657969722248,1381.16,1287859968,1673.27,1460.8873118279569,0.994849810926391,-0.02193926441332328,4271.78,4766.18,4480.793376344086,0.9964149806637086
34.14,3907236,85.1,40.564172043010764,0.9864296461165071,-0.24330550193447387,474.64,88336000,694.47,549.8352903225807,0.9864677429118858,-0.24449648232575594,1272.15,1632809984,1673.27,1446.4918924731182,0.9901461124083375,-0.06397945438774721,4131.93,4766.18,4456.044322580645,0.9944766357908621
33.63,4886091,85.1,39.990086021505384,0.9858474611315456,-0.25447624315826245,468.12,104237000,694.47,542.1393548387098,0.9860031983771798,-0.26322933743758903,1229.22,1777069952,1673.27,1429.6845591397846,0.9883806238937174,-0.0920287951559492,4123.34,4766.18,4431.225204301075,0.9944302353201917
31.77,5836575,85.1,39.318989247311826,0.9832184213399126,-0.3180764497108911,464.62,150196000,694.47,534.56711827957,0.9860326750095598,-0.2185551059842875,1187.3,2108349952,1673.27,1410.6504516129032,0.9866864984970294,-0.10990153136100589,4023.89,4766.18,4400.566344086023,0.9930811775972718
31.51,5451385,85.1,38.6616559139785,0.9832820388846016,-0.22843190093599408,451.57,103820000,694.47,526.5507526881721,0.985004005451743,-0.183433885051433,1098.91,2051049984,1673.27,1386.5924086021507,0.982945425648682,-0.13782137936175454,3901.36,4766.18,4362.964645161291,0.9914552591678875
34.47,4249267,85.1,38.219806451612904,0.9885713777146871,-0.16840385327952845,483.8,99962000,694.47,521.0194408602149,0.9894951971871306,-0.2039595611845859,1200.5,1755660032,1673.27,1370.0049462365591,0.9880372470938927,-0.14583986229502677,4158.24,4766.18,4343.319806451613,0.9954973646803522
36.24,4582086,85.1,37.907526881720436,0.991829378563499,-0.16698249724366032,482.22,79553000,694.47,515.7638279569892,0.9899128276393131,-0.20313124222718937,1200.56,1249660032,1673.27,1354.2497849462366,0.9884999237896166,-0.15351238839286552,4108.54,4766.18,4321.430107526882,0.9949601457179793
34.38,4502977,85.1,37.49640860215054,0.9891547058489816,-0.2878217368064867,464.45,93455000,694.47,509.79309677419354,0.9884235170069089,-0.18497233946142266,1127.72,1849910016,1673.27,1334.7938279569892,0.9856334058860347,-0.13335352323676564,3900.86,4766.18,4287.408344086021,0.9921271980352978
29.15,5061551,85.1,36.77548387096774,0.9807734991680923,-0.41102811354687596,415.83,130682000,694.47,501.18025806451607,0.9831052268769884,-0.20680314989208248,1065.21,2729169920,1673.27,1312.346043010753,0.983182582601094,-0.14561659214938882,3674.84,4766.18,4240.486344086022,0.9890558593363931
33.17,5179699,85.1,36.350365591397846,0.9884401716898822,-0.32348501657709283,454.36,120662000,694.47,495.64621505376346,0.9889579788475223,-0.1825594304822442,1153.04,1700300032,1673.27,1296.8723655913977,0.9882091484164833,-0.13647447135469581,3911.74,4766.18,4211.0484731182805,0.993057902188791
