8.39,8471519,29.17,7.154258064516129,1.0085186880614074,-0.08919917400494981,577.4,506772000,601.29,568.3121935483872,1.0008104868768617,-0.06173951553714763,1049.44,0,1101.36,1044.279311827957,0.9999622535212078,0.01488618119794094,2800.71,2929.67,2707.9683440860217,1.0015602066399665
8.19,4988990,29.17,7.201505376344085,1.0066040826878044,-0.11532236234747828,584.55,438432000,601.29,569.2176559139785,1.0015932481756864,-0.04584826999740388,1062.47,0,1101.36,1045.1052903225805,1.0007909555281504,0.014816325850099843,2834.4,2929.67,2714.519397849463,1.002419176641318
7.13,8757055,29.17,7.180408602150539,0.997070504972079,-0.23411013927676894,577.73,392999008,601.29,569.6460000000001,1.000752513702924,-0.09354486658350125,1065.28,0,1101.36,1046.1317204301076,1.000982130812112,-0.00991785908201126,2892.74,2929.67,2724.9786666666664,1.0038530831002679
7.21,6386511,29.17,7.1662365591397865,0.9980262901742795,-0.22363911306584372,567.32,360064000,601.29,569.3948817204301,0.9995591678348134,-0.11896813536082929,1039.31,0,1101.36,1045.4886021505376,0.9993852415838174,-0.03754913313588182,2907.41,2929.67,2736.3390967741934,1.0041689978150998
6.71,5013767,29.17,7.121075268817204,0.9936980463943821,-0.31313582475114843,549.31,483350016,601.29,568.0035268817204,0.9975564324805559,-0.1377166755050352,993.64,0,1101.36,1041.9842150537636,0.9966480867514331,-0.08160442412475577,2905.03,2929.67,2747.540752688172,1.0040936651189114
6.37,5319171,29.17,7.057354838709679,0.9910518527466555,-0.3908950308666884,564.3,416712000,601.29,567.6646021505376,0.9994033052346638,-0.135411798413005,1030.02,0,1101.36,1041.038301075269,0.999092199320461,-0.07366264795704724,2939.88,2929.67,2761.043784946237,1.0049145885260677
6.27,5279267,29.17,6.99247311827957,0.9908065101000403,-0.3532377808537399,576.13,444489984,601.29,568.1285376344086,1.0008172704130458,-0.16817502703947973,1043.06,0,1101.36,1041.0870967741937,1.0000468721456977,-0.06591405246958104,2945.64,2939.88,2774.8627311827954,1.0050049717834617
5.98,6308274,29.17,6.913763440860216,0.9887436567737969,-0.3600897746174817,564.22,526232992,601.29,567.8524946236558,0.9995141187381605,-0.17888152296666016,1027.08,0,1101.36,1040.2108602150538,0.9991583446170307,-0.06689175975438655,2881.4,2945.64,2784.407978494624,1.0034398989198863
5.5,4572533,29.17,6.809978494623656,0.9849886466142025,-0.41127525385296626,564.79,448912000,601.29,567.6221505376344,0.9995943592954116,-0.1775101448563129,1021.94,0,1101.36,1039.0610322580644,0.998894620311163,-0.06798053821535344,2859.53,2945.64,2792.2965161290326,1.002833111273684
5.24,4214684,29.17,6.696129032258064,0.9832819644797007,-0.4554720375770528,568.45,407847008,601.29,567.6616129032259,1.0000695222438978,-0.15052028675180873,1033.95,0,1101.36,1038.7653548387098,0.9997154378711401,-0.04095936975679337,2826.06,2945.64,2797.828387096774,1.001981118744298
4.45,4054363,29.17,6.537376344086021,0.9762918714070078,-0.5502641453932565,548.75,433935008,601.29,566.4120215053764,0.9977987037181207,-0.17517042488734935,1007.0,0,1101.36,1036.6831182795697,0.9979954697666411,-0.03610221764870292,2752.06,2945.64,2798.2261290322585,1.0001421609478691
4.31,6606362,29.17,6.376881720430108,0.9754496888035055,-0.6291958621190876,572.89,420320000,601.29,566.7627311827956,1.0006191776729723,-0.15392456346743633,1050.52,0,1101.36,1037.4651827956989,1.0007543910982433,-0.0557722295432328,2873.34,2945.64,2806.386021505376,1.0029160947317504
4.1,3277144,29.17,6.212838709677419,0.9742753562094257,-0.557881624646909,570.67,361585984,601.29,567.0019354838709,1.0004220536882797,-0.1524416289222409,1052.28,0,1101.36,1038.4129677419357,1.0009135583168998,-0.06564730653538875,2886.98,2945.64,2815.2273548387097,1.0031504337840849
4.42,7554910,28.59,6.077763440860215,0.9782586873522399,-0.4937729024969274,585.38,459478016,601.29,568.2238494623656,1.002155043752103,-0.13522410619960246,1085.15,914767872,1101.36,1041.505569892473,1.002978200625963,-0.0730519593011929,2950.46,2945.64,2827.840064516129,1.0044801744540246
4.84,11497017,28.05,5.976408602150536,0.9833236617884334,-0.4625494517314127,581.02,635369024,601.29,569.1430537634408,1.0016176799019345,-0.12481579563086564,1072.47,1264445312,1101.36,1043.6738494623655,1.0020818703543912,-0.08800779879360121,2941.76,2950.46,2839.2078279569896,1.0040199456763852
4.38,3275736,25.8,5.852344086021506,0.9792409581760546,-0.5379985119649618,588.6,277267008,601.29,570.5948817204301,1.002550901653616,-0.10547812741297435,1085.09,577807552,1101.36,1046.7087311827959,1.002907883264483,-0.09834697266814985,2990.41,2950.46,2853.323784946237,1.0049717941921161
4.21,4350281,25.8,5.726236559139785,0.9784517921318173,-0.495111038691175,563.81,472811008,601.29,570.435870967742,0.999721324607384,-0.13167872537674685,1069.57,932012160,1101.36,1048.6582795698923,1.00186255099343,-0.11737902070096662,3013.77,2990.41,2868.1783870967743,1.0052060695771394
3.88,3997692,25.8,5.586193548387096,0.9755436211364403,-0.2899596813530917,559.58,410728000,601.29,570.0023655913978,0.9992400453786179,-0.13756056132024685,1061.01,825691904,1101.36,1049.9633118279569,1.0012444780949994,-0.12422149979380936,2976.61,3013.77,2879.745634408602,1.004032959513211
3.89,3380021,25.8,5.45010752688172,0.975638863865598,-0.33792259563727334,563.91,434651008,601.29,569.7966451612904,0.9996390884625644,-0.1587861820396581,1064.81,899301248,1101.36,1051.2920215053764,1.0012654820053724,-0.13897696057778886,3025.86,3013.77,2893.2860215053765,1.0047019385792229
3.81,4164642,25.8,5.312086021505377,0.9746754527877523,-0.4580237864807444,556.83,700404992,601.29,569.0944086021506,0.9987675663500247,-0.2086353548546076,1052.76,1223475712,1101.36,1051.6770107526881,1.0003662058109797,-0.09973018945007883,2932.05,3025.86,2899.612602150538,1.002186641969766
4.41,5086374,25.8,5.217569892473119,0.9822073421534177,-0.4213454072980849,557.82,573881984,601.29,568.4351182795699,0.9988415097519583,-0.18875828206612355,1057.12,1048724672,1101.36,1052.2185806451612,1.0005149583825983,-0.08501151559685294,2918.65,3025.86,2904.214215053764,1.0015869750668807
4.7,4583948,22.83,5.145677419354839,0.9862210809629993,-0.3747397134968612,548.87,492886016,601.29,567.184623655914,0.9978001101912201,-0.19233828358138683,1045.86,906450432,1101.36,1051.9480215053763,0.9997428679318522,-0.07869021150357836,2888.68,3025.86,2906.1889677419354,1.0006799610985773
4.05,3815086,22.83,5.0354838709677425,0.9785852202913815,-0.40858537108516624,540.89,425152992,601.29,565.4352688172044,0.9969157223843026,-0.16041041573218673,1025.47,802831872,1101.36,1050.3554193548387,0.9984860448254291,-0.07200594398614024,2847.11,3025.86,2905.0130322580644,0.9995953685404069
4.13,2756939,22.83,4.934408602150538,0.9799273969677557,-0.3464774261943683,550.88,447708992,601.29,564.3330107526882,0.9980506025617718,-0.1679251487711979,1046.74,788636416,1101.36,1050.1429892473118,0.9997977540710388,-0.08456313017345207,2926.46,3025.86,2908.564301075269,1.0012224622670434
4.07,2863976,22.83,4.832215053763442,0.9792896055785577,-0.4912327349825827,555.85,411713984,601.29,563.5780000000001,0.9986621183976441,-0.15060380196865142,1053.74,628475712,1101.36,1050.3896344086022,1.0002348681692073,-0.08718378372441449,2978.71,3025.86,2915.0135698924737,1.0022173375416938
5.1,6273484,22.83,4.80105376344086,0.9935513444712456,-0.3357746537970844,554.71,602340992,601.29,562.754559139785,0.9985389052443226,-0.13036181224655752,1055.71,917624320,1101.36,1050.7346666666667,1.0003284802579557,-0.10019175173422767,3007.39,3025.86,2922.730731182796,1.0026473843449746
4.51,6902288,22.83,4.735161290322582,0.9862754144475453,-0.5033638735085235,562.42,494348992,601.29,562.4689892473118,0.9994925498375177,-0.14177265346628187,1066.2,861253888,1101.36,1051.7949892473118,1.0010091249620694,-0.07500847822428158,2992.07,3025.86,2928.961032258065,1.0021316712514081
4.12,3308422,20.81,4.650150537634409,0.9820469150941252,-0.5587808277562653,551.08,309092000,601.29,561.4809892473119,0.998243458717036,-0.1935776300031642,1034.11,798872768,1101.36,1050.7932903225806,0.9990476291150159,-0.09329834811664584,2961.79,3025.86,2932.808967741935,1.0013137544137634
3.9,3261560,20.81,4.558602150537634,0.9803128121647119,-0.534982607552267,559.02,325704000,601.29,561.0802580645162,0.9992862960804196,-0.1557967960343687,1043.45,855209984,1101.36,1050.4793978494622,0.999701280474467,-0.06529066686693752,2952.01,3025.86,2935.6859354838707,1.0009809598148327
4.31,3234677,20.49,4.500236559139784,0.9871966033730392,-0.5966326658399055,556.61,254191008,601.29,560.5519999999999,0.9990584982149638,-0.13728515424626597,1040.49,726030016,1101.36,1049.9503870967742,0.9994964101592368,-0.07577930797325183,2970.27,3025.86,2939.291634408602,1.001228230472868
4.16,2285664,19.72,4.440494623655915,0.9867247122015094,-0.6084494143321821,554.97,280756992,601.29,559.9612688172043,0.9989461616713604,-0.1507478858888247,1061.63,756080000,1101.36,1050.8389032258065,1.0008462458226137,-0.05461391576877972,2986.2,3025.86,2943.607247311829,1.0014682493062976
4.02,3388869,19.67,4.380817204301074,0.9865606369531629,-0.6090369612123037,555.5,347779008,601.29,559.4529677419355,0.999092256726358,-0.13852679867862072,1065.01,894400000,1101.36,1051.9192688172043,1.0010280982061868,-0.0639902361633582,3022.55,3025.86,2949.86911827957,1.0021272780101556
3.82,2909253,19.67,4.317204301075268,0.9854792153474582,-0.5207079935405302,571.65,377363008,601.29,560.0490752688172,1.0010655185712711,-0.08139426112142223,1097.41,894590016,1101.36,1055.084494623656,1.003009000690719,-0.030048267277594798,3066.91,3025.86,2958.588301075269,1.002955786323423
4.06,3800054,19.67,4.276193548387096,0.9905006226650062,-0.5259589235555544,567.6,382688000,601.29,560.3969677419354,1.0006211821222117,-0.027945808638378145,1100.18,924840000,1101.36,1058.3593333333336,1.003103863933519,-0.005293258589636585,3093.08,3066.91,2968.621311827956,1.0033911479840032
3.36,8987830,19.67,4.196795698924731,0.9814325875187965,-0.6041665384472854,573.39,343072992,601.29,561.117806451613,1.0012863001607273,-0.039170554868415586,1126.75,801459968,1101.36,1063.2174623655915,1.0045902453724833,0.05980441645983392,3120.46,3093.08,2980.0214838709676,1.003840224415822
4.21,12309718,19.67,4.179440860215054,0.9958647406367378,-0.4544394038439694,581.45,597859968,601.29,562.3068602150538,1.002119080431541,-0.025216281404584207,1135.88,1338060032,1126.75,1068.3783655913978,1.0048540429483952,0.04480975245343877,3110.29,3120.46,2990.30223655914,1.0034498921379646
6.29,11914799,19.67,4.300924731182795,1.0290670151895605,-0.14304608766028926,585.68,311225984,601.29,563.731935483871,1.002534337333662,-0.04325407960924399,1148.69,642070016,1135.88,1074.1380645161291,1.0053910666017118,0.03495438171189713,3140.98,3120.46,3002.1965161290314,1.0039776178556379
5.91,10620422,19.67,4.397849462365591,1.0225357887526063,-0.16121900937810352,595.77,312211008,601.29,565.787440860215,1.0036462461091187,-0.008733987286330791,1159.11,782380032,1148.69,1080.3428602150539,1.0057765346037892,0.03674977047391326,3145.91,3140.98,3013.9887741935486,1.0039278768065862
6.39,6084514,19.67,4.5258924731182795,1.029114914425428,0.02194030277180281,603.98,308032992,601.29,568.3047741935484,1.0044492562958025,0.045889351150578905,1163.7,976540032,1159.11,1086.5598494623657,1.0057546446376053,0.030562421483722346,3168.8,3145.91,3026.6889677419354,1.0042137494529273
6.18,6429916,19.67,4.6384731182795695,1.0248747944919079,0.023755510160197613,622.92,479264992,603.98,571.9597634408603,1.0064313893060262,0.04789245661069974,1190.45,1261619968,1163.7,1094.1977849462364,1.0070294659678893,0.011534104504773213,3221.22,3168.8,3042.106,1.0050936955935603
6.52,3884415,19.67,4.7709677419354835,1.0285642754150652,0.3440263791533422,623.23,153635008,622.92,575.5176129032258,1.0062204541119497,0.07339325890910775,1192.49,351809984,1190.45,1101.6307741935482,1.006793094767302,0.006893415026451466,3240.02,3221.22,3057.8861290322575,1.0051872383908573
6.4,4104438,19.67,4.891268817204301,1.0252152355194952,0.3901458603944108,618.43,204248992,623.23,578.6056129032257,1.0053656046848374,0.04451031630772606,1180.33,471340000,1192.49,1107.8803440860215,1.0056730168027925,-0.0022478771723084545,3234.85,3240.02,3072.2833333333333,1.004708221200386
7.02,5410881,19.67,5.047075268817204,1.0318539948294965,0.5803193627980006,624.9,385668992,623.23,582.0130967741935,1.0058891303419446,0.06252057733659733,1198.13,768230016,1192.49,1114.9991397849462,1.0064255997833391,0.007542961932885284,3265.35,3240.02,3087.870838709677,1.005073589797928
8.03,10575223,19.67,5.261763440860215,1.042537144902403,0.7243664048579772,639.89,368896992,624.9,586.2710537634408,1.007315912670775,0.0445081848915565,1217.69,901840000,1198.13,1123.0662150537635,1.0072350506659342,-0.006368978561376748,3329.62,3265.35,3106.7910967741936,1.0061272828601933
7.93,6978511,19.67,5.462236559139785,1.038099986921266,0.527482091901954,625.95,363376000,639.89,589.5124301075269,1.0055288016068316,-0.011565215210763258,1193.25,758192000,1217.69,1129.2714838709678,1.005525292038909,-0.007619010086907796,3295.47,3329.62,3122.692731182796,1.005118346845114
7.22,5092079,19.67,5.610258064516129,1.027099065332252,0.5488144577028842,616.52,442520000,639.89,592.0487956989247,1.0043024802563283,0.003915358137168479,1153.96,1004976000,1217.69,1132.682172043011,1.003020255289146,-0.015151936536782484,3225.52,3329.62,3133.320795698925,1.0034034935330007
8.54,6905119,19.67,5.837333333333333,1.0404750131287923,0.8899800671367488,631.95,404862016,639.89,595.5206021505376,1.0058640545793431,0.05742284044947721,1199.27,1036518976,1217.69,1138.867978494624,1.0054612022721745,0.017095152306545902,3327.71,3329.62,3150.0361505376345,1.0053347090606408
8.75,5887458,19.67,6.068645161290322,1.0396262839122297,1.0697077765281588,621.63,331560000,639.89,598.1800645161292,1.0044657772644436,-0.02984326747215782,1209.53,886390016,1217.69,1145.4367956989247,1.0057678478351666,0.004406141006102926,3380.16,3329.62,3169.4602365591404,1.0061663057480121
10.15,7717828,19.67,6.379806451612903,1.051273600952543,1.4801073491042747,617.88,305185984,639.89,600.4641505376344,1.003818392081242,-0.03666733900212904,1203.41,684537024,1217.69,1151.291376344086,1.0051112210356303,0.027089238515551006,3337.75,3380.16,3185.2803440860216,1.0049914200987282
8.87,8151721,19.67,6.594924731182795,1.0337186215916483,1.2276716226832347,563.3,635953024,639.89,599.11088172043,0.997746295401661,0.03875030014622216,1075.66,1603106048,1217.69,1148.6059569892473,0.9976674720144554,0.01419108361592114,2954.22,3380.16,3175.6858494623652,0.9969878649326832
9.06,8639854,19.67,6.811419354838709,1.032827459369212,0.9723261536673831,592.56,601504000,639.89,599.6314408602151,1.0008688861372208,0.0608506624303895,1129.02,1582723968,1217.69,1149.313870967742,1.0006163244881217,0.049609214316936656,2972.37,3380.16,3167.2146451612903,0.9973324803829355
5.88,10840305,19.67,6.812752688172044,1.0001957497055864,0.17544299204527847,556.64,728648000,639.89,597.7598709677419,0.9968787996009878,0.10111469966313136,1053.92,1870640000,1217.69,1145.022,0.9962657102849299,0.06920871579148324,2711.02,3380.16,3141.766623655914,0.9919651730758904
5.84,8377116,19.67,6.808967741935482,0.9994444321686397,0.3710729712248315,496.42,760984000,639.89,591.9864301075269,0.9903415382319524,0.2125854667750381,916.59,1988199040,1217.69,1131.8527956989249,0.9884987325124975,0.08425950845255692,2304.92,3380.16,3090.5006666666673,0.9836824426730999
7.05,7516084,19.67,6.879397849462365,1.0103437275951705,0.6514942804096544,520.92,647180032,639.89,587.8892688172043,0.9930789607971616,0.1461175071543671,990.69,1692722048,1217.69,1123.6983870967742,0.9927955219679294,0.0780076441375317,2541.47,3380.16,3055.6620000000003,0.9887271771067945
6.73,5965588,19.67,6.922903225806451,1.0063240093531567,0.6189141256762734,554.33,497500000,639.89,586.0120215053764,0.9968068011930125,0.2575037672589142,1010.87,1319353984,1217.69,1116.9664516129035,0.9940091259708367,0.12383722309520873,2488.65,3380.16,3018.2435268817203,0.9877543808450411
7.0,3884360,19.67,6.97810752688172,1.0079741546681578,0.2803954510682378,589.3,395318016,639.89,586.3941720430108,1.0006521206453285,0.13561374745990917,1106.01,1028777024,1217.69,1116.4647741935485,0.9995508572181102,0.11999078344645053,2789.82,3380.16,3001.3092688172046,0.9943893665591619
7.46,4822717,19.67,7.058903225806453,1.0115784542748136,0.5838876868319267,616.9,391524992,639.89,588.4825806451612,1.0035614416065466,0.2138673570855909,1173.93,1168333952,1217.69,1120.2368602150539,1.0033785983299206,0.14031489425380161,2874.56,3380.16,2990.31,0.9963351764739862
7.71,3735495,19.67,7.149483870967743,1.012832113185819,0.8074133392169358,622.22,383784000,639.89,590.7970537634409,1.0039329509392483,0.2859047269773638,1168.43,1090572032,1217.69,1123.422430107527,1.0028436574492483,0.17211055944613518,2836.74,3380.16,2977.123440860215,0.9955902367514455
7.98,4434442,19.67,7.249763440860216,1.0140261271585886,0.9523023141776998,605.46,426500992,639.89,591.877247311828,1.001828366511827,0.24827958741472367,1137.89,1176935040,1217.69,1124.3488172043012,1.000824611536985,0.13159809795537258,2830.71,3380.16,2963.816774193548,0.9955303611250926
11.98,24043854,19.67,7.599333333333333,1.0482181101941774,1.7428299909604843,604.87,433534016,639.89,592.819505376344,1.0015919822375257,0.23464706170166572,1157.47,969673984,1217.69,1126.3353333333332,1.0017668147986063,0.1260528224288373,2929.8,3380.16,2957.1638709677422,0.9977552919992444
12.42,15462221,19.67,7.960795698924732,1.0475650099471092,1.9513902479298406,619.61,422776992,639.89,594.6089462365592,1.0030185256119049,0.3402218294166578,1167.63,1077079040,1217.69,1128.7257634408602,1.0021223076616559,0.14086849720810968,2863.7,3380.16,2946.333483870968,0.9963375762827679
12.16,5615481,19.67,8.287720430107527,1.0410668409976847,2.0314915399488154,600.1,329206016,639.89,595.0006666666667,1.0006587866405086,0.251518942880411,1158.51,921249984,1217.69,1130.2998494623657,1.0013945690552035,0.10999240107001085,2955.45,3380.16,2941.685892473118,0.998422584740223
11.64,6002981,19.67,8.563591397849462,1.0332867125608816,2.031847929800958,616.73,397460992,639.89,596.3693763440859,1.0023003498216012,0.1953446802970974,1198.14,927134016,1217.69,1134.2296344086021,1.0034767632218173,0.09915782879305002,3044.31,3380.16,2942.9155053763443,1.0004179959887534
11.955,7476016,19.67,8.842967741935484,1.0326237358961545,1.9929096155640476,611.47,461398016,639.89,597.3017849462365,1.0015634749856983,0.09526902773301815,1200.89,1037033984,1217.69,1138.1202150537636,1.0034301525256744,0.05893452532271892,3193.93,3380.16,2953.846623655914,1.0037143840044336
11.19,5380631,19.67,9.056010752688172,1.0240918000573933,2.369561914228912,577.71,484473984,639.89,595.9617849462365,0.9977565779413826,0.084389374043082,1134.51,1083065984,1217.69,1137.5116344086023,0.9994652756034805,0.0322519146203889,3041.31,3380.16,2954.71440860215,1.000293781315281
11.83,8809293,19.67,9.293505376344086,1.0262250818977237,1.8401561428806503,590.51,530380992,639.89,595.4383010752688,0.9991216150360799,0.08824329994273039,1169.95,1136642944,1217.69,1139.172817204301,1.0014603655430412,0.03402935912350458,3097.74,3380.16,2959.393053763441,1.001583450890438
11.68,12067849,19.67,9.504935483870968,1.0227503077649325,0.9392934414264726,576.3,439876000,639.89,593.978559139785,0.9975484581142199,0.10552953593552628,1137.37,1059713024,1217.69,1138.658795698925,0.9995487765353832,0.03214811035405829,3009.05,3380.16,2958.376752688172,0.9996565846250208
13.08,8682493,19.67,9.79509677419355,1.0305274339646975,1.2626347903569806,595.88,331323008,639.89,593.8022150537635,0.9997031137179817,0.06991002295750326,1184.43,706768000,1217.69,1141.205247311828,1.0022363605520126,0.026898527554131246,3130.01,3380.16,2965.448043010753,1.002390260238543
11.98,5785797,19.67,9.998870967741935,1.0208036937506584,0.93402410731289,591.65,325147008,639.89,593.3527311827957,0.9992430411009378,0.04168890816891058,1173.97,762638976,1217.69,1143.0224086021506,1.0015923176787023,0.003700330174169375,3185.04,3380.16,2976.103849462366,1.0035933209070136
12.36,4504190,19.67,10.215139784946238,1.0216293237408527,1.0710885131017673,619.96,358448992,639.89,594.7562150537636,1.0023653449242076,0.08146812879120136,1233.67,842268032,1217.69,1148.6690967741936,1.0049401377694323,0.035215949459849405,3224.73,3380.16,2989.2853763440853,1.004429121948853
11.76,4018012,19.67,10.379408602150535,1.0160809172133283,0.8620005542031541,612.2,429096992,639.89,595.6654193548388,1.0015287007988525,0.07911924331406184,1224.52,842203008,1233.67,1153.6325161290324,1.0043210175748416,0.03438749533347896,3215.63,3380.16,3001.8722580645153,1.0042106658066297
11.17,4242185,19.67,10.494344086021504,1.0110734135514383,0.7628034885954025,614.69,411031008,639.89,596.7589892473118,1.0018358794332183,0.053519063913284315,1228.58,863617024,1233.67,1158.7889892473117,1.004469770959284,0.02966613200288637,3271.12,3380.16,3018.0915913978497,1.0054030724624479
10.98,4997906,19.67,10.586763440860214,1.0088065870607208,0.6065485245502111,627.24,352038016,639.89,598.6702795698925,1.0032027843015678,0.05991640897739636,1239.1,821912000,1233.67,1164.5204086021506,1.0049460422976246,0.007879244920347528,3351.28,3380.16,3039.4045376344084,1.00706172943767
10.53,5142031,19.67,10.64163440860215,1.0051829785418798,0.36303094499854727,629.69,277416992,639.89,600.7346021505375,1.003448179492271,0.0796234558349922,1243.21,673443968,1239.1,1170.4288817204301,1.0050737394335336,0.007974251439353264,3372.85,3380.16,3061.9243010752693,1.0074092682175135
9.91,6224241,19.67,10.651129032258064,1.0008922147943966,0.28674167982880605,639.18,262322000,639.89,603.43311827957,1.0044920271270743,0.12554011250201935,1243.13,649537024,1243.21,1176.2773118279572,1.004996826546975,0.01094429134047159,3397.16,3380.16,3085.9194838709677,1.0078366348858696
10.28,4500683,19.67,10.680236559139786,1.0027328114037082,0.4416718718045761,638.84,300481984,639.89,606.0812473118281,1.0043884383406203,0.10651762918972663,1255.85,771142976,1243.21,1182.8391182795701,1.0055784519395479,0.0007162777238021167,3508.01,3397.16,3116.8475913978496,1.0100223313305912
2.72,119613976,19.67,10.215021505376344,0.9564415028461775,-0.6561229975968506,624.05,403156000,639.89,607.7271827956989,1.002715701056865,0.08169547560340396,1229.65,952924032,1255.85,1187.4914838709678,1.0039332192514605,-0.004493238293406199,3426.96,3508.01,3141.9391612903223,1.0080503037625974
2.53,32561652,19.67,9.750064516129031,0.9544830141568867,-0.6585967415616523,618.51,271079008,639.89,609.0326881720429,1.0021481767037939,0.14641907975706125,1216.07,633918976,1255.85,1191.2023870967741,1.0031249935483406,0.01700118466210887,3340.97,3508.01,3161.2695483870975,1.0061523747292538
2.8,56313260,19.67,9.315903225806451,0.9554709315405688,-0.6731725324491262,628.6,398880000,639.89,610.9958709677419,1.0032234440512402,0.16994292429746638,1226.34,901916032,1255.85,1195.561806451613,1.0036596798344768,0.024530930998440503,3319.47,3508.01,3179.29711827957,1.0057026361139214
2.48,40747712,19.67,8.876903225806451,0.9528762816273247,-0.6834265967168057,615.97,326059008,639.89,612.1211612903226,1.0018417314683294,0.14769668918049206,1201.81,817011968,1255.85,1198.2893333333334,1.0022813767276622,0.0007519990287201406,3298.46,3508.01,3196.0085161290317,1.0052563183709313
2.47,21908344,19.67,8.451,0.9520211930926218,-0.6950125401918055,613.56,294337984,639.89,612.977698924731,1.00139929427142,0.08855868445395731,1214.11,733280000,1255.85,1201.53911827957,1.0027120202574085,-0.051155686842284,3348.44,3508.01,3215.2041290322577,1.0060061206991011
3.11,27368960,19.67,8.080559139784945,0.9561660323967512,-0.39439978051167224,632.36,347631008,639.89,615.0019784946237,1.0033023706628212,0.08618637461494694,1263.33,721617984,1255.85,1207.7813978494623,1.0051952362390253,-0.08389475855550788,3477.13,3508.01,3241.893569892472,1.0083010097614697
3.78,48781296,19.67,7.759301075268818,0.9602430897467972,-0.2619264499274432,624.43,341696992,639.89,616.3518064516128,1.0021948351455603,-0.0738395419689648,1257.6,774230976,1263.33,1213.2036559139783,1.0044894366432293,-0.13942475008650956,3483.81,3508.01,3267.366430107527,1.0078574017517483
3.18,52191828,19.67,7.403763440860215,0.9541791675616498,-0.463637270164942,617.96,308248000,639.89,617.0089247311827,1.0010661415650794,0.04729802925195048,1255.97,759193024,1263.33,1217.7873978494622,1.0037782130915445,-0.09576467134998423,3465.39,3508.01,3289.1156559139777,1.006656500356385
2.22,58534852,19.67,6.994612903225805,0.9447374918306586,-0.5933634043266558,583.32,378207008,639.89,615.2225161290322,0.9971047280994699,-0.1102095039138471,1184.32,967664000,1263.33,1217.1780645161289,0.9994996389891951,-0.14236445752139537,3269.96,3508.01,3296.2695698924726,1.0021750265806653
2.38,32755752,19.67,6.605483870967742,0.9443673241619128,-0.5354557885141296,615.35,448344992,639.89,615.4402150537635,1.000353853961817,0.0431165535958149,1282.04,1057603968,1263.33,1222.5002365591397,1.0043725500797014,-0.09878726405389893,3509.44,3508.01,3317.1935698924735,1.0063477818049582
2.54,22015572,19.67,6.236612903225807,0.9441568589148802,-0.5250272693118142,632.28,697048000,639.89,616.6941505376344,1.0020374610777774,-0.05804076916309264,1305.4,1303024000,1282.04,1228.9509462365593,1.005276653111803,-0.13520822610247096,3585.15,3509.44,3341.454516129033,1.007313696269267
2.88,22887940,19.67,5.900258064516128,0.9460677063128764,-0.5264034400830453,625.92,662708992,639.89,617.504688172043,1.0013143267756017,-0.10830164849435198,1266.25,1240445056,1305.4,1232.5931182795698,1.0029636431414648,-0.17037531001711215,3557.54,3585.15,3362.4060215053764,1.0062701752411147
3.39,19278396,19.67,5.607193548387096,0.9503302206573797,-0.47342837297778784,624.63,361304000,639.89,618.2240430107528,1.0011649382627996,-0.0854685023920092,1272.68,714640000,1305.4,1236.4397634408604,1.003120774490985,-0.16685748879195317,3638.35,3585.15,3387.0209677419343,1.0073206347119072
3.08,20229440,19.67,5.304,0.9459277540946827,-0.6604909619807747,643.9,706382976,639.89,620.1453978494624,1.003107861721703,-0.05174380973918935,1308.88,1225150976,1305.4,1242.3320215053764,1.0047655035358283,-0.1317733110239352,3699.12,3638.35,3413.8196989247317,1.0079121834314075
2.87,30524308,19.67,5.006397849462365,0.9438909972591185,-0.7048643606907082,654.17,590835968,643.9,622.6453978494623,1.0040313126706566,-0.11319299200845268,1298.49,1061934976,1308.88,1247.2283440860213,1.0039412351093646,-0.1672018898637342,3663.46,3699.12,3436.663333333334,1.0066915175443498
3.0,37330396,19.67,4.737720430107527,0.9463331865677252,-0.6936505569339597,651.27,733000000,654.17,624.8839784946236,1.0035952737350877,-0.024184597440154665,1312.65,1324295936,1308.88,1252.7567956989246,1.0044325897812678,-0.12205814808617865,3709.41,3699.12,3460.7515698924735,1.0070091929941172
2.92,16347093,19.67,4.4835806451612905,0.946358214104147,-0.7084286818237505,643.48,279623008,654.17,626.509935483871,1.002602014206164,-0.0016627122607932865,1299.88,555259008,1312.65,1257.1298924731184,1.0034907787283276,-0.13147234150732334,3703.06,3709.41,3482.808709677419,1.0063735114582728
2.8,21952200,19.67,4.240451612903225,0.9457734673468065,-0.7806572393939202,655.44,250948992,654.17,628.8499784946237,1.0037350453332323,0.07849078099843287,1324.01,491950016,1312.65,1262.8409677419356,1.004542947632549,-0.07347864354594957,3756.07,3709.41,3506.869182795699,1.0069083533216812
3.1,22909522,19.67,4.036365591397849,0.9518716306337832,-0.7276019289694388,663.05,437947008,655.44,631.5864301075269,1.0043515173832938,0.13739407430613015,1368.54,995977984,1324.01,1271.1601720430108,1.0065876895932118,-0.051293616213429205,3824.68,3756.07,3534.1472043010754,1.0077784542517865
3.05,34282856,19.67,3.846451612903226,0.9529492623514182,-0.7312993925490365,675.3,525436992,663.05,634.9296774193548,1.005293412195792,0.1064963702742634,1363.26,1006081024,1368.54,1278.6354408602153,1.0058806663248347,-0.05122206509967864,3768.25,3824.68,3556.099913978494,1.0062116002555588
3.36,28754594,19.67,3.6954193548387098,0.9607346528010734,-0.7848674050946067,680.52,356619008,675.3,638.4273548387096,1.0055087634800297,0.08592805653834956,1370.9,696924032,1368.54,1286.1878924731184,1.0059066496763316,-0.07131424170213774,3841.47,3824.68,3581.3345376344087,1.0070961514767123
3.24,43708136,19.67,3.5545376344086024,0.961876662185676,-0.7692540452811194,665.87,536700000,680.52,640.7557419354838,1.0036470666225799,0.08233154052353231,1340.92,1089232000,1370.9,1291.3039354838709,1.0039776793427244,-0.05453173135215739,3714.24,3841.47,3596.570623655914,1.0042543040482248
4.51,47221884,19.67,3.5167526881720423,0.9893699405878293,-0.6329593702154488,663.08,540513024,680.52,642.7536129032258,1.0031179915168722,0.03376163573657576,1347.65,1092056960,1370.9,1296.5176344086024,1.0040375459111242,-0.0723970103037308,3886.83,3841.47,3621.6851397849455,1.006982906428653
4.61,43134712,19.67,3.5014838709677414,0.9956582624488624,-0.6251365961969282,670.0,387960000,680.52,645.0443225806451,1.0035639001188537,-0.018240812827091224,1365.94,835689984,1370.9,1302.5378279569888,1.0046433564716861,-0.11298780354531068,3934.83,3886.83,3648.3872043010747,1.007372828803587
4.44,27720244,19.67,3.491913978494624,0.9972669037397357,-0.6367662283695066,658.68,326190016,680.52,646.4970967741936,1.0022522083253693,-0.0216414627583279,1332.52,734072000,1370.9,1306.117440860215,1.0027481834511023,-0.12671496091032441,3906.71,3934.83,3671.7479784946236,1.0064030413674319
3.46,43717360,19.67,3.434860215053763,0.9836611772820769,-0.6908030548695151,647.4,565107008,680.52,647.1221720430107,1.0009668647731538,0.020120673914176823,1311.27,1092728064,1370.9,1308.0938279569891,1.0015131771730055,-0.09778489993867012,3811.15,3934.83,3687.4573978494623,1.0042784579570407
3.405,32260588,19.67,3.3908387096774195,0.9871839019289889,-0.7025585644520368,642.61,549624000,680.52,647.3678709677419,1.0003796793485773,0.012221227354273223,1315.13,1039792000,1370.9,1310.1414193548387,1.0015653245616545,-0.08505067908954866,3841.94,3934.83,3703.9919139784947,1.0044839883814456
3.61,21546084,19.67,3.3763333333333336,0.9957221862830905,-0.6945827349210075,655.06,399959008,680.52,648.3837419354838,1.0015692329096026,-0.04957623231523045,1332.42,881809024,1370.9,1313.1409892473116,1.0022895008494197,-0.09738403537419171,3943.34,3934.83,3726.013182795699,1.0059452799381388
3.51,31378808,19.67,3.370258064516129,0.9982006312122013,-0.63925565250071,653.45,574372992,680.52,649.2411827956988,1.0013224280696111,-0.05627615820095122,1337.41,1078305024,1370.9,1316.2706451612905,1.0023833357877077,-0.07603309706098038,3913.1,3943.34,3744.856623655914,1.0050572662885955
3.16,21676768,19.67,3.3553655913978497,0.9955812068888507,-0.6726517448488238,662.09,417664000,680.52,650.6253548387097,1.0021319843529495,-0.06683342627676869,1365.45,823524992,1370.9,1321.0065806451614,1.0035979952157108,-0.045718359706216516,3974.54,3943.34,3766.5543870967736,1.0057940171337394
3.33,13980606,19.67,3.3667526881720433,1.0033936977846427,0.2047373083518782,659.13,316404992,680.52,651.768559139785,1.001757085383429,-0.06167997919660917,1357.4,653168000,1370.9,1324.9874623655917,1.003013521490927,-0.06912204843366476,4019.87,3974.54,3790.1733763440857,1.0062707150408408
3.06,18691592,19.67,3.359408602150537,0.9978186440461436,0.1457906105422202,656.75,357745984,680.52,652.6827741935483,1.0014026682339048,-0.0824248382626922,1375.56,746526976,1370.9,1329.8652258064517,1.0036813657331907,-0.10465677252010797,4128.8,4019.87,3819.5450322580646,1.007749422782952
2.96,17878366,19.67,3.34447311827957,0.9955541329919182,-0.011344774796551604,673.02,428632992,680.52,654.5644301075268,1.0028829562972663,-0.10518017744509178,1415.24,855958976,1375.56,1336.9599999999998,1.005334957299335,-0.10684943523796675,4185.47,4128.8,3850.8785591397855,1.0082034709938206
3.07,14987955,19.67,3.3362903225806453,0.9975533378772875,0.1831685045169955,680.1,390632992,680.52,656.8073333333333,1.0034265583686515,-0.12197433949174652,1440.34,829728000,1415.24,1345.267892473118,1.0062140172279785,-0.06883396037404999,4180.17,4185.47,3880.007784946237,1.0075643065235893
3.19,13362478,19.67,3.33458064516129,0.9994875513657239,0.22588572066025758,665.7,411072000,680.52,657.9832903225806,1.0017904139152638,-0.09748677454288446,1412.92,862056000,1440.34,1351.2937849462364,1.0044793252755333,-0.08494235030138797,4181.17,4185.47,3907.305376344086,1.0070354475843475
3.12,17108112,19.67,3.326806451612903,0.9976686143249622,-0.10127589660367686,689.44,510256000,680.52,660.5787311827957,1.0039445391674653,-0.06588259158511467,1444.6,1011828992,1440.34,1358.936,1.0056554800583706,-0.07378239762711858,4232.6,4185.47,3936.1302150537635,1.0073771655740529
3.45,18508892,19.67,3.3403010752688176,1.0040563296519316,-0.18703812434447897,695.58,413104992,689.44,663.4475483870968,1.0043428846084168,-0.05783467565431355,1436.47,855516992,1444.6,1365.6638709677418,1.004950837248952,-0.05583926917415205,4173.85,4232.6,3959.540064516129,1.0059474275959759
3.49,11159905,19.67,3.357086021505376,1.005024980041719,0.016611765436268966,702.33,332664000,695.58,666.5988387096775,1.0047498710790954,-0.06136839267918304,1447.14,769729024,1444.6,1372.6954623655915,1.0051488448565802,-0.04703836557464025,4155.86,4232.6,3980.3053118279568,1.0052443584288786
3.51,11231057,19.67,3.374494623655914,1.0051856288575922,0.520313022944217,690.78,359952000,702.33,668.8235268817206,1.003337371808732,-0.09252129273243836,1437.44,892344000,1447.14,1378.690129032258,1.004367076916198,-0.07195025739105998,4204.11,4232.6,4002.6985806451607,1.0056260178712069
3.36,19938328,19.67,3.379451612903225,1.0014689575181308,0.31755237562941363,688.8,297568992,702.33,670.689376344086,1.0027897485470714,-0.14085267414077696,1420.85,697768000,1447.14,1383.0701290322581,1.0031769285264083,-0.09701641014315121,4229.89,4232.6,4024.7461505376345,1.005508176408557
3.67,16836578,19.67,3.4023010752688174,1.0067612929501195,0.3573373129176456,707.62,488089984,702.33,673.6114623655915,1.0043568395811393,-0.10224789200610918,1448.24,958392000,1447.14,1388.9187096774192,1.0042286942089143,-0.075309062459463,4247.44,4232.6,4046.376623655914,1.0053743695401485
3.68,22874012,19.67,3.4233655913978494,1.006191255759859,0.20435508504320943,696.4,442827008,707.62,675.6476559139786,1.0030228012172424,-0.09574749450494568,1437.17,929857024,1448.24,1393.7459139784946,1.0034755124741581,-0.03617916476674443,4166.45,4247.44,4061.3576559139788,1.0037023326426122
4.2,27211378,19.67,3.476258064516129,1.0154504307840175,0.17571208461614973,706.86,405056992,707.62,678.2071182795698,1.0037881613932766,-0.09698447938176669,1466.12,896588992,1448.24,1400.0732903225805,1.004539834901488,-0.024555592738412457,4280.7,4247.44,4082.4001720430106,1.0051811531787629
3.71,9660248,19.67,3.4957956989247303,1.0056203061009859,0.1597843691993064,720.99,304454016,707.62,681.5013548387096,1.0048572721670872,-0.0922348459869895,1495.32,706662016,1466.12,1407.8685376344083,1.0055677423215692,-0.03414555174430056,4352.34,4280.7,4106.683225806452,1.005948229654147
3.41,8000215,19.67,3.494623655913978,0.9996647278297434,0.15753666499888075,722.57,262720992,720.99,684.7317419354839,1.0047401037046197,-0.1762787473042542,1501.46,580069696,1495.32,1415.6589677419356,1.0055334925806476,-0.03642622661394679,4369.55,4352.34,4130.67182795699,1.0058413568399414
3.1,25087600,19.67,3.4722903225806463,0.9936092307692312,-0.00645163584131514,720.78,303392992,722.57,687.6995483870969,1.004334261536093,-0.1797984313265577,1498.96,694866688,1501.46,1422.8516129032257,1.0050807753316202,-0.02460166297821975,4327.16,4369.55,4150.40711827957,1.0047777434626999
2.47,44217276,19.67,3.4090967741935487,0.9818006150072925,-0.16396812224270174,737.62,366588000,722.57,691.6043225806452,1.005678023495444,-0.14550238983885255,1531.58,944710912,1501.46,1431.7481075268818,1.0062525807631504,-0.013145841293975336,4411.8,4369.55,4174.274559139784,1.0057506264277294
2.47,17500708,19.67,3.3468709677419355,0.9817471281769837,-0.10487337777367578,739.75,382815008,737.62,695.4440645161291,1.0055519345529194,-0.14403230033965042,1538.58,868772096,1531.58,1440.597935483871,1.0061811347334524,-0.008114500215930853,4395.26,4411.8,4195.550731182796,1.0050969747537153
2.74,16075507,19.67,3.302774193548388,0.9868244773645102,-0.06607960072074381,753.63,395520000,739.75,699.9979784946237,1.0065482102887213,-0.1785005561692352,1548.95,956175104,1538.58,1449.6553548387096,1.0062872638726894,-0.02814493502788351,4436.52,4411.8,4218.11423655914,1.0053779603256003
2.52,15163608,19.67,3.245258064516129,0.9825855097376592,-0.18594379689673757,768.33,495097984,753.63,705.3054838709678,1.0075821724339236,-0.15348568923684947,1557.13,1000698624,1548.95,1458.8525376344087,1.0063443926620217,-0.0434856946588158,4468.0,4436.52,4241.392924731183,1.0055187429421142
2.51,12824623,19.67,3.188236559139785,0.9824292847463131,-0.207927724402442,782.03,499951008,768.33,711.2967956989248,1.0084946338359295,-0.13143466457246467,1584.73,977025984,1557.13,1469.4134408602151,1.0072391848753484,-0.00026444705200878715,4441.67,4468.0,4261.46806451613,1.0047331478458152
2.85,10750249,19.67,3.1549784946236556,0.9895685078885418,-0.09343593203443867,756.07,444625984,782.03,715.3949677419354,1.0057615499855916,-0.14268468607565743,1566.06,839281024,1584.73,1478.309978494624,1.0060544822764113,-0.046176445335295524,4509.37,4468.0,4284.620193548388,1.0054328998086455
3.03,13109990,19.67,3.1341720430107527,0.9934052001785879,-0.2952479903178429,763.06,358691008,782.03,719.7501290322582,1.006087771771822,-0.13767870738170584,1592.61,839248000,1584.73,1488.4352473118277,1.0068492190166465,0.014897059747352337,4535.43,4509.37,4307.743655913979,1.005396852304531
2.88,6228830,19.67,3.1068709677419353,0.9912892225142206,-0.3376635747572915,729.94,297360992,782.03,721.7535053763442,1.0027834331155725,-0.13508520358688814,1549.18,651900992,1592.61,1495.2317849462365,1.0045662299698181,0.0010432453359059402,4458.58,4535.43,4324.514215053764,1.0038931191081348
2.9,11417358,19.67,3.08458064516129,0.9928254752733275,-0.3293961176992479,710.83,548590016,782.03,722.3950752688172,1.0008889044357858,-0.15189429881305716,1545.73,1104976000,1592.61,1501.4116774193546,1.0041330665488364,0.025293286776390644,4432.99,4535.43,4338.507462365591,1.0032357963498226
2.86,7288182,19.67,3.063021505376344,0.993010673973214,-0.13768538508872286,714.02,364225984,782.03,723.1303010752688,1.0010177613768727,-0.1345024315611909,1539.56,794862976,1592.61,1506.7349892473121,1.0035455377815545,0.005033937550317669,4455.48,4535.43,4352.819892473119,1.0032989294663386
2.83,9326752,19.67,3.0408172043010757,0.9927508504147639,-0.11719151054200239,711.38,475884000,782.03,723.551935483871,1.0005830683736738,-0.11942474980932194,1485.0,987523968,1592.61,1508.0473548387097,1.0008709996122498,-0.004909555142142086,4357.05,4535.43,4359.396344086021,1.0015108485476907
2.81,8528300,19.67,3.018559139784946,0.9926802359297866,-0.1875696206353561,709.12,436985984,782.03,723.6798709677419,1.0001768158961324,-0.06880067872909756,1480.1,924926016,1592.61,1508.6782795698925,1.0004183719623647,-0.002778424621505682,4391.36,4535.43,4367.078580645161,1.0017622248478422
2.85,6381967,19.67,3.0006021505376346,0.9940511388328834,-0.16071167404193132,708.28,314067008,782.03,723.6373548387097,0.9999412500875902,-0.12015441837085716,1491.56,763875008,1592.61,1509.7309677419357,1.000697755238011,-0.02740684698743112,4471.37,4535.43,4378.959268817204,1.0027205116538773
2.91,6754526,19.67,2.987935483870968,0.9957786250788373,-0.039946163218393727,724.4,315592000,782.03,724.5169247311827,1.0012154843673997,-0.09826896510676186,1534.41,738278016,1592.61,1513.216666666667,1.0023088212398163,-0.019763972572825583,4544.9,4535.43,4394.383247311828,1.0035222932089045
2.87,9613231,19.67,2.9732258064516124,0.9950769762269771,-0.04833005889343911,741.35,420180992,782.03,726.3560430107527,1.0025384062356477,-0.06629209595505481,1559.32,893368000,1592.61,1517.9461075268819,1.0031254221318042,0.003101008807849359,4605.38,4544.9,4412.482580645161,1.0041187425662985
2.93,13066298,19.67,2.963376344086022,0.9966872807493403,0.03578035021069992,752.65,662680000,782.03,728.7473763440861,1.0032922329983258,-0.04864818370831259,1548.87,1305160960,1592.61,1521.5671182795697,1.002385467267074,-0.011754722019708286,4697.53,4605.38,4435.267913978494,1.0051638353051586
2.87,12698627,19.67,2.9499354838709673,0.9954643424747995,0.04228896153524775,759.55,484920992,782.03,731.3776344086021,1.0036092864961124,-0.03512143577296123,1558.37,897025024,1592.61,1525.428322580645,1.0025376496736083,-0.017700131906094763,4682.85,4697.53,4455.883075268817,1.004648008122655
2.78,12262608,19.67,2.930881720430108,0.9935409558802091,-0.04327989000589827,754.52,457196992,782.03,733.4972903225806,1.002898168899699,-0.0303969188620552,1547.73,910998016,1592.61,1528.2952688172045,1.0018794368729889,-0.04930938330962986,4697.96,4697.53,4476.403440860216,1.0046052298152282
2.67,10095017,19.67,2.905354838709677,0.9912903746533023,-0.12798522725151185,752.84,369496000,782.03,735.3485161290324,1.0025238345538232,0.013697677853962142,1534.35,772281984,1592.61,1530.0680430107527,1.0011599683841985,-0.012941218267697785,4594.62,4697.96,4489.143182795699,1.0028459771563922
2.52,16401289,19.67,2.8712688172043013,0.9882678628265201,-0.17589068519617757,737.77,717436032,782.03,736.0400860215053,1.000940465476307,-0.05774246963617102,1517.43,1426366976,1592.61,1530.488064516129,1.0002745116514882,-0.021840483957026535,4538.43,4697.96,4497.368623655913,1.0018322963927142
2.5,12832231,19.67,2.837182795698925,0.9881285857662867,-0.27197001955162103,742.69,477764000,782.03,736.9451397849464,1.0012296256421755,-0.10260201858580209,1565.37,1024244992,1592.61,1533.8443655913977,1.0021929612867186,-0.03920464852886729,4712.02,4697.96,4516.135720430108,1.0041729060578848
2.45,34395040,19.67,2.8019139784946234,0.9875690712428654,-0.2991938901060226,787.44,761676032,782.03,740.6359784946237,1.0050082950689578,-0.057256733237994295,1603.75,1519144960,1592.61,1539.3995913978492,1.0036217662828586,-0.003616909254002154,4620.64,4712.02,4527.849978494624,1.002593867587177
2.53,9559181,19.67,2.7740430107526883,0.9900528824382719,-0.28652554632435323,791.23,414244992,787.44,744.3883010752689,1.0050663520131333,-0.014670604690597333,1625.57,894587008,1603.75,1546.02576344086,1.0043043872949153,0.0067927901126501045,4725.78,4712.02,4545.347935483872,1.0038645178334873
2.26,16718591,19.67,2.7308602150537626,0.9844332638205171,-0.3388200594565457,799.27,305176992,791.23,748.4433118279569,1.005447440195971,-0.007029219251499352,1643.92,643782976,1625.57,1553.4312258064517,1.004789999326473,0.030211768935487937,4766.18,4725.78,4564.33047311828,1.0041762562302916
2.21,12767376,19.67,2.686817204301075,0.983872110879238,-0.41809448667724525,783.83,528064000,799.27,751.2646236559141,1.0037695731705674,0.019232491325064105,1567.5,1083789952,1643.92,1555.4266451612903,1.0012845237830228,-0.01879033859762047,4677.02,4766.18,4576.407440860215,1.002645945076296
2.2,14933455,19.67,2.645268817204301,0.9845362062479489,-0.41295097500164246,769.34,445060000,799.27,752.9872043010754,1.0022929079726643,0.008874538894301676,1563.07,1043144000,1643.92,1556.8797849462362,1.0009342387115885,-0.03153947616122377,4662.85,4766.18,4586.646387096775,1.0022373327482037
2.0,14084961,19.67,2.5939999999999994,0.9806186740376406,-0.5091447468322395,751.93,362247008,799.27,753.4296989247312,1.0005876522484423,0.012815235626887134,1509.42,858723968,1643.92,1554.60088172043,0.9985362368707967,0.0021480273563772023,4397.93,4766.18,4578.7261935483875,0.9982732059810261
1.91,18936464,19.67,2.541655913978494,0.9798210925129124,-0.5084347530340909,767.91,536361984,799.27,754.8062365591397,1.0018270286350182,0.01638563684500549,1520.3,1277963008,1643.92,1552.9307956989248,0.9989257139622506,-0.0015628794649242828,4431.85,4766.18,4572.742279569893,0.9986931050852252
1.82,16898612,19.67,2.4873763440860213,0.9786440133009553,-0.48418759447238324,761.51,445873984,799.27,755.6689677419354,1.0011429836440255,0.03445523582381815,1540.71,1097234944,1643.92,1552.52376344086,0.9997378941423583,-0.0038366928025828084,4500.54,4766.18,4571.018989247312,0.9996231385419903
1.77,13740344,19.67,2.4332903225806453,0.9782557948522865,-0.46711030164089784,746.57,508727008,799.27,755.4840860215052,0.9997553403297972,0.0509374402920687,1518.33,1089154944,1643.92,1550.5884516129029,0.9987534414135679,-0.008218594073772012,4418.64,4766.18,4563.730129032258,0.9984054189597114
1.81,13791600,19.67,2.384645161290323,0.9800084844628275,-0.3165174972573763,734.1,438660992,799.27,754.4392258064516,0.998616965950195,0.02907287887379162,1484.43,1004057024,1643.92,1546.4243870967741,0.9973145262936808,-0.016521182988303296,4348.87,4766.18,4551.743247311828,0.9973734464173997
2.19,18869916,19.67,2.3619354838709676,0.9904767058059627,-0.1825115063190722,742.67,438448992,799.27,753.9548387096776,0.999357950806102,0.014428592408668561,1524.66,897788992,1643.92,1544.9572043010755,0.9990512418143812,-0.006626513688770763,4384.62,4766.18,4542.198150537634,0.9979029799671081
2.42,27039276,19.67,2.3546666666666662,0.9969225166165891,-0.23365229064015236,756.15,609833984,799.27,754.3338494623656,1.0005026968900905,0.0037546904087415456,1542.57,1171026944,1643.92,1544.6754408602153,0.9998176237891406,0.02014559435990726,4328.87,4766.18,4529.079161290323,0.997111753205712
2.61,27145608,19.67,2.3603440860215055,1.002411135060096,-0.013023093153317067,758.05,475428000,799.27,754.8300215053764,1.0006577618694488,0.005074180670001538,1499.91,1038068992,1643.92,1541.6551397849462,0.9980447018219004,0.022270365068195352,4204.31,4766.18,4508.155548387097,0.9953801618037373
2.5,31883016,19.67,2.3587311827956987,0.9993166660592586,-0.09044102362446982,794.98,564758016,799.27,757.7308817204301,1.0038430641765792,0.014073768308424217,1593.48,1215836032,1643.92,1544.7946666666667,1.0020364650956624,0.0006989348413701801,4463.09,4766.18,4504.4944946236565,0.9991879042938635
2.42,24590654,19.67,2.351978494623656,0.9971371522870873,-0.2801909908110638,797.11,417180992,799.27,760.7413118279569,1.003972954224449,0.04478193543447251,1589.78,882424000,1643.92,1547.6766666666667,1.001865620112619,0.00767961574556475,4543.04,4766.18,4505.945440860215,1.0003221107803084
0.668,164501216,19.67,2.2331182795698923,0.9494637322044125,-0.9015974395672579,801.2,403750016,799.27,763.9273548387096,1.0041880767630418,0.036249226967017156,1609.25,917030976,1643.92,1551.7637849462362,1.0026408088766836,0.008148586195176444,4545.86,4766.18,4507.505913978494,1.0003463142505298
0.544,79562328,19.67,2.1113376344086023,0.9454661016949154,-0.9228150551097452,837.64,452811008,801.2,769.3823440860216,1.0071407172589908,0.08481562022179312,1664.58,977635968,1643.92,1559.3847956989246,1.0049111925581846,0.06782970736449734,4488.28,4766.18,4505.329118279569,0.99951707313524
0.538,76392968,19.67,1.9941935483870967,0.9445166494868461,-0.8970760642159205,819.11,321206016,837.64,773.4102365591398,1.0052352286273258,0.10681834383010957,1615.79,188436992,1664.58,1563.6098924731182,1.0027094638769387,0.054438350422507,4392.59,4766.18,4496.914903225807,0.9981323861514084
0.472,65715800,19.67,1.8778709677419352,0.9416693626658038,-0.9322305463310326,788.62,381548992,837.64,775.2381720430108,1.002363474644457,0.029809415894640257,1557.49,876480000,1664.58,1563.9230322580647,1.0002002672063242,0.0528763102223182,4271.78,4766.18,4480.793376344086,0.9964149806637086
0.415,41866392,19.67,1.7630064516129031,0.9388325832274025,-0.943110365358816,799.1,482168992,837.64,777.5818064516128,1.0030231153381235,0.08633321869433064,1518.45,1095500032,1664.58,1561.6789032258064,0.9985650642736439,0.0741932388921751,4131.93,4766.18,4456.044322580645,0.9944766357908621
0.385,40620920,19.67,1.6514,0.9366953810572849,-0.9234207147634317,794.16,487929984,837.64,779.4180860215054,1.0023615258930403,0.11440040469360668,1511.65,1065182016,1664.58,1558.924129032258,0.9982360175399321,0.08234961122078155,4123.34,4766.18,4431.225204301075,0.9944302353201917
0.449,54812944,19.67,1.5491376344086023,0.9380753508590302,-0.9059370733844738,796.37,514083008,837.64,781.214064516129,1.0023042556066297,0.1905764636323597,1497.4,1088742016,1664.58,1555.1821505376342,0.9975996404026752,0.10399207405021016,4023.89,4766.18,4400.566344086023,0.9930811775972718
0.33,50240160,19.67,1.4443612903225806,0.9323647287634188,-0.9564377396832442,812.47,429991008,837.64,783.8593118279568,1.0033860723097277,0.23280692616819187,1510.91,913745024,1664.58,1552.2992258064517,0.9981462462579153,0.12628074179184667,3901.36,4766.18,4362.964645161291,0.9914552591678875
0.373,38715140,19.67,1.3479075268817204,0.9332204732381616,-0.9630927014719526,835.59,393065984,837.64,787.8067741935484,1.0050359322215439,0.18946258249623127,1559.34,867961984,1664.58,1552.5913548387095,1.0001881911859527,0.0971036199144033,4158.24,4766.18,4343.319806451613,0.9954973646803522
0.41,29690600,19.67,1.2592107526881722,0.934196691965404,-0.9335724976350933,811.86,378230016,837.64,790.0206021505376,1.0028101154109208,0.16928810243903136,1510.43,833420032,1664.58,1549.7279569892473,0.9981557298766747,0.10056482080896534,4108.54,4766.18,4321.430107526882,0.9949601457179793
0.408,38420276,19.67,1.1758043010752686,0.9337629134480889,-0.92765349697201,788.04,308647008,837.64,790.5703225806453,1.000695830499371,0.18375332317930437,1459.09,750729984,1664.58,1543.6349677419353,0.9960683491448723,0.10328259569250353,3900.86,4766.18,4287.408344086021,0.9921271980352978
0.342,74100224,19.67,1.0934344086021506,0.929945916682061,-0.9317115611158633,763.75,513254016,837.64,789.4916774193547,0.9986356113675383,0.2041457580288243,1393.22,1165408000,1664.58,1533.5058064516131,0.993438111015884,0.11794955828962106,3674.84,4766.18,4240.486344086022,0.9890558593363931
0.365,48133664,19.67,1.0177913978494622,0.9308207148434348,-0.8871703553563444,834.12,359881984,837.64,792.9331827956988,1.0043591407924573,0.22993125930600444,1506.72,843795968,1664.58,1531.031505376344,0.9983865068753836,0.13061837633622453,3911.74,4766.18,4211.0484731182805,0.993057902188791
