6.16,43336584,35.49,8.312580645161292,0.9716206874882176,-0.6507579182829968,517.7,180872992,648.86,521.7531397849463,0.9980962487057136,-0.12608280701935326,446.13,925569984,645.6,441.4900215053764,0.9991918578362876,-0.17088658265859646,3093.08,3066.91,2968.621311827956,1.0033911479840032
5.35,40655216,35.49,8.034967741935484,0.9666032830144745,-0.6883857925096153,510.13,138032000,648.86,520.3900430107526,0.9973874679992237,-0.1916236293118606,440.43,713080000,645.6,440.88019354838707,0.9986187050051325,-0.18776650150808294,3120.46,3093.08,2980.0214838709676,1.003840224415822
4.83,41899752,35.49,7.741655913978494,0.96349558114264,-0.6971273555442876,507.85,147356992,633.76,519.0135268817204,0.9973548376885378,-0.15605782495225018,438.15,795379968,604.75,440.24466666666666,0.9985585043487542,-0.16463814197123638,3110.29,3120.46,2990.30223655914,1.0034498921379646
4.58,17545824,35.49,7.449053763440861,0.9622041907068868,-0.7019155743920034,499.6,102667000,633.76,517.2267096774193,0.9965572820133678,-0.1525882441815709,431.37,590910016,604.75,439.2842365591398,0.9978184173932219,-0.15721064007887564,3140.98,3120.46,3002.1965161290314,1.0039776178556379
4.49,28303120,35.49,7.167032258064515,0.9621399557135061,-0.7120183956848263,506.84,137254000,633.76,516.0168387096774,0.997660849787714,-0.14868702375671905,437.91,839900032,604.75,438.8384946236559,0.9989852994977116,-0.16335490713230238,3145.91,3140.98,3013.9887741935486,1.0039278768065862
5.85,49732664,35.49,6.991032258064516,0.9754431131795228,-0.602320893547732,504.61,153079008,633.76,514.7630967741935,0.9975703468541475,-0.10043782642193322,441.35,769120000,604.75,438.6872688172043,0.9996553953030459,-0.16556182147609066,3168.8,3145.91,3026.6889677419354,1.0042137494529273
6.93,52208064,35.49,6.90079569892473,0.9870925271392228,-0.47903327623735714,511.42,174072992,633.76,514.0391612903227,0.9985936531029372,-0.09533391499381838,452.48,963990016,604.75,439.3119139784946,1.001423896259799,-0.13925223848982005,3221.22,3168.8,3042.106,1.0050936955935603
7.39,25473292,35.49,6.853096774193547,0.9930879094509906,-0.421033184203375,513.24,79395000,633.76,513.487376344086,0.9989265702152894,-0.061241093281524606,454.96,420100000,604.75,440.09599999999995,1.0017848048198932,-0.12440276052965937,3240.02,3221.22,3057.8861290322575,1.0051872383908573
7.14,23614046,35.49,6.799655913978494,0.9922019399439544,-0.47769017184483076,519.01,124585000,633.76,513.3066451612904,0.9996480318872055,-0.07335313198352245,458.77,542880000,604.75,441.07673118279575,1.0022284482994523,-0.10562356572186049,3234.85,3240.02,3072.2833333333333,1.004708221200386
7.03,22047820,35.49,6.7513118279569895,0.9928902158236976,-0.46725252424158503,508.34,181980000,633.76,512.4820645161291,0.9983935905507278,-0.08879589854135905,453.87,909459968,604.75,441.72180645161285,1.0014625012457294,-0.11678086391440878,3265.35,3240.02,3087.870838709677,1.005073589797928
7.24,20634740,35.49,6.726279569892473,0.9962922379083634,-0.5034414646557611,504.53,148488992,633.76,511.47688172043013,0.998038599074393,-0.14755175377857133,448.77,764409984,604.75,442.02410752688183,1.0006843698247487,-0.17483557006620898,3329.62,3265.35,3106.7910967741936,1.0061272828601933
6.19,27863872,35.49,6.643118279569893,0.987636361311115,-0.5769798474246933,486.4,142712000,633.76,509.4211612903225,0.9959808145713392,-0.21199274160328352,429.71,734200000,604.75,441.1436129032257,0.99800803936106,-0.2084441311892099,3295.47,3329.62,3122.692731182796,1.005118346845114
5.04,43201392,35.49,6.4970967741935475,0.978019132095628,-0.6198561564244132,459.86,193435008,633.76,505.8000215053763,0.9928916581011787,-0.20807849409825185,405.45,996729984,604.75,438.7873548387097,0.9946587505846245,-0.2101224828858862,3225.52,3329.62,3133.320795698925,1.0034034935330007
4.93,29321770,35.49,6.358774193548388,0.9787100938384393,-0.6313632563258218,462.24,187508000,633.76,502.5272258064516,0.9935294670625278,-0.24139581033875968,408.55,839180032,604.75,436.7631182795699,0.9953867481894871,-0.24747202027707527,3327.71,3329.62,3150.0361505376345,1.0053347090606408
4.41,47855824,35.49,6.201440860215053,0.9752572856741845,-0.6172682837742206,460.79,151594000,633.76,499.37608602150533,0.9937294147995875,-0.3040405190875478,409.82,793320000,604.75,434.9677849462366,0.9958894575613316,-0.25235996569056474,3380.16,3329.62,3169.4602365591404,1.0061663057480121
4.76,31587588,35.49,6.080817204301075,0.9805490919557371,-0.49878889638976887,453.46,121165000,633.76,495.9454623655914,0.9931301803351349,-0.3036522907117486,405.93,670529984,604.75,433.03802150537626,0.995563433643485,-0.22341028534096763,3337.75,3380.16,3185.2803440860216,1.0049914200987282
4.36,48305132,35.49,5.9444731182795705,0.9775779995614625,-0.46019383039647077,388.69,379332992,633.76,488.5376774193549,0.9850633073425001,-0.23897934849520663,343.53,1628099968,604.75,427.2018709677419,0.9865227757199101,-0.23705548711281244,2954.22,3380.16,3175.6858494623652,0.9969878649326832
4.18,30099640,35.49,5.805053763440861,0.9765463898877786,-0.3874200048743083,372.74,391172992,633.76,480.4039569892473,0.9833508840647194,-0.29324061285864644,318.64,1619769984,604.75,419.97995698924734,0.9830948446875133,-0.2875130273373919,2972.37,3380.16,3167.2146451612903,0.9973324803829355
3.16,41280600,35.49,5.606430107526881,0.9657843554929889,-0.5478924139074264,304.58,870096000,633.76,468.20311827956994,0.9746029595881316,-0.3073703248230948,241.29,3292879872,604.75,408.0200215053764,0.9715226041508996,-0.36266796776676924,2711.02,3380.16,3141.766623655914,0.9919651730758904
2.3,66782448,35.49,5.361698924731182,0.9563481256161319,-0.6736214825877724,238.66,584001984,633.76,452.1758279569892,0.965768510082817,-0.22484233712792084,193.93,2519310080,604.75,393.3868387096774,0.9641361158167917,-0.3373479756061726,2304.92,3380.16,3090.5006666666673,0.9836824426730999
2.22,41521872,35.49,5.1223440860215055,0.9553583962714436,-0.6864088247044953,272.44,628326976,633.76,438.88311827956994,0.9706027857847287,-0.2610884508579747,217.56,2174540032,604.75,380.74430107526877,0.9678623268742884,-0.35301005538305696,2541.47,3380.16,3055.6620000000003,0.9887271771067945
2.49,44604216,35.49,4.910924731182796,0.9587260536800608,-0.5674284268165248,293.35,610363008,633.76,427.4417419354839,0.9739306984763131,-0.17351452921351096,229.26,2343450112,604.75,369.2964516129032,0.9699329722597674,-0.3063036020726341,2488.65,3380.16,3018.2435268817203,0.9877543808450411
2.52,50715708,35.49,4.710451612903225,0.9591781325812976,-0.6071392274749867,326.48,509827008,633.76,418.62103225806453,0.9793639487863806,-0.31077802570385227,259.63,1929040000,604.75,360.24662365591394,0.9754944085775422,-0.34787773919476783,2789.82,3380.16,3001.3092688172046,0.9943893665591619
3.52,56848544,35.49,4.5845806451612905,0.9732783652002412,-0.39809714220521375,330.38,455991008,633.76,410.48967741935485,0.9805758568917364,-0.2634636829950836,260.17,1785549952,604.75,351.6363225806451,0.9760988708571691,-0.3854470264621336,2874.56,3380.16,2990.31,0.9963351764739862
4.75,52139072,35.49,4.546301075268817,0.9916503661173732,-0.264464069717658,332.23,519596992,633.76,402.91400000000004,0.9815447797202084,-0.20494618052811353,264.51,1988070016,604.75,343.7190967741934,0.977484618914373,-0.35723401346212214,2836.74,3380.16,2977.123440860215,0.9955902367514455
4.76,53605280,35.49,4.514408602150537,0.9929849623704489,-0.1705422343208397,335.33,441313984,633.76,395.94329032258065,0.9826992616850757,-0.16525918253172778,272.28,1770749952,597.81,336.68152688172046,0.9795252287157722,-0.3163758437544003,2830.71,3380.16,2963.816774193548,0.9955303611250926
4.18,47090436,35.49,4.450086021505376,0.9857517149390245,-0.3426895974779123,357.42,383755008,633.76,390.753677419355,0.9868930399123631,-0.14187516392096944,294.75,1471280000,587.93,331.4193978494624,0.9843706036354448,-0.29777110721497313,2929.8,3380.16,2957.1638709677422,0.9977552919992444
3.61,28791760,35.49,4.355741935483871,0.9787994916130655,-0.41972131211536073,329.25,318564000,633.76,384.06032258064516,0.9828706542625151,-0.1110611051771544,272.31,1336999936,583.44,324.99617204301074,0.980619040864442,-0.31165345916212006,2863.7,3380.16,2946.333483870968,0.9963375762827679
4.3,40624632,35.49,4.313827956989247,0.9903773044603094,-0.3211109236101284,341.55,312184000,633.76,378.51690322580646,0.985566279490705,-0.15889245070172664,288.94,1347160064,573.85,319.96490322580644,0.9845189905297147,-0.3194275629939166,2955.45,3380.16,2941.685892473118,0.998422584740223
4.78,23462532,35.49,4.309612903225807,0.9990228971100688,-0.15148750197213146,346.42,289502016,633.76,373.6496559139785,0.9871412682753448,-0.19990351351916535,291.59,1306320000,573.85,315.4270322580645,0.985817597736526,-0.3259262453960521,3044.31,3380.16,2942.9155053763443,1.0004179959887534
5.65,27684694,35.49,4.36563440860215,1.0129991965947593,0.08072177944750336,398.23,440398016,633.76,372.46978494623653,0.9968423068265487,-0.21279203421183668,336.52,1566889984,573.85,314.1013548387097,0.9957971978182574,-0.27829575888224267,3193.93,3380.16,2953.846623655914,1.0037143840044336
5.28,30512020,35.49,4.398881720430107,1.007615688515384,0.12908397624572687,358.78,574558976,633.76,369.0016774193549,0.9906888889594568,-0.2198338442788762,299.28,1833100032,573.85,310.6088172043011,0.9888808577848954,-0.29511740592295466,3041.31,3380.16,2954.71440860215,1.000293781315281
5.95,42841900,35.49,4.475505376344086,1.0174188943426483,0.4102126356863304,352.09,435199008,633.76,365.42744086021514,0.9903137660941368,-0.23404317102444028,296.4,1514950016,573.85,307.2340215053763,0.9891349005179558,-0.31948434916935486,3097.74,3380.16,2959.393053763441,1.001583450890438
5.07,31176826,35.49,4.492946236559139,1.0038969588344682,0.2324106283768781,334.01,305936992,633.76,361.02172043010745,0.9879436519060073,-0.20990004854615563,277.3,1229929984,573.85,302.9318064516129,0.985996944502814,-0.3151615688358409,3009.05,3380.16,2958.376752688172,0.9996565846250208
5.45,14107320,35.49,4.533849462365591,1.0091038760877267,0.3281863408166109,339.07,212942000,633.76,357.29855913978497,0.9896871543188956,-0.2612863711876844,283.46,923779968,573.85,299.3583440860215,0.9882037399524034,-0.34764386151585946,3130.01,3380.16,2965.448043010753,1.002390260238543
5.36,27808460,35.49,4.566881720430107,1.0072856980229954,0.0706603955400511,327.29,240224000,633.76,353.1761935483871,0.9884624063379303,-0.2892965997262522,270.32,1121350016,573.85,295.26929032258056,0.9863406053506699,-0.3926405456486114,3185.04,3380.16,2976.103849462366,1.0035933209070136
5.9,20382544,35.49,4.635806451612903,1.0150922961009607,-0.013950346360318555,333.71,221744000,633.76,349.84935483870964,0.9905802294422722,-0.2612635345483991,278.27,1003249984,573.85,292.0609462365591,0.9891341761870449,-0.38610114148397323,3224.73,3380.16,2989.2853763440853,1.004429121948853
6.0,18566236,35.49,4.713397849462366,1.0167374109897247,-0.01849720545250555,338.81,264416000,633.76,347.23372043010744,0.9925235408542968,-0.24304312972285613,284.11,1250930048,573.85,289.60402150537635,0.9915876300380375,-0.3679997875924601,3215.63,3380.16,3001.8722580645153,1.0042106658066297
5.67,31909612,35.49,4.7726881720430105,1.0125791041779781,-0.025506178311706984,322.04,250063008,633.76,343.9112688172043,0.9904316562090003,-0.31994435609011274,272.09,1138329984,573.85,286.7390322580645,0.9901072187035959,-0.4181264063941146,3271.12,3380.16,3018.0915913978497,1.0054030724624479
6.94,33093184,35.49,4.917075268817205,1.0302527824088679,0.15197128298476326,332.03,240712000,633.76,341.6569247311828,0.9934449833709296,-0.29066298576770333,280.59,1113129984,573.85,284.82389247311824,0.9933209658627059,-0.40809903891108434,3351.28,3380.16,3039.4045376344084,1.00706172943767
7.31,23199524,35.49,5.085526881720431,1.0342584979269083,0.19770664755340084,336.54,293659008,633.76,340.07270967741937,0.995363140802693,-0.2373996564669072,286.99,1048550016,573.85,283.6943010752688,0.996034070779522,-0.37347993170240956,3372.85,3380.16,3061.9243010752693,1.0074092682175135
7.23,17592920,35.49,5.248666666666666,1.032079229692528,0.34058097209812666,317.68,237708000,633.76,337.6329892473118,0.9928258858747536,-0.2424707609703025,269.45,893169984,573.85,281.7810107526882,0.9932558027590657,-0.40380670875785574,3397.16,3380.16,3085.9194838709677,1.0078366348858696
6.78,22135274,35.49,5.380537634408602,1.0251246604360351,0.47066899938082274,317.36,266346000,633.76,335.5354623655914,0.9937875535018174,-0.2395624949592119,272.48,894270016,573.85,280.40784946236556,0.9951268494400859,-0.41553626851693237,3508.01,3397.16,3116.8475913978496,1.0100223313305912
6.0,24799188,35.49,5.458344086021505,1.0144607206379024,0.33828727172963724,303.96,289176000,633.76,332.8798709677419,0.9920855119779977,-0.2482230577203658,260.32,1125330048,573.85,278.5361290322581,0.9933250070078417,-0.3926450436143515,3426.96,3508.01,3141.9391612903223,1.0080503037625974
5.53,19293716,35.49,5.50352688172043,1.0082777477906963,0.3578830933049483,286.46,310958016,633.76,329.4356344086021,0.9896532146893509,-0.22689038021079377,243.58,1147399936,573.85,275.9031827956989,0.9905472003014221,-0.3940473754249856,3340.97,3508.01,3161.2695483870975,1.0061523747292538
5.4,45867768,35.49,5.537913978494624,1.0062481927522526,0.2074607745195982,289.67,384324000,633.76,326.57339784946237,0.9913116971566298,-0.2086072697892275,250.65,1363120000,573.85,274.083870967742,0.9934059773811884,-0.37705226414923365,3319.47,3508.01,3179.29711827957,1.0057026361139214
5.34,20884328,35.49,5.5670537634408594,1.0052618702745102,0.27091436803494073,267.56,327592992,633.76,322.63694623655914,0.9879461963563922,-0.2574424076150612,229.09,1207549952,573.85,271.2075268817204,0.989505606164034,-0.44965440221778175,3298.46,3508.01,3196.0085161290317,1.0052563183709313
5.33,19206508,35.49,5.593440860215054,1.0047398674227794,0.32205354881546444,259.69,329542016,633.76,318.4532473118279,0.9870327965425766,-0.2501752863662272,222.55,1330669952,573.85,268.15535483870974,0.9887459906511304,-0.42808482596806297,3348.44,3508.01,3215.2041290322577,1.0060061206991011
5.93,18662432,35.49,5.656064516129033,1.0111959091870277,0.9686602413857595,272.17,326303008,633.76,315.3178279569893,0.9901542239518493,-0.15625291917807282,233.68,1102930048,573.85,266.0278924731183,0.9920663066121835,-0.31412986650719266,3477.13,3508.01,3241.893569892472,1.0083010097614697
6.44,17194776,35.49,5.74563440860215,1.015836080408506,1.9252858217086386,267.19,237184000,633.76,311.93081720430104,0.9892584229232029,-0.2121634195210249,228.78,1058819968,573.85,263.6006666666666,0.990876047680989,-0.33176275850621795,3483.81,3508.01,3267.366430107527,1.0078574017517483
6.62,18998986,35.49,5.8379139784946235,1.0160608147560373,2.1115647885559388,266.81,284496000,633.76,308.4579354838709,0.9888665001055169,-0.1596528733631929,229.96,1288470016,573.85,261.17462365591393,0.9907965217181317,-0.3065418663849042,3465.39,3508.01,3289.1156559139777,1.006656500356385
5.73,25052352,35.49,5.86331182795699,1.004350500804898,1.4232099969659766,254.8,384056992,633.76,304.2223225806451,0.9862684262066996,-0.2939198598060564,216.82,1394089984,573.85,257.8741720430108,0.9873630463530356,-0.3682108670774371,3269.96,3508.01,3296.2695698924726,1.0021750265806653
5.51,21061848,35.49,5.867548387096775,1.0007225539531406,1.3177843289500657,258.99,351124000,633.76,300.33993548387105,0.9872383227376589,-0.20780860199997664,218.58,1337539968,573.85,254.7140215053763,0.9877453778616209,-0.4160545745549594,3509.44,3508.01,3317.1935698924735,1.0063477818049582
6.38,20825560,35.49,5.921483870967742,1.0091921668664166,0.8833943414455384,293.94,444492992,633.76,298.85752688172045,0.995064230803132,-0.1932691098004491,254.55,1581479936,573.85,253.96279569892477,0.997050708861602,-0.26880083212681694,3585.15,3509.44,3341.454516129033,1.007313696269267
6.4,18779530,35.49,5.970559139784947,1.0082876640191176,0.4645015136500008,303.39,312558016,633.76,298.06316129032257,0.9973419923543961,-0.2010554305729143,267.24,1299810048,573.85,254.04236559139784,1.0003133131853195,-0.24377351789235813,3557.54,3585.15,3362.4060215053764,1.0062701752411147
6.97,13678860,35.49,6.052860215053763,1.0137844837211982,0.5192771355539658,327.96,305620000,633.76,298.91597849462363,1.0028611962666207,-0.13910872899742144,289.99,1032150016,573.85,255.5838064516129,1.0060676527579433,-0.22027024083159907,3638.35,3585.15,3387.0209677419343,1.0073206347119072
7.56,26976156,35.49,6.16847311827957,1.0191005407556368,0.94474036415626,338.72,389820000,633.76,300.4788387096774,1.0052284264726312,-0.16858947172606376,302.94,1468370048,573.85,257.92264516129035,1.0091509659479159,-0.23479821721410787,3699.12,3638.35,3413.8196989247317,1.0079121834314075
8.42,26316856,35.49,6.332301075268816,1.0265589156097255,1.4954866480747677,347.19,397864000,633.76,302.62836559139794,1.0071536714230895,-0.11448254151161397,306.38,1333609984,573.85,260.4658064516129,1.009860170628803,-0.15416030481427012,3663.46,3699.12,3436.663333333334,1.0066915175443498
8.28,34391860,35.49,6.476752688172043,1.0228118674690614,1.092355849673817,332.02,361796000,633.76,303.7606021505377,1.0037413431385624,-0.13735592976409194,293.33,1307219968,573.85,262.0937634408602,1.006250175450764,-0.2399148933616866,3709.41,3699.12,3460.7515698924735,1.0070091929941172
8.38,14717156,35.49,6.619096774193547,1.0219776935873213,0.932682854145032,323.75,189092000,633.76,304.37978494623655,1.0020383907304478,-0.11047743043138292,287.38,689120000,573.85,263.3284086021506,1.0047107002665059,-0.23082537388246505,3703.06,3709.41,3482.808709677419,1.0063735114582728
7.71,15595045,35.49,6.710473118279571,1.0138049566584797,0.5097554896955925,320.46,185024992,633.76,304.83546236559135,1.00149706860275,-0.18870705259509668,286.14,619209984,573.85,264.49210752688174,1.0044191924863273,-0.3257113889659716,3756.07,3709.41,3506.869182795699,1.0069083533216812
8.08,25379616,35.49,6.821290322580645,1.0165140672420256,0.755029817655996,350.57,354275008,633.76,307.4009677419355,1.0084160332148866,-0.033210204529800835,312.78,1385229952,573.85,267.48286021505373,1.0113075309359394,-0.21246824503781525,3824.68,3756.07,3534.1472043010754,1.0077784542517865
8.5,30648986,35.49,6.953182795698927,1.0193354141051107,0.5885548428178997,363.48,361118016,633.76,310.81703225806456,1.0111127318213158,-0.0047416925916312636,322.58,1329280000,573.85,271.07683870967736,1.0134362945413926,-0.12812476270737694,3768.25,3824.68,3556.099913978494,1.0062116002555588
8.13,25379344,35.49,7.055720430107527,1.0147468630440764,0.835205137534509,360.39,208704992,633.76,314.009247311828,1.0102703993747455,-0.015935582969960782,317.54,924000000,573.85,274.2893548387097,1.0118509428703828,-0.13152521088369817,3841.47,3824.68,3581.3345376344087,1.0070961514767123
8.1,33071888,35.49,7.149741935483871,1.0133255712591933,0.7397885858623181,337.84,290003008,633.76,315.68989247311833,1.0053522155021803,-0.03875256387767689,296.52,1217170048,573.85,276.0592043010753,1.0064524905219392,-0.14058083566350343,3714.24,3841.47,3596.570623655914,1.0042543040482248
8.04,31756388,35.49,7.234193548387096,1.0118118407161096,0.7200582605076985,366.59,257984992,633.76,319.2280215053763,1.0112076094820148,0.0331084702599036,321.1,1015619968,573.85,279.3867741935484,1.0120538270074995,-0.03248802664888073,3886.83,3841.47,3621.6851397849455,1.006982906428653
9.06,29943368,35.49,7.378688172043012,1.0199738398882252,0.7393195076018556,376.72,281073984,633.76,323.33518279569887,1.0128659171928407,0.029928663014069823,334.99,1193170048,573.85,283.5012688172043,1.0147268768735829,-0.016373670434234322,3934.83,3886.83,3648.3872043010747,1.007372828803587
8.03,36695252,35.49,7.449935483870967,1.0096558236595365,0.4816158175268985,389.59,205031008,633.76,328.18017204301077,1.0149844171160713,0.05231314869904735,345.23,762270016,573.85,288.15443010752693,1.0164131938799996,0.0002151580382154794,3906.71,3934.83,3671.7479784946236,1.0064030413674319
8.82,43427440,35.49,7.567784946236558,1.0158188567700666,0.6255979458683855,405.58,347312992,633.76,333.94756989247304,1.0175738766103957,0.22631562791739612,360.19,1363670016,573.85,293.641311827957,1.0190414623102708,0.15869967813214148,3811.15,3934.83,3687.4573978494623,1.0042784579570407
9.46,31041994,35.49,7.720150537634409,1.0201334462435567,0.4238018295502256,450.22,418204992,633.76,342.41531182795705,1.0253565011364225,0.34367886100450495,396.54,1371990016,573.85,301.28389247311827,1.0260269258354187,0.2668266647260493,3841.94,3934.83,3703.9919139784947,1.0044839883814456
9.02,33626612,35.49,7.838709677419355,1.0153571020677628,0.2776418783596709,458.26,332352000,633.76,351.1475913978494,1.0255020125217993,0.2718147336581227,400.82,1142089984,573.85,308.953247311828,1.0254555753902246,0.2274922053799755,3943.34,3934.83,3726.013182795699,1.0059452799381388
8.88,25919674,35.49,7.944559139784947,1.0135034293552814,0.283441619532363,420.83,374497984,633.76,357.2032688172043,1.0172453907351278,0.24609617139450446,370.11,1277709952,573.85,314.39651612903225,1.0176184224136355,0.22170188434673443,3913.1,3943.34,3744.856623655914,1.0050572662885955
9.22,19843918,35.49,8.068795698924731,1.0156379425156052,0.41043176041184104,432.48,294699008,633.76,363.78873118279574,1.01843617609491,0.25951511110642667,381.18,1064700032,573.85,320.3375053763441,1.0188964856241396,0.26593843295159036,3974.54,3943.34,3766.5543870967736,1.0057940171337394
9.12,12276840,35.49,8.181333333333333,1.0139472653178712,0.6479640159551895,427.91,184212000,633.76,369.8317849462365,1.0166114374785409,0.28989049530455113,379.71,716380032,573.85,325.94989247311827,1.0175202310144125,0.2856144430240335,4019.87,3974.54,3790.1733763440857,1.0062707150408408
8.53,17002796,35.49,8.24909677419355,1.0082826891533838,0.6589692374446082,414.95,236959008,633.76,374.77215053763445,1.0133584126418884,0.30429345991950596,364.35,860060032,573.85,330.314559139785,1.0133906062479425,0.2600037019515411,4128.8,4019.87,3819.5450322580646,1.007749422782952
8.7,23531518,35.49,8.321376344086023,1.008762119280573,0.7223563334003887,417.91,230184992,633.76,379.62716129032253,1.0129545665165443,0.26686552354408954,365.19,829900032,573.85,334.4736989247312,1.0125914516023078,0.19608685232834855,4185.47,4128.8,3850.8785591397855,1.0082034709938206
8.98,19668944,35.49,8.404623655913978,1.0100040315911345,0.8115700608129933,411.44,213444992,633.76,383.78896774193555,1.010962878518669,0.3116619896341313,358.74,869059968,573.85,337.97038709677423,1.0104542993463588,0.29862519249393404,4180.17,4185.47,3880.007784946237,1.0075643065235893
8.64,28552400,35.49,8.458107526881719,1.0063636247329297,0.7855504466410912,421.09,240898000,633.76,388.2639354838711,1.0116599697179012,0.4390440235817685,371.6,931270016,573.85,342.0179354838709,1.0119760444749784,0.4210452095403787,4181.17,4185.47,3907.305376344086,1.0070354475843475
9.28,19101632,35.49,8.545763440860217,1.0103635374343385,0.686924737918281,454.86,236551008,633.76,394.5705161290322,1.016243024573739,0.5150872594714757,404.65,1020739968,573.85,347.87720430107527,1.0171314665381948,0.5143732967647641,4232.6,4185.47,3936.1302150537635,1.0073771655740529
9.69,19863906,35.49,8.652666666666667,1.0125094997709987,0.5898704063566986,445.75,316523008,633.76,399.8964731182795,1.0134981119255895,0.4965098913439605,401.29,1101549952,573.85,353.15202150537635,1.015162871090961,0.5559726823223021,4173.85,4232.6,3959.540064516129,1.0059474275959759
9.98,15117535,35.49,8.771290322580647,1.0137094910140203,0.6020672792870141,429.23,256594000,633.76,403.7726236559139,1.0096928850294908,0.4108495328957047,389.91,952190016,573.85,357.32165591397853,1.0118069107769179,0.49630833367203286,4155.86,4232.6,3980.3053118279568,1.0052443584288786
9.6,18443088,35.49,8.858172043010754,1.0099052382528533,0.8149412682378055,427.17,227860992,633.76,407.16658064516133,1.0084056144235765,0.3997487194137017,389.82,1000030016,573.85,361.1415053763441,1.010690226576374,0.5122205955965411,4204.11,4232.6,4002.6985806451607,1.0056260178712069
9.94,14243838,35.49,8.958666666666666,1.0113448489336132,0.9254446280676684,449.66,216715008,633.76,411.640817204301,1.0109887126592025,0.4759903928133815,415.85,931670016,573.85,366.26866666666666,1.0141970978522103,0.697217928281805,4229.89,4232.6,4024.7461505376345,1.005508176408557
10.52,24195530,35.49,9.087053763440862,1.0143310496473652,0.7672132360036718,450.87,227883008,633.76,415.78307526881724,1.0100627972042442,0.31248050411595885,413.47,844689984,573.85,370.8180430107527,1.0124208723216457,0.4395859611791064,4247.44,4232.6,4046.376623655914,1.0053743695401485
9.97,16578898,35.49,9.17105376344086,1.0092439202173478,0.634721531150714,435.21,336943008,633.76,418.5775268817205,1.00672093641882,0.22614051606760888,391.92,1127040000,573.85,373.6353333333334,1.0075975006493925,0.295386515516205,4166.45,4247.44,4061.3576559139788,1.0037023326426122
10.54,13141398,35.49,9.284150537634408,1.0123319279453353,0.5756851269533501,462.89,250440992,633.76,422.8743010752689,1.0102651812808923,0.18279171087441992,418.03,859089984,573.85,377.86901075268815,1.0113310413701633,0.26498265697031065,4280.7,4247.44,4082.4001720430106,1.0051811531787629
10.45,13082257,35.49,9.383763440860212,1.0107293502859536,0.42546573590284564,454.73,216323008,633.76,426.35445161290323,1.0082297517933465,0.13053687078850817,413.52,826560000,573.85,381.53636559139784,1.0097053601495518,0.18843483154645213,4352.34,4280.7,4106.683225806452,1.005948229654147
10.57,12931263,35.49,9.484903225806452,1.0107781686509532,0.24745043937176114,441.95,185408992,633.76,428.7606021505377,1.0056435450093977,-0.007904595781599077,399.42,699204736,573.85,384.0562365591398,1.0066045368017176,0.11093661598938742,4369.55,4352.34,4130.67182795699,1.0058413568399414
9.68,15178570,35.49,9.524,1.004122000326495,0.1644639049771064,414.02,229574000,633.76,429.16103225806444,1.000933924678523,-0.03955528509511175,368.6,828216704,573.85,384.38763440860214,1.000862888863442,0.09006927058435976,4327.16,4369.55,4150.40711827957,1.0047777434626999
9.98,19247168,35.49,9.579440860215053,1.0058211738991027,0.1317827766376547,413.86,254383008,633.76,429.37479569892474,1.0004980961103005,-0.013468596754770301,367.17,1000337664,573.85,384.4649032258065,1.000201017957623,0.08625325782852888,4411.8,4369.55,4174.274559139784,1.0057506264277294
9.5,17337688,35.49,9.600473118279568,1.0021955621806555,0.17794501609921065,420.72,208840992,633.76,429.83735483870976,1.0010772852631744,0.04019931090172424,372.99,806608384,573.85,384.746064516129,1.0007313054792868,0.13334754137367155,4395.26,4411.8,4195.550731182796,1.0050969747537153
9.2,13559563,35.49,9.59830107526882,0.9997737566696986,-0.04913632154331515,422.3,205816992,633.76,430.1862365591398,1.000811659844131,-0.11050203573365369,374.19,882087808,573.85,384.917870967742,1.0004465450525895,0.036364529694058234,4436.52,4411.8,4218.11423655914,1.0053779603256003
9.18,9742852,35.49,9.59243010752688,0.9993883326126259,-0.03889924106867393,417.66,191820992,633.76,430.08150537634407,0.9997565445523469,-0.142187588939106,371.14,692964096,573.85,384.7608387096775,0.9995920369774735,-0.03515997704058038,4468.0,4436.52,4241.392924731183,1.0055187429421142
8.9,17955820,35.49,9.567032258064517,0.9973523028911689,-0.056946706311643336,385.74,253996992,633.76,427.80090322580645,0.9946972791853907,-0.21025954422426185,343.95,885270016,573.85,382.74518279569895,0.9947612758077506,-0.07307164766531282,4441.67,4468.0,4261.46806451613,1.0047331478458152
9.72,18048208,35.49,9.592881720430109,1.0027019311389698,0.028206616366802217,407.88,197392992,633.76,426.89417204301077,0.997880483243587,-0.07082948984787252,369.21,754969984,573.85,382.3024086021505,0.9988431619431124,0.03106757021058293,4509.37,4468.0,4284.620193548388,1.0054328998086455
10.11,15915460,35.49,9.640408602150538,1.0049543904642555,0.07361891322387115,402.59,231316000,633.76,425.4955268817204,0.9967236723926289,-0.19025755885240647,363.88,839729984,573.85,381.35944086021505,0.9975334506905585,-0.0336416800128283,4535.43,4509.37,4307.743655913979,1.005396852304531
10.05,13709161,35.49,9.679612903225806,1.0040666638410454,-0.11545833302811781,395.94,153962000,633.76,423.59043010752686,0.9955226397133826,-0.1735285654566645,357.39,581830016,573.85,379.9057634408602,0.9961881698376842,-0.06623846395833333,4458.58,4535.43,4324.514215053764,1.0038931191081348
10.11,22531160,35.49,9.720559139784948,1.0042301522765953,0.07326120453320906,403.2,275003008,633.76,422.1123870967742,0.9965106789348913,-0.19613363577077836,369.23,1179379968,573.85,379.1677849462365,0.9980574695999879,-0.06519294485952187,4432.99,4535.43,4338.507462365591,1.0032357963498226
10.24,12481066,35.49,9.765419354838707,1.004614982986951,0.04648231688959692,420.2,260656992,633.76,421.70184946236554,0.9990274210211354,-0.20135921258302014,386.57,956280000,573.85,379.49690322580653,1.000868001693806,-0.09582533181473685,4455.48,4535.43,4352.819892473119,1.0032989294663386
10.71,19863416,35.49,9.837548387096774,1.0073861684416376,0.05455778500459996,442.02,323055008,633.76,422.6676129032258,1.0022901569962084,-0.24465476527316066,408.94,1223760000,573.85,381.2125161290323,1.0045207560025988,-0.10280500337403353,4357.05,4535.43,4359.396344086021,1.0015108485476907
10.97,19893324,35.49,9.923763440860215,1.0087638759547575,0.1373911572314026,455.34,302150016,633.76,424.5103655913979,1.0043598152115667,-0.1576993987675348,429.46,1280649984,573.85,384.22533333333325,1.0079032483898855,-0.042160826945072394,4391.36,4535.43,4367.078580645161,1.0017622248478422
11.35,17153128,35.49,10.030301075268817,1.0107356080224508,0.1864832245431136,458.06,221190000,633.76,426.53488172043006,1.004769061707626,-0.1155948766309216,434.44,923900032,573.85,387.49784946236565,1.008517179491112,0.031146251417721205,4471.37,4535.43,4378.959268817204,1.0027205116538773
11.45,22583264,35.49,10.137978494623656,1.010735213085511,0.1931947158793781,467.52,215470000,633.76,429.0896559139785,1.0059896020303047,-0.11135894993920714,439.56,932460032,573.85,390.96234408602146,1.008940680905617,0.009652590160898145,4544.9,4535.43,4394.383247311828,1.0035222932089045
10.64,18303360,35.49,10.188602150537633,1.0049934664924396,0.02804162773798402,475.35,232780000,633.76,432.0742365591397,1.0069556108007403,-0.08016784966842128,436.19,850320000,573.85,394.083870967742,1.0079842136434338,0.0030911310067187614,4605.38,4544.9,4412.482580645161,1.0041187425662985
10.78,10791197,35.49,10.244989247311828,1.005534331004496,0.1382953969607128,477.81,214410000,633.76,435.115505376344,1.0070387645452403,-0.04318213102462454,442.0,896289984,573.85,397.45877419354844,1.008563921221944,0.07537220831878533,4697.53,4605.38,4435.267913978494,1.0051638353051586
10.61,9757056,35.49,10.285569892473118,1.0039610236947722,0.1209850767237477,471.23,196950000,633.76,437.5970752688171,1.0057032439934006,-0.036103886683795716,434.6,720120000,573.85,400.1892688172043,1.0068698813586292,0.07123052361953586,4682.85,4697.53,4455.883075268817,1.004648008122655
10.16,10189675,35.49,10.293010752688172,1.00072342712099,-0.03628493655422349,452.68,221040000,633.76,438.76720430107525,1.0026739873239312,-0.039588676556413516,411.91,831660032,573.85,401.30662365591394,1.002792065969215,0.02434502257057236,4697.96,4697.53,4476.403440860216,1.0046052298152282
10.25,8056522,35.49,10.303720430107528,1.001040480543223,-0.047390231679034,459.94,193404992,633.76,440.31703225806456,1.0035322329057343,-0.024941564987743803,418.74,720019968,573.85,402.7502795698925,1.0035973887020024,0.02797303005609808,4594.62,4697.96,4489.143182795699,1.0028459771563922
9.58,21880014,35.49,10.267741935483869,0.9965082035301996,-0.1808637772950259,457.94,291563008,633.76,441.65427956989254,1.0030370101855253,-0.1210715267014828,415.28,1205639936,573.85,403.8693333333334,1.0027785300723713,-0.0459862081262139,4538.43,4697.96,4497.368623655913,1.0018322963927142
9.55,20713604,35.49,10.229182795698923,0.9962446329458583,-0.1788451073849734,474.27,191824000,633.76,444.0384516129033,1.005398276781859,-0.10634761760953615,430.61,786200000,573.85,405.9545591397849,1.0051631199359485,-0.05587414259365864,4712.02,4697.96,4516.135720430108,1.0041729060578848
9.57,25643212,35.49,10.19221505376344,0.996386051293264,-0.17826649170879472,452.32,265888000,633.76,444.9451612903226,1.0020419620736127,-0.12464508020020193,408.68,1041520000,573.85,406.5618924731183,1.0014960623539253,-0.06369794691972919,4620.64,4712.02,4527.849978494624,1.002593867587177
9.6,10416823,35.49,10.15806451612903,0.9966493507589599,-0.18731048805815176,461.7,157516000,633.76,446.407376344086,1.003286281503822,-0.07925160403789211,418.37,601980032,573.85,407.75402150537633,1.002932220294938,-0.05084678533208442,4725.78,4712.02,4545.347935483872,1.0038645178334873
9.68,8781950,35.49,10.129075268817202,0.9971461839737482,-0.18988215468652936,464.11,143091008,633.76,447.950817204301,1.0034574716772273,-0.13527419972790855,422.74,544929984,573.85,409.1666881720431,1.0034645070119759,-0.1102173287310515,4766.18,4725.78,4564.33047311828,1.0041762562302916
10.21,14374485,35.49,10.134838709677421,1.000568999707008,-0.20454596764728472,510.53,313438016,633.76,452.4580215053763,1.0100618285043101,0.04385539914449277,467.58,1073810048,573.85,413.457440860215,1.0104865640635137,0.029729451272354268,4677.02,4766.18,4576.407440860215,1.002645945076296
10.68,15613862,35.49,10.171591397849461,1.0036263712945868,-0.06517517104067694,530.76,266827008,633.76,458.14208602150535,1.012562633981419,0.12368506610240293,491.98,1031980032,573.85,419.2060215053763,1.0139036816780977,0.13616501015799276,4662.85,4766.18,4586.646387096775,1.0022373327482037
9.93,12991680,35.49,10.158430107526883,0.9987060736311762,-0.19463045024652925,526.91,244731008,633.76,463.3722795698925,1.0114160949364115,0.0873593746158885,476.81,889699968,573.85,423.7607096774193,1.0108650351817157,0.11322620985997989,4397.93,4766.18,4578.7261935483875,0.9982732059810261
9.59,23233258,35.49,10.124645161290323,0.9966741961229297,-0.1932631645860895,548.42,390735008,633.76,469.85253763440863,1.0139849929532496,0.15734280136232948,500.72,1344579968,573.85,429.7315698924731,1.0140901694722926,0.1926041753735659,4431.85,4766.18,4572.742279569893,0.9986931050852252
10.37,19272672,35.49,10.143032258064517,1.0018160732036807,-0.06951603338712387,583.82,349536992,633.76,478.4151827956989,1.0182241117700483,0.3015734272554558,525.45,1125289984,573.85,437.11038709677416,1.0171707589604073,0.2855546068111541,4500.54,4766.18,4571.018989247312,0.9996231385419903
10.22,14995251,35.16,10.152172043010752,1.0009010900008692,-0.0074717860054371865,586.1,334374016,633.76,486.8198279569893,1.0175676806747154,0.43078885332103745,534.65,1051340032,573.85,444.81172043010747,1.0176187378764538,0.42934744737421626,4418.64,4766.18,4563.730129032258,0.9984054189597114
9.66,21992120,34.96,10.124021505376344,0.9972271413924877,-0.12371970704381585,562.94,279230016,633.76,493.36021505376345,1.0134349233970643,0.3940634151052399,514.82,990190016,573.85,450.8766021505377,1.0136347165370683,0.4163938228543742,4348.87,4766.18,4551.743247311828,0.9973734464173997
9.61,21415908,34.96,10.093333333333334,0.9969687764860324,-0.05149768953634104,576.31,317609984,633.76,500.4425806451613,1.0143553642456273,0.38029971946352303,521.54,1012689984,573.85,457.0575053763441,1.013708636013325,0.40068883975064207,4384.62,4766.18,4542.198150537634,0.9979029799671081
10.21,22066176,34.96,10.101118279569892,1.0007712958622745,0.07990400749978344,646.37,640689984,633.76,511.71034408602156,1.0225155969468747,0.5310052386739161,569.81,1665910016,573.85,466.0331397849462,1.0196378667958017,0.5470470572553673,4328.87,4766.18,4529.079161290323,0.997111753205712
10.2,18663128,34.48,10.106086021505378,1.0004918011845811,0.0631900787961226,672.46,894840000,646.37,524.1794623655915,1.0243675321862826,0.6285194518617657,580.55,2098160000,573.85,475.2809892473118,1.0198437593228522,0.6232519781414363,4204.31,4766.18,4508.155548387097,0.9953801618037373
10.29,27067350,34.02,10.114666666666665,1.000849057206027,0.10437755545091232,630.99,555020032,672.46,533.4251397849462,1.0176383816672814,0.6333052485504869,559.78,1632099968,580.55,482.7384946236559,1.0156907293686506,0.6226814872219308,4463.09,4766.18,4504.4944946236565,0.9991879042938635
11.49,18996712,34.02,10.19767741935484,1.0082069686944544,0.15733403041476346,671.36,370910016,672.46,544.7479139784946,1.0212265477366014,0.6364755533068964,601.34,1137689984,580.55,492.4131397849463,1.020041171916138,0.621254107264942,4543.04,4766.18,4505.945440860215,1.0003221107803084
10.9,14839013,34.02,10.238817204301075,1.0040342308600734,0.05248648611153395,653.97,303460000,672.46,554.3821290322581,1.0176856391856581,0.610673228537427,586.89,970540032,601.34,500.65632258064517,1.0167403794287435,0.6105672074949837,4545.86,4766.18,4507.505913978494,1.0003463142505298
10.9,13982383,34.02,10.27825806451613,1.0038520914504154,0.08716495332186347,681.24,299660000,672.46,565.2350967741936,1.0195766911911115,0.6578329683232713,605.71,905900032,601.34,509.6341075268817,1.0179320314980949,0.688153874198177,4488.28,4766.18,4505.329118279569,0.99951707313524
11.28,10270596,34.02,10.340387096774196,1.0060447044497312,0.10589992505759582,685.97,217175008,681.24,575.7796774193548,1.0186552121503765,0.6558038604121113,607.63,694819968,605.71,518.2017419354838,1.0168113442214035,0.654781499544626,4392.59,4766.18,4496.914903225807,0.9981323861514084
10.56,13809657,34.02,10.353548387096774,1.0012728044123884,0.013509651060451766,654.77,58174508,685.97,583.703247311828,1.0137614615506867,0.48356472395919736,579.9,1000800000,607.63,524.4676559139784,1.012091649779276,0.5413465340105876,4271.78,4766.18,4480.793376344086,0.9964149806637086
10.27,25841676,22.28,10.34731182795699,0.9993976404120971,-0.08367607725963166,646.5,345264992,685.97,590.588817204301,1.0117963535823786,0.42562709724971204,572.41,1127609984,607.63,529.8345806451613,1.0102330900116805,0.4514087796373287,4131.93,4766.18,4456.044322580645,0.9944766357908621
10.19,19721506,22.28,10.355526881720431,0.9990622095339265,-0.1514966141793701,687.24,385713984,703.75,609.2681935483871,1.0142160799038846,0.5665322142497515,612.25,1187629952,607.63,537.4202795698925,1.0143171080217044,0.48666101618188695,4023.89,4766.18,4400.566344086023,0.9930811775972718
10.22,15617072,22.28,10.350236559139786,0.9994891305250742,-0.1681080389667079,698.03,333207008,703.75,618.0114623655915,1.014350443548158,0.6042788748195055,618.93,1017340032,612.25,545.0438494623655,1.014185489796876,0.5247383436370999,3901.36,4766.18,4362.964645161291,0.9914552591678875
10.94,15929205,22.28,10.39404301075269,1.0042324106664229,-0.0015833071344641958,744.5,288247008,703.75,629.2570752688172,1.0181964471341363,0.6285575065992883,669.03,961569984,618.93,555.5029247311828,1.0191894198588503,0.663640846765888,4158.24,4766.18,4343.319806451613,0.9954973646803522
11.06,13751565,22.02,10.44494623655914,1.004897346081192,0.017452944819249083,748.62,269881984,744.5,640.1896774193548,1.0173738247533683,0.6573928021803621,676.93,989030016,669.03,565.9781935483871,1.0188572703235963,0.6490062435000725,4108.54,4766.18,4321.430107526882,0.9949601457179793
10.75,11229654,22.02,10.475247311827957,1.0029010274043113,0.00315062857296744,744.86,317750016,748.62,650.2973118279568,1.0157884995105615,0.7269161305199102,670.72,946700032,676.93,575.5350967741934,1.016885638589518,0.642848977347901,3900.86,4766.18,4287.408344086021,0.9921271980352978
9.1,26038520,22.02,10.398795698924733,0.9927016889790373,-0.07092066578133271,635.81,469950016,748.62,652.7810107526882,1.0038193282973134,0.5964590730729381,555.65,1643440000,676.93,577.1762580645161,1.002851539896561,0.4455221710324737,3674.84,4766.18,4240.486344086022,0.9890558593363931
9.31,23828016,22.02,10.33817204301075,0.9941701272273047,-0.0448243012027818,633.85,331740000,748.62,654.7444301075269,1.0030077764556522,0.5000812882539755,547.02,1236310016,676.93,578.000322580645,1.0014277519295274,0.5457881775665576,3911.74,4766.18,4211.0484731182805,0.993057902188791
