5.43,48898,9.43,5.535892473118279,0.997945330278466,-0.16273221533137805,79.78,79868632,96.47,76.11389247311828,1.0048671934467355,0.025112249494049,340.33,445836928,401.59,335.9429032258064,0.9997802848782874,-0.05544755658769618,2800.71,2929.67,2707.9683440860217,1.0015602066399665
5.23,166378,9.43,5.51258064516129,0.9957889666263952,-0.243320619603418,81.74,82677584,96.47,76.5934193548387,1.0063001229623065,0.08563113626914842,347.27,445836928,401.59,336.38148387096777,1.0013055213875632,-0.042340924697321536,2834.4,2929.67,2714.519397849463,1.002419176641318
4.95,86518,9.43,5.47258064516129,0.9927438703259407,-0.38060210816265316,83.45,46180844,96.47,77.1587741935484,1.007381245588352,0.12173379095059111,362.03,445836928,401.59,337.8246451612903,1.004290251870332,-0.02757671075061141,2892.74,2929.67,2724.9786666666664,1.0038530831002679
4.9,74464,9.43,5.431440860215054,0.9924825621377346,-0.40576939657495126,82.93,40558292,96.47,77.65802150537635,1.0064703893633098,0.10423485884428985,363.77,445836928,401.59,339.39615053763447,1.0046518375697364,-0.02193388161694987,2907.41,2929.67,2736.3390967741934,1.0041689978150998
4.91,40638,9.43,5.393118279569893,0.9929443067444825,-0.3216389818586568,78.02,125730824,96.47,77.81006451612902,1.0019578532623592,0.022216956000595367,362.0,445836928,401.59,340.8703225806451,1.004343514328832,-0.03935885669728567,2905.03,2929.67,2747.540752688172,1.0040936651189114
4.9,81908,9.43,5.354989247311828,0.9929300582183586,-0.32703808001485146,74.79,60783432,96.47,77.7395053763441,0.9990931874915707,-0.021127013275667572,357.37,445836928,401.59,342.08483870967746,1.0035629858294426,-0.024723172969900453,2939.88,2929.67,2761.043784946237,1.0049145885260677
4.87,17662,9.43,5.31668817204301,0.9928475906299822,-0.3222294412958847,71.25,48572768,96.47,77.4282795698925,0.9959965553556723,-0.12190612021892733,354.79,445836928,401.59,343.14526881720434,1.0030999038470303,-0.03878128361414146,2945.64,2939.88,2774.8627311827954,1.0050049717834617
5.36,79348,9.43,5.312129032258065,0.9991424850137124,-0.27407188422704976,71.36,43954292,96.47,77.12058064516131,0.9960260136678688,-0.18580842584784463,344.74,445836928,401.59,343.5712688172043,1.0012414567202643,-0.0197225667254306,2881.4,2945.64,2784.407978494624,1.0034398989198863
5.7,112124,9.43,5.330387096774194,1.0034370521508902,-0.2398598820058997,73.12,40976064,96.47,76.92864516129032,0.9975112287502852,-0.14503052683679685,342.01,445836928,401.59,343.8054838709677,1.0006817073341716,-0.005845454217741519,2859.53,2945.64,2792.2965161290326,1.002833111273684
5.71,178522,9.43,5.350107526881722,1.0036996243892797,-0.12091783910050946,75.31,37686488,96.47,76.87713978494625,0.9993304785722396,-0.06515717646883701,336.33,445836928,401.59,343.65369892473126,0.9995585150518035,-0.005443565837346176,2826.06,2945.64,2797.828387096774,1.001981118744298
5.54,161484,9.43,5.358795698924731,1.0016239247527934,-0.3244263285024154,77.85,38869612,96.47,76.9747311827957,1.0012694462635114,-0.07191309328315532,329.32,445836928,401.59,343.0103225806452,0.9981278352419918,-0.03508915923614642,2752.06,2945.64,2798.2261290322585,1.0001421609478691
5.71,84756,9.43,5.378924731182797,1.0037562604340569,-0.2222132996670646,83.84,59079948,96.47,77.44808602150538,1.0061494834919993,0.04327146235260604,359.2,445836928,401.59,344.3124301075269,1.0037961176126866,0.011411010684000189,2873.34,2945.64,2806.386021505376,1.0029160947317504
5.45,44394,9.43,5.3825161290322585,1.0006676795138332,-0.08093128377255698,84.47,53427860,96.47,77.9356129032258,1.0062948861200398,0.011450509447919588,360.98,445836928,401.59,345.6963870967742,1.0040194801820401,-0.009214511885914156,2886.98,2945.64,2815.2273548387097,1.0031504337840849
5.4,46628,9.43,5.3831612903225805,1.000119862397967,-0.048948830601411863,88.11,69493944,96.47,78.63606451612904,1.0089875679013778,0.06378374979595391,361.81,533840000,401.59,347.09984946236557,1.0040598120720263,-0.034599256120983135,2950.46,2945.64,2827.840064516129,1.0044801744540246
5.73,166822,9.43,5.405462365591398,1.004142746996808,0.0748976872561149,90.54,55524612,96.47,79.45959139784947,1.0104726360199716,0.16691923610453685,367.14,479809984,401.59,348.7854623655914,1.0048562766761113,0.010520268806237576,2941.76,2950.46,2839.2078279569896,1.0040199456763852
5.63,30240,9.43,5.420430107526882,1.0027690030793224,0.11953330950503827,90.78,29225738,96.47,80.25866666666668,1.0100563727394003,0.09689719794813167,369.06,295350016,401.59,350.53896774193544,1.0050274611919061,0.00554997060698903,2990.41,2950.46,2853.323784946237,1.0049717941921161
5.19,43344,9.43,5.406473118279569,0.9974251140646695,0.07269426945109603,93.54,29053362,96.47,81.20172043010753,1.0117501797950066,0.12426511533061979,366.04,376710016,401.59,351.99939784946235,1.004166241821657,-0.01478893496606326,3013.77,2990.41,2868.1783870967743,1.0052060695771394
5.31,9930,9.43,5.4009462365591405,0.9989777288077616,0.1712799961937057,94.5,36167364,96.47,82.16554838709678,1.011869550939119,0.06027077090242239,366.59,374460000,401.59,353.39599999999996,1.0039676265330855,-0.02848818623627758,2976.61,3013.77,2879.745634408602,1.004032959513211
5.32,23384,9.43,5.395032258064515,0.9989050106711684,0.09103256491792477,90.62,46455552,96.47,82.83937634408603,1.0082008575396435,-0.02788621570569738,370.11,356350016,401.59,354.8865376344085,1.0042177546842876,-0.038968400685879256,3025.86,3013.77,2893.2860215053765,1.0047019385792229
5.99,131170,9.43,5.431892473118279,1.0068322510951933,0.29714723661228915,89.68,43392840,96.47,83.42498924731183,1.0070692577500024,-0.07652902605977707,359.06,432320000,401.59,355.54372043010744,1.0018518110043835,-0.04067638644999483,2932.05,3025.86,2899.612602150538,1.002186641969766
6.16,121730,9.43,5.478516129032259,1.0085833171670304,0.36141345950556614,95.74,52862688,96.47,84.37643010752689,1.0114047465729308,0.015208644994286535,361.64,482289984,401.59,356.2862580645161,1.0020884566137476,-0.019728158309339605,2918.65,3025.86,2904.214215053764,1.0015869750668807
6.15,27058,9.43,5.5222365591397855,1.007980341588453,0.18626508708590772,94.19,42896780,96.47,85.19135483870967,1.0096582034834167,0.11217614686248978,354.34,403300000,401.59,356.48427956989246,1.000555793272668,-0.02388365797076597,2888.68,3025.86,2906.1889677419354,1.0006799610985773
6.24,163408,9.43,5.570989247311828,1.008828431677986,0.2484693685267222,96.32,35865824,96.47,86.09802150537635,1.0106427074482294,0.11672051215594048,343.54,354990016,401.59,355.94393548387103,0.9984842414743411,-0.03587930744982959,2847.11,3025.86,2905.0130322580644,0.9995953685404069
6.23,33750,9.43,5.618193548387097,1.008473235000058,0.29601871040104477,98.09,38752780,96.47,87.07421505376342,1.0113381647024968,0.11955080711107513,354.28,360720000,401.59,356.07320430107524,1.0003631718490398,-0.025251398459082086,2926.46,3025.86,2908.564301075269,1.0012224622670434
6.14,14062,9.43,5.658430107526881,1.0071618321428841,0.20744792148501434,95.17,32473148,98.09,87.81776344086022,1.0085392488079012,0.08150124248950208,357.38,287340000,401.59,356.362064516129,1.0008112382834895,-0.018029437021764183,2978.71,3025.86,2915.0135698924737,1.0022173375416938
5.51,140286,9.43,5.657247311827958,0.9997909675163524,0.12477024585149044,93.72,44845008,98.09,88.42978494623655,1.006969222186904,0.12689344888833398,369.31,475280000,401.59,357.3623655913978,1.0028069796840666,-0.001789945550990213,3007.39,3025.86,2922.730731182796,1.0026473843449746
5.29,57438,9.43,5.642021505376344,0.9973086192608585,0.08934992260983443,97.07,41678736,98.09,89.22098924731182,1.0089472602648113,0.054413021551288576,366.12,453420000,401.59,358.09686021505377,1.0020553216969013,-0.022857514545446156,2992.07,3025.86,2928.961032258065,1.0021316712514081
5.27,52410,9.43,5.626064516129033,0.9971717602933443,0.07842906546939465,93.99,38031840,98.09,89.78275268817204,1.0062963148649144,0.07731606178054484,362.03,363849984,401.59,358.5310322580645,1.001212443032173,-0.0024452847420568524,2961.79,3025.86,2932.808967741935,1.0013137544137634
5.66,72830,9.43,5.635827956989247,1.0017353944008682,0.14052752632384558,94.32,35860512,98.09,90.3305376344086,1.0061012269042262,0.07926901368034,352.92,395649984,401.59,358.3376129032259,0.9994605226955657,-0.04303195724505304,2952.01,3025.86,2935.6859354838707,1.0009809598148327
5.67,111056,9.43,5.645978494623656,1.001801073012142,0.11271904566022228,92.2,32242912,98.09,90.70602150537636,1.004156776664913,0.09334585027252174,359.46,461860000,401.59,358.5417849462365,1.0005697756407885,-0.017497782725766964,2970.27,3025.86,2939.291634408602,1.001228230472868
4.93,79390,9.43,5.608021505376344,0.9932771636867805,-0.014559027245262257,93.49,27627726,98.09,91.13227956989248,1.0046993359144394,0.05994624847426566,360.6,323000000,401.59,358.7934623655914,1.0007019472483316,-0.0066697956485481935,2986.2,3025.86,2943.607247311829,1.0014682493062976
4.83,82760,9.43,5.56468817204301,0.9922729730455222,-0.04646682806030178,94.71,27452884,98.09,91.60776344086021,1.00521751319304,0.0698433928344826,365.33,416040000,401.59,359.30670967741935,1.0014304812257282,-0.014375247876137642,3022.55,3025.86,2949.86911827957,1.0021272780101556
4.87,27104,9.43,5.5247956989247315,0.9928311395203241,-0.0012337674304833124,94.54,28927852,98.09,92.04438709677417,1.0047662298424722,0.06202363452327142,370.03,429230016,401.59,360.0843440860214,1.0021642635321233,-0.03811173546767743,3066.91,3025.86,2958.588301075269,1.002955786323423
4.56,70922,9.43,5.4650752688172055,0.9891904726686728,0.014267950894090498,88.65,46091208,98.09,92.07716129032259,1.0003560694419527,0.04053447610051397,377.42,491300000,401.59,361.32154838709675,1.003435873626263,-0.026337252125637534,3093.08,3066.91,2968.621311827956,1.0033911479840032
4.48,68270,9.43,5.400924731182796,0.9882617284339263,-0.04818691142685516,90.84,23475140,98.09,92.23892473118278,1.0017568248042545,0.08130947351012896,378.32,335560000,401.59,362.58746236559136,1.003503566239394,-0.029074708921236203,3120.46,3093.08,2980.0214838709676,1.003840224415822
4.5,74538,9.43,5.338989247311827,0.9885324297312684,-0.06398753432771531,92.06,25122188,98.09,92.45182795698925,1.0023081711590518,0.17530530663362898,371.93,374980000,401.59,363.4060215053764,1.0022575494873556,-0.017222862918367055,3110.29,3120.46,2990.30223655914,1.0034498921379646
4.16,87150,9.43,5.2559784946236565,0.9844519723035655,-0.16219758126264638,92.7,25071506,98.09,92.6688817204301,1.002347749830775,0.24122243199678084,375.24,319849984,401.59,364.4068172043011,1.0027539326254942,-0.008675229871243362,3140.98,3120.46,3002.1965161290314,1.0039776178556379
4.02,108214,9.43,5.165462365591397,0.9827784437997894,-0.10804916732751801,94.85,40166920,98.09,92.97851612903226,1.003341298641504,0.26452411731873293,375.29,410060000,401.59,365.36686021505375,1.0026345363627334,-0.003181616577893287,3145.91,3140.98,3013.9887741935486,1.0039278768065862
3.96,27116,9.43,5.0739569892473115,0.982285152834792,-0.12064054593106643,98.08,35391388,98.09,93.44602150537635,1.005028101069018,0.3178574027913912,377.56,422689984,401.59,366.4076559139785,1.0028486319156371,-0.004209808105170243,3168.8,3145.91,3026.6889677419354,1.0042137494529273
3.62,188420,9.43,4.964258064516129,0.9783800050012929,-0.24223030617014196,97.2,39343336,98.09,93.80307526881721,1.003820962708619,0.2427357348802628,382.07,550460032,401.59,367.66296774193546,1.0034259978133526,-0.0038297963678874947,3221.22,3168.8,3042.106,1.0050936955935603
3.58,99346,9.43,4.85647311827957,0.9782878035678702,-0.17476087975910015,101.7,24217992,98.09,94.40337634408603,1.0063995884308536,0.24402498893136015,384.5,181020000,401.59,368.97668817204294,1.0035731649509765,-0.009749789815254761,3240.02,3221.22,3057.8861290322575,1.0051872383908573
3.62,90874,9.43,4.755483870967741,0.9792052288044776,-0.2316423486083916,101.74,29229140,101.7,94.95496774193549,1.005842920234537,0.17852052472736468,374.88,281289984,401.59,369.5510967741935,1.0015567612279146,-0.08216269208166249,3234.85,3240.02,3072.2833333333333,1.004708221200386
3.84,202170,9.43,4.673182795698924,0.9826934382489938,-0.1845649848388634,99.66,45247356,101.74,95.33387096774193,1.00399034652759,0.14731908437374908,373.89,404449984,401.59,370.02791397849467,1.0012902605579128,-0.09529707750958893,3265.35,3240.02,3087.870838709677,1.005073589797928
3.77,62340,9.43,4.5898279569892475,0.9821631546734285,-0.26690418465298726,101.85,34521880,101.74,95.82139784946237,1.0051138894998337,0.10733062210769395,383.98,415889984,401.59,371.127935483871,1.0029728068175967,-0.06723351993481907,3329.62,3265.35,3106.7910967741936,1.0061272828601933
3.61,37770,9.43,4.4996559139784935,0.9803539383489434,-0.39524418639070946,103.75,24950144,101.85,96.40195698924732,1.006058762998814,0.057007624444781024,375.28,384900000,401.59,371.61898924731184,1.001323138779086,-0.098066166105504,3295.47,3329.62,3122.692731182796,1.005118346845114
3.5,55622,9.43,4.406946236559141,0.9793962740281221,-0.5058345856960282,105.31,33613900,103.75,97.05475268817206,1.0067716021470139,0.11653804892281405,361.99,607840000,401.59,371.2351182795699,0.9989670308061506,-0.0977781028485446,3225.52,3329.62,3133.320795698925,1.0034034935330007
3.88,54256,9.43,4.343333333333333,0.9855653098968877,-0.372423597857124,101.8,38426352,105.31,97.44984946236558,1.0040708647773584,0.024870992281652127,377.27,526510016,401.59,371.8522580645161,1.0016623960249402,-0.07348882596390682,3327.71,3329.62,3150.0361505376345,1.0053347090606408
3.83,32136,9.43,4.279311827956989,0.9852598222464289,-0.4497942426082596,101.47,28232176,105.31,97.80589247311828,1.0036536024705733,-0.06697339019647619,380.03,399000000,401.59,372.62331182795697,1.0020735486923065,-0.09891147834311087,3380.16,3329.62,3169.4602365591404,1.0061663057480121
3.93,70866,9.43,4.224924731182796,0.9872906908959335,-0.4185815662752388,112.85,38596872,105.31,98.88113978494624,1.0109936864194915,0.11293598535428995,378.91,337100000,401.59,373.29320430107526,1.0017977739230324,-0.07929811328260628,3337.75,3380.16,3185.2803440860216,1.0049914200987282
4.05,135980,9.43,4.181268817204302,0.9896670552125382,-0.6852867693470002,101.55,72182144,112.85,99.17954838709677,1.0030178515619816,0.1594904553701919,330.67,739129984,401.59,370.8319139784947,0.9934065493445323,-0.08662882790726001,2954.22,3380.16,3175.6858494623652,0.9969878649326832
3.95,48010,9.43,4.1353333333333335,0.9890139845393433,-0.5954202900924214,117.8,66792532,112.85,100.50081720430109,1.0133219886427332,0.22898821739953568,335.02,661560000,401.59,368.7123225806452,0.9942842260389368,-0.09201488382688594,2972.37,3380.16,3167.2146451612903,0.9973324803829355
3.9,161260,9.43,4.090924731182795,0.9892611795541179,-0.5019052499657513,87.77,76016104,117.8,99.8372258064516,0.9933971542091989,0.018798240134035638,290.78,879489984,401.59,363.79578494623655,0.9866656541338313,-0.11787360142844439,2711.02,3380.16,3141.766623655914,0.9919651730758904
3.54,330756,9.43,4.0281290322580645,0.9846499989486301,-0.5728980773110288,89.8,71616240,117.8,99.31840860215053,0.9948033691830853,0.22711078400628526,254.16,860099968,401.59,356.6533548387096,0.9803669245134808,-0.06973827455212611,2304.92,3380.16,3090.5006666666673,0.9836824426730999
5.38,497374,9.43,4.089849462365592,1.0153223567599892,-0.33342612590656595,103.97,58488872,117.8,99.72780645161289,1.0041220741977686,0.2604481658075444,278.3,729209984,401.59,351.26055913978496,0.9848794477164993,-0.08290828866556599,2541.47,3380.16,3055.6620000000003,0.9887271771067945
5.64,278914,9.43,4.170172043010752,1.0196394956304091,-0.22668931207727883,105.98,48837804,117.8,100.25423655913978,1.0052786692724693,0.37382453209016175,267.86,605809984,401.59,345.3576129032259,0.9831949642993936,-0.08596879165477844,2488.65,3380.16,3018.2435268817203,0.9877543808450411
5.84,245100,9.43,4.26447311827957,1.0226132337697835,-0.032767332578935715,127.48,40914784,117.8,102.14451612903224,1.0188548597522598,0.4334787779338579,323.19,518009984,401.59,343.2168602150538,0.9938013450169059,-0.05253641265720155,2789.82,3380.16,3001.3092688172046,0.9943893665591619
5.85,476522,9.43,4.3587096774193546,1.0220980544433125,0.08163571903140965,131.64,52535208,127.48,104.2305806451613,1.0204226775473082,0.47313499521652824,316.31,487500000,401.59,340.7314193548387,0.9927583952062908,-0.096774476396989,2874.56,3380.16,2990.31,0.9963351764739862
6.22,121136,9.43,4.475612903225806,1.0268206039076377,0.2808231160554745,141.9,43519928,131.64,106.90423655913979,1.0256513577630406,0.6665478403081879,313.51,435590016,401.59,338.17245161290316,0.9924897805233787,-0.09180095309846281,2836.74,3380.16,2977.123440860215,0.9955902367514455
6.57,256974,9.43,4.613053763440861,1.030708835457149,0.3055556999310216,137.85,35759072,141.9,109.21356989247312,1.0216018878920274,0.6267196314831192,319.47,479409984,401.59,336.10234408602156,0.9938785447572436,-0.053690040129309,2830.71,3380.16,2963.816774193548,0.9955303611250926
6.71,589378,9.43,4.757569892473119,1.031327648981152,0.41760247476786005,146.4,39618504,141.9,111.98090322580646,1.0253387315885556,0.7357961194018644,330.32,415420000,401.59,334.80417204301074,0.99613756920815,-0.06744101952199077,2929.8,3380.16,2957.1638709677422,0.9977552919992444
7.21,299862,9.43,4.932107526881721,1.036686299592726,0.69935537897538,152.52,37626312,146.4,115.02651612903226,1.0271976097306914,0.8551514932960783,320.14,445880000,401.59,332.91189247311826,0.9943481003885178,-0.07117985105305824,2863.7,3380.16,2946.333483870968,0.9963375762827679
7.47,143478,9.43,5.118516129032258,1.0377949185281434,0.8011824412703396,143.57,37757720,152.52,117.3677634408602,1.0203539791573069,0.6871215275291198,332.86,446380000,401.59,331.92726881720426,0.9970423896587188,-0.06667874997828271,2955.45,3380.16,2941.685892473118,0.998422584740223
7.44,204600,9.43,5.297311827956989,1.034931158643928,0.8478082960474612,134.11,60921788,152.52,118.99361290322581,1.0138526066672886,0.5350382317727888,348.38,475769984,401.59,332.0137634408602,1.0002605830607536,-0.051139789054417184,3044.31,3380.16,2942.9155053763443,1.0004179959887534
7.56,212242,9.43,5.4783225806451625,1.0341703034608751,1.004244780817479,125.25,53481360,152.52,119.96275268817205,1.0081444689450216,0.4308382424870989,375.02,567649984,401.59,333.86552688172037,1.0055773695092312,-0.03896400441902759,3193.93,3380.16,2953.846623655914,1.0037143840044336
7.52,280076,9.43,5.650301075268817,1.031392546183982,1.0336030362939639,126.25,60643568,152.52,120.91769892473117,1.0079603561535586,0.46666148772752314,345.02,529870016,401.59,333.7869677419355,0.9997646982588511,-0.0626558731431347,3041.31,3380.16,2954.71440860215,1.000293781315281
7.97,476436,9.43,5.844774193548386,1.0344181868698594,1.1028217036912689,128.27,64319808,152.52,121.92681720430107,1.0083454968837777,0.4659920012975861,351.93,519009984,401.59,334.2258279569892,1.0013147913413833,-0.04973856601926929,3097.74,3380.16,2959.393053763441,1.001583450890438
7.92,1455276,9.43,6.028559139784947,1.0314443193441805,1.266148452884145,133.35,61711916,152.52,123.18580645161292,1.010325778005033,0.5600564344395857,343.27,529300000,401.59,334.1489892473118,0.9997700994260466,-0.043195991689189084,3009.05,3380.16,2958.376752688172,0.9996565846250208
8.37,263896,9.43,6.233290322580644,1.0339602180303071,1.340499903440285,137.04,36720088,152.52,124.59544086021505,1.0114431560681127,0.5145329788804006,362.11,353529984,401.59,335.35638709677414,1.003613351793109,-0.030065326119796176,3130.01,3380.16,2965.448043010753,1.002390260238543
8.74,257834,9.43,6.452537634408602,1.035173608236041,1.3664715136771983,139.86,45721356,152.52,126.09627956989249,1.012045695246275,0.4880822842554432,364.88,460460000,401.59,336.77083870967743,1.0042177565936596,-0.03870903455101049,3185.04,3380.16,2976.103849462366,1.0035933209070136
9.55,335844,9.43,6.713763440860215,1.0404841972650587,1.8289472350347205,142.24,36016348,152.52,127.66081720430111,1.0124074845010906,0.5495944284250247,384.72,414500000,401.59,339.4925591397849,1.0080818174178487,0.00584625253477733,3224.73,3380.16,2989.2853763440853,1.004429121948853
10.16,412396,9.55,7.001591397849462,1.0428713283577309,1.9780955748141174,150.65,40699468,152.52,129.67107526881722,1.0157468682132826,0.5781349651795845,386.76,355760000,401.59,342.3401935483871,1.0083879140556649,0.013405494639299076,3215.63,3380.16,3001.8722580645153,1.0042106658066297
10.59,219812,10.16,7.303010752688171,1.0430501207098846,2.0899353794080175,155.97,44718332,152.52,131.91929032258062,1.0173378299601719,0.5925919947485822,379.77,409320000,401.59,344.732,1.0069866363830131,0.0018319077246069515,3271.12,3380.16,3018.0915913978497,1.0054030724624479
11.15,357772,10.59,7.625569892473118,1.0441679672546307,2.177722727128537,155.29,36452776,155.97,134.00701075268816,1.015825740306838,0.6143696826089436,388.01,485910016,401.59,347.6449032258064,1.008449761628762,0.011449409200196659,3351.28,3380.16,3039.4045376344084,1.00706172943767
10.56,329136,11.15,7.894344086021506,1.0352464402449033,2.0966492432516772,144.26,36600004,155.97,135.26348387096775,1.0093761745092458,0.5119603573211821,393.93,372870016,401.59,350.90937634408607,1.009390251627418,0.012929344380321561,3372.85,3380.16,3061.9243010752693,1.0074092682175135
9.98,318224,11.15,8.111096774193546,1.0274567064483349,2.0883725737396905,148.61,31928632,155.97,136.7093978494624,1.0106896106555554,0.5367897811983723,388.97,312969984,401.59,353.83245161290324,1.0083300004669893,0.005621918231912382,3397.16,3380.16,3085.9194838709677,1.0078366348858696
10.62,164744,11.15,8.355440860215054,1.030124666592429,2.404262466195379,150.44,23828644,155.97,138.17690322580646,1.0107344878949727,0.4988587218905959,401.66,287510016,401.59,357.54479569892476,1.0104918134814918,0.022008985594915265,3508.01,3397.16,3116.8475913978496,1.0100223313305912
10.81,177820,11.15,8.5967311827957,1.0288782275666104,2.0451104863766525,147.04,35656616,155.97,139.328,1.0083306019119016,0.5385972504603155,404.85,427340000,401.66,361.37763440860215,1.0107198839300262,0.04327882761459234,3426.96,3508.01,3141.9391612903223,1.0080503037625974
14.57,1035448,11.15,9.065698924731183,1.0545518676766361,3.1410348258456784,148.7,21627732,155.97,140.48890322580647,1.0083321602679036,0.6168959133132917,408.16,298710016,404.85,365.36470967741934,1.0110329884563611,0.08561459778985403,3340.97,3508.01,3161.2695483870975,1.0061523747292538
15.72,992924,14.57,9.585763440860216,1.0573661799765155,3.3651472766167516,144.68,36341152,155.97,141.2888817204301,1.0056942468497874,0.43464910343490537,411.95,493680000,408.16,369.53580645161287,1.0114162552203692,0.09267423084512783,3319.47,3508.01,3179.29711827957,1.0057026361139214
14.74,597506,15.72,10.017247311827957,1.045012989693497,2.9795878054925673,137.46,36405816,155.97,141.55460215053765,1.001880688889826,0.40781302200607317,392.92,429889984,411.95,372.40810752688174,1.0077727273653114,0.07172931500498336,3298.46,3508.01,3196.0085161290317,1.0052563183709313
15.73,1145582,15.72,10.489612903225805,1.0471552290458177,3.317254687674793,139.36,29294042,155.97,141.86567741935485,1.0021975637958163,0.23614130659155375,397.67,377380000,411.95,375.45298924731185,1.0081761961109033,0.06048182729367357,3348.44,3508.01,3215.2041290322577,1.0060061206991011
17.03,788150,15.73,11.020516129032258,1.0506122800435456,3.6450039675273156,140.71,25163034,155.97,142.21748387096773,1.0024798560019061,0.5533232753500761,418.02,398200000,411.95,379.6760430107527,1.0112478895744232,0.1549906225795814,3477.13,3508.01,3241.893569892472,1.0083010097614697
16.66,515884,17.03,11.49931182795699,1.0434458507495308,4.0535253757481975,140.58,21025492,155.97,142.44705376344083,1.0016142170865672,0.2337729770300978,416.43,304049984,418.02,383.52288172043006,1.0101318973911884,0.12698931523202095,3483.81,3508.01,3267.366430107527,1.0078574017517483
15.5,526466,17.03,11.875053763440862,1.0326751670974232,2.2486370285155246,136.24,22464946,155.97,142.28741935483873,0.9988793421528591,0.1713902208614253,414.64,320680000,418.02,386.90526881720433,1.008819257619262,0.12636534472671102,3465.39,3508.01,3289.1156559139777,1.006656500356385
14.3,360734,17.03,12.151612903225807,1.0232890852786178,1.7816120193007636,140.33,35726744,155.97,142.32225806451612,1.0002448474351096,0.1616108861599186,396.87,396940000,418.02,388.84800000000007,1.0050212063245734,0.16768286596523407,3269.96,3508.01,3296.2695698924726,1.0021750265806653
13.3,501596,17.03,12.345032258064515,1.015917175471197,1.3032395267364536,151.74,38244504,155.97,143.0193548387097,1.0048980165412889,0.18921592609431603,427.15,398340000,418.02,392.46683870967746,1.0093065637721614,0.06372341142967719,3509.44,3508.01,3317.1935698924735,1.0063477818049582
14.1,872954,17.03,12.574021505376342,1.0185491007657947,1.2936588998829661,145.86,36709628,155.97,143.2849247311828,1.0018568807891255,0.02505000153693926,433.23,458020000,427.15,396.2543655913978,1.0096505653679497,0.12243780963756712,3585.15,3509.44,3341.454516129033,1.007313696269267
14.77,748180,17.03,12.828494623655914,1.0202380056508384,1.1223930647800744,136.63,28026292,155.97,142.9244301075269,0.9974840715146256,-0.1513869284651872,437.84,356880000,433.23,400.087870967742,1.0096743549326523,0.14247978320892574,3557.54,3585.15,3362.4060215053764,1.0062701752411147
14.73,301780,17.03,13.062,1.0182020870877164,0.9218617122726713,130.5,33266394,155.97,142.17978494623657,0.9947899378662549,-0.17044920412161246,449.53,313100000,437.84,404.40819354838703,1.010798434279437,0.12179820031161581,3638.35,3585.15,3387.0209677419343,1.0073206347119072
13.8,625696,17.03,13.217956989247313,1.011939748066706,0.619308855374429,132.4,39454244,155.97,141.57352688172043,0.9957359756540257,-0.21189848688112312,449.7,440329984,449.53,408.45978494623654,1.0100185690163688,0.09882264361203541,3699.12,3638.35,3413.8196989247317,1.0079121834314075
14.63,522118,17.03,13.41221505376344,1.0146965272072042,0.6564404718273857,131.14,30136904,155.97,140.91608602150538,0.9953561878785127,-0.3091483503050536,444.19,331289984,449.7,411.89916129032264,1.0084203548815431,0.10821166082926337,3663.46,3699.12,3436.663333333334,1.0066915175443498
14.91,548966,17.03,13.608580645161293,1.0146408024782418,0.6249045999496141,134.7,35299804,155.97,140.5343010752688,0.9972906929434704,-0.1712354285239247,452.71,406769984,449.7,415.62144086021505,1.0090368709618924,0.1049529278944521,3709.41,3699.12,3460.7515698924735,1.0070091929941172
13.52,1238796,17.03,13.699268817204304,1.0066640434008272,0.4558868171723467,134.16,16990280,155.97,140.13675268817207,0.9971711647330583,-0.044663807744678596,450.45,202370000,452.71,418.94017204301076,1.0079849855097152,0.07659737889448892,3703.06,3709.41,3482.808709677419,1.0063735114582728
12.41,787428,17.03,13.705268817204304,1.0004379795797909,0.09713180811135591,132.65,15986351,155.97,139.64167741935483,0.9964671989373205,0.06566393824094974,455.71,222430000,452.71,422.378752688172,1.008207808356961,0.03915925309299029,3756.07,3709.41,3506.869182795699,1.0069083533216812
13.66,824742,17.03,13.781483870967744,1.0055610039306757,0.1751648583908696,138.14,40743600,155.97,139.4848817204301,0.9988771568644663,0.08385111714392379,481.58,563590016,455.71,427.31283870967746,1.0116816624655078,0.13822663698545767,3824.68,3756.07,3534.1472043010754,1.0077784542517865
13.79,541280,17.03,13.852881720430108,1.0051807084150621,0.15349888129216027,136.11,29596508,155.97,139.17154838709678,0.9977536394663807,0.02402969682595768,474.04,457540000,481.58,431.4667956989247,1.0097211143989744,0.13052106088355386,3768.25,3824.68,3556.099913978494,1.0062116002555588
13.84,302030,17.03,13.914989247311825,1.0044833651319003,0.04944355340673412,136.03,22873784,155.97,138.83619354838712,0.9975903491583143,-0.07481776642326499,468.43,347260000,481.58,434.9962150537635,1.0081800485924335,0.08797214138277876,3841.47,3824.68,3581.3345376344087,1.0070961514767123
13.82,547714,17.03,13.963075268817205,1.0034556995086914,-0.2005599092805217,132.17,32961544,155.97,138.2460430107527,0.9957493033873134,-0.07066206381802909,444.85,685100032,481.58,436.73518279569896,1.0039976617767135,0.04183974826466397,3714.24,3841.47,3596.570623655914,1.0042543040482248
16.2,1181654,17.03,14.15298924731183,1.013601156968533,0.2033298671179542,131.41,43627604,155.97,137.61733333333333,0.9954522410643576,-0.1473860860939824,462.08,689640000,481.58,439.4078279569892,1.006119601228785,0.0460494878069333,3886.83,3841.47,3621.6851397849455,1.006982906428653
14.63,1619648,17.03,14.22556989247312,1.0051282908432277,-0.09345965262195621,131.55,26988192,155.97,137.01582795698926,0.9956291452408315,-0.17411036582484973,467.06,415569984,481.58,442.1927311827957,1.0063378552875464,-0.006178697249238585,3934.83,3886.83,3648.3872043010747,1.007372828803587
13.99,616966,17.03,14.24593548387097,1.0014316186663723,-0.188094674959024,126.65,35268364,155.97,136.12118279569893,0.9934704977181821,-0.2568740219190938,471.21,394310016,481.58,445.0683010752687,1.0065029786554414,0.0034396812819941225,3906.71,3934.83,3671.7479784946236,1.0064030413674319
13.75,1379216,17.03,14.24258064516129,0.9997645055522344,-0.22936418218385146,121.58,42645652,155.97,134.95105376344085,0.9914037697276382,-0.25358426126680655,461.11,497489984,481.58,447.1106451612903,1.004588832952352,0.049092023894983905,3811.15,3934.83,3687.4573978494623,1.0042784579570407
13.69,5267604,17.03,14.228559139784945,0.9990155221356526,-0.7336550965171977,126.3,41513300,155.97,134.15939784946235,0.9941337552253114,-0.19896592990578943,471.73,474000000,481.58,449.6632258064515,1.0057090580883854,0.06935790484116522,3841.94,3934.83,3703.9919139784947,1.0044839883814456
17.74,1862700,17.03,14.47036559139785,1.0169944440078111,-0.3125079078889099,131.41,34294256,155.97,133.7597634408602,0.9970211970610471,-0.1789411794020893,492.42,424329984,481.58,453.37060215053765,1.008244784388221,0.08087721523527303,3943.34,3934.83,3726.013182795699,1.0059452799381388
19.22,1439358,17.74,14.792215053763439,1.0222419717271634,-0.060353398102817035,136.51,69838112,155.97,133.71679569892476,0.9996787693037865,-0.16002280722565843,488.32,538860032,492.42,456.60165591397845,1.0071267385845366,0.10354423742778551,3913.1,3943.34,3744.856623655914,1.0050572662885955
17.87,1023980,19.22,15.00709677419355,1.0145266763394871,-0.41432105604349023,135.7,32699966,155.97,133.64759139784948,0.9994824561812632,-0.2012067763984855,500.55,457750016,492.42,460.40808602150537,1.0083364351798234,0.11321332772255399,3974.54,3943.34,3766.5543870967736,1.0057940171337394
17.11,673124,19.22,15.157354838709676,1.0100124672198096,-0.3798571672652269,137.17,27857516,155.97,133.70492473118279,1.0004289889008373,-0.18501801557992048,499.3,302120000,500.55,463.9212043010753,1.0076304443519393,0.06028288294263273,4019.87,3974.54,3790.1733763440857,1.0062707150408408
18.72,728530,19.22,15.397935483870965,1.0158722051255857,-0.8695159798275196,136.46,31614708,155.97,133.73767741935484,1.0002449624666998,-0.22656422210874594,502.64,337369984,500.55,467.44668817204297,1.0075993160870476,-0.004330910303155022,4128.8,4019.87,3819.5450322580646,1.007749422782952
18.03,434104,19.22,15.585075268817203,1.0121535633879142,-1.165132232418807,145.11,31133084,155.97,134.3548172043011,1.0046145543788016,-0.17287307091286164,518.94,357580000,502.64,471.8206021505377,1.0093570327679484,-0.0011690358518836597,4185.47,4128.8,3850.8785591397855,1.0082034709938206
17.92,494174,19.22,15.76015053763441,1.0112335209036494,-0.9821823364845514,145.79,27426558,155.97,135.01490322580642,1.0049130059884759,-0.16548710563699864,520.87,353200000,518.94,476.0889462365592,1.0090465402879114,0.05832921392024404,4180.17,4185.47,3880.007784946237,1.0075643065235893
18.02,372060,19.22,15.934838709677422,1.0110841690011696,-1.274811868892207,138.4,28906756,155.97,135.1803010752688,1.0012250340185465,-0.18935487240827942,521.05,359910016,520.87,480.09374193548393,1.0084118644857905,0.06156532029086992,4181.17,4185.47,3907.305376344086,1.0070354475843475
19.07,601866,19.22,16.172344086021507,1.0149047869684331,-1.2963494276932375,149.19,34522168,155.97,136.04389247311826,1.0063884411484527,-0.09588183558969954,551.57,433320000,521.05,485.8022365591398,1.0118903749935215,0.10221405707558295,4232.6,4185.47,3936.1302150537635,1.0073771655740529
23.27,2178610,19.22,16.676430107526883,1.0311696324802464,-1.2183131317042948,156.32,34283092,155.97,137.34924731182795,1.0095951006324493,-0.05981387490796264,551.92,490180000,551.57,491.24610752688164,1.0112059405207763,0.12729030166636002,4173.85,4232.6,3959.540064516129,1.0059474275959759
26.66,3296176,23.27,17.38501075268817,1.0424899478241132,-1.0099711815561958,162.03,52643976,156.32,138.98913978494625,1.0119395810695286,-0.008599968040114314,544.06,439680000,551.92,495.89150537634407,1.0094563555380605,0.1128787665941724,4155.86,4232.6,3980.3053118279568,1.0052443584288786
25.79,1277824,26.66,18.013462365591398,1.0361490494221324,-0.2818426649936494,161.69,34012664,162.03,140.55163440860213,1.011241846852736,-0.12453000473293607,547.32,402969984,551.92,500.46890322580646,1.0092306437997733,0.09341511274209369,4204.11,4232.6,4002.6985806451607,1.0056260178712069
24.55,1173476,26.66,18.537204301075267,1.0290750287120982,0.13157894736842102,157.5,25807552,162.03,141.79787096774194,1.0088667525239645,-0.222255970454605,550.61,289000000,551.92,504.93501075268813,1.0089238462132113,0.08374279304398247,4229.89,4232.6,4024.7461505376345,1.005508176408557
23.12,1199202,26.66,18.944494623655913,1.0219715074595699,0.06576610767175084,155.42,26288412,162.03,142.89752688172044,1.007755094674367,-0.1558616612652184,539.48,321420000,551.92,508.4175483870967,1.0068970017135814,0.06051932884908062,4247.44,4232.6,4046.376623655914,1.0053743695401485
23.46,1740040,26.66,19.354322580645157,1.0216330899889772,0.012302993253621386,138.4,59882192,162.03,142.87855913978495,0.9998672633295383,-0.19539504883158165,505.45,580739968,551.92,509.4761075268818,1.002082066488742,-0.016743269916155157,4166.45,4247.44,4061.3576559139788,1.0037023326426122
23.56,1970528,26.66,19.751913978494624,1.0205427700294232,-0.006908268429725251,139.01,39049776,162.03,142.89513978494625,1.0001160471190438,-0.16341968580557897,516.09,449460000,551.92,511.0757204301076,1.0031397211362683,-0.028484052097452972,4280.7,4247.44,4082.4001720430106,1.0051811531787629
22.24,757488,26.66,20.045354838709677,1.0148563253431817,0.08956698226817839,141.04,28695156,162.03,143.02438709677418,1.0009044906077453,-0.14670160796284581,520.31,291020000,551.92,512.8044516129032,1.00338253435585,-0.01957215693771719,4352.34,4280.7,4106.683225806452,1.005948229654147
22.16,567294,26.66,20.31548387096774,1.0134758917680227,0.23075818816615912,142.2,21352874,162.03,143.2098924731183,1.0012970192014778,-0.19650137467111373,521.27,271049984,551.92,514.4432688172043,1.003195793638582,-0.019209213080038312,4369.55,4352.34,4130.67182795699,1.0058413568399414
21.37,645976,26.66,20.518451612903224,1.0099907904347551,0.19323262253645246,137.65,26086684,162.03,143.07806451612905,0.9990794772992796,-0.2646278393329735,509.02,320760000,551.92,515.126,1.0013271262822923,-0.04215165445432101,4327.16,4369.55,4150.40711827957,1.0047777434626999
22.89,544432,26.66,20.805591397849458,1.0139942228762362,0.2755468824845828,134.68,32508484,162.03,142.74827956989247,0.9976950698393087,-0.2879246740945687,513.07,407369984,551.92,515.9489247311828,1.0015975212495252,-0.052376525098003945,4411.8,4369.55,4174.274559139784,1.0057506264277294
24.64,638962,26.66,21.18548387096774,1.0182591528331921,0.6657534527391433,140.72,24870656,162.03,142.80705376344088,1.00041173311318,-0.21182666033981423,527.35,345289984,551.92,517.5584731182796,1.0031195886064408,-0.012969969552515614,4395.26,4411.8,4195.550731182796,1.0050969747537153
24.78,484548,26.66,21.54810752688172,1.0171166095673139,0.4898141908017928,134.06,24844372,162.03,142.41879569892475,0.997281240286917,-0.34464692555979404,528.18,325360000,551.92,519.067505376344,1.002915674916831,-0.06320673736108051,4436.52,4411.8,4218.11423655914,1.0053779603256003
24.24,767512,26.66,21.85197849462366,1.014101979366998,0.6582256457758757,132.16,29835324,162.03,141.9167311827957,0.9964747313466235,-0.32026732941662317,542.35,326950016,551.92,521.3905161290322,1.0044753538386186,-0.04159451454892649,4468.0,4436.52,4241.392924731183,1.0055187429421142
22.84,758428,26.66,22.04305376344086,1.0087440717948817,0.5736439337692891,126.17,28010476,162.03,141.03670967741937,0.9937990292050708,-0.3530840196010099,525.54,361360000,551.92,522.4821075268818,1.002093615752649,-0.03432437588834314,4441.67,4468.0,4261.46806451613,1.0047331478458152
23.38,339842,26.66,22.249612903225806,1.0093707134229981,0.7478824624194423,130.35,21721952,162.03,140.44756989247313,0.995822791198875,-0.29191670752946164,539.17,295340000,551.92,524.3302365591397,1.0035372101850644,-0.002049570525973987,4509.37,4468.0,4284.620193548388,1.0054328998086455
23.97,590920,26.66,22.473677419354843,1.0100704905340872,0.4605239948518365,133.26,30457910,162.03,140.05008602150536,0.9971698771913813,-0.2743818340032491,534.5,306510016,551.92,525.6742365591398,1.002563270065865,-0.010145095492511524,4535.43,4509.37,4307.743655913979,1.005396852304531
28.19,1940294,26.66,22.953290322580642,1.0213410958196252,0.9302108253588517,127.41,19978668,162.03,139.27120430107527,0.9944385487895345,-0.2560188137572451,525.68,257900000,551.92,526.2934623655914,1.0011779649132224,-0.0075976316713166625,4458.58,4535.43,4324.514215053764,1.0038931191081348
28.7,2043132,28.19,23.436645161290325,1.02105819391977,1.0844681652414614,123.34,33650116,162.03,138.2386451612903,0.9925859825441532,-0.2572028150907285,508.73,435840000,551.92,525.6930752688172,0.9988592161223597,-0.055087020597877734,4432.99,4535.43,4338.507462365591,1.0032357963498226
28.47,1134584,28.7,23.87352688172043,1.018640966632532,1.034502737250883,120.04,34021028,162.03,137.0003010752688,0.9910419833428152,-0.25007291194654846,509.22,418440000,551.92,525.0436129032258,0.9987645597856519,-0.06472926444137572,4455.48,4535.43,4352.819892473119,1.0032989294663386
31.46,781674,28.7,24.471655913978495,1.0250540707797993,1.3238264475019212,118.62,32966660,162.03,135.6736559139785,0.9903164799575045,-0.28724904828982456,504.57,396120000,551.92,523.9906881720431,0.9979945956768036,-0.06445939915820298,4357.05,4535.43,4359.396344086021,1.0015108485476907
34.51,997250,31.46,25.2283440860215,1.0309210040670267,0.9538347327954024,119.92,31220786,162.03,134.4473978494624,0.9909617084005342,-0.23876373833637787,509.59,395750016,551.92,523.1910107526882,0.9984738709343393,-0.07874573912971394,4391.36,4535.43,4367.078580645161,1.0017622248478422
34.4,881044,34.51,25.941870967741938,1.0282827473451097,0.8135213300368139,125.95,35952788,162.03,133.6348817204301,0.9939566243599444,-0.2814198742857805,528.15,393480000,551.92,523.5518279569892,1.000689647178345,-0.06110157228284496,4471.37,4535.43,4378.959268817204,1.0027205116538773
33.96,509778,34.51,26.594365591397846,1.0251521805989734,0.9485314866910705,127.1,26755900,162.03,132.9192688172043,0.9946450141309447,-0.2557551297345215,532.71,326729984,551.92,524.1211827956989,1.0010874851510527,-0.07925407339381296,4544.9,4535.43,4394.383247311828,1.0035222932089045
37.49,797608,34.51,27.440000000000005,1.0317975025836181,1.321424962554419,120.1,37188960,162.03,131.7705376344086,0.9913576775360127,-0.315476404212895,534.41,390230016,551.92,524.7310537634409,1.0011636067912555,-0.0753355181100035,4605.38,4544.9,4412.482580645161,1.0041187425662985
35.98,1096986,37.49,28.14438709677419,1.025670083701683,1.03648326390506,125.64,34358676,162.03,131.01593548387098,0.9942733621332619,-0.2739608967429603,551.47,434680000,551.92,526.3660645161291,1.0031159024055498,-0.04059998164159406,4697.53,4605.38,4435.267913978494,1.0051638353051586
37.57,1079494,37.49,28.914236559139784,1.0273535699931384,1.1771349569352523,130.47,32302204,162.03,130.59621505376342,0.9967964169506752,-0.2645801470148018,565.33,406900000,551.92,528.7902580645161,1.0046055278100336,-0.02944115755339638,4682.85,4697.53,4455.883075268817,1.004648008122655
33.52,603306,37.57,29.380774193548387,1.016135222296268,0.976681594519843,126.05,24368828,162.03,129.92281720430105,0.9948436648858074,-0.27522223662059986,554.03,347240000,565.33,530.3856559139784,1.0030170711830089,-0.06020544989637022,4697.96,4697.53,4476.403440860216,1.0046052298152282
35.36,616036,37.57,29.932473118279564,1.018777548920148,1.1445046746473344,124.38,21228716,162.03,129.18412903225803,0.9943144076772792,-0.21850270489755952,541.52,251880000,565.33,531.1026451612903,1.0013518262406178,-0.05959774825039532,4594.62,4697.96,4489.143182795699,1.0028459771563922
30.73,1517762,37.57,30.148172043010753,1.0072061845300535,0.8413202467566898,121.34,42200504,162.03,128.2794623655914,0.9929970757751463,-0.31451755105323453,534.01,481860000,565.33,531.2910967741935,1.0003548308686092,-0.1040922181361561,4538.43,4697.96,4497.368623655913,1.0018322963927142
30.5,792354,37.57,30.32395698924731,1.0058306999835935,0.5764825811391364,124.02,31098276,162.03,127.60759139784946,0.9947624432208242,-0.37695710124062254,552.89,356230016,565.33,532.7353763440861,1.002718433601959,-0.12718100892163098,4712.02,4697.96,4516.135720430108,1.0041729060578848
29.63,832510,37.57,30.428064516129034,1.0034331775011631,0.3612708967382243,130.59,67380992,162.03,127.42905376344088,0.9986008854766959,-0.3724772245002457,548.5,479550016,565.33,533.8943440860215,1.0021755036241236,-0.10367639650992122,4620.64,4712.02,4527.849978494624,1.002593867587177
30.76,680256,37.57,30.59868817204301,1.005607443609288,0.3452112272815613,131.52,23846312,162.03,127.37812903225806,0.9996003679719905,-0.3466775582421743,555.32,264850000,565.33,535.4837634408602,1.0029770297671154,-0.10946903849147849,4725.78,4712.02,4545.347935483872,1.0038645178334873
30.55,455368,37.57,30.745075268817203,1.0047840971466202,0.41473389418520057,136.59,25504896,162.03,127.71918279569893,1.0026774907594576,-0.3001714956742637,569.63,221980000,565.33,537.9792043010752,1.0046601615783457,-0.09224229664748163,4766.18,4725.78,4564.33047311828,1.0041762562302916
28.15,625072,37.57,30.723720430107527,0.9993054224612247,0.33018007907295344,130.64,36870616,162.03,127.72133333333333,1.0000168380159293,-0.24790549583371913,561.17,367569984,569.63,539.8879354838709,1.0035479646193304,-0.06093318521145896,4677.02,4766.18,4576.407440860215,1.002645945076296
29.38,672102,37.57,30.77090322580645,1.001535712310827,0.33411757703706424,134.14,26415636,162.03,128.0025806451613,1.00220203864529,-0.12664446387136707,557.86,370209984,569.63,541.5364731182796,1.0030534811505487,-0.01545241401123465,4662.85,4766.18,4586.646387096775,1.0022373327482037
28.71,911392,37.57,30.762129032258066,0.9997148542087311,0.350557000381025,138.18,42229072,162.03,128.55363440860216,1.004305020732109,-0.05691641571971351,527.96,366460000,569.63,541.1432688172043,0.9992739098461622,-0.0043858435802197615,4397.93,4766.18,4578.7261935483875,0.9982732059810261
29.51,902708,37.57,30.793892473118273,1.0010325501471924,0.4561978197181049,131.47,41083368,162.03,128.67356989247313,1.0009329606620825,-0.11654464001315934,523.05,529169984,569.63,540.4077634408602,0.9986408305919582,-0.013002242447225365,4431.85,4766.18,4572.742279569893,0.9986931050852252
31.5,632618,37.57,30.93840860215054,1.0046930127186233,0.43989760688727886,134.01,35142112,162.03,128.9779569892473,1.002365575906758,-0.07703067338597658,521.99,465590016,569.63,539.5979784946237,0.9985015297687796,-0.028596673379238657,4500.54,4766.18,4571.018989247312,0.9996231385419903
37.48,1873666,37.57,31.44864516129032,1.0164920104877118,0.7329706986762186,140.62,41083684,162.03,129.72640860215054,1.0058029420714552,0.03673322029457571,527.95,457009984,569.63,539.1711612903226,0.9992090088893739,0.016048221619527903,4418.64,4766.18,4563.730129032258,0.9984054189597114
35.26,913870,37.57,31.78101075268817,1.0105685186020972,0.5724948485884189,149.87,45482036,162.03,131.06524731182796,1.0103204792617315,0.1466308465375047,526.6,422510016,569.63,538.6165376344086,0.9989713402797977,0.04063468988989927,4348.87,4766.18,4551.743247311828,0.9973734464173997
35.26,668964,37.57,32.086774193548386,1.0096209476545472,0.41859561418249003,150.38,43930288,162.03,132.40432258064516,1.010216859894456,0.0791282714215028,529.22,416489984,569.63,538.2018494623657,0.9992300864472817,0.00596682171589813,4384.62,4766.18,4542.198150537634,0.9979029799671081
37.9,1249986,37.57,32.540021505376345,1.0141256739955833,0.5991728305984805,163.99,58050024,162.03,134.600688172043,1.0165883224096408,0.22366911705579717,520.74,586720000,569.63,537.2360430107526,0.9982054939934193,0.01017840661882441,4328.87,4766.18,4529.079161290323,0.997111753205712
35.04,1282590,37.9,32.7805376344086,1.0073913942863413,0.3391985677849152,170.41,63403432,163.99,137.14688172043012,1.018916645843093,0.3078757610936803,512.53,605009984,569.63,535.7565591397849,0.9972461194846935,0.004034512882405195,4204.31,4766.18,4508.155548387097,0.9953801618037373
37.28,1707070,37.9,33.14234408602151,1.0110372336063558,0.6078885037904305,164.74,66022924,170.41,139.2450107526882,1.0152984085816479,0.3032129618176751,539.1,613769984,569.63,536.0553978494623,1.0005577882427743,0.020979521743306417,4463.09,4766.18,4504.4944946236565,0.9991879042938635
39.7,1431232,37.9,33.629225806451615,1.0146906241503737,0.6208790551892713,174.89,34179676,170.41,141.9150322580645,1.0191749886832104,0.33219668250473666,561.19,405430016,569.63,537.7502365591399,1.0031616857445647,0.03337387627188826,4543.04,4766.18,4505.945440860215,1.0003221107803084
39.94,1219052,39.7,34.096494623655914,1.013894724187039,0.6727703316597633,183.25,33039524,174.89,145.02862365591398,1.021939827996428,0.3613975858623939,559.73,387950016,569.63,539.3035268817204,1.0028884977020547,0.044903321755865866,4545.86,4766.18,4507.505913978494,1.0003463142505298
38.75,821814,39.94,34.45264516129033,1.0104453710437236,0.3631227588190358,181.77,33560448,183.25,147.93922580645162,1.0200691565372857,0.3639233553299148,555.39,368560000,569.63,540.522559139785,1.0022603825068848,0.049855959173818576,4488.28,4766.18,4505.329118279569,0.99951707313524
42.01,806360,39.94,34.99640860215053,1.0157829228587405,0.36093605580220767,186.87,23786574,183.25,151.0619569892473,1.0211082028162102,0.46956964221669817,559.23,260380000,569.63,541.9254408602151,1.0025954175208944,0.108380289379576,4392.59,4766.18,4496.914903225807,0.9981323861514084
39.29,1219262,42.01,35.336064516129035,1.009705450574652,0.26551803641653704,165.85,12090043,186.87,152.69193548387094,1.0107901322550696,0.3069533421589692,538.4,432910016,569.63,541.8758494623657,0.999908490367659,0.09853345225459464,4271.78,4766.18,4480.793376344086,0.9964149806637086
39.4,915894,42.01,35.65954838709678,1.0091544962744816,0.11256509930544456,161.54,32709794,186.87,153.94533333333334,1.0082086709130411,0.3248512801904153,533.97,523409984,569.63,541.4776989247313,0.9992652366071868,0.10993542200518891,4131.93,4766.18,4456.044322580645,0.9944766357908621
35.16,1784578,42.01,35.69240860215054,1.000921498351495,-0.053820097710655324,161.52,29891608,186.87,155.10513978494623,1.0075338850908953,0.3413750514496874,531.0,514289984,569.63,540.8247096774194,0.9987940606813381,0.1030476521849939,4123.34,4766.18,4431.225204301075,0.9944302353201917
31.78,1465112,42.01,35.505806451612905,0.9947719372873481,-0.18059232089901667,144.86,39267608,186.87,155.10064516129032,0.9999710220843606,0.21634369025786837,517.8,535240000,569.63,539.274064516129,0.9971328137684107,0.0804800047886094,4023.89,4766.18,4400.566344086023,0.9930811775972718
31.62,933664,42.01,35.314516129032256,0.9946124214122178,-0.13651320317344617,148.04,31518104,186.87,155.2606451612903,1.001031588229911,0.27598261273437685,517.15,473049984,569.63,537.7037419354839,0.9970880806551413,0.11238693654086762,3901.36,4766.18,4362.964645161291,0.9914552591678875
38.85,1820684,42.01,35.59470967741936,1.007934231559717,-0.07646548752782811,151.13,32617020,186.87,155.5749677419355,1.0020244832830538,0.32071116488359563,547.81,408080000,569.63,538.1449462365591,1.0008205341839116,0.12216517490388523,4158.24,4766.18,4343.319806451613,0.9954973646803522
37.01,1124300,42.01,35.7532688172043,1.0044545703904288,-0.07532335217322683,149.52,23629344,186.87,155.71868817204302,1.000923801767042,0.28068625621482424,542.46,386160000,569.63,538.2121720430108,1.0001249213746628,0.10904476323879064,4108.54,4766.18,4321.430107526882,0.9949601457179793
33.76,1464912,42.01,35.69993548387097,0.99850829490288,-0.1935338606547855,147.45,26993488,186.87,155.67750537634407,0.9997355308076225,0.27638913265484455,511.12,371600000,569.63,536.2768387096773,0.9964041442504225,0.07109929201632115,3900.86,4766.18,4287.408344086021,0.9921271980352978
31.06,1036076,42.01,35.480602150537635,0.9938561980474045,-0.1450424656303244,140.54,42803160,186.87,155.154,0.9966372445712146,0.30686719841203114,468.8,567129984,569.63,531.7277634408603,0.9915173005051597,0.06394319716039132,3674.84,4766.18,4240.486344086022,0.9890558593363931
33.5,629714,42.01,35.42397849462366,0.998404095407577,-0.15214990550026442,141.47,29311592,186.87,154.65933333333334,0.9968117698114991,0.25936826307230343,481.35,495060000,569.63,528.1716559139786,0.9933121650374813,0.037512838766312506,3911.74,4766.18,4211.0484731182805,0.993057902188791
