61.61,26338448,81.19,67.43752688172044,0.9975838571755786,-0.1302031426795751,1394.95,299049984,1434.03,1331.2707956989248,1.0056322894688359,-0.006281572114738454,1333.7,22925640,1383.6,1274.7070967741936,1.0055057462918997,0.0565130435795298,2873.34,2945.64,2806.386021505376,1.0029160947317504
59.02,19344752,81.19,67.10602150537633,0.995084259585534,-0.1477981538208144,1370.22,261543008,1434.03,1336.803935483871,1.0041562842081588,-0.0016898390389172846,1331.1,22925640,1383.6,1281.2830107526881,1.0051587647037783,0.059932260659775194,2886.98,2945.64,2815.2273548387097,1.0031504337840849
63.35,17617308,81.19,67.05563440860216,0.9992491419451809,0.005871586263969331,1419.31,356127008,1434.03,1345.178989247312,1.0062649828753008,0.059061074964714466,1375.3,2229939968,1383.6,1290.4152688172042,1.0071274324156934,0.1058751980101631,2950.46,2945.64,2827.840064516129,1.0044801744540246
64.9,19380244,81.19,67.08688172043011,1.0004659908463105,-0.08305457416749817,1384.13,401547008,1434.03,1350.751311827957,1.0041424395007559,0.020842552093867317,1372.6,2179950080,1383.6,1298.82688172043,1.006518531752136,0.08775288846659302,2941.76,2950.46,2839.2078279569896,1.0040199456763852
67.68,10549400,81.19,67.28612903225806,1.002969989165069,0.05633414357991162,1424.96,197704992,1434.03,1358.6581505376348,1.005853659841335,0.06856373232563406,1403.2,1289410048,1383.6,1308.8197849462367,1.0076937915025057,0.10650163956677439,2990.41,2950.46,2853.323784946237,1.0049717941921161
68.57,10387480,81.19,67.51825806451613,1.00344987942681,0.14163339944504338,1451.44,228344992,1434.03,1367.7989032258065,1.0067277796733156,0.08120492765803133,1424.5,1726429952,1403.2,1319.598494623656,1.008235442191044,0.10223626847499112,3013.77,2990.41,2868.1783870967743,1.0052060695771394
70.68,14680300,81.19,67.85754838709677,1.0050251640416499,0.4039640865605525,1437.15,198828000,1451.44,1375.467075268817,1.0056062130368186,0.13710975234975442,1415.1,1659769984,1424.5,1329.1359139784947,1.0072275160919753,0.12934121734703496,2976.61,3013.77,2879.745634408602,1.004032959513211
68.25,18600092,81.19,67.99191397849462,1.0019801126712,0.2714291548370087,1427.23,217162000,1451.44,1381.7469892473118,1.0045656592523433,0.0848156895789447,1449.3,1666680064,1424.5,1340.0724731182797,1.0082283226453859,0.12702202589057277,3025.86,3013.77,2893.2860215053765,1.0047019385792229
61.03,24687924,81.19,67.62432258064517,0.9945936012631484,0.1791486826449311,1353.13,253976000,1451.44,1382.5795698924733,1.0006025565111707,-0.026613336125691056,1386.1,2336169984,1449.3,1346.1333333333334,1.0045227853990242,0.12623324389074653,2932.05,3025.86,2899.612602150538,1.002186641969766
57.18,21570888,81.19,66.98595698924731,0.9905601185041584,-0.015257249175010257,1333.93,331743008,1451.44,1381.6888387096774,0.9993557468935657,-0.043211045856934804,1374.8,2368470016,1449.3,1350.805376344086,1.0034707134093348,0.10827704084615353,2918.65,3025.86,2904.214215053764,1.0015869750668807
55.29,18207940,81.19,66.21995698924732,0.9885647673866487,-0.12136937277805715,1233.5,335398016,1451.44,1373.92911827957,0.9943838871584474,-0.13613542470161133,1370.6,2193420032,1449.3,1354.648817204301,1.0028452957972502,0.11374519410584738,2888.68,3025.86,2906.1889677419354,1.0006799610985773
55.85,13566212,81.19,65.49595698924732,0.9890667401049873,-0.06831934019751651,1225.4,264279008,1451.44,1365.537827956989,0.9938924867295276,-0.13644258585550628,1351.1,1796480000,1449.3,1356.7524731182796,1.0015529160674426,0.09832284487553666,2847.11,3025.86,2905.0130322580644,0.9995953685404069
56.65,9835004,81.19,64.82563440860216,0.9897654357389539,-0.010405049447891557,1240.42,246888992,1451.44,1358.0594623655911,0.9945235017014603,-0.13028292182438928,1393.3,1537990016,1449.3,1361.1634408602151,1.0032511219469515,0.10939214165113742,2926.46,3025.86,2908.564301075269,1.0012224622670434
58.92,9376692,81.19,64.29849462365591,0.9918683435996379,-0.00038367919544546325,1279.01,217296992,1451.44,1353.0295913978498,0.9962962807541726,-0.10581803541940205,1426.8,1324349952,1449.3,1367.2559139784946,1.0044759306159656,0.09817058309410842,2978.71,3025.86,2915.0135698924737,1.0022173375416938
60.94,15716852,81.19,63.89664516129034,0.9937502508461881,-0.11307395744588822,1305.63,325529984,1451.44,1349.6100215053764,0.9974726569808865,-0.08184976517425135,1421.3,1936230016,1449.3,1372.4860215053764,1.0038252586610965,0.08158562789167334,3007.39,3025.86,2922.730731182796,1.0026473843449746
60.01,12254072,81.19,63.445655913978484,0.9929418947399594,-0.15066199158214288,1294.43,322067008,1451.44,1345.424430107527,0.9968986660360001,-0.13005345362792198,1410.3,1890029952,1449.3,1376.5733333333333,1.002978035305215,0.06878797876816978,2992.07,3025.86,2928.961032258065,1.0021316712514081
60.69,9801056,81.19,63.057311827956994,0.9938791067658278,-0.13359926807915923,1281.54,260882000,1451.44,1340.440580645161,0.9962957046484077,-0.17199204670210677,1398.8,1799879936,1449.3,1379.5458064516129,1.0021593278369572,0.06354597697182673,2961.79,3025.86,2932.808967741935,1.0013137544137634
57.14,13283180,81.19,62.46348387096774,0.9905827264154643,-0.12755257544085885,1246.85,271179008,1451.44,1333.3273548387099,0.9946933673083611,-0.18073846635891533,1414.4,1780290048,1449.3,1383.202580645161,1.0026507087886802,0.08118196829908775,2952.01,3025.86,2935.6859354838707,1.0009809598148327
59.11,10123980,81.19,62.02148387096774,0.9929238657114763,-0.19104305014931267,1236.11,225932000,1451.44,1325.6554408602153,0.9942460387161092,-0.18953116681126758,1432.1,1607619968,1449.3,1387.5877419354838,1.0031702957698918,0.06506958304542709,2970.27,3025.86,2939.291634408602,1.001228230472868
59.86,8070100,81.19,61.66030107526882,0.9941764889654955,-0.22285704161877196,1250.68,212028992,1451.44,1319.1774193548388,0.9951133444591206,-0.18013648625417622,1419.8,1468620032,1449.3,1390.855698924731,1.0023551353838633,0.037127530432253586,2986.2,3025.86,2943.607247311829,1.0014682493062976
61.09,11342108,81.19,61.41111827956989,0.9959587807494688,-0.23456492808120977,1253.58,236464992,1451.44,1313.0834623655912,0.9953804871885785,-0.17522231183099013,1455.2,1640029952,1449.3,1396.121505376344,1.0037860192510868,0.053692999726095536,3022.55,3025.86,2949.86911827957,1.0021272780101556
46.33,55756916,81.19,60.24735483870968,0.9810496295546638,-0.4016475852425585,1253.97,250206000,1451.44,1307.2695913978491,0.9955723523032816,-0.17808538486075454,1485.1,1804630016,1455.2,1402.980860215054,1.0049131503327577,0.05456320498584444,3066.91,3025.86,2958.588301075269,1.002955786323423
48.15,32069040,81.19,59.268602150537646,0.9837544288742255,-0.44676740781948,1300.06,331824992,1451.44,1304.7531182795701,0.9980750159455724,-0.12096279349865002,1509.6,1818480000,1485.1,1411.0920430107526,1.0057813923380645,0.05635275110583282,3093.08,3066.91,2968.621311827956,1.0033911479840032
48.15,17016736,81.19,58.36090322580645,0.9846849952285747,-0.45744020683162256,1238.09,317700000,1451.44,1298.5236344086022,0.9952255459031345,-0.21964328249724685,1529.4,1736329984,1509.6,1420.1322580645162,1.0064065381833456,0.045953740839908885,3120.46,3093.08,2980.0214838709676,1.003840224415822
48.62,15971180,81.19,57.553849462365584,0.9861713284265279,-0.44701266663452266,1235.22,238767008,1451.44,1292.5303655913979,0.995384551610465,-0.18708028381510855,1516.7,1759160064,1529.4,1428.000430107527,1.0055404501928111,0.04196977963196935,3110.29,3120.46,2990.30223655914,1.0034498921379646
48.78,8480428,81.19,56.824817204301084,0.9873330408847594,-0.30037311476806294,1244.5,187360992,1451.44,1287.5379139784945,0.996137458936511,-0.16721000606755976,1543.0,1210589952,1529.4,1437.2690322580645,1.0064906157975313,0.04889174672471963,3140.98,3120.46,3002.1965161290314,1.0039776178556379
47.55,12169268,81.19,56.061204301075264,0.9865619822325091,-0.3133595752616072,1205.76,255088000,1451.44,1280.3680645161292,0.9944313488678477,-0.17203851607059906,1536.8,1620630016,1543.0,1445.7948387096774,1.0059319488977079,0.060052171232032325,3145.91,3140.98,3013.9887741935486,1.0039278768065862
48.23,16884336,81.19,55.38126881720431,0.9878715505250408,-0.278258967821171,1233.57,298891008,1451.44,1275.3043655913978,0.9960451224416902,-0.13317571267535988,1566.9,1800710016,1543.0,1455.82688172043,1.0069387735674211,0.0787114892018852,3168.8,3145.91,3026.6889677419354,1.0042137494529273
51.54,20439476,81.19,54.94563440860215,0.9921339034315005,-0.21515128356297586,1275.38,337980000,1451.44,1273.2648817204301,0.9984007865682936,-0.10464995149059897,1597.0,2230720000,1566.9,1467.2703225806451,1.0078604406910605,0.10462072784783993,3221.22,3168.8,3042.106,1.0050936955935603
51.11,8474308,81.19,54.5090322580645,0.992053924661405,-0.19806387739759235,1281.98,130092000,1451.44,1271.816129032258,0.9988621749417808,-0.07840498560870823,1614.7,915790016,1597.0,1479.181075268817,1.0081176266601122,0.10562623728084075,3240.02,3221.22,3057.8861290322575,1.0051872383908573
50.21,10588932,81.19,54.035956989247296,0.9913211581783822,-0.19096989128825292,1278.07,162003008,1451.44,1270.1601505376343,0.9986979418983436,-0.11876933305844883,1621.7,1195389952,1614.7,1490.7776344086024,1.0078398509375721,0.09012536300163054,3234.85,3240.02,3072.2833333333333,1.004708221200386
51.87,10635860,81.19,53.69449462365591,0.9936808306058255,-0.14607175223646574,1271.48,245848000,1451.44,1268.3303655913978,0.9985594061146841,-0.10456949399072712,1656.8,1793580032,1621.7,1504.0193548387097,1.0088824249334545,0.11362401538472455,3265.35,3240.02,3087.870838709677,1.005073589797928
55.47,13884808,81.19,53.60066666666667,0.9982525590817665,-0.05618645141773326,1319.11,238566000,1451.44,1269.7858279569896,1.0011475420009464,-0.11920849952311596,1705.8,1797890048,1656.8,1519.7219354838708,1.0104404112850296,0.11180242992514122,3329.62,3265.35,3106.7910967741936,1.0061272828601933
59.51,14113468,81.19,53.78443010752689,1.0034283797625692,-0.06397377469371035,1323.89,219951008,1451.44,1271.7651612903223,1.0015587930576586,-0.13241666267016405,1711.1,1570230016,1705.8,1535.0556989247311,1.0100898480720937,0.12637472381606552,3295.47,3329.62,3122.692731182796,1.005118346845114
55.83,15848132,81.19,53.742365591397856,0.9992179053297593,-0.21479480618648583,1253.68,245299008,1451.44,1269.3443655913982,0.9980965073013417,-0.16371909767606363,1673.9,2124070016,1711.1,1547.261505376344,1.007951376917569,0.11429486538947842,3225.52,3329.62,3133.320795698925,1.0034034935330007
57.94,10605684,81.19,53.86191397849462,1.0022244719930211,-0.2156039086875412,1299.84,229451008,1451.44,1270.2699784946235,1.0007292055082264,-0.1678814728673187,1748.7,1852189952,1711.1,1563.7109677419357,1.010631339504301,0.1234200944888888,3327.71,3329.62,3150.0361505376345,1.0053347090606408
55.87,24008796,81.19,53.870774193548385,1.0001644987041736,-0.32082769853155524,1288.13,328032000,1451.44,1270.766129032258,1.000390586683173,-0.2444213374951697,1788.5,1956790016,1748.7,1582.0309677419355,1.011715720090174,0.12829458832749863,3380.16,3329.62,3169.4602365591404,1.0061663057480121
55.87,13166568,81.19,53.911483870967736,1.000755691337813,-0.26644105015876585,1271.35,234768992,1451.44,1270.500172043011,0.9997907113014968,-0.241592656943719,1743.3,1608930048,1788.5,1596.6318279569894,1.0092291873628074,0.0997817231253526,3337.75,3380.16,3185.2803440860216,1.0049914200987282
48.28,21794188,81.19,53.489139784946246,0.9921659717801066,-0.2642429173177525,1119.07,485111008,1451.44,1260.744924731183,0.9923217268863953,-0.14584577310640467,1549.2,3533360128,1788.5,1598.0778494623655,1.0009056699735384,0.11010701530418632,2954.22,3380.16,3175.6858494623652,0.9969878649326832
47.69,15419676,81.19,53.05615053763441,0.9919050998192778,-0.21830871916725203,1121.78,427436992,1451.44,1251.6678709677417,0.9928002456441563,-0.16046882081818492,1557.9,3242299904,1788.5,1599.7344086021506,1.0010365947693614,0.11477723864676315,2972.37,3380.16,3167.2146451612903,0.9973324803829355
44.19,28556312,81.19,52.41776344086021,0.9879677079790897,-0.21015371835731234,1032.85,515222016,1451.44,1237.309634408602,0.9885287168487928,-0.07570886507848773,1476.9,3856780032,1788.5,1595.7713978494623,0.997522707062261,0.13905941357195106,2711.02,3380.16,3141.766623655914,0.9919651730758904
41.12,26357196,81.19,51.605182795698916,0.984497990913365,-0.27636809796306117,953.04,497356992,1451.44,1218.2338709677417,0.984582870034809,0.07253969541469629,1251.7,4051510016,1788.5,1577.050752688172,0.9882685921138082,0.1168655292901154,2304.92,3380.16,3090.5006666666673,0.9836824426730999
47.82,24291308,81.19,51.256537634408595,0.9932439894134164,-0.18816653575776365,1038.2,413566016,1451.44,1205.2380215053763,0.9893322211998244,0.037477790419332524,1383.0,3586540032,1788.5,1567.0148387096774,0.9936362771068795,0.12416232648445014,2541.47,3380.16,3055.6620000000003,0.9887271771067945
48.66,18150564,81.19,50.9810752688172,0.9946258101248244,-0.19459115575643093,1031.09,298934016,1451.44,1192.2183440860215,0.9891974222626225,0.06640089681664385,1355.6,2762619904,1788.5,1555.2333333333333,0.9924815610641918,0.11461900487198906,2488.65,3380.16,3018.2435268817203,0.9877543808450411
52.48,16115652,81.19,50.97412903225807,0.9998637487239627,-0.19782191115086756,1124.03,249940992,1451.44,1185.7279569892473,0.9945560415766377,-0.06583310100728212,1499.2,2264859904,1788.5,1552.8694623655915,0.9984800538175996,0.12715410087637513,2789.82,3380.16,3001.3092688172046,0.9943893665591619
52.51,14289728,81.19,50.98731182795698,1.0002586173800159,-0.1858830213935252,1146.79,252132992,1451.44,1181.0964946236559,0.996093992438745,0.0029423219867207306,1571.0,2398159872,1788.5,1554.9703225806454,1.0013528891294272,0.15322120086185775,2874.56,3380.16,2990.31,0.9963351764739862
54.2,11692348,81.19,51.125655913978484,1.0027133041743466,-0.24974238770409274,1148.16,237632992,1451.44,1176.870924731183,0.996422333050934,0.05273485583935922,1558.5,2306160128,1788.5,1555.9191397849463,1.0006101834810108,0.15639037723482585,2836.74,3380.16,2977.123440860215,0.9955902367514455
51.91,15493016,81.19,51.13021505376343,1.0000891751842287,-0.2385327471855847,1109.12,258308000,1451.44,1170.4134838709679,0.9945130424037877,0.05474327141197399,1561.7,2352229888,1788.5,1556.7309677419355,1.0005217674467977,0.14523374625941265,2830.71,3380.16,2963.816774193548,0.9955303611250926
54.5,26192992,81.19,51.313118279569885,1.0035772043128341,-0.17453766763039824,1153.23,258464000,1451.44,1167.0980430107527,0.9971672909566541,0.08089457579200487,1665.4,1886520064,1788.5,1563.9163440860218,1.0046156827948947,0.17653264217080622,2929.8,3380.16,2957.1638709677422,0.9977552919992444
52.61,17568368,81.19,51.38399999999999,1.001381356713578,-0.1770396022137355,1152.94,348700992,1451.44,1163.942129032258,0.9972959307083119,0.14559757833573206,1640.7,2333289984,1788.5,1569.0064516129032,1.0032547185443326,0.19660732839625938,2863.7,3380.16,2946.333483870968,0.9963375762827679
55.04,11196836,81.19,51.62724731182796,1.0047339115644551,-0.16712413777342172,1184.17,236634000,1451.44,1163.0112473118281,0.9992002336738135,0.11586149210206864,1694.5,1881289984,1788.5,1577.0924731182797,1.0051535935349816,0.1866445480462149,2955.45,3380.16,2941.685892473118,0.998422584740223
58.37,9838824,81.19,52.098344086021505,1.009124964020416,0.22185575988509276,1249.08,264012992,1451.44,1166.4173763440858,1.0029287154704054,0.11258562350753809,1718.5,2068460032,1788.5,1586.212258064516,1.005782657074131,0.16453011443518284,3044.31,3380.16,2942.9155053763443,1.0004179959887534
58.79,12170076,81.19,52.57064516129033,1.009065567890008,0.18905709994442965,1281.43,289332992,1451.44,1171.9211182795698,1.004718501324744,0.0036485745782405266,1781.2,2028979968,1788.5,1598.8752688172044,1.007983175447238,0.1473101683968978,3193.93,3380.16,2953.846623655914,1.0037143840044336
55.69,10817764,81.19,52.82006451612904,1.0047444606029368,0.17410048022785862,1205.79,299721984,1451.44,1172.5849247311828,1.0005664258807687,0.050766663062242756,1745.1,2312290048,1788.5,1608.6251612903225,1.006097969405913,0.1664005503287761,3041.31,3380.16,2954.71440860215,1.000293781315281
54.5,15449688,81.19,52.97649462365592,1.002961566006401,0.16587227246822833,1212.57,328604992,1451.44,1173.7556129032255,1.0009983824176412,0.05432475013126625,1793.7,2262739968,1788.5,1621.0466666666666,1.0077218146745763,0.1866683422391151,3097.74,3380.16,2959.393053763441,1.001583450890438
52.66,15481488,81.19,53.001569892473114,1.000473328199522,0.09881673192191565,1214.1,379219008,1451.44,1175.0737204301076,1.001122982938179,0.09711762666271373,1785.7,2293139968,1793.7,1632.3563440860216,1.006976774729509,0.1992938059830961,3009.05,3380.16,2958.376752688172,0.9996565846250208
52.63,10826288,81.19,53.01636559139785,1.0002791558618878,0.14337892955229492,1210.28,220470000,1451.44,1176.210752688172,1.0009676263184988,0.07347406098344178,1851.3,1454979968,1793.7,1647.3763440860216,1.0092014222595556,0.20970019916012295,3130.01,3380.16,2965.448043010753,1.002390260238543
54.03,8409472,81.19,53.11055913978495,1.001776688147827,0.18621133042193705,1227.97,238672000,1451.44,1178.4793548387097,1.0019287378094044,0.05756382201846921,1901.3,1743670016,1851.3,1664.9458064516127,1.0106651175541426,0.2082900548520903,3185.04,3380.16,2976.103849462366,1.0035933209070136
54.89,8467000,81.19,53.24776344086021,1.0025833714292887,0.0963726579214631,1244.01,267743008,1451.44,1181.7948387096776,1.0028133576183196,0.061623352008325805,1879.1,1852460032,1901.3,1680.3638709677418,1.0092604002222683,0.17555405768720966,3224.73,3380.16,2989.2853763440853,1.004429121948853
59.2,12769688,81.19,53.65582795698924,1.007663505277217,0.20839485869160945,1245.01,237555008,1451.44,1185.2423010752686,1.0029171411590823,0.06797916098884793,1850.2,2333880064,1901.3,1693.310752688172,1.0077048084311488,0.1533752571664967,3215.63,3380.16,3001.8722580645153,1.0042106658066297
64.94,11913584,81.19,54.416817204301076,1.0141827882689993,0.3162158091048195,1264.83,273664992,1451.44,1190.0479784946235,1.0040545949254385,0.0492072660034053,1942.4,2369809920,1901.3,1711.6995698924734,1.0108596825332319,0.18654317540919552,3271.12,3380.16,3018.0915913978497,1.0054030724624479
57.7,25456200,81.19,54.6790322580645,1.0048186400314258,0.2197106677839039,1276.96,274630016,1451.44,1195.6647096774193,1.0047197518791644,0.06048174786651328,1999.4,2175269888,1942.4,1733.0761290322578,1.0124884994515289,0.1804684533578016,3351.28,3380.16,3039.4045376344084,1.00706172943767
53.17,22137396,81.19,54.63645161290322,0.9992212619096784,-0.0017377932527082862,1191.81,365604000,1451.44,1195.7761075268818,1.0000931681336422,-0.0009407657776634437,2001.5,2091820032,1999.4,1753.8513978494625,1.0119875108018512,0.16036628434043876,3372.85,3380.16,3061.9243010752693,1.0074092682175135
55.64,12831288,81.19,54.75817204301075,1.0022278245843985,0.03883373265386203,1186.31,268776000,1451.44,1195.806430107527,1.0000253580753573,0.0004832184010952201,2071.2,1831600000,2001.5,1778.4875268817204,1.0140468736761086,0.17959190804138725,3397.16,3380.16,3085.9194838709677,1.0078366348858696
55.51,10457556,81.19,54.879827956989246,1.0022216942136588,0.1402724185692773,1188.98,224710000,1451.44,1196.3048817204299,1.0004168330261096,0.01870635824898592,2164.4,2001350016,2071.2,1808.3621505376348,1.0167977695678836,0.20544858028771995,3508.01,3397.16,3116.8475913978496,1.0100223313305912
52.78,13424500,81.19,54.82604301075269,0.9990199505312096,0.06910685670571548,1144.08,354972000,1451.44,1194.0456989247311,0.9981115325781754,-0.025633668333740034,2074.5,3437110016,2164.4,1831.3819354838708,1.012729632136678,0.15648451485262438,3426.96,3508.01,3141.9391612903223,1.0080503037625974
50.95,12272788,81.19,54.66529032258064,0.9970679502049687,0.07619420637761132,1116.67,261488992,1451.44,1190.3530967741938,0.9969074867453879,0.018330459312876468,1984.0,2410500096,2164.4,1847.8623655913977,1.0089989039359901,0.12090360293740321,3340.97,3508.01,3161.2695483870975,1.0061523747292538
50.24,16476096,81.19,54.469311827956986,0.9964149372761549,0.04250736659926846,1116.71,319820992,1451.44,1187.031806451613,0.9972098276288092,0.030958794086933916,1963.3,2988819968,2164.4,1862.5868817204303,1.0079684052249855,0.1316741849487908,3319.47,3508.01,3179.29711827957,1.0057026361139214
50.16,12764976,81.19,54.28027956989247,0.9965295640477049,0.10235747941752771,1082.68,250952000,1451.44,1181.8475913978496,0.9956326232999092,0.02167604202088591,2005.2,2595620096,2164.4,1879.541505376344,1.0091027290175334,0.17782063297014927,3298.46,3508.01,3196.0085161290317,1.0052563183709313
50.97,14088216,81.19,54.13946236559139,0.9974057391484183,0.1394354848210958,1083.68,228464000,1451.44,1176.8061505376343,0.9957342715787469,0.019155356448830818,2021.4,2334060032,2164.4,1896.5606451612905,1.0090549422485557,0.1709939530948319,3348.44,3508.01,3215.2041290322577,1.0060061206991011
56.9,12307520,81.19,54.374172043010745,1.0043352790582665,0.2969754756523929,1137.85,226724992,1451.44,1175.3414838709675,0.9987553883313768,0.05181636017287028,2114.1,2124440064,2164.4,1918.5636559139784,1.0116015329163475,0.1488531870267411,3477.13,3508.01,3241.893569892472,1.0083010097614697
56.36,11687448,81.19,54.54670967741935,1.003173154237128,0.3937110838821153,1144.55,206246000,1451.44,1174.0832688172043,0.9989294897942177,-0.13075941978070804,2130.5,2361230080,2164.4,1940.2544086021505,1.0113057247912052,0.1906183887571824,3483.81,3508.01,3267.366430107527,1.0078574017517483
53.53,11468280,81.19,54.503892473118285,0.9992150359837599,0.19159110980008864,1117.36,213398000,1451.44,1170.6590107526881,0.997083462344229,-0.06274042160584714,2083.5,2057490048,2164.4,1957.0230107526884,1.0086424759950003,0.14296995452449957,3465.39,3508.01,3289.1156559139777,1.006656500356385
52.22,16763280,81.19,54.36427956989247,0.9974384783014411,0.18783126088201718,1045.68,331079008,1451.44,1162.44,0.9929791590230843,-0.14835679771431187,1948.7,2894279936,2164.4,1963.588387096774,1.0033547772857103,0.12356911206028531,3269.96,3508.01,3296.2695698924726,1.0021750265806653
65.75,34030496,81.19,55.089913978494636,1.0133476322015684,0.3672422522380735,1111.05,298292992,1451.44,1158.4070322580646,0.9965306013713091,-0.012636169865221869,2137.7,2440580096,2164.4,1981.0718279569894,1.008903821684373,0.16794885300969997,3509.44,3508.01,3317.1935698924735,1.0063477818049582
68.46,13202568,81.19,55.961849462365585,1.0158274976470525,0.42294243750344074,1194.82,325023008,1451.44,1159.806494623656,1.0012080920838882,-0.04108975316800745,2129.2,2489210112,2164.4,1996.6337634408603,1.0078553110817388,0.10811551451985846,3585.15,3509.44,3341.454516129033,1.007313696269267
67.13,11218108,81.19,56.71367741935484,1.0134346517174144,0.3455455649598751,1186.96,254766000,1451.44,1160.5955698924733,1.0006803507934083,-0.08045489874903211,2109.7,1958790016,2164.4,2009.7372043010753,1.0065627663421024,0.09957891516989781,3557.54,3585.15,3362.4060215053764,1.0062701752411147
68.14,6417716,81.19,57.50286021505377,1.0139152111379328,0.47949781657447665,1227.38,168028000,1451.44,1163.9089462365591,1.002854893151447,-0.010505307182780976,2153.9,1546610048,2164.4,2024.5068817204303,1.0073490590649097,0.09388857292940855,3638.35,3585.15,3387.0209677419343,1.0073206347119072
67.53,9649244,81.19,58.21778494623656,1.0124328551398845,0.40254831654275014,1264.63,261288000,1451.44,1169.3712258064515,1.0046930471559261,-0.019671821448339344,2213.9,2578439936,2164.4,2041.8739784946235,1.008578433064863,0.06676582947664422,3699.12,3638.35,3413.8196989247317,1.0079121834314075
69.33,13123952,81.19,59.02081720430107,1.0137935900310548,0.4511354035339262,1259.0,251358000,1451.44,1174.2307096774193,1.0041556383154686,-0.07697910284300358,2182.2,2076589952,2213.9,2056.016344086021,1.0069261696560843,0.05076699149159003,3663.46,3699.12,3436.663333333334,1.0066915175443498
71.93,15892320,81.19,59.95563440860216,1.0158387709384844,0.43032987182361515,1289.29,297937984,1451.44,1180.816301075269,1.0056084305610256,-0.020682681310998374,2252.1,2566830080,2213.9,2073.503870967742,1.0085055388455557,0.07395626169897684,3709.41,3699.12,3460.7515698924735,1.0070091929941172
72.21,6387736,81.19,60.8721935483871,1.015287289490401,0.4256044511600853,1274.66,151842000,1451.44,1186.2319569892472,1.0045863661511505,-0.024557563422543005,2270.6,1429090048,2252.1,2090.9858064516134,1.0084311081974071,0.104881255136964,3703.06,3709.41,3482.808709677419,1.0063735114582728
72.64,5448508,81.19,61.7867311827957,1.0150238981232316,0.45418882834069285,1277.98,139106000,1451.44,1191.8067956989248,1.0046996193930122,0.003889797222751179,2291.3,1424579968,2270.6,2108.615913978495,1.0084314812049344,0.11037736361927308,3756.07,3709.41,3506.869182795699,1.0069083533216812
76.53,16362320,81.19,62.92245161290323,1.018381299809299,0.5632585782324303,1306.69,259432992,1451.44,1199.241311827957,1.0062380212597062,0.07335247868504924,2301.2,2472829952,2291.3,2125.7877419354836,1.0081436490368647,0.06108718203334207,3824.68,3756.07,3534.1472043010754,1.0077784542517865
79.27,12798848,81.19,64.19012903225804,1.0201466628661184,0.6221816439078357,1318.72,253000000,1451.44,1207.2349677419354,1.0066655941845384,0.05044996190843509,2240.9,2412689920,2301.2,2137.8733333333334,1.0056852296019199,0.03286570573152936,3768.25,3824.68,3556.099913978494,1.0062116002555588
77.8,7087532,81.19,65.30969892473117,1.0174414650562627,0.6753895511661313,1310.08,202582000,1451.44,1214.442924731183,1.0059706330431513,-0.01586081061649902,2339.1,1942419968,2301.2,2155.3326881720427,1.0081666928374502,0.03326767298407529,3841.47,3824.68,3581.3345376344087,1.0070961514767123
76.89,14801572,81.19,66.31649462365591,1.0154157149014738,0.6489867045507126,1294.39,448185984,1451.44,1220.4322150537632,1.004931718239378,0.03437132055307579,2269.1,2957319936,2339.1,2167.085806451613,1.0054530413536937,0.03902489668033793,3714.24,3841.47,3596.570623655914,1.0042543040482248
80.48,9352672,81.19,67.50273118279571,1.017887503944104,0.6126811286073199,1374.37,255147008,1451.44,1231.4006236559142,1.0089873148765314,0.03225262793482253,2379.9,2065459968,2339.1,2185.088817204301,1.0083074748120686,0.03138304366924727,3886.83,3841.47,3621.6851397849455,1.006982906428653
80.83,8137896,81.19,68.65466666666666,1.0170650203878644,0.5887640506427869,1372.63,280636992,1451.44,1241.9419354838708,1.0085604243050166,0.004435754178833351,2434.5,1929389952,2379.9,2205.5851612903225,1.0093800965547228,0.07536254453241176,3934.83,3886.83,3648.3872043010747,1.007372828803587
77.74,11763752,81.19,69.55146236559139,1.0130624142897506,0.40267893912622277,1337.88,185496992,1451.44,1249.9647096774193,1.0064598625461687,-0.02297058540784258,2387.8,1625479936,2434.5,2221.8741935483868,1.0073853562963466,0.07565039699467624,3906.71,3934.83,3671.7479784946236,1.0064030413674319
69.96,18273036,81.19,69.90645161290321,1.0051039796323167,0.14863260120642263,1300.82,251624992,1451.44,1255.3967956989247,1.0043457915087117,-0.004638724380514825,2293.4,2749929984,2434.5,2230.9167741935485,1.0040697986733085,0.015614039040802385,3811.15,3934.83,3687.4573978494623,1.0042784579570407
68.26,13200752,81.19,70.14096774193548,1.0033547136726504,0.16753528678135043,1326.03,303302016,1451.44,1262.3779354838712,1.0055609029821204,0.026144252429746384,2262.3,2716219904,2434.5,2237.198064516129,1.0028155646123782,-0.014920283179556515,3841.94,3934.83,3703.9919139784947,1.0044839883814456
69.9,10009944,81.19,70.4585806451613,1.0045282081706428,0.3061621112288937,1389.83,275236000,1451.44,1273.3696774193552,1.0087071720968181,0.07628474615855985,2304.3,2544179968,2434.5,2245.6236559139784,1.003766135654901,-0.017855288581594353,3943.34,3934.83,3726.013182795699,1.0059452799381388
71.31,11984488,81.19,70.83118279569892,1.0052882437756459,0.21794847875819023,1396.4,257038000,1451.44,1284.359440860215,1.0086304579382885,0.09849372521053024,2273.1,2710459904,2434.5,2251.3851612903227,1.0025656593709151,-0.054394196313690024,3913.1,3943.34,3744.856623655914,1.0050572662885955
77.82,11402792,81.19,71.59008602150539,1.0107142531841575,0.38703789086477336,1473.75,291036000,1451.44,1299.8877204301077,1.0120902911411562,0.1362802978563049,2330.6,2324590080,2434.5,2260.4221505376345,1.004013968557087,-0.05620190436827932,3974.54,3943.34,3766.5543870967736,1.0057940171337394
77.01,8669468,81.19,72.24875268817203,1.0092005290574562,0.4334773556837954,1460.9,184228000,1473.75,1313.974559139785,1.0108369657534855,0.15902777068992435,2380.0,1728429952,2434.5,2272.2888172043013,1.0052497568491108,-0.025748998570663595,4019.87,3974.54,3790.1733763440857,1.0062707150408408
78.89,6620212,81.19,72.97660215053763,1.0100742149211492,0.5041162047455696,1467.61,191200000,1473.75,1327.8129677419356,1.0105317173044888,0.1700228492761413,2491.0,1936809984,2434.5,2290.659784946237,1.0080847855267527,0.01973559271274028,4128.8,4019.87,3819.5450322580646,1.007749422782952
79.17,5620764,81.19,73.66243010752687,1.0093979157261186,0.5643441333029136,1483.11,197868000,1473.75,1341.8966666666665,1.0106066887934386,0.15226152326822096,2517.3,2057059968,2491.0,2309.6372043010747,1.008284695736815,0.021292944868531727,4185.47,4128.8,3850.8785591397855,1.0082034709938206
79.66,5932468,81.19,74.31765591397851,1.0088949795098423,0.6671936432492264,1466.12,186128992,1483.11,1354.0962795698922,1.0090913206704135,0.12807164727328146,2505.7,2049590016,2517.3,2326.6748387096777,1.0073767578634754,-0.017708555658551894,4180.17,4185.47,3880.007784946237,1.0075643065235893
78.79,7413776,81.19,74.85331182795699,1.007207653516393,0.6357913851743695,1436.16,205776000,1483.11,1363.5383870967742,1.0069729956941327,0.14279583132978502,2452.6,2264250112,2517.3,2339.2103225806454,1.0053877248605652,-0.035374425460594994,4181.17,4185.47,3907.305376344086,1.0070354475843475
82.13,11565548,81.19,75.54462365591398,1.0092355543271874,0.5200898499219408,1503.68,237988992,1483.11,1376.5786021505378,1.00956351150592,0.1653622346094481,2440.4,2120150016,2517.3,2350.031397849463,1.0046259522559218,-0.06292362596404666,4232.6,4185.47,3936.1302150537635,1.0073771655740529
81.6,8998508,82.13,76.14748387096775,1.0079801868866227,0.48689624354445293,1490.11,217719008,1503.68,1387.9566021505377,1.0082654197749585,0.13013919177554922,2386.0,2354180096,2517.3,2356.6410752688175,1.0028125911106565,-0.07814560301268902,4173.85,4232.6,3959.540064516129,1.0059474275959759
83.03,7068008,82.13,76.78832258064516,1.0084157568589307,0.5463039414947475,1485.75,256832000,1503.68,1398.3101720430107,1.007459577537533,0.13179852011674886,2389.2,2013330048,2517.3,2362.9077419354835,1.0026591519312933,-0.0525231530948147,4155.86,4232.6,3980.3053118279568,1.0052443584288786
84.85,5998452,83.03,77.48313978494623,1.0090484748325028,0.5649488462744798,1498.51,237244000,1503.68,1408.6947311827957,1.0074265061839696,0.15630570494868645,2426.9,1951810048,2517.3,2370.9492473118275,1.0034032244397986,-0.0402819119112372,4204.11,4232.6,4002.6985806451607,1.0056260178712069
87.58,7667176,84.85,78.28391397849461,1.0103348185911274,0.30370388716112084,1536.18,158636992,1503.68,1420.5357849462368,1.008405691809111,0.12242240678496907,2455.6,1412610048,2517.3,2379.813978494624,1.0037388953782318,-0.05657793124575683,4229.89,4232.6,4024.7461505376345,1.005508176408557
91.0,9424860,87.58,79.2583870967742,1.0124479355815972,0.3355919047135778,1558.22,179867008,1536.18,1432.8845161290321,1.0086930095768496,0.08274226912984606,2489.5,1649369984,2517.3,2390.1821505376342,1.004356715330149,-0.015512975907786997,4247.44,4232.6,4046.376623655914,1.0053743695401485
90.73,11744372,91.0,80.16696774193548,1.0114635268069725,0.35113916566279935,1490.62,215500000,1558.22,1440.0904516129033,1.0050289715624383,0.047480275552031825,2491.9,2223960064,2517.3,2399.930322580645,1.0040784222410908,0.010002789962085146,4166.45,4247.44,4061.3576559139788,1.0037023326426122
90.56,9879344,91.0,81.01382795698925,1.0105637052130982,0.24728496612627504,1524.96,182112992,1558.22,1448.8588387096777,1.0060887752480783,0.013820986769321086,2550.5,1800039936,2517.3,2412.6372043010747,1.0052946877669207,0.007581301341469393,4280.7,4247.44,4082.4001720430106,1.0051811531787629
91.4,7209360,91.0,81.86666666666666,1.010527075823774,0.2503675740676634,1533.96,151180000,1558.22,1457.5679139784947,1.0060109895016227,0.001012977388211489,2633.3,1771680000,2550.5,2429.8331182795696,1.0071274346378474,0.012851505502002203,4352.34,4280.7,4106.683225806452,1.005948229654147
94.51,9049444,91.4,82.86881720430108,1.0122412524955344,0.27152667768489835,1542.14,137144000,1558.22,1466.2255268817203,1.0059397663876903,-0.05594595202740127,2656.4,1567229952,2633.3,2447.617419354839,1.0073191450645227,0.02456507989955825,4369.55,4352.34,4130.67182795699,1.0058413568399414
90.86,5832660,94.51,83.58133333333333,1.0085981211397725,0.16186521177431978,1524.8,171136000,1558.22,1473.1555268817206,1.0047264215995055,-0.10386193019666701,2640.2,1878550016,2656.4,2463.3367741935485,1.0064223087784907,0.0057921312651714185,4327.16,4369.55,4150.40711827957,1.0047777434626999
95.25,9970016,94.51,84.53636559139785,1.0114263821833964,0.0998523293417295,1563.79,180888992,1558.22,1482.0945376344084,1.0060679341655183,-0.06497152787177907,2713.4,2061810048,2656.4,2482.9440860215054,1.00795965538832,0.0036214694889098453,4411.8,4369.55,4174.274559139784,1.0057506264277294
95.1,5284208,95.25,85.43217204301075,1.0105966993653681,0.05556229314331307,1576.6,194868000,1563.79,1491.2382150537635,1.0061694292686278,-0.038997820311001075,2693.6,2224369920,2713.4,2500.3217204301077,1.0069988021504128,0.005401973531223847,4395.26,4411.8,4195.550731182796,1.0050969747537153
94.4,9992700,95.25,86.23451612903226,1.0093915917953902,-0.010212850877274526,1587.4,210676992,1576.6,1500.4364731182795,1.0061682016807654,-0.10028642600218518,2718.6,2352310016,2713.4,2518.447096774193,1.0072492176490662,0.02141207275860446,4436.52,4411.8,4218.11423655914,1.0053779603256003
91.02,6481040,95.25,86.78036559139785,1.0063298257689397,-0.11393657979358984,1605.13,164896000,1587.4,1510.174924731183,1.0064904124815524,-0.07405880519458785,2720.6,1946099968,2718.6,2535.803870967742,1.0068918557851705,0.028369499029929468,4468.0,4436.52,4241.392924731183,1.0055187429421142
92.46,5006936,95.25,87.39384946236561,1.0070693856471673,-0.14682178810948932,1638.89,222434000,1605.13,1521.4755053763438,1.007482961384207,-0.029615336029312767,2732.6,2171470080,2720.6,2552.9032258064517,1.0067431693099294,0.011984824052936993,4441.67,4468.0,4261.46806451613,1.0047331478458152
93.21,7136640,95.25,88.0241935483871,1.0072126824702115,-0.04265354441565483,1666.6,188800000,1638.89,1533.8567096774195,1.0081376297267521,0.009409737632667392,2771.7,1973010048,2732.6,2571.6789247311826,1.007354645775419,0.00742141370481586,4509.37,4468.0,4284.620193548388,1.0054328998086455
90.78,10954820,95.25,88.46266666666666,1.0049812795846693,-0.0469622254524773,1674.15,199535008,1666.6,1545.924559139785,1.007867651121664,-0.07033815264785104,2796.1,1830089984,2771.7,2590.947956989247,1.0074927830503095,0.008010094007757207,4535.43,4509.37,4307.743655913979,1.005396852304531
87.73,6659364,95.25,88.68221505376344,1.0024818196802054,-0.08451782693780308,1633.97,148750000,1674.15,1554.7554623655915,1.0057123765668878,-0.0341542662350065,2746.4,1463980032,2796.1,2606.1154838709676,1.0058540453662164,-0.004989475252288322,4458.58,4535.43,4324.514215053764,1.0038931191081348
89.78,13426920,95.25,89.01918279569894,1.0037997217562868,-0.015465246151112666,1614.71,272404000,1674.15,1561.78176344086,1.0045192322814405,-0.024150883999673356,2727.7,2240069888,2796.1,2619.405806451613,1.0050996675561379,0.007636789074330075,4432.99,4535.43,4338.507462365591,1.0032357963498226
90.04,6709036,95.25,89.34703225806452,1.0036829080212744,0.1484329166519338,1620.73,196154000,1674.15,1568.6011182795698,1.0043663942033012,0.00852313568194596,2753.6,1845880064,2796.1,2633.636129032258,1.0054326529114335,0.031598315820551726,4455.48,4535.43,4352.819892473119,1.0032989294663386
87.62,6879204,95.25,89.47556989247313,1.0014386335075725,0.20287180901945057,1571.36,201068992,1674.15,1571.5473333333339,1.0018782436270322,-0.04143055015035113,2661.5,2120470016,2796.1,2640.9348387096775,1.002771343237952,0.042382094300789985,4357.05,4535.43,4359.396344086021,1.0015108485476907
92.98,8742276,95.25,89.90827956989249,1.004836065061551,0.23491402831834818,1577.51,174668992,1674.15,1574.3627311827956,1.0017914814207283,-0.016289371983379652,2668.5,1831629952,2796.1,2647.826666666667,1.0026096168129452,0.04443798970680346,4391.36,4535.43,4367.078580645161,1.0017622248478422
97.44,7658540,95.25,90.57909677419354,1.007461128246588,0.2916673571990065,1586.94,144767008,1674.15,1577.3829032258063,1.0019183457428147,-0.06761203042528163,2737.9,1791309952,2796.1,2658.4126881720426,1.0039980039625112,0.06181152627633102,4471.37,4535.43,4378.959268817204,1.0027205116538773
97.63,6717828,97.44,91.20597849462366,1.0069208210586698,0.14764703141340485,1599.31,141820000,1674.15,1580.7913763440863,1.0021608406629168,-0.1071824125135401,2782.0,1857330048,2796.1,2670.844301075269,1.0046763292089815,0.05018063072805723,4544.9,4535.43,4394.383247311828,1.0035222932089045
102.42,9705944,97.63,92.09929032258064,1.0097944437711355,0.17069098561970897,1603.06,181342000,1674.15,1584.1717634408606,1.0021384144342893,-0.09372240630560702,2836.9,2368130048,2796.1,2685.8470967741932,1.005617248333377,0.04632082598180931,4605.38,4544.9,4412.482580645161,1.0041187425662985
132.63,27834684,102.42,94.88698924731183,1.0302684083120206,0.5498018395926378,1668.98,267512000,1674.15,1591.4993333333334,1.0046254895217657,-0.057460785492681854,2931.7,2399820032,2836.9,2705.983440860215,1.007497204181953,0.03916985569674547,4697.53,4605.38,4435.267913978494,1.0051638353051586
131.45,9768296,132.63,97.48298924731182,1.0273588615319411,0.5070317373530322,1670.5,185079008,1674.15,1598.491913978495,1.0043937062986485,-0.03734180577608681,2936.4,2316699904,2931.7,2725.4752688172043,1.0072032325337485,0.047652981941293415,4682.85,4697.53,4455.883075268817,1.004648008122655
128.96,9738222,132.63,99.80591397849464,1.0238290264703478,0.45722429247129903,1602.76,273744000,1674.15,1600.7111827956994,1.0013883516067847,-0.04662362946906784,3005.8,2480750080,2936.4,2748.543225806452,1.0084638291358479,0.07571677828137235,4697.96,4697.53,4476.403440860216,1.0046052298152282
124.97,7235867,132.63,101.76539784946236,1.0196329435086375,0.3859890311263916,1617.41,187384992,1674.15,1603.5817634408602,1.0017933157936383,0.009002474295767948,2908.6,2044780032,3005.8,2764.2647311827955,1.0057199411050668,0.08704133541636394,4594.62,4697.96,4489.143182795699,1.0028459771563922
121.2,11128636,132.63,103.38234408602149,1.0158889590246678,0.3142417064667984,1628.76,304284992,1674.15,1606.7948172043014,1.002003673175072,-0.044660248911161604,2895.7,3252819968,3005.8,2778.173333333333,1.0050315738552966,0.11431195193096255,4538.43,4697.96,4497.368623655913,1.0018322963927142
130.69,8811448,132.63,105.5275268817204,1.020749991835298,0.46966367355149585,1720.25,243844000,1674.15,1615.6414623655915,1.0055057715313538,-0.015884696468680515,3068.9,2615810048,3005.8,2802.276989247312,1.0086760806551471,0.1572727221790169,4712.02,4697.96,4516.135720430108,1.0041729060578848
135.03,18203238,132.63,107.84713978494625,1.0219811168874047,0.5251177717728819,1741.78,351468000,1720.25,1625.3822150537635,1.0060290311403062,-0.006115341197526325,2944.9,3316379904,3068.9,2816.9120430107528,1.005222557876897,0.12075105295958477,4620.64,4712.02,4527.849978494624,1.002593867587177
141.85,8463389,135.03,110.4949247311828,1.0245512764781375,0.5574258652226245,1789.48,159452000,1741.78,1637.6497849462367,1.0075474985384083,0.034086946101255844,3041.1,1755000064,3068.9,2836.558494623656,1.006974463992104,0.12899434486249373,4725.78,4712.02,4545.347935483872,1.0038645178334873
143.75,7248948,141.85,113.14270967741935,1.023962955336439,0.5270394088173675,1821.32,136772000,1789.48,1651.3458064516128,1.0083632176007802,0.01820667801445941,3055.4,1630649984,3068.9,2855.8066666666664,1.0067857483212468,0.11747221953872922,4766.18,4725.78,4564.33047311828,1.0041762562302916
129.48,10600056,143.75,114.74905376344087,1.0141975041131803,0.2667264517421648,1748.35,237895008,1821.32,1659.72088172043,1.0050716665377395,0.03355087395834011,2912.0,2609730048,3068.9,2864.513333333334,1.0030487591363564,0.06857422556085258,4677.02,4766.18,4576.407440860215,1.002645945076296
129.74,8250811,143.75,116.28941935483869,1.0134237759779121,0.27586960131775284,1749.72,252751008,1821.32,1667.7754623655912,1.0048529730112283,0.0779561724933906,2910.2,2528079872,3068.9,2872.1952688172046,1.0026817593740893,0.048721683573694996,4662.85,4766.18,4586.646387096775,1.0022373327482037
118.63,8395715,143.75,117.0291182795699,1.0063608445964816,0.16891938458144495,1623.11,217904000,1821.32,1667.1044516129034,0.9995976612152957,0.01341672167871466,2708.3,2292640000,3068.9,2865.9518279569893,0.9978262477736111,0.03448451358022875,4397.93,4766.18,4578.7261935483875,0.9982732059810261
120.19,13200743,143.75,117.80909677419353,1.006664824157355,0.18274237376287483,1593.17,330504992,1821.32,1664.2907526881718,0.9983122239749229,-0.010092106724352456,2769.6,3906190080,3068.9,2863.3238709677416,0.9990830421629519,0.03349181504681131,4431.85,4766.18,4572.742279569893,0.9986931050852252
122.32,8786726,143.75,118.66458064516131,1.0072616113219806,0.13365279414403108,1601.08,267675008,1821.32,1661.8600430107529,0.9985394921689658,0.018783880218885773,2798.9,3243249920,3068.9,2862.2931182795696,0.9996400153337095,0.02366611416765374,4500.54,4766.18,4571.018989247312,0.9996231385419903
120.92,9083940,143.75,119.36993548387096,1.0059441059402456,0.16677642970540618,1551.52,324720000,1821.32,1656.1051612903225,0.9965370840073846,0.03268036790689133,2717.5,2838710016,3068.9,2855.7043010752695,0.9976980634295552,0.008137198130121703,4418.64,4766.18,4563.730129032258,0.9984054189597114
125.92,18060892,143.75,120.3332258064516,1.0080697900914153,0.19006602583174415,1612.45,332380992,1821.32,1654.2237849462365,0.9988639753150578,0.06496169379582961,2670.9,2940369920,3068.9,2845.9427956989243,0.9965817520488134,-0.0013989866017731778,4348.87,4766.18,4551.743247311828,0.9973734464173997
123.5,9294224,143.75,121.07443010752688,1.0061595980337754,0.16905136424022205,1592.15,236740992,1821.32,1650.9280860215056,0.9980077067234057,0.020344309243553238,2705.5,2701250048,3068.9,2838.504946236559,0.997386507742318,0.0068386690867501265,4384.62,4766.18,4542.198150537634,0.9979029799671081
118.55,8716633,143.75,121.43520430107527,1.0029797719735536,0.1214630677483779,1588.0,265522000,1821.32,1647.3312043010753,0.9978212971534707,0.000788851043299843,2624.0,2960100096,3068.9,2825.7834408602153,0.9955182373759078,-0.010532808523308734,4328.87,4766.18,4529.079161290323,0.997111753205712
119.91,9551409,143.75,121.83178494623655,1.0032657798654336,0.20238276564189417,1546.43,299118016,1821.32,1641.0510967741936,0.9961877080270897,-0.018116398385938592,2524.1,2983980032,3068.9,2806.8202150537636,0.993289214759968,-0.013209257219907511,4204.31,4766.18,4508.155548387097,0.9953801618037373
131.25,12256674,143.75,122.89784946236557,1.0087502987549553,0.32541499099167037,1608.47,299072992,1821.32,1638.899806451613,0.9986890777948295,-0.02104704206793695,2722.7,3298520064,3068.9,2801.0924731182795,0.9979593484809733,-0.008445433675453584,4463.09,4766.18,4504.4944946236565,0.9991879042938635
138.4,9872278,143.75,124.34178494623656,1.0117490703880312,0.3854520047666574,1601.7,234450000,1821.32,1636.3771612903229,0.998460769138321,-0.048440310523891084,2786.1,2699249920,3068.9,2799.4763440860215,0.9994230361732903,-0.002271307481712892,4543.04,4766.18,4505.945440860215,1.0003221107803084
139.48,7060949,143.75,125.75821505376344,1.0113914249191398,0.458344900858749,1618.23,219554000,1821.32,1635.0605376344085,0.9991954033048982,-0.04713576127299346,2789.4,2801019904,3068.9,2798.042150537635,0.9994876922066456,-0.0046958663957185065,4545.86,4766.18,4507.505913978494,1.0003463142505298
131.03,9270778,143.75,126.52475268817204,1.0060953285165577,0.4214693210198097,1578.15,198752000,1821.32,1631.2783655913981,0.9976868305754095,-0.0968929473730844,2677.0,2637179904,3068.9,2789.370752688172,0.996900905210525,-0.031930757327107706,4488.28,4766.18,4505.329118279569,0.99951707313524
126.58,5695902,143.75,126.91107526881723,1.0030533359871274,0.31721862355683794,1508.68,161330000,1821.32,1623.1343010752691,0.9950075568413632,-0.11117566573480231,2574.9,1943859968,3068.9,2774.261505376344,0.9945832775018283,-0.04690440279421526,4392.59,4766.18,4496.914903225807,0.9981323861514084
117.7,8977224,143.75,126.64535483870968,0.997906247114015,0.2068183528368539,1493.33,194316992,1821.32,1614.2279354838706,0.99451285972732,-0.15327600408041453,2509.6,2356460032,3068.9,2755.2679569892475,0.9931536560809829,-0.047381146917839345,4271.78,4766.18,4480.793376344086,0.9964149806637086
115.57,9657378,143.75,126.18273118279566,0.9963470933734349,0.19181041709654645,1421.01,260704000,1821.32,1600.9297419354841,0.991761886127686,-0.13265785277199238,2478.0,3027109888,3068.9,2734.7604301075266,0.9925569755095145,-0.01727809666895952,4131.93,4766.18,4456.044322580645,0.9944766357908621
110.98,12993408,143.75,125.36387096774193,0.9935105207552729,0.11793044686398613,1420.48,299886016,1821.32,1587.920688172043,0.9918740632879282,-0.10506583110431145,2461.5,3285600000,3068.9,2713.5830107526886,0.9922562067515343,-0.01653818554514963,4123.34,4766.18,4431.225204301075,0.9944302353201917
108.65,11798441,143.75,124.35597849462366,0.9919602636282855,0.03474224793778369,1425.7,291672992,1821.32,1575.586107526882,0.9922322438790315,-0.03539959923743674,2375.3,3504839936,3068.9,2687.2894623655916,0.9903103946763715,-0.032360559170075076,4023.89,4766.18,4400.566344086023,0.9930811775972718
102.64,9686465,143.75,122.93623655913979,0.9885832434220664,-0.061389174395706014,1291.7,371071008,1821.32,1554.9531182795697,0.9869045625949959,-0.08110874719468697,2285.8,3260610048,3068.9,2656.001505376344,0.9883570573890819,-0.03676481672388765,3901.36,4766.18,4362.964645161291,0.9914552591678875
105.87,9675048,143.75,121.7141075268817,0.9900588380898567,-0.00557599019168431,1371.72,268942016,1821.32,1540.1442365591397,0.9904763162655252,-0.08196836600899282,2470.3,2907089920,3068.9,2637.6838709677418,0.9931033042068977,-0.03213476930395032,4158.24,4766.18,4343.319806451613,0.9954973646803522
103.17,8966234,143.75,120.31036559139787,0.9884668920965155,-0.27953955897480176,1354.91,237794000,1821.32,1524.7483440860217,0.9900036034887782,-0.09756140651641076,2442.4,2374089984,3068.9,2618.3546236559137,0.9926718862997269,-0.041516836998229834,4108.54,4766.18,4321.430107526882,0.9949601457179793
94.96,8166375,143.75,118.44030107526883,0.9844563308661183,-0.3556544789291849,1289.0,179068000,1821.32,1505.775612903226,0.9875568114198093,-0.08213046633508037,2286.4,2273639936,3068.9,2590.01311827957,0.9891758338919074,-0.05436930020876851,3900.86,4766.18,4287.408344086021,0.9921271980352978
90.94,11613688,143.75,116.38935483870966,0.9826837130779008,-0.3806849759653841,1262.59,332854016,1821.32,1485.9194408602152,0.9868133260541212,-0.020327320535050042,2174.4,3285469952,3068.9,2555.843655913979,0.9868072242088534,-0.05881894407574362,3674.84,4766.18,4240.486344086022,0.9890558593363931
99.82,7597468,143.75,114.99307526881722,0.9880033739182816,-0.251000987643888,1310.73,221936992,1821.32,1469.9006236559142,0.9892195924194735,-0.06764503517019771,2332.8,2160740096,3068.9,2533.6815053763444,0.9913288316809389,-0.04933865482074096,3911.74,4766.18,4211.0484731182805,0.993057902188791
