8.83,1795323,28.0,8.666129032258066,1.0024727536873637,0.04935833738277284,986.4,28874116,1060.9,958.1991397849463,1.0028383878965073,0.15020968573102145,644.04,16521938,650.87,632.4562580645161,1.00133039874305,-0.022306732500894544,2181.9,2184.05,2144.6436344086023,1.0017018275883363
8.66,758976,28.0,8.675290322580645,1.0010571375395494,-0.04587134904174528,1003.6,18479042,1060.9,961.8498924731182,1.0038100145748317,0.17721765119464572,658.55,16521938,650.87,634.2043655913977,1.0027639975169687,-0.024305532913267314,2213.35,2184.05,2150.122043010753,1.0025544610369084
8.23,1300813,28.0,8.656903225806452,0.997880520871292,-0.07630293973319402,979.4,29391832,1060.9,963.689247311828,1.0019123096577789,0.18677785808281822,645.47,16521938,658.55,635.0445376344085,1.0013247654677169,-0.03956035535758895,2191.95,2213.35,2153.9014193548387,1.0017577496851267
9.17,1136928,28.0,8.700043010752687,1.0049832814138009,0.03627373962025637,1017.5,169974080,1060.9,967.7967741935482,1.0042622939844748,0.1891523745765511,667.72,16521938,658.55,637.2850537634407,1.00352812440113,-0.02764063163953634,2259.53,2213.35,2161.7508817204302,1.003644299732131
9.07,925948,28.0,8.735483870967743,1.0040736419545575,0.050645938893244646,1020.6,175452784,1060.9,971.8154838709679,1.0041524313622232,0.15629439068738848,658.82,16521938,667.72,638.8494623655914,1.0024548019648543,-0.03176280128314546,2258.07,2259.53,2169.048258064516,1.0033756786712993
8.27,789914,28.0,8.718752688172044,0.998084687346135,-0.04481008150687282,1020.2,112734752,1060.9,975.5387096774192,1.0038312065080717,0.1433511204687521,656.73,16521938,667.72,640.1882150537634,1.0020955683099657,-0.035121986400710625,2263.79,2259.53,2176.272193548387,1.0033304632375109
8.23,598389,28.0,8.700494623655915,0.9979058857190779,-0.05443957712136105,1016.8,85969176,1060.9,978.8322580645162,1.0033761329554889,0.12655161045767804,647.82,16521938,667.72,640.8934408602149,1.0011015913599601,-0.0343005123949629,2238.83,2263.79,2181.531548387097,1.0024166806221673
8.01,669935,28.0,8.669376344086022,0.9964233895984159,-0.05426623949318288,1037.7,106801216,1060.9,983.2827956989247,1.0045467827584766,0.11943157689769357,662.91,16521938,667.72,642.5286881720431,1.0025515120105353,-0.020486029999601696,2276.98,2263.79,2188.9517634408603,1.0034013787512033
7.91,1115441,28.0,8.63262365591398,0.9957606306713039,0.07317763754179762,1074.9,147794832,1060.9,989.9141935483872,1.0067441410329454,0.21705089382829879,668.41,16521938,667.72,644.4307311827956,1.0029602460493456,-0.019279297067069878,2274.64,2276.98,2195.831956989247,1.0031431453462325
7.34,1695447,28.0,8.558021505376344,0.9913581138815744,-0.003049669343790473,1067.8,83931920,1074.9,995.7404301075269,1.0058855975569512,0.21422707278661735,667.96,16521938,668.41,646.1985806451613,1.0027432730576349,-0.011994249731500872,2271.31,2276.98,2202.059849462366,1.002836233644062
6.98,1526493,28.0,8.45967741935484,0.9885085488556296,0.02054183169208268,1068.8,87520160,1074.9,1001.276559139785,1.0055598114376658,0.22458877287375234,677.34,16521938,668.41,648.4376774193548,1.003465028926492,-0.00907747117555191,2294.69,2276.98,2209.2931182795696,1.0032847739442547
6.42,3086693,28.0,8.32415053763441,0.9839796631712742,-0.020056456421797653,1068.9,100813600,1074.9,1006.5344086021506,1.0052511460638633,0.21288782453358623,672.5,16521938,677.34,650.254,1.0028010750206153,-0.02811654903423544,2297.42,2294.69,2216.2901720430104,1.0031671006918672
6.3,1267185,28.0,8.180946236559139,0.9827965267533513,-0.06489986584319363,1064.5,106232080,1074.9,1011.247311827957,1.0046823071178972,0.18584658871531334,681.97,16521938,677.34,652.6117204301075,1.0036258453313744,-0.011293519014973885,2316.1,2297.42,2224.132129032258,1.0035383259323027
5.76,8427179,28.0,8.003978494623656,0.978368304005636,-0.16421632400416608,1084.0,252120144,1074.9,1016.998064516129,1.0056867915700827,0.20413491732131872,689.08,16521938,681.97,655.3449892473119,1.0041882006277836,-0.017796424314694193,2351.16,2316.1,2233.9040645161294,1.0043935948572098
5.49,3237958,28.0,7.812150537634409,0.9760334242379463,-0.25121241583398635,1076.7,123051152,1084.0,1022.0367741935484,1.00495449288767,0.17084881353138748,691.43,16521938,689.08,658.1418064516129,1.0042677021266513,-0.021798677213622053,2367.34,2351.16,2244.3410967741934,1.0046721040638442
5.53,4432052,28.0,7.628494623655915,0.9764909914249928,-0.27733183416480434,1097.5,155652912,1084.0,1028.2030107526882,1.0060332824755795,0.18525944397101946,691.63,16521938,691.43,660.8577204301074,1.004126639505151,-0.023269057674685678,2383.12,2367.34,2255.3795483870967,1.004918348475982
5.63,2270125,28.0,7.457376344086021,0.9775685390090914,-0.2524099450390651,1105.1,132131152,1097.5,1034.5933333333332,1.0062150397478091,0.2015242589158257,689.82,16521938,691.63,663.3615483870967,1.0037887549461626,-0.026487461756096398,2372.6,2383.12,2265.3086451612903,1.0044024061410393
5.65,1752274,28.0,7.2934838709677425,0.9780227702671528,-0.3064810565341892,1125.1,114521896,1105.1,1042.0344086021507,1.007192270652705,0.18842781999177816,695.82,16521938,691.63,666.1687096774194,1.0042317214453387,-0.012403023156681403,2378.25,2383.12,2275.196774193548,1.004365025072137
5.65,2280155,28.0,7.138301075268817,0.9787230905772423,-0.3902969993876301,1098.2,98586832,1125.1,1047.4554838709678,1.0052023956445826,0.15753940449384707,688.82,16521938,695.82,668.4177849462366,1.0033761346580001,-0.007490820338834414,2343.98,2383.12,2282.4559139784947,1.0031905547103808
5.7,1337637,28.0,6.995698924731181,0.9800229565783248,-0.4522687562081884,1120.1,103052488,1125.1,1054.0481720430107,1.0062940032044885,0.18930884684202542,700.24,16521938,695.82,671.3026451612905,1.0043159537044424,0.009086093016229091,2362.72,2383.12,2290.547870967742,1.0035452851201592
5.59,3969969,28.0,6.856,0.980030740854596,-0.4831980770861124,1107.0,109601712,1125.1,1059.5017204301075,1.0051739081113593,0.16021149353711306,694.52,16521938,700.24,673.6904516129033,1.0035569745908555,0.01116609137716229,2355.54,2383.12,2297.783612903226,1.0031589568710595
5.29,1191989,28.0,6.706086021505377,0.978133900452943,-0.5204358596658285,1097.4,83595352,1125.1,1064.0174193548387,1.0042620968306668,0.13115071610532936,689.29,16521938,700.24,675.5829677419356,1.0028091776044938,0.015785765926443096,2328.95,2383.12,2302.8141290322583,1.002189290628057
5.88,1949183,28.0,6.604387096774193,0.9848348314642772,-0.48818301419423793,1129.5,104593040,1125.1,1070.3131182795698,1.0059169133984183,0.19030324025405543,702.34,16521938,700.24,678.1771612903226,1.0038399333201928,0.024383508152126643,2348.69,2383.12,2308.710043010752,1.0025603082351122
5.88,1598271,28.0,6.512086021505376,0.9860242784203397,-0.49043681831394215,1152.1,127924048,1129.5,1077.7223655913979,1.006922504438456,0.21237835019201035,716.73,16521938,702.34,681.5508172043011,1.0049745938178745,0.027418536938430105,2384.2,2383.12,2316.501225806451,1.0033746909098809
10.71,38300832,28.0,6.740064516129032,1.0350085201379073,0.05184773548207855,1159.8,146897216,1152.1,1085.2410752688172,1.0069764810655046,0.1748228444892428,717.5,16521938,716.73,684.8004516129031,1.0047680001645833,0.018406953037670926,2399.29,2384.2,2324.8015913978493,1.0035831475066492
11.63,6860285,28.0,7.024043010752689,1.042132904506195,0.22781673143832437,1149.6,174614432,1159.8,1091.678494623656,1.005931787417136,0.19819160525648094,715.16,16521938,717.5,687.718688172043,1.0042614407631691,0.020796794408807884,2390.9,2399.29,2332.032602150538,1.003110377582089
11.24,5200781,28.0,7.276731182795698,1.0359747472582648,0.2759009401172057,1137.2,104404952,1159.8,1096.899139784946,1.0047822185625173,0.18349789512664083,709.57,16521938,717.5,690.085376344086,1.003441360854005,0.010062680706424354,2381.73,2399.29,2338.1173333333336,1.0026091964482762
11.83,3646139,28.0,7.560623655913979,1.0390137365235483,0.3723641358052372,1158.3,92581168,1159.8,1103.0821505376343,1.0056368088262886,0.18290408260952518,721.91,16521938,717.5,693.0817634408603,1.0043420527365012,0.02892601212653112,2415.82,2399.29,2345.884064516129,1.0033217884629095
12.36,1733737,28.0,7.870107526881721,1.0409336431824194,0.46717381413757564,1184.2,86071312,1159.8,1110.458494623656,1.0066870305918978,0.21678217223337892,732.96,16521938,721.91,696.5711397849462,1.005034581095833,0.03396838958358073,2439.07,2415.82,2354.528408602151,1.0036848982508457
11.46,2189161,28.0,8.111698924731183,1.0306973439720186,0.29227379148877564,1171.2,86516112,1184.2,1116.4088172043012,1.0053584376268487,0.12495260747643444,718.11,16521938,732.96,698.8357204301076,1.0032510400098695,0.010573925183612554,2431.77,2439.07,2361.9407311827954,1.0031481134623663
12.2,1481834,28.0,8.394064516129031,1.0348096735366945,0.3104920052608924,1189.4,150052992,1184.2,1123.079569892473,1.005975188107952,0.09973825849738271,717.76,16521938,732.96,700.8951397849462,1.0029469291489153,-0.0006869917367229306,2433.15,2439.07,2368.867204301075,1.0029325346850728
12.45,1808882,28.0,8.685311827956989,1.0346968159785204,0.3500507927342411,1195.3,154292992,1189.4,1129.6944086021506,1.0058899109974113,0.09692223797550392,713.32,16521938,732.96,702.5095698924731,1.0023033832250887,-0.018465705728648807,2438.3,2439.07,2375.585612903226,1.0028361271539208
12.79,2175361,28.0,8.990344086021507,1.0351204728289265,0.49155100144901964,1192.8,128048000,1195.3,1135.7356989247314,1.0053477208319161,0.12736299491817604,714.05,16521938,732.96,704.053311827957,1.0021974674817884,0.0006526859059940993,2423.41,2439.07,2380.8596129032258,1.0022200841642388
12.77,912029,28.0,9.284279569892474,1.0326945755422186,0.31589451367709653,1186.0,77315000,1195.3,1140.8793548387098,1.0045289198172147,0.12993485860064458,709.49,16521938,732.96,705.1553763440861,1.001565314014741,-0.010755545151619916,2425.18,2439.07,2385.7500430107525,1.002054060676666
12.48,1718369,28.0,9.551763440860215,1.0288104067692179,0.2705408115337209,1188.2,86483000,1195.3,1145.8025806451615,1.004315290469208,0.11005708478475351,717.53,16521938,732.96,706.6863225806453,1.0021710764576404,1.1229502146603565e-05,2459.27,2439.07,2392.4835913978495,1.0028224031292898
12.52,1496829,28.0,9.814494623655914,1.0275060395310667,0.4109782949226497,1193.6,92816000,1195.3,1150.71376344086,1.0042862382042579,0.10407293284075236,724.96,16521938,732.96,708.5703655913977,1.0026660244447245,0.011680916216343151,2472.54,2459.27,2399.640580645161,1.0029914475790114
12.49,1192590,28.0,10.066150537634408,1.0256412503779795,0.41087335449593865,1209.0,96628000,1195.3,1156.2455913978495,1.0048073014617016,0.12988545316773137,727.11,16521938,732.96,710.4463870967742,1.0026476149673726,0.018202294755589987,2472.1,2472.54,2406.320258064516,1.0027836157936447
12.14,2741848,28.0,10.28606451612903,1.021846879566566,0.44403656149639215,1224.1,161832992,1209.0,1162.3382795698926,1.0052693720238772,0.14463239796673277,724.33,16521938,732.96,711.9725376344087,1.0021481572224908,0.00488232933747601,2476.83,2472.54,2412.803440860215,1.0026942310666966
11.73,1539945,28.0,10.47064516129032,1.0179447294805375,0.4006769495017446,1221.0,109361000,1224.1,1167.8301075268816,1.0047248103701971,0.09753907920626315,714.66,16521938,732.96,712.7427311827956,1.0010817742366103,-0.004083472091528373,2441.32,2476.83,2416.5658709677423,1.0015593603870965
12.02,1251171,28.0,10.665720430107529,1.0186306828101095,0.5754275703050742,1219.8,90337000,1224.1,1172.9303225806448,1.0043672577208715,0.10962015090367117,701.68,16521938,732.96,712.5760430107526,0.9997661313616396,-0.017425882601697307,2425.55,2476.83,2418.9524301075267,1.00098758290368
12.17,2036173,28.0,10.860408602150539,1.0182536354031406,0.717904306001178,1228.6,72870000,1224.1,1178.2713978494623,1.004553616839802,0.08315650742014902,704.38,16521938,732.96,712.5110322580643,0.999908766575405,-0.024732746421506135,2443.05,2476.83,2422.136322580645,1.001316227815599
11.97,1991206,28.0,11.031032258064519,1.01571061109802,0.8135746688147754,1233.8,104982000,1228.6,1183.6043010752687,1.0045260397863682,0.09366310038239778,715.39,16521938,732.96,713.0981935483871,1.0008240732616616,-0.014193119102180907,2476.55,2476.83,2427.162451612903,1.002075080987557
12.13,1594978,28.0,11.200043010752687,1.015321390485882,0.8560704005263593,1217.0,71948000,1233.8,1187.4987096774194,1.0032902960884924,0.0848534915055501,707.77,16521938,732.96,713.1015053763441,1.0000046442803907,-0.02491614629544814,2461.43,2476.83,2430.827870967742,1.001510166471306
11.68,2113745,28.0,11.327483870967741,1.0113786045368491,0.9685269735856017,1227.9,100852000,1233.8,1191.7683870967744,1.003595521733674,0.07817079531383397,714.22,16521938,732.96,713.4654623655913,1.0005103859499709,-0.02691931870036357,2500.23,2476.83,2436.6839784946233,1.0024091000423447
12.63,1928140,28.0,11.503483870967742,1.015537431083975,1.1966994857161894,1239.3,87831000,1233.8,1196.4640860215052,1.0039401103230887,0.14783533888577516,713.19,16521938,732.96,713.7089032258065,1.0003412090326111,-0.025504330053058633,2502.22,2500.23,2442.347892473119,1.002324435186706
12.46,6269560,28.0,11.653161290322583,1.0130114860014359,1.2115409254809264,1272.6,105741000,1239.3,1202.9584946236557,1.005428001289822,0.14544270351050992,717.47,16521938,732.96,714.1816774193546,1.0006624187976516,-0.019807736838155066,2519.36,2502.22,2448.827548387097,1.0026530437919787
11.7,3830336,28.0,11.738903225806451,1.0073578262024978,0.9764817461639035,1278.1,92840000,1272.6,1209.431182795699,1.0053806413113764,0.09912787070874729,730.37,16521938,732.96,715.4311397849461,1.001749502129635,-0.015704452810439085,2549.33,2519.36,2456.94776344086,1.0033159603497237
11.93,3551088,28.0,11.826430107526884,1.0074561379403841,0.966646705755682,1267.6,78655000,1278.1,1214.8544086021504,1.004484112766065,0.06836969412242722,725.85,16521938,732.96,716.3017849462365,1.001216951727251,-0.030392165911103053,2553.17,2549.33,2464.9356559139783,1.003251144607947
12.04,1533004,28.0,11.907548387096776,1.0068590672614102,1.0236016564556383,1281.3,88194000,1278.1,1220.8550537634408,1.004939394481183,0.12448692644988402,727.03,16521938,732.96,717.1839784946237,1.001231594792764,-0.043176776431970376,2575.21,2553.17,2473.969311827957,1.0036648647977098
12.22,1376390,28.0,11.986537634408602,1.006633544096904,1.08355297010665,1275.8,89576000,1281.3,1226.1070967741935,1.0043019382149934,0.12160613168000634,735.17,16521938,732.96,718.5091612903225,1.001847758504701,-0.0425317773199545,2581.07,2575.21,2482.8837634408605,1.0036032991881847
12.13,1608033,28.0,12.045698924731182,1.0049356446479383,1.120351191036626,1284.8,150811008,1281.3,1231.6049462365593,1.004483987962251,0.1334085774114797,729.51,16521938,735.17,719.394064516129,1.001231582384026,-0.048238457139956115,2587.84,2581.07,2491.7654193548387,1.0035771533266098
11.45,5095260,28.0,12.046924731182797,1.0001017629993307,1.1459096603354637,1281.5,106604000,1284.8,1236.5075268817204,1.0039806438421202,0.11520563695419894,734.96,16521938,735.17,720.5553333333332,1.0016142318577306,-0.042526345068270466,2582.3,2587.84,2499.7900860215054,1.0032204743690296
11.86,3008813,28.0,12.06135483870968,1.0011978249925917,0.9875395936725719,1287.8,95895000,1284.8,1241.4206451612902,1.0039733832368654,0.10369844329061606,744.25,16521938,735.17,722.217741935484,1.0023071213621588,-0.03832309880662321,2578.85,2587.84,2507.0473333333334,1.002903142688824
11.98,1183056,28.0,12.070666666666666,1.0007720383059373,1.0187527520584896,1324.5,52534000,1287.8,1248.361075268817,1.0055907158742516,0.08852498041224544,752.31,16521938,744.25,724.3100215053763,1.0028970204529801,-0.041885431763603265,2602.42,2587.84,2515.3302580645163,1.0033038565411407
11.51,2611740,28.0,12.036537634408601,0.9971725644323928,0.092487356623979,1355.4,104721000,1324.5,1256.9243010752689,1.0068595745062043,0.11550498468133163,767.92,16521938,752.31,727.33288172043,1.0041734341998625,-0.030979009687578607,2642.22,2602.42,2525.7116344086025,1.0041272418644835
11.04,3293459,28.0,11.97036559139785,0.9945024021840313,-0.051321129142155364,1373.8,112253000,1355.4,1266.2539784946237,1.0074226247446831,0.13861860715090857,771.92,16521938,767.92,730.5053763440859,1.0043618193311317,-0.029629757184901573,2651.5,2642.22,2536.1692903225808,1.0041404789729398
10.61,2493168,28.0,11.877720430107525,0.9922604568270744,-0.03905049057709298,1374.9,115239000,1373.8,1275.1724731182794,1.0070432115319063,0.1568233752785979,780.76,16521938,771.92,734.1261290322581,1.0049565038197155,-0.023144905744057587,2675.81,2651.5,2547.6349032258067,1.004520838946744
11.08,2083881,28.0,11.816752688172041,0.9948670502648855,-0.03227306893343895,1369.5,82224000,1374.9,1283.2313978494624,1.0063198703713199,0.16128728803713588,788.32,16521938,780.76,738.0815268817204,1.0053878995625403,-0.018744650499394444,2683.34,2675.81,2558.9538924731182,1.0044429400904265
10.46,1219046,28.0,11.717397849462365,0.991592035364409,-0.15865637080145223,1360.9,42674000,1374.9,1290.2812903225808,1.0054938590849112,0.1230909369295341,785.33,16521938,788.32,741.7012043010753,1.0049041701865207,-0.024709590900798606,2673.61,2683.34,2569.0698279569892,1.0039531526979153
12.76,3499470,28.0,11.77051612903226,1.004533282922738,0.10032649938695948,1386.0,71789000,1374.9,1298.5705376344085,1.0064243722465784,0.17401101986629985,810.9,16521938,788.32,746.8579354838711,1.0069525722122226,0.0011675380929463408,2743.15,2683.34,2583.167827956989,1.0054875892615232
12.91,3857254,28.0,11.830516129032258,1.0050974825013839,0.02378275622419368,1411.6,91316000,1386.0,1308.0494623655914,1.0072995070013298,0.2253224864468013,836.2,16521938,810.9,753.4473763440859,1.008822883907561,0.019896962063848722,2786.24,2743.15,2599.3761935483876,1.0062746080281657
13.25,2338862,28.0,11.910924731182797,1.006796711257019,0.11707734212679377,1427.4,86293000,1411.6,1318.069892473118,1.00766058959988,0.22601007140355545,840.83,16521938,836.2,760.0808172043011,1.0088041196618167,0.02619036577858469,2810.3,2786.24,2616.3774838709674,1.0065405270559824
13.65,2533625,28.0,12.01541935483871,1.0087730067995766,0.09216428110338448,1445.6,89214000,1427.4,1328.765376344086,1.0081145043461237,0.21168705278924094,868.0,16521938,840.83,768.1929462365591,1.0106727190696587,0.0301352140137523,2872.87,2810.3,2636.615548387097,1.0077351470270977
13.32,2393571,28.0,12.09677419354839,1.0067708696889484,0.09110462909452766,1403.2,81107000,1445.6,1336.1817204301076,1.005581379691294,0.19247332828578323,841.07,16521938,868.0,774.2365806451613,1.0078673391082416,0.0465190186939024,2762.13,2872.87,2648.7425161290316,1.0045994448259068
13.31,5690322,28.0,12.176301075268816,1.0065742222222218,0.11423887976860536,1338.5,148076992,1445.6,1338.9567741935484,1.002076853560418,0.19048943236415528,802.49,16521938,868.0,777.5082150537635,1.0042256262367195,0.053232387303060014,2619.55,2872.87,2650.9461505376344,1.0008319549352889
14.02,5976413,28.0,12.299849462365591,1.0101466271516326,0.1897998057174829,1427.0,181404992,1445.6,1347.1182795698924,1.0060954211021933,0.2503278470439958,833.96,16521938,868.0,782.6274623655914,1.006584171347275,0.0453275217272997,2732.22,2872.87,2660.074129032258,1.0034432908012003
14.8,2895269,28.0,12.470494623655915,1.0138737601474275,0.27010079679464094,1434.4,90797000,1445.6,1355.2552688172043,1.0060402930987693,0.24624249536063414,842.13,16521938,868.0,788.0393978494626,1.0069150850744655,0.04686553703159402,2747.3,2872.87,2669.616559139785,1.0035872797691539
15.06,9659180,28.0,12.65294623655914,1.014630663691328,0.3166781335469928,1410.9,112900000,1445.6,1361.3913978494625,1.0045276555446365,0.2362377328009112,819.61,16521938,868.0,791.7510752688172,1.0047100150442778,0.04497191898639574,2691.25,2872.87,2674.9510322580645,1.0019982169724024
15.56,6360550,28.0,12.861376344086022,1.0164728517477335,0.37785701515646875,1497.0,117558000,1445.6,1372.6806451612904,1.008292433263249,0.2572767971540978,844.2,16521938,868.0,796.8443010752687,1.0064328625063406,0.03984162316150153,2786.57,2872.87,2685.9740645161287,1.0041208351574045
15.02,3637504,28.0,13.0267311827957,1.012856698558993,0.33460617762616085,1486.5,94938000,1497.0,1382.6989247311828,1.0072983323580813,0.23899373943061553,838.17,16521938,868.0,801.2699139784946,1.0055539242700913,0.05992671464337018,2752.01,2872.87,2694.024946236559,1.0029973788007818
14.09,2960673,28.0,13.125634408602151,1.0075923287598865,0.2134232619224795,1437.6,89432000,1497.0,1388.988817204301,1.0045489964305434,0.24872618435537175,798.05,16521938,868.0,802.8136129032258,1.0019265654404348,0.07354419952452873,2588.26,2872.87,2690.809247311828,0.9988063588909141
13.58,2788286,28.0,13.187505376344085,1.004713750651274,0.2015506906658825,1457.8,70783000,1497.0,1396.1324731182794,1.0051430622230328,0.23465419798382114,806.97,16521938,868.0,804.7313548387098,1.0023887760554393,0.06166372377934448,2640.87,2872.87,2690.6754623655916,0.999950280776547
13.32,3052525,28.0,13.22913978494624,1.003157110265664,0.1760184012922641,1447.8,75646000,1497.0,1402.149247311828,1.0043096012086232,0.2560817780592013,801.62,16521938,868.0,806.106989247312,1.001709433092585,0.07448701272301217,2604.47,2872.87,2687.839913978495,0.9989461574140928
13.61,2445073,28.0,13.286924731182795,1.0043680048117951,0.2659450551810022,1468.8,67022000,1497.0,1409.0245161290322,1.0049033787454404,0.27406368196822495,805.73,16521938,868.0,807.5459569892473,1.0017850828253938,0.06570353042011456,2656.3,2872.87,2688.040623655914,1.0000746732260262
13.91,2610675,28.0,13.359913978494623,1.00549331382457,0.20027953805277532,1481.4,68015000,1497.0,1416.194623655914,1.005088703173583,0.2562160893056078,819.52,16521938,868.0,809.6778064516128,1.0026399110092925,0.08198229740775487,2670.14,2872.87,2688.798602150537,1.0002819817855255
13.42,2372997,28.0,13.398537634408605,1.0028910108235842,0.12384873041427158,1453.7,83722000,1497.0,1421.0569892473118,1.0034334020975488,0.18186532078336926,828.41,16521938,868.0,812.1545376344087,1.0030589095601496,0.09486943435208128,2669.91,2872.87,2689.180623655914,1.0001420788842539
13.25,4401340,28.0,13.424129032258067,1.0019100142528794,0.18487693839806507,1471.8,84027000,1497.0,1426.6976344086022,1.0039693307192965,0.18667148005883982,827.84,16521938,868.0,814.3559139784948,1.0027105387485713,0.0886999723455757,2663.42,2872.87,2688.8201720430106,0.9998659622898765
14.5,5419696,28.0,13.527032258064516,1.0076655420667644,0.316998799222427,1508.5,114771000,1497.0,1434.2894623655914,1.0053212592310325,0.23589141928572865,834.81,16521938,868.0,816.7973548387095,1.0029980022473064,0.08174766776664266,2727.72,2872.87,2692.3627526881723,1.0013175223400939
14.13,2403327,28.0,13.600537634408601,1.005433961784209,0.2906165010344999,1503.0,79466000,1508.5,1441.0083870967742,1.004684497033187,0.24196048985655716,834.25,16521938,868.0,818.9683440860216,1.002657928841776,0.09398205390103254,2712.97,2872.87,2694.5783440860214,1.0008229171182959
15.11,4930618,28.0,13.732774193548389,1.009722892042535,0.3255978070677774,1502.8,75790000,1508.5,1447.2376344086022,1.0043228390393883,0.2125837792712698,844.49,16521938,868.0,821.5693978494622,1.003176012580002,0.09435849663022355,2721.33,2872.87,2697.037032258064,1.0009124574824253
15.27,3193657,28.0,13.869118279569893,1.0099283716530894,0.3609838291539501,1506.8,72398000,1508.5,1453.2367741935482,1.0041452347854383,0.20679944021799435,846.58,16521938,868.0,824.0701935483872,1.0030439250846868,0.10375846374041409,2734.62,2872.87,2700.0515053763443,1.00111769808209
16.02,2761676,28.0,14.04709677419355,1.0128327187811088,0.5572059206947431,1558.4,91543000,1508.5,1462.0875268817204,1.0060903720889418,0.2694587675530351,873.51,16521938,868.0,828.0566451612902,1.0048375146244977,0.1123296386114847,2779.03,2872.87,2705.615483870967,1.0020606934658631
16.07,1982498,28.0,14.218473118279572,1.0122001255377455,0.5412700017292469,1532.4,136726000,1558.4,1468.665376344086,1.004498943696206,0.24658573773640302,893.11,16521938,873.51,833.0096559139783,1.0059814878385807,0.12214539438862793,2779.66,2872.87,2710.797032258065,1.0019151089347273
15.21,1987115,28.0,14.325311827956988,1.007514077551693,0.4293884690986117,1533.8,118136000,1558.4,1474.8075268817202,1.0041821306858363,0.1942960738208368,886.81,16521938,893.11,837.2360860215052,1.0050736868144579,0.12019874925488683,2754.88,2872.87,2713.948021505376,1.0011623847930387
15.38,2752771,28.0,14.436172043010751,1.007738764529887,0.4561537288262215,1502.5,148060992,1558.4,1478.4802150537632,1.0024902830403968,0.1298095688873263,870.23,16521938,893.11,840.1035913978495,1.0034249662959112,0.10440956237928045,2718.37,2872.87,2714.415655913979,1.0001723077984168
16.18,1236362,27.06,14.59032258064516,1.0106780756820533,0.6377358403189519,1540.7,60501000,1558.4,1484.3010752688174,1.0039370565502241,0.11605545515367544,878.01,16521938,893.11,843.253010752688,1.0037488464364237,0.09658417419166843,2759.82,2872.87,2717.393720430108,1.0010971291407196
16.37,899305,27.06,14.74567741935484,1.0106478001326553,0.7276698483720122,1584.0,150452992,1558.4,1492.5565591397851,1.0055618661257606,0.16319975315625357,896.45,16521938,893.11,847.3639569892473,1.0048751041314277,0.10127445022788484,2801.31,2872.87,2722.815612903226,1.00199525465609
16.67,2460688,24.47,14.908000000000003,1.0110081467286205,0.6388087351924026,1576.5,76600000,1584.0,1499.8784946236556,1.0049056335178952,0.1549253267331182,892.43,16521938,896.45,850.966752688172,1.0042517688759454,0.08790800434909296,2801.83,2872.87,2728.0011612903227,1.0019044801868047
16.2,1472326,24.2,15.027978494623655,1.0080479269267273,0.6865387992882017,1562.4,124346000,1584.0,1505.8455913978496,1.003978386779718,0.16582106573205468,888.25,16521938,896.45,854.0759784946235,1.003653757090544,0.0767408535721954,2818.82,2872.87,2734.0280215053763,1.002209258669158
16.04,2759975,24.2,15.125290322580646,1.0064753771102217,0.38743768404136225,1585.0,126308000,1584.0,1512.8374193548389,1.004643124100459,0.10886649432640527,889.73,16521938,896.45,857.0593548387097,1.0034931041490531,0.061779256527071835,2840.35,2872.87,2741.1316344086026,1.0025982224203083
19.66,8291237,23.89,15.449096774193551,1.0214082800863327,0.6571803009784376,1603.6,106073000,1585.0,1520.6012903225806,1.005131992948094,0.08405234142235596,896.78,16521938,896.45,860.3280430107526,1.0038138410759871,0.05556381533913579,2833.28,2872.87,2747.570086021505,1.002348829779673
19.45,4417906,23.89,15.74483870967742,1.0191429919694646,0.5509082589884721,1633.1,86983000,1603.6,1529.855483870968,1.0060858777427608,0.07069434902199045,894.78,16521938,896.78,863.3374193548387,1.0034979405455096,0.04998992742038433,2850.13,2872.87,2754.9944731182795,1.0027021647726282
21.99,4866737,23.89,16.191118279569896,1.028344499306822,0.7328815530900533,1650.5,63771000,1633.1,1539.7898924731185,1.0064936908792284,0.10341030207776236,913.06,16521938,896.78,867.410129032258,1.004717402010054,0.051278929567678544,2874.69,2872.87,2763.9177204301077,1.0032389347415744
21.66,3257127,23.89,16.598172043010752,1.02514055894178,0.7084910598672066,1657.5,80672000,1650.5,1549.735268817204,1.0064589177995655,0.10763331721153957,929.23,16521938,913.06,872.4291612903227,1.0057862274027907,0.0543541840661077,2901.52,2874.69,2774.5680215053767,1.0038533350673013
21.59,2551011,23.89,16.982774193548387,1.0231713558300888,0.7329440828603633,1654.0,57990000,1657.5,1558.9079569892472,1.0059188742468537,0.12985201170321337,917.89,16521938,929.23,876.5269892473119,1.0046970323079625,0.04755305917797803,2871.68,2901.52,2782.9933978494623,1.0030366443636565
23.26,2922564,23.89,17.45731182795699,1.027942291936548,0.7390909883822857,1643.7,92448000,1657.5,1566.7376344086022,1.0050225399031747,0.06328018463891372,928.72,16521938,929.23,881.0753548387095,1.0051890764884528,0.05039591986713554,2904.98,2901.52,2793.0249462365587,1.0036045893586554
22.55,4506380,23.89,17.866172043010753,1.0234205712244306,0.5825881526436679,1600.4,116512000,1657.5,1571.307741935484,1.0029169577767927,0.031369492279344824,932.39,16521938,929.23,885.6567096774194,1.0051997310031995,0.040799063332286556,2929.67,2904.98,2804.277870967742,1.0040289381397562
23.48,3687390,23.26,18.318365591397846,1.025310041082023,0.6321224365665906,1597.8,126976000,1657.5,1575.3531182795698,1.002574528360118,0.03712976895184794,938.23,16521938,932.39,890.4207311827957,1.0053790836261056,0.0619665714493951,2913.98,2929.67,2814.126344086021,1.0035119462376532
21.71,3230060,23.48,18.63825806451613,1.017462937483271,0.49039043852156894,1587.1,139276992,1657.5,1578.3062365591395,1.001874575449341,0.032553189280114525,897.19,16521938,938.23,892.2819139784946,1.002090228507176,0.027241937699391094,2885.57,2929.67,2821.662924731183,1.0026781244776022
19.21,5572681,23.48,18.78363440860215,1.0077998890015796,0.3691025200834518,1546.2,137474000,1657.5,1578.4268817204304,1.0000764396404807,0.0549927279472151,865.58,16521938,938.23,891.9897849462367,0.9996726045572801,0.027208030369548553,2767.13,2929.67,2821.3453118279567,0.9998874376877399
19.31,2867310,23.48,18.926451612903225,1.00760327853462,0.44806438626493617,1549.3,94815000,1657.5,1578.6191397849464,1.0001218035923884,0.02047779503556879,848.51,16521938,938.23,890.5374193548388,0.9983717688073239,-0.006130216951197864,2767.78,2929.67,2821.0371182795698,0.9998907636200735
18.62,2832168,23.48,19.01352688172043,1.0046007181165348,0.41319446303209917,1509.9,100008000,1657.5,1576.0292473118277,0.9983593937208493,0.021627875852201495,821.21,16521938,938.23,887.2152473118279,0.9962694750711119,0.010898480685017642,2658.69,2929.67,2813.304795698925,0.9972590496840537
19.08,4072783,23.48,19.119440860215057,1.0055704540853203,0.4573404723693739,1564.3,116986000,1657.5,1576.836989247312,1.0005125170975488,0.045933561025397696,854.04,16521938,938.23,885.9805161290324,0.9986083070748203,0.019859323739140677,2723.06,2929.67,2809.6870537634413,0.9987140597275438
17.96,12045559,23.48,19.140709677419352,1.0011124183682878,0.3002279497806144,1575.6,159800992,1657.5,1578.1232258064515,1.0008157067394476,-0.012747239011955847,871.01,16521938,938.23,885.7278924731183,0.9997148654498433,0.034070933106964185,2781.01,2929.67,2809.5529892473123,0.9999522848938107
18.55,6826362,23.48,19.19068817204301,1.0026111098003132,0.36823428156717364,1574.0,111569000,1657.5,1579.0765591397853,1.0006040930883877,-0.04341490698364714,838.11,16521938,938.23,883.2123010752688,0.997159859795286,-0.0020824814923485757,2736.27,2929.67,2806.2642795698926,0.9988294544754962
17.45,3714331,23.48,19.159720430107527,0.9983863141510163,0.3610491288575782,1537.0,65188000,1657.5,1577.4436559139785,0.9989659125668382,-0.0053155471936900955,802.04,16521938,938.23,878.3296344086023,0.9944716953548743,-0.0178428282409151,2632.56,2929.67,2796.142387096774,0.996393107895501
17.53,5240098,23.48,19.125247311827952,0.9982007504543018,0.34973126788295283,1581.9,84915000,1657.5,1578.5283870967742,1.00068765130135,-0.006632936324305172,853.59,16521938,938.23,876.8294838709678,0.9982920415310312,-0.005220431814321191,2760.17,2929.67,2794.333720430108,0.9993531564504681
16.27,5847702,23.48,19.000279569892474,0.9934658234794072,0.09004631003308927,1485.1,92205000,1657.5,1573.131182795699,0.9965808633248581,-0.0930406504309037,817.53,16521938,938.23,872.947505376344,0.9955727098985245,0.013996322444304599,2633.08,2929.67,2784.117634408602,0.9963439993058762
16.54,3139158,23.48,18.8889247311828,0.9941393052507436,0.11931346475534355,1447.8,128231000,1657.5,1565.3778494623657,0.9950714006446973,-0.12973744246823915,807.72,16521938,938.23,868.4697849462366,0.9948705730842579,0.009858122209684517,2599.95,2929.67,2771.9676559139784,0.9956359679833698
14.05,5607238,23.48,18.611741935483874,0.9853256445433689,-0.10574092245571176,1346.6,143998000,1657.5,1551.2141935483874,0.9909519251733101,-0.1072740360830412,738.36,16521938,938.23,859.5742795698924,0.9897572655600276,-0.01370249862835815,2416.62,2929.67,2748.2329892473126,0.9914376105305457
16.09,2481284,23.48,18.468451612903227,0.9923010794434314,0.004403534503028217,1390.3,66716000,1657.5,1540.205806451613,0.9929033739231119,-0.06281301496592018,773.06,16521938,938.23,853.1457204301074,0.9925212290635294,0.004167281694363867,2485.74,2929.67,2729.6129677419353,0.9932247296432909
15.8,2405098,23.48,18.30468817204301,0.9911328007191572,-0.1401789237308061,1406.2,84180000,1657.5,1530.4737634408602,0.993681335981213,-0.06462819484130977,798.52,16521938,938.23,848.5178494623657,0.9945755210898689,0.003063272523186833,2531.94,2929.67,2714.508817204301,0.9944665596492498
15.08,7371197,23.48,18.09494623655914,0.9885416275047934,-0.2385567966629475,1439.6,98298000,1657.5,1523.2238709677422,0.9952629750040154,-0.07809706242595837,828.34,16521938,938.23,845.9751182795699,0.9970033262300765,-0.006542569377287477,2596.26,2929.67,2704.085720430108,0.996160227328004
16.5,4075309,23.48,17.97894623655914,0.9935893702869572,-0.05450341987479401,1471.5,91453000,1657.5,1518.2316129032256,0.9967225710155495,-0.05463278821168793,847.21,16521938,938.23,844.7890967741934,0.9985980420939702,-0.014101380618666504,2670.71,2929.67,2698.860258064516,0.9980675677822962
16.38,1881971,23.48,17.85243010752688,0.9929630954246365,-0.04998671375697472,1469.0,90616000,1657.5,1513.212043010753,0.9966938049176344,-0.04077066536785723,847.09,16521938,938.23,843.6804946236559,0.9986877172601178,-0.006869294282884519,2664.76,2929.67,2693.4319354838713,0.9979886611155859
16.94,4043759,23.48,17.75989247311828,0.9948165244814718,-0.12096192184715293,1470.9,99926000,1657.5,1508.3870967741932,0.9968114539803954,-0.07509380218604367,846.16,16521938,938.23,842.5616559139785,0.9986738596935603,-0.0169659829542419,2706.53,2929.67,2690.8137419354844,0.9990279340220578
16.72,8785241,23.48,17.651526881720432,0.9938982968752839,-0.1213914434168093,1469.4,87078000,1657.5,1503.6154838709676,0.9968366124893072,-0.1252642515871456,843.51,16521938,938.23,841.3403440860216,0.9985504777966283,-0.025702908974963634,2707.88,2929.67,2688.397247311828,0.9991019465279234
16.84,4920643,23.48,17.55015053763441,0.9942567946237554,-0.08160866691845481,1518.9,132477000,1657.5,1502.2838709677417,0.9991143926638759,-0.1174640812930946,865.07,16521938,938.23,841.6238494623653,1.0003369687170438,-0.021296128145439575,2775.6,2929.67,2690.5507096774195,1.0008010208936737
16.46,3421110,23.48,17.42389247311828,0.992805869998358,-0.066362677585458,1533.1,110566000,1657.5,1501.9922580645161,0.9998058869506216,-0.10320186181088586,873.67,16521938,938.23,842.5210322580646,1.001066013987451,-0.0071373662945593,2792.67,2929.67,2693.861870967742,1.001230663030588
16.38,3329272,23.48,17.291913978494623,0.992425429918873,-0.058323205757263796,1555.5,185040992,1657.5,1503.2088172043013,1.0008099636554404,-0.05535003543120309,874.97,16521938,938.23,843.533440860215,1.001201641933421,-0.0036824423025682007,2803.69,2929.67,2697.9402365591395,1.001513947554383
16.03,2778619,23.48,17.13662365591398,0.9910194832813896,-0.257380311003898,1541.4,128663000,1657.5,1503.5791397849466,1.000246354715597,-0.09985642990294719,852.82,16521938,938.23,843.148559139785,0.999543726778588,-0.017180403630607577,2743.07,2929.67,2698.18647311828,1.0000912683519834
15.87,3212171,23.48,16.978817204301077,0.9907912751787344,-0.2505647093784724,1548.9,110261000,1657.5,1504.5670967741935,1.000657070162192,-0.10511443068941162,874.67,16521938,938.23,844.2678924731183,1.0013275635962366,-0.012773486404451306,2822.48,2929.67,2703.749935483871,1.0020619265647572
16.53,2962709,23.48,16.871290322580645,0.9936669980937664,-0.33471020451388245,1528.3,90764000,1657.5,1504.4070967741934,0.9998936571188197,-0.1488845585624361,884.84,16521938,938.23,846.0866021505377,1.002154185530012,-0.005172110965141585,2800.71,2929.67,2707.9683440860217,1.0015602066399665
15.44,3264239,23.48,16.705182795698928,0.9901544266202688,-0.32715639471109637,1563.1,95011000,1657.5,1506.7550537634409,1.0015607191658973,-0.13322686847120946,901.2,16521938,938.23,849.0214838709677,1.0034687722426643,-0.007032057210974552,2834.4,2929.67,2714.519397849463,1.002419176641318
15.41,4275739,23.48,16.550516129032257,0.9907413963344063,-0.3114489874489713,1602.9,85344000,1657.5,1511.8737634408603,1.0033971743878571,-0.13079766595234987,930.29,16521938,938.23,853.8934193548388,1.005738294703284,0.006175557822471145,2892.74,2929.67,2724.9786666666664,1.0038530831002679
15.76,3549293,23.48,16.43172043010753,0.992822235995629,-0.3824993682634146,1625.5,85898000,1657.5,1518.5604301075268,1.004422767845014,-0.11256613073158295,936.24,16521938,938.23,859.1225591397848,1.0061238787727125,0.007260671420511677,2907.41,2929.67,2736.3390967741934,1.0041689978150998
15.83,5444697,23.48,16.33356989247312,0.9940267643883126,-0.3856656982351857,1638.8,81954000,1657.5,1526.1443010752687,1.0049941186517055,-0.04635310915711055,943.97,16521938,938.23,864.8342365591399,1.0066482684671603,0.020830199193005883,2905.03,2929.67,2747.540752688172,1.0040936651189114
16.32,9063394,23.48,16.28148387096774,0.9968111060932625,-0.4360121656131545,1656.5,88868000,1657.5,1534.7875268817206,1.0056634394272954,-0.06704678657715935,957.39,16521938,943.97,871.3868172043012,1.0075766896916936,0.01153324455483462,2939.88,2929.67,2761.043784946237,1.0049145885260677
18.49,6664488,23.48,16.384795698924727,1.0063453570187915,-0.24740975823100664,1647.5,118163000,1657.5,1542.7238709677422,1.0051709724942488,-0.10770328901289172,954.28,16521938,957.39,877.6975483870966,1.00724216967505,0.042814629095840884,2945.64,2939.88,2774.8627311827954,1.0050049717834617
16.0,9713281,23.48,16.334387096774194,0.9969234525057984,-0.3191611569117836,1657.2,91303000,1657.5,1551.156129032258,1.0054658245867591,-0.09979103942669831,930.2,16521938,957.39,882.3319569892473,1.005280188614708,0.03335965064020052,2881.4,2945.64,2784.407978494624,1.0034398989198863
15.19,9130349,23.48,16.23862365591398,0.9941373104302685,-0.353441381828582,1648.4,70029000,1657.5,1558.7819354838712,1.0049162081810366,-0.0865667058855415,919.56,16521938,957.39,886.1409462365591,1.004316957146502,0.050585706854676005,2859.53,2945.64,2792.2965161290326,1.002833111273684
14.43,3803524,23.48,16.10268817204301,0.9916288789769776,-0.33105460653243834,1683.0,68065000,1657.5,1568.4268817204302,1.0061874891009466,-0.05089371740270643,899.17,16521938,957.39,888.4816559139783,1.0026414643035741,0.031981031207505506,2826.06,2945.64,2797.828387096774,1.001981118744298
14.42,2567260,23.48,15.975118279569891,0.9920777269540249,-0.3401606469260934,1679.0,68386000,1683.0,1577.4415053763441,1.005747557480031,-0.06678385397803122,878.54,16521938,957.39,889.3237419354838,1.0009477809878238,0.01803739722907305,2752.06,2945.64,2798.2261290322585,1.0001421609478691
14.69,4995123,23.48,15.874989247311827,0.993732188362817,-0.29096205811779985,1734.3,95413000,1683.0,1589.7772043010752,1.0078200674210027,-0.028100627969159797,913.6,16521938,957.39,892.3750752688171,1.0034310714866248,0.01569708892296595,2873.34,2945.64,2806.386021505376,1.0029160947317504
14.52,3067798,23.48,15.770924731182795,0.9934447504494118,-0.3939337608823623,1747.1,86394000,1734.3,1602.5974193548386,1.008064158310409,-0.01575853302265262,935.89,16521938,957.39,896.7728817204303,1.0049282040405358,0.0615886343105958,2886.98,2945.64,2815.2273548387097,1.0031504337840849
14.6,6525263,23.48,15.68068817204301,0.9942782962522567,-0.345957517975349,1774.3,116975000,1747.1,1616.8002150537636,1.008862360270518,0.0018584699241948055,948.84,1116390016,957.39,901.7958924731183,1.0056012072343798,0.06227628337662083,2950.46,2945.64,2827.840064516129,1.0044801744540246
13.01,7812827,23.48,15.494,0.9880943890985694,-0.39923626379919175,1783.0,138716000,1774.3,1631.0539784946236,1.0088160326230449,0.036020667809768314,945.58,1159369984,957.39,906.2928817204302,1.0049867040700076,0.04197894053238471,2941.76,2950.46,2839.2078279569896,1.0040199456763852
12.93,4755281,23.48,15.311870967741932,0.9882451896051331,-0.33341245116625284,1808.9,88176000,1783.0,1646.5462365591397,1.009498311072951,0.10339889163044402,965.13,676110016,957.39,911.8533333333334,1.0061353804328108,0.04483584109255445,2990.41,2950.46,2853.323784946237,1.0049717941921161
13.82,9505509,23.48,15.194344086021506,0.9923244597627537,-0.27088366125742414,1834.1,96104000,1808.9,1662.9679569892473,1.009973434128655,0.13382567217103158,985.83,910049984,965.13,918.4318494623656,1.007214445447037,0.06134498320938131,3013.77,2990.41,2868.1783870967743,1.0052060695771394
13.09,5269929,23.48,15.035569892473118,0.9895504410950877,-0.18366848660894264,1845.8,86214000,1834.1,1679.3137634408602,1.0098292973011977,0.18837864196405718,969.52,968990016,985.83,923.5750752688173,1.0056000081110672,0.08134773941659379,2976.61,3013.77,2879.745634408602,1.004032959513211
13.96,7415967,23.48,14.93498924731183,0.9933104866738945,-0.23442744337920085,1862.8,94945000,1845.8,1695.6827956989248,1.0097474531647528,0.14718700090879278,977.85,1242029952,985.83,928.7586021505377,1.0056124586084263,0.04762087917790847,3025.86,3013.77,2893.2860215053765,1.0047019385792229
13.4,3842034,23.48,14.802860215053764,0.9911530547447935,-0.2790426183304452,1798.9,112307000,1862.8,1706.9131182795697,1.006622891149884,0.05284322496584504,933.12,1298189952,985.83,930.6159139784945,1.001999778870049,0.010536767718732243,2932.05,3025.86,2899.612602150538,1.002186641969766
8.9,24518272,23.48,14.385569892473118,0.9718101558402691,-0.5219205931052634,1840.0,151680992,1862.8,1719.9505376344086,1.0076380099345534,0.07774978876609517,933.03,1186589952,985.83,932.1779569892473,1.0016785045122159,0.0022105262386307167,2918.65,3025.86,2904.214215053764,1.0015869750668807
8.19,14981047,23.48,13.935763440860216,0.9687321075928836,-0.6368958318071936,1848.0,115973000,1862.8,1732.6430107526883,1.007379557051528,0.07687918519394032,915.32,1185910016,985.83,932.3722795698925,1.0002084608192976,-0.0012217103347411662,2888.68,3025.86,2906.1889677419354,1.0006799610985773
8.02,9563693,23.48,13.492860215053765,0.9682182301898266,-0.6241716138267863,1824.9,97125000,1862.8,1743.035483870968,1.005998046368343,0.0840768943750112,916.38,1255689984,985.83,932.4885161290323,1.0001246675407311,0.013367506258280093,2847.11,3025.86,2905.0130322580644,0.9995953685404069
7.76,9352944,23.48,13.05116129032258,0.9672642480770394,-0.680920157735289,1842.7,99074000,1862.8,1753.8109677419357,1.0061820220934559,0.10680709257419618,940.47,1063569984,985.83,934.009935483871,1.001631568998999,0.030197433045913824,2926.46,3025.86,2908.564301075269,1.0012224622670434
8.11,8796743,23.48,12.651784946236559,0.9693991718283216,-0.6693999578863541,1847.7,92285000,1862.8,1764.1094623655913,1.0058720664958067,0.11111169489283013,965.06,857440000,985.83,936.9149892473118,1.0031103028491188,0.044084737485690306,2978.71,3025.86,2915.0135698924737,1.0022173375416938
7.98,7563898,23.48,12.262537634408599,0.9692338027019858,-0.6667581381879158,1844.6,122856000,1862.8,1773.3944086021506,1.0052632483610788,0.11686714552282895,969.05,1230419968,985.83,939.816064516129,1.0030964124836426,0.03668849371075078,3007.39,3025.86,2922.730731182796,1.0026473843449746
7.05,11463201,23.48,11.832344086021507,0.9649180649868123,-0.7369628518983586,1833.1,126244000,1862.8,1781.236989247312,1.0044223555725222,0.07746873493082651,948.16,1115769984,985.83,941.1457849462366,1.001414873059009,0.0138598214640957,2992.07,3025.86,2928.961032258065,1.0021316712514081
7.06,6893819,23.48,11.423032258064518,0.9654073761732013,-0.7542746348301903,1771.3,74829000,1862.8,1784.447311827957,1.0018022995255682,0.004682143719628273,939.36,979420032,985.83,941.7475698924733,1.0006394173526167,0.017201122764632704,2961.79,3025.86,2932.808967741935,1.0013137544137634
6.96,11481241,23.48,11.02731182795699,0.9653576720114613,-0.7701754692817011,1772.2,82759000,1862.8,1787.2516129032256,1.0015715236065983,0.016663690105437556,937.22,1104870016,985.83,942.0728172043009,1.0003453657033219,0.0227956535573397,2952.01,3025.86,2935.6859354838707,1.0009809598148327
6.92,12396501,23.48,10.648516129032261,0.9656493164576714,-0.7667192359768693,1789.3,67850000,1862.8,1790.6627956989246,1.0019086192291402,0.05285830885702891,946.48,963960000,985.83,942.8139784946238,1.000786734609881,0.02973778189686649,2970.27,3025.86,2939.291634408602,1.001228230472868
6.69,7635922,23.48,10.274129032258065,0.9648413833216196,-0.7901956704851592,1789.3,70348000,1862.8,1793.5569892473115,1.001616269436847,0.058876656241736436,958.79,930390016,985.83,944.1949032258063,1.0014646841929384,0.017344796907282856,2986.2,3025.86,2943.607247311829,1.0014682493062976
6.99,6325806,23.48,9.940258064516128,0.9675037205885122,-0.784515426157778,1777.6,80139000,1862.8,1795.135053763441,1.000879851895195,0.04839685365419433,950.76,1149260032,985.83,944.8987311827955,1.000745426558208,-0.011387549689134024,3022.55,3025.86,2949.86911827957,1.0021272780101556
7.03,8097245,23.48,9.627139784946234,0.9684999848557618,-0.8435502833999676,1735.8,77981000,1862.8,1793.5550537634408,0.9991198433807598,0.012041907649485317,956.17,1141389952,985.83,945.845010752688,1.0010014613615874,-0.03239006952800105,3066.91,3025.86,2958.588301075269,1.002955786323423
7.72,22111134,23.48,9.376559139784947,0.9739714338049692,-0.7298981705376524,1669.1,125381000,1862.8,1787.3860215053764,0.9965604444395951,-0.0016168411040393682,954.04,1317859968,985.83,946.5982150537635,1.0007963295175348,-0.04484874307307685,3093.08,3066.91,2968.621311827956,1.0033911479840032
7.53,8163652,23.48,9.131010752688173,0.973812527235614,-0.7301197742231813,1714.2,94961000,1862.8,1784.0329032258066,0.9981240100128199,-0.036998093245971475,951.74,1017169984,985.83,947.164752688172,1.000598498523871,-0.06592638806147466,3120.46,3093.08,2980.0214838709676,1.003840224415822
7.55,5552941,23.48,8.904602150537633,0.9752044315484039,-0.7283898065005197,1735.1,92405000,1862.8,1781.8660215053765,0.9987854026029945,-0.00815847546565629,944.15,1367719936,985.83,947.2249032258067,1.0000635058868734,-0.07179421593121216,3110.29,3120.46,2990.30223655914,1.0034498921379646
7.75,5090557,23.48,8.709956989247312,0.9781410603191779,-0.7987430191197731,1749.9,70022000,1862.8,1780.4849462365592,0.9992249275466567,0.0023245803874845095,960.79,959009984,985.83,948.3870752688171,1.0012269230243553,-0.05949306327896409,3140.98,3120.46,3002.1965161290314,1.0039776178556379
7.9,8769349,23.48,8.548086021505375,0.9814154113571661,-0.6718519656019656,1748.7,85534000,1862.8,1778.8062365591397,0.9990571615441244,-0.009438278326198368,953.2,1132000000,985.83,949.0455698924732,1.0006943310815044,-0.06707326001985137,3145.91,3140.98,3013.9887741935486,1.0039278768065862
8.33,10118578,23.48,8.431376344086022,0.9863466889399881,-0.6158300304058965,1745.2,93391000,1862.8,1776.7049462365587,0.9988187075807393,0.035224339604862376,963.4,1088850048,985.83,950.3126666666666,1.0013351274315911,-0.06047916223031624,3168.8,3145.91,3026.6889677419354,1.0042137494529273
8.7,11081138,23.48,8.353290322580646,0.9907386388273194,-0.5670560702907301,1778.8,106811000,1862.8,1776.563225806452,0.9999202341219307,0.008992647386013575,977.43,1388060032,985.83,952.3906451612902,1.0021866261152894,-0.05279135796535961,3221.22,3168.8,3042.106,1.0050936955935603
8.36,4975988,23.48,8.265591397849464,0.9895012717929708,-0.6092740435032644,1769.3,32545000,1862.8,1775.6025806451614,0.9994592676762998,-0.008551379468492604,991.94,557550016,985.83,955.2364516129032,1.0029880663633892,-0.04822939265422499,3240.02,3221.22,3057.8861290322575,1.0051872383908573
8.76,7550970,23.48,8.2167311827957,0.99408872121764,-0.5833039935611909,1794.3,51338000,1862.8,1776.0606451612903,1.0002579769375883,-0.0003852930278243072,990.5,779640000,991.94,957.7454838709676,1.002626608578251,-0.04164274895059483,3234.85,3240.02,3072.2833333333333,1.004708221200386
8.96,8210252,23.48,8.19352688172043,0.9971759693046969,-0.5188397306226448,1812.4,75926000,1862.8,1777.5574193548387,1.000842749484724,0.004868150259026871,994.48,1241350016,991.94,960.3459139784947,1.0027151577859879,-0.06845732063781007,3265.35,3240.02,3087.870838709677,1.005073589797928
9.33,6830343,23.48,8.206150537634409,1.0015406864584946,-0.5033076585579875,1864.3,71185000,1862.8,1782.2621505376344,1.002646739357935,0.002113414540897196,1005.68,1113260032,994.48,963.5429247311827,1.0033290199980582,-0.06860404913248197,3329.62,3265.35,3106.7910967741936,1.0061272828601933
8.92,3838617,23.48,8.203655913978496,0.9996960056186549,-0.4638870318548146,1856.0,58508000,1864.3,1786.2378494623656,1.002230703784812,-0.047952506958486074,990.75,988430016,1005.68,965.6544731182795,1.0021914419512612,-0.0724679219941331,3295.47,3329.62,3122.692731182796,1.005118346845114
8.03,5838648,23.48,8.152537634408601,0.993768841586494,-0.5332343960517122,1824.2,78304000,1864.3,1788.0049462365596,1.000989284139694,-0.035061053412873466,992.01,1454860032,1005.68,967.7501720430108,1.0021702368529024,-0.05077015586400235,3225.52,3329.62,3133.320795698925,1.0034034935330007
8.27,13097367,23.48,8.127440860215053,0.9969215997129992,-0.5448516421629772,1828.8,82783000,1864.3,1790.0359139784948,1.0011358848565883,-0.06632317706547852,1016.0,1612039936,1005.68,971.3358064516128,1.0037051240208332,-0.07356487932576172,3327.71,3329.62,3150.0361505376345,1.0053347090606408
8.37,6800599,23.48,8.120731182795698,0.9991744415573419,-0.4933296733654885,1878.6,75693000,1864.3,1795.2911827956987,1.0029358454633033,-0.12295993135584204,1042.54,1368850048,1016.0,976.5688172043009,1.0053874372981315,-0.06025806943205492,3380.16,3329.62,3169.4602365591404,1.0061663057480121
8.09,4812030,23.48,8.10610752688172,0.9981992193086062,-0.5715041023950129,1836.0,78442000,1878.6,1797.7275268817205,1.0013570746123912,-0.1467610451042214,1031.02,1004609984,1042.54,980.901569892473,1.0044367100524219,-0.04870043551274117,3337.75,3380.16,3185.2803440860216,1.0049914200987282
7.13,10252323,23.48,8.042172043010753,0.9921126775509772,-0.6274548668955903,1666.3,117864000,1878.6,1789.2731182795696,0.9952971690783333,-0.04658075778916326,915.77,2346099968,1042.54,977.6844946236558,0.9967202873687215,-0.026154798263135937,2954.22,3380.16,3175.6858494623652,0.9969878649326832
6.13,10965769,23.48,7.927204301075268,0.9857043916344217,-0.46778287388705486,1655.5,99692000,1878.6,1780.4070967741934,0.9950449031985116,-0.10169923094334943,908.3,2276229888,1042.54,974.0227956989248,0.9962547233336859,-0.044910812501137376,2972.37,3380.16,3167.2146451612903,0.9973324803829355
4.64,11750044,23.48,7.722064516129031,0.9741220514629083,-0.560110841863575,1469.6,142528992,1878.6,1759.9443010752689,0.9885066759529325,-0.11780356270622139,813.24,3029809920,1042.54,964.2813763440861,0.9899987768275499,-0.050021699272055464,2711.02,3380.16,3141.766623655914,0.9919651730758904
4.82,15296078,23.48,7.536172043010753,0.9759271017834666,-0.5657298658289623,1154.0,153664000,1878.6,1719.9339784946237,0.9772661427090618,-0.07283476891983887,711.34,3662960128,1042.54,948.1852903225807,0.9833076875522256,-0.03331475946740903,2304.92,3380.16,3090.5006666666673,0.9836824426730999
5.2,12769941,23.48,7.381677419354839,0.9794995890786229,-0.46890235315882145,1310.6,129778000,1878.6,1691.469677419355,0.983450352495401,-0.08825783985353164,790.18,3703180032,1042.54,937.6166021505376,0.9888537733290003,-0.02824822934817639,2541.47,3380.16,3055.6620000000003,0.9887271771067945
4.54,9419259,23.48,7.190107526881721,0.9740479187060085,-0.6008115601090247,1174.7,103986000,1878.6,1655.3819354838708,0.9786648602589538,-0.10399830055162462,753.09,3480499968,1042.54,924.9782150537634,0.98652073025607,-0.055123491241922506,2488.65,3380.16,3018.2435268817203,0.9877543808450411
5.51,12761941,23.48,7.068795698924729,0.9831279535801876,-0.47728396990288724,1385.6,86724000,1878.6,1634.3479569892475,0.9872935797813481,-0.17557759540287388,856.78,2955419904,1042.54,919.4853548387096,0.9940616328842571,-0.043510611818294076,2789.82,3380.16,3001.3092688172046,0.9943893665591619
5.85,9233463,23.48,6.974731182795699,0.9866929926771912,-0.3103632750322587,1386.6,83101000,1878.6,1614.3655913978494,0.9877734937006871,-0.1265762080885907,924.09,2314800128,1042.54,918.5765161290323,0.9990115789176036,0.013887802981229824,2874.56,3380.16,2990.31,0.9963351764739862
5.9,10297412,23.48,6.88647311827957,0.9873460263624451,-0.31394573722132735,1376.2,80975000,1878.6,1594.6724731182796,0.9878013267970375,-0.06624375005782634,922.03,2048600064,1042.54,917.5865376344086,0.9989222688831677,0.023772358222787893,2836.74,3380.16,2977.123440860215,0.9955902367514455
6.76,10466535,23.48,6.856193548387097,0.9956030366528117,-0.19738539938514976,1466.3,106474000,1878.6,1581.641935483871,0.9918287059856697,-0.00740467829070468,911.72,2805240064,1042.54,915.9686666666668,0.9982368191975518,0.013882520551554922,2830.71,3380.16,2963.816774193548,0.9955303611250926
7.71,19562640,23.48,6.887634408602151,1.00458576030463,-0.08086250658686023,1577.0,155223008,1878.6,1576.4111827956986,0.9966928338387966,0.029293873525467085,952.09,2540950016,1042.54,917.0101505376344,1.0011370300195506,0.019552249074355155,2929.8,3380.16,2957.1638709677422,0.9977552919992444
9.68,18527320,23.48,7.044473118279572,1.022771056123644,0.2379135652721629,1497.3,116208000,1878.6,1566.495053763441,0.9937096811158929,0.060554755173140906,942.3,2390299904,1042.54,917.4079569892473,1.0004338081223851,0.02382327375465476,2863.7,3380.16,2946.333483870968,0.9963375762827679
10.75,10677756,23.48,7.263913978494624,1.0311507839593608,0.3555751195236172,1565.6,94734000,1878.6,1561.613333333333,0.9968836668724999,0.051968987884911555,982.39,2783869952,1042.54,920.427677419355,1.00329157863424,0.05546792052788296,2955.45,3380.16,2941.685892473118,0.998422584740223
10.85,7660548,23.48,7.481720430107527,1.0299847234229007,0.39417083106804784,1632.2,84182000,1878.6,1561.484301075269,0.9999173724664681,0.056800942905119056,1002.29,2504420096,1042.54,924.663247311828,1.0046017411214192,0.05560308113544876,3044.31,3380.16,2942.9155053763443,1.0004179959887534
12.56,12742991,23.48,7.801634408602151,1.042759413624605,0.4435413658370848,1722.9,104481000,1878.6,1567.4296774193551,1.0038075159257074,0.05021162232715182,1049.92,3100219904,1042.54,931.8725376344084,1.0077966658062156,0.06789388993236156,3193.93,3380.16,2953.846623655914,1.0037143840044336
12.22,10362939,23.48,8.089204301075268,1.0368602112598406,0.43602508300970233,1628.9,92833000,1878.6,1567.1948387096775,0.9998501759198127,0.027094413601029488,1016.5,3217649920,1049.92,936.719505376344,1.0052013205091759,0.09340864352716605,3041.31,3380.16,2954.71440860215,1.000293781315281
12.53,14417209,23.48,8.38668817204301,1.0367754181864586,0.46542545499675025,1636.3,110478000,1878.6,1567.6208602150537,1.0002718369757566,0.015719601626599577,1039.83,2731930112,1049.92,942.932365591398,1.0066325726958765,0.10537482299775291,3097.74,3380.16,2959.393053763441,1.001583450890438
12.03,9137722,23.48,8.641204301075268,1.030347632320549,0.34031976807079034,1563.6,132207000,1878.6,1563.5690322580645,0.9974153010719484,0.015081881108660267,1020.03,2468349952,1049.92,947.6620430107528,1.005015924356768,0.10366040867962278,3009.05,3380.16,2958.376752688172,0.9996565846250208
13.43,43761984,23.48,8.976838709677418,1.0388411611284767,0.5168634064080944,1619.4,68792000,1878.6,1563.5178494623658,0.9999672654071278,-0.004215253672140373,1074.07,1553379968,1049.92,955.7507741935482,1.008535459705759,0.13185862963557782,3130.01,3380.16,2965.448043010753,1.002390260238543
16.31,30685636,23.48,9.486387096774195,1.0567625645927514,0.831489337024155,1623.3,82323000,1878.6,1563.9963440860215,1.0003060371992685,-0.007745236506234154,1125.92,1789459968,1074.07,966.9247311827957,1.0116912874056272,0.1635692395709738,3185.04,3380.16,2976.103849462366,1.0035933209070136
15.04,24431402,23.48,9.896838709677418,1.043267432449894,0.5331927367415488,1679.1,77190000,1878.6,1568.3369892473117,1.0027753550561058,0.030170921015858942,1107.71,2165929984,1125.92,976.5743440860215,1.0099796939637917,0.132198668058634,3224.73,3380.16,2989.2853763440853,1.004429121948853
14.58,16188210,23.48,10.263978494623654,1.0370966725553723,0.5575840684499427,1688.3,68567000,1878.6,1573.4855913978495,1.0032828417526571,0.05103654712058958,1122.55,1699680000,1125.92,986.9012043010753,1.0105745766081113,0.13919900175004474,3215.63,3380.16,3001.8722580645153,1.0042106658066297
15.79,14454260,23.48,10.695806451612901,1.0420721806086637,0.6499095039165852,1776.2,113362000,1878.6,1584.4793548387095,1.006986885358825,0.04947913668761528,1145.81,1842119936,1125.92,998.4478279569893,1.0116998779671076,0.14558732975243727,3271.12,3380.16,3018.0915913978497,1.0054030724624479
15.71,10843669,23.48,11.107354838709677,1.0384775462195013,0.527303988241488,1905.0,116856000,1878.6,1603.8217204301075,1.0122073951499146,0.10726428390906928,1167.41,1707929984,1145.81,1011.0539999999999,1.0126257694093093,0.1475741632112968,3351.28,3380.16,3039.4045376344084,1.00706172943767
13.13,20622600,23.48,11.337935483870966,1.0207592760391253,0.18864591686265575,1893.9,78960000,1905.0,1622.248817204301,1.0114894919675061,0.1114409685347838,1185.62,1733369984,1167.41,1024.46311827957,1.0132625144448961,0.165940249729982,3372.85,3380.16,3061.9243010752693,1.0074092682175135
13.9,11901967,23.48,11.610021505376343,1.0239978452772498,0.3881836411563273,1870.9,68392000,1905.0,1639.128387096774,1.010405043735253,0.11243225627107678,1214.27,1532710016,1185.62,1039.3336559139784,1.014515444596367,0.19474935302592677,3397.16,3380.16,3085.9194838709677,1.0078366348858696
13.91,15550126,23.48,11.87204301075269,1.022568563310155,0.5507011214026185,1910.7,65670000,1905.0,1658.5436559139785,1.0118448737573222,0.11773247036996815,1251.82,1694870016,1214.27,1056.1460860215054,1.0161761624978287,0.17432292471296407,3508.01,3397.16,3116.8475913978496,1.0100223313305912
12.63,11245695,23.48,12.038838709677417,1.014049452042387,0.33756009931850195,1885.9,91913000,1910.7,1676.1729032258065,1.010629353800225,0.1254191242732402,1220.14,1754759936,1251.82,1070.3559139784945,1.0134544152035987,0.171099881543471,3426.96,3508.01,3141.9391612903223,1.0080503037625974
12.34,13899631,23.48,12.177548387096776,1.011521848640422,0.2781244079920815,1842.1,66509000,1910.7,1690.853548387097,1.0087584312650786,0.13200878025253848,1196.89,1404749952,1251.82,1082.6267311827958,1.011464240113077,0.15964599903127696,3340.97,3508.01,3161.2695483870975,1.0061523747292538
10.34,21338276,23.48,12.178688172043008,1.0000935972422365,0.08276892224636945,1815.0,131991000,1910.7,1703.864301075269,1.0076947839158412,0.14115536862005196,1169.0,1884419968,1251.82,1092.7662580645163,1.0093656720175779,0.13930537903507423,3319.47,3508.01,3179.29711827957,1.0057026361139214
10.28,15838119,23.48,12.17111827956989,0.9993784312098166,0.29948814356490727,1858.3,78949000,1910.7,1719.7137634408602,1.0093020684543887,0.1694194646405871,1183.4,1603769984,1251.82,1103.5380860215053,1.009857394367271,0.17572103393725724,3298.46,3508.01,3196.0085161290317,1.0052563183709313
12.03,20933828,23.48,12.26967741935484,1.0080977883478783,0.81092652186993,1917.0,59373000,1910.7,1738.9374193548388,1.0111784044081356,0.2110775560332715,1213.1,1373849984,1251.82,1115.6504946236562,1.010975976955919,0.20905001391858602,3348.44,3508.01,3215.2041290322577,1.0060061206991011
11.31,27808070,23.48,12.309096774193549,1.0032127458197495,1.247455822025876,2033.0,52210000,1917.0,1765.0825806451614,1.0150351363995738,0.3335255304770972,1260.08,1357330048,1251.82,1130.138387096774,1.0129860494329859,0.26686544071809437,3477.13,3508.01,3241.893569892472,1.0083010097614697
10.94,11003420,23.48,12.31030107526882,1.0000978382977534,1.0966821495155497,2072.4,46963000,2033.0,1792.558064516129,1.0155661180798266,0.46413468975199446,1257.8,1368419968,1260.08,1143.5182365591397,1.0118391248497782,0.25674533130860944,3483.81,3508.01,3267.366430107527,1.0078574017517483
11.09,11523888,23.48,12.308021505376345,0.9998148241965378,0.9547647328373148,2074.4,50091000,2072.4,1818.1875268817205,1.0142977027483402,0.4437987372048324,1249.95,1403180032,1260.08,1155.2164516129033,1.0102300205451586,0.2183171296018276,3465.39,3508.01,3289.1156559139777,1.006656500356385
10.6,11653271,23.48,12.261462365591395,0.9962171710729777,1.162012222886642,1985.5,70202000,2074.4,1836.4389247311829,1.010038237299298,0.5277119073551491,1172.03,1816210048,1260.08,1160.898817204301,1.0049188752319653,0.24234540241129565,3269.96,3508.01,3296.2695698924726,1.0021750265806653
10.01,28336780,23.48,12.163806451612905,0.9920355410254704,0.6006220024882931,2132.3,53700000,2074.4,1862.417634408602,1.0141462421252163,0.5378116800992918,1258.63,1460749952,1260.08,1171.2673333333332,1.0089314555027302,0.2110785962819155,3509.44,3508.01,3317.1935698924735,1.0063477818049582
10.77,24799412,23.48,12.105505376344087,0.9952070040327642,0.6510893155092565,2098.5,59673000,2132.3,1884.6098924731182,1.0119158332988847,0.4304422301356863,1244.78,2468260096,1260.08,1179.8781075268819,1.0073516727979113,0.09983372620985742,3585.15,3509.44,3341.454516129033,1.007313696269267
11.56,7991669,23.48,12.087591397849462,0.9985201792128702,0.8013001388435674,2080.1,59190000,2132.3,1904.0840860215055,1.0103332756694978,0.3972327911025084,1243.31,1883619968,1260.08,1187.7043870967743,1.00663312550675,0.09435404329930397,3557.54,3585.15,3362.4060215053764,1.0062701752411147
12.22,9719961,23.48,12.100086021505376,1.0010336735619751,0.6991634601196357,2112.3,37875000,2132.3,1924.1219354838709,1.0105236158473618,0.3234343073141652,1280.15,1367849984,1260.08,1197.216516129032,1.0080088354775798,0.11879075170467912,3638.35,3585.15,3387.0209677419343,1.0073206347119072
12.04,11338188,23.48,12.089225806451614,0.9991024679465533,0.44012045697138524,2085.4,66963000,2132.3,1941.035053763441,1.0087900449382472,0.20611420235728017,1274.78,1764450048,1280.15,1205.589870967742,1.0069940188143942,0.0763435657608964,3699.12,3638.35,3413.8196989247317,1.0079121834314075
11.9,10640381,23.48,12.060021505376342,0.9975842703624838,0.07725505506335884,2121.8,66096000,2132.3,1959.2032258064517,1.0093600432448577,0.24811407164795818,1259.81,1547360000,1280.15,1212.3034623655917,1.0055687191469689,0.05767707465606042,3663.46,3699.12,3436.663333333334,1.0066915175443498
12.87,10761328,23.48,12.08862365591398,1.0023716500443125,0.04605924756106883,2211.5,72730000,2132.3,1981.8154838709677,1.0115415582042073,0.30310376669469385,1289.04,1660060032,1280.15,1220.2200430107525,1.006530197174982,0.057038547899721515,3709.41,3699.12,3460.7515698924735,1.0070091929941172
13.27,8452920,23.48,12.13847311827957,1.004123667324295,0.07497769333319337,2224.3,36213000,2211.5,2003.8645161290326,1.0111256736247705,0.3177252804118351,1277.28,1092999936,1289.04,1226.7184516129034,1.0053256038854408,0.05797441866475772,3703.06,3709.41,3482.808709677419,1.0063735114582728
13.19,6797202,23.48,12.177956989247312,1.0032527872808221,-0.09341940790985381,2243.4,34537000,2224.3,2025.8724731182795,1.01098275697389,0.3086890146769684,1302.56,935129984,1289.04,1234.2564516129032,1.0061448492847636,0.06462525241931272,3756.07,3709.41,3506.869182795699,1.0069083533216812
11.74,12562730,23.48,12.122537634408603,0.995449207540506,-0.17529573758509687,2251.1,56096000,2243.4,2047.2578494623658,1.0105561315570715,0.3716484656552499,1352.53,1794940032,1302.56,1244.4750107526881,1.0082791215119284,0.0729989993196214,3824.68,3756.07,3534.1472043010754,1.0077784542517865
11.98,12408975,23.48,12.08363440860215,0.9967908348087094,-0.1880028215315328,2177.1,48980000,2251.1,2062.5309677419355,1.0074602807279898,0.2934103658231635,1327.14,1901990016,1352.53,1252.3328602150536,1.0063141882275426,0.05985343218675121,3768.25,3824.68,3556.099913978494,1.0062116002555588
12.48,8310544,23.48,12.078172043010753,0.9995479534214053,-0.10433397000028988,2166.1,40687000,2251.1,2075.931397849463,1.0064970806824773,0.2904134743377951,1368.13,1554989952,1352.53,1262.2173548387098,1.0078928653377015,0.06462566634579203,3841.47,3824.68,3581.3345376344087,1.0070961514767123
13.98,28410706,23.48,12.168516129032257,1.0074799469406286,-0.140275530199667,2099.2,82175000,2251.1,2083.7200000000003,1.0037518591214556,0.2611575794435017,1307.64,2116349952,1368.13,1267.4506666666666,1.0041461257111504,0.0308081932589932,3714.24,3841.47,3596.570623655914,1.0042543040482248
16.25,18390882,23.48,12.404129032258064,1.0193625007952836,-0.23939034219102373,2254.2,52418000,2251.1,2100.4767741935484,1.008041759062421,0.30168421873311413,1385.96,1778659968,1368.13,1277.2345806451617,1.0077193647341134,0.010618332529928942,3886.83,3841.47,3621.6851397849455,1.006982906428653
15.49,18842148,23.48,12.590838709677417,1.015052219864353,-0.12193682998106437,2333.7,52139000,2254.2,2121.005806451613,1.0097735107144645,0.29089600861284626,1368.53,1534470016,1385.96,1285.334752688172,1.0063419611132975,0.01525425696497118,3934.83,3886.83,3648.3872043010747,1.007372828803587
15.33,6939019,23.48,12.766258064516128,1.013932301007389,-0.0642875012336499,2255.1,51068000,2333.7,2135.0561290322576,1.0066243678060225,0.23815796046040694,1361.14,1180199936,1385.96,1292.3972473118279,1.005494673359516,-0.0023699142223905234,3906.71,3934.83,3671.7479784946236,1.0064030413674319
14.94,8940747,23.48,12.914903225806452,1.0116435967798179,-0.18630017598888882,2109.8,62843000,2333.7,2138.5133333333333,1.0016192568682691,0.15472354613037753,1294.47,2253669888,1385.96,1294.6453548387096,1.0017394864710194,-0.03534796593177392,3811.15,3934.83,3687.4573978494623,1.0042784579570407
15.59,9471935,23.48,13.107311827956991,1.0148981838103184,-0.06782548759730356,2074.0,57568000,2333.7,2138.943440860215,1.0002011245476834,0.07643096108590175,1257.91,2245149952,1385.96,1294.2150537634411,0.9996676301555014,-0.06888769405366113,3841.94,3934.83,3703.9919139784947,1.0044839883814456
16.88,8033685,23.48,13.383204301075265,1.0210487456726112,0.24544403054758623,2139.3,53499000,2333.7,2143.223010752688,1.0020007868421017,0.03970799647803225,1330.13,1834659968,1385.96,1298.249483870968,1.0031172795400543,-0.047256227958200725,3943.34,3934.83,3726.013182795699,1.0059452799381388
16.95,5859696,23.48,13.655548387096774,1.0203496920389705,0.14172551774940634,2132.3,60861000,2333.7,2146.523225806451,1.0015398374491156,0.06111721416787774,1328.16,2000370048,1385.96,1301.846043010753,1.0027703143228381,-0.058080939716668833,3913.1,3943.34,3744.856623655914,1.0050572662885955
13.81,7573249,23.48,13.718752688172046,1.0046284703684982,-0.04292785707938229,2122.0,47217000,2333.7,2148.5967741935488,1.0009660032382452,0.007360227148493825,1325.34,1773970048,1385.96,1305.0157419354837,1.0024347724846174,-0.0742594403541541,3974.54,3943.34,3766.5543870967736,1.0057940171337394
14.66,11963889,23.48,13.837010752688172,1.0086201761343863,0.08026150906658591,2183.7,42014000,2333.7,2154.196559139785,1.0026062521425587,0.040015267178602265,1354.13,1118850048,1385.96,1309.884752688172,1.0037309977161402,-0.06319813253066342,4019.87,3974.54,3790.1733763440857,1.0062707150408408
14.88,7746994,23.48,13.96509677419355,1.0092567696733554,0.13312226565396568,2205.3,42695000,2333.7,2160.5494623655914,1.0029490824311516,0.05291543815882016,1411.45,1619469952,1385.96,1318.1636774193548,1.006320345903861,-0.056544168052997,4128.8,4019.87,3819.5450322580646,1.007749422782952
16.8,9951566,23.48,14.21159139784946,1.0176507637320076,0.5622497825388135,2265.4,38774000,2333.7,2169.9987096774194,1.0043735389892356,0.07230912275325907,1440.19,1301440000,1411.45,1327.835376344086,1.007337251883367,-0.028900418577390452,4185.47,4128.8,3850.8785591397855,1.0082034709938206
16.19,5095760,23.48,14.404838709677419,1.013597865743396,0.5176006669148818,2261.3,41499000,2333.7,2178.2148387096777,1.0037862368284447,-0.009221676248858612,1422.5,1446279936,1440.19,1335.7825806451613,1.0059850825205126,-0.06526463774777325,4180.17,4185.47,3880.007784946237,1.0075643065235893
16.01,3082003,23.48,14.573763440860215,1.011726943604673,0.2560332081875758,2246.7,44490000,2333.7,2184.6223655913977,1.0029416413697354,-0.010478758215789474,1435.89,1577309952,1440.19,1344.0794623655913,1.0062112516218191,-0.06503847834222642,4181.17,4185.47,3907.305376344086,1.0070354475843475
13.58,9239244,23.48,14.577354838709676,1.0002464289930348,0.21621943674907917,2199.9,55780000,2333.7,2187.3015053763443,1.0012263628841047,-0.07405220500741905,1419.11,1450720000,1440.19,1350.8146451612904,1.0050110004536823,-0.09106199172683338,4232.6,4185.47,3936.1302150537635,1.0073771655740529
13.06,12762035,23.48,14.54251612903226,0.9976100801508307,0.23051082478552964,2163.8,51948000,2333.7,2187.2926881720427,0.9999959689122511,-0.12767513757500248,1366.7,1605990016,1440.19,1353.8265376344086,1.0022296859779445,-0.11149076086346632,4173.85,4232.6,3959.540064516129,1.0059474275959759
14.06,8341728,23.48,14.56763440860215,1.0017272306488796,0.37174815007177486,2152.7,55968000,2333.7,2186.371182795699,0.9995787004723571,-0.16015241093993127,1349.99,1737059968,1440.19,1355.5261720430108,1.0012554299693164,-0.1192122137457936,4155.86,4232.6,3980.3053118279568,1.0052443584288786
14.18,6011486,23.48,14.594107526881722,1.0018172558108638,0.4150520157675144,2169.1,50305000,2333.7,2186.33935483871,0.9999854425647211,-0.1842722358874278,1380.08,2165120000,1440.19,1358.9519569892475,1.0025272731850492,-0.10816375637510167,4204.11,4232.6,4002.6985806451607,1.0056260178712069
13.62,4098250,23.48,14.576752688172045,0.9988108324762093,0.4583036316865885,2133.6,32157000,2333.7,2183.6223655913977,0.9987572884139423,-0.25960596799845526,1366.39,1437250048,1440.19,1361.0470967741933,1.001541732048856,-0.1196722620273003,4229.89,4232.6,4024.7461505376345,1.005508176408557
14.3,5417892,23.48,14.595505376344086,1.0012864791338099,0.3883209035801617,2165.8,40617000,2333.7,2182.9800000000005,0.9997058256951754,-0.18933343553504134,1388.59,1354919936,1440.19,1364.3427526881724,1.002421412103806,-0.06920100654322092,4247.44,4232.6,4046.376623655914,1.0053743695401485
13.56,3619849,23.48,14.558924731182795,0.9974937047934922,0.2136284533833015,2154.9,55251000,2333.7,2181.489677419355,0.9993172990221415,-0.17238993436916106,1387.66,1598700032,1440.19,1367.2691397849462,1.0021449061029628,-0.05505903404032453,4166.45,4247.44,4061.3576559139788,1.0037023326426122
14.39,3026604,23.48,14.57159139784946,1.000870027622269,0.19987391445245373,2204.4,51555000,2333.7,2183.0320430107527,1.0007070240154528,-0.1850286526614493,1424.04,1658560000,1440.19,1372.232193548387,1.0036299025693078,-0.06414891914582777,4280.7,4247.44,4082.4001720430106,1.0051811531787629
12.84,4489425,23.48,14.479591397849465,0.9936863450608715,0.11174926528412787,2230.6,42630000,2333.7,2186.0666666666666,1.0013900957915984,-0.14233147546057223,1453.51,1362329984,1440.19,1378.7870967741937,1.0047768178422172,-0.03638336092059857,4352.34,4280.7,4106.683225806452,1.005948229654147
12.51,4831183,23.48,14.36458064516129,0.9920570443234153,0.12360898905016549,2262.2,32524000,2333.7,2190.827741935484,1.0021779186066988,-0.21466849124751475,1474.52,1133549952,1453.51,1386.3131182795698,1.0054584362756107,-0.022308096894072316,4369.55,4352.34,4130.67182795699,1.0058413568399414
12.2,6021554,23.48,14.22825806451613,0.9905098113190599,-0.015522420279794225,2257.4,35850000,2333.7,2194.9772043010753,1.0018940158033263,-0.26577321543860766,1435.67,1281880064,1474.52,1390.870946236559,1.0032877334109378,-0.0527845993000684,4327.16,4369.55,4150.40711827957,1.0047777434626999
12.03,6317711,23.48,14.082408602150538,0.9897493100206465,-0.0746906581222403,2363.8,43194000,2333.7,2205.892473118279,1.0049728392603874,-0.22908428288360683,1476.62,1599810048,1474.52,1397.755376344086,1.0049497260160298,-0.03532704883206805,4411.8,4369.55,4174.274559139784,1.0057506264277294
11.51,4626216,23.48,13.905677419354841,0.987450216238669,-0.10875723172367946,2379.7,41631000,2363.8,2217.5335483870963,1.005277263244097,-0.21190745351690898,1438.71,1455820032,1476.62,1401.765311827957,1.0028688392487957,-0.06565027421558023,4395.26,4411.8,4195.550731182796,1.0050969747537153
11.21,6746889,23.48,13.713204301075267,0.9861586665305728,-0.00635707647571504,2305.3,42650000,2379.7,2224.081505376344,1.0029528107901728,-0.29103455361624664,1444.09,1632409984,1476.62,1405.8295483870966,1.0028993701904634,-0.09227619706529011,4436.52,4411.8,4218.11423655914,1.0053779603256003
10.38,6765587,23.48,13.468322580645161,0.9821426331108547,-0.0819975406523783,2267.8,44992000,2379.7,2228.0935483870967,1.0018039100640217,-0.24958575926630555,1444.7,1149760000,1476.62,1409.7362365591398,1.00277892023007,-0.09711481722736792,4468.0,4436.52,4241.392924731183,1.0055187429421142
10.28,5266000,23.48,13.22043010752688,0.9815944063090293,-0.10224388103061233,2232.3,39452000,2379.7,2229.620215053764,1.000685189662603,-0.2500381694707914,1412.34,1416249984,1476.62,1411.302365591398,1.0011109376290708,-0.12392809116867975,4441.67,4468.0,4261.46806451613,1.0047331478458152
10.55,4217725,23.48,12.994688172043013,0.982924766165108,-0.18839725787971162,2274.4,32828000,2379.7,2233.72064516129,1.0018390711027112,-0.19468619716494584,1449.28,1399020032,1476.62,1415.1566451612903,1.0027310090763415,-0.10575882245376045,4509.37,4468.0,4284.620193548388,1.0054328998086455
10.51,4629346,23.48,12.773741935483871,0.9829971882638562,-0.32233596874709336,2314.0,37239000,2379.7,2239.9991397849462,1.0028107787951268,-0.26193165189098555,1466.71,1241260032,1476.62,1419.8308387096777,1.003302951347732,-0.10860833879661169,4535.43,4509.37,4307.743655913979,1.005396852304531
10.51,3137362,23.48,12.565139784946238,0.9836694563275807,-0.3104251603231982,2256.4,35461000,2379.7,2242.4329032258065,1.0010865019533417,-0.2576712564822006,1461.86,1059699968,1476.62,1424.0184731182794,1.0029493896698338,-0.06490886889351777,4458.58,4535.43,4324.514215053764,1.0038931191081348
12.22,10403714,23.48,12.47756989247312,0.9930307267589628,-0.2268641906711839,2254.2,61220000,2379.7,2244.890967741936,1.0010961596721997,-0.23146689270902987,1469.69,1621820032,1476.62,1428.5105591397846,1.0031545138678353,-0.05496248856713848,4432.99,4535.43,4338.507462365591,1.0032357963498226
14.4,9714920,23.48,12.537333333333335,1.0047896698936758,-0.07288259308356204,2260.7,40060000,2379.7,2247.7703225806454,1.00128262569545,-0.16588298780323707,1474.29,1627149952,1476.62,1433.0659784946236,1.0031889294242124,-0.030150459921155726,4455.48,4535.43,4352.819892473119,1.0032989294663386
12.83,6639890,23.48,12.496967741935483,0.9967803686537926,-0.21509339511647185,2182.2,43771000,2379.7,2245.26064516129,0.9988834813796839,-0.17427172699255067,1438.51,1625580032,1476.62,1434.9263010752688,1.0012981416128512,0.009495986566354642,4357.05,4535.43,4359.396344086021,1.0015108485476907
12.16,5133392,23.48,12.419311827956989,0.9937860194903194,-0.35140975490439497,2198.0,43512000,2379.7,2243.5376344086026,0.9992326010094192,-0.1238885882908003,1451.37,1569560064,1476.62,1437.2279139784946,1.0016039938089512,-0.022465361790978022,4391.36,4535.43,4367.078580645161,1.0017622248478422
13.15,8155929,23.48,12.41567741935484,0.9997073582938817,-0.2881531615667329,2229.1,34464000,2379.7,2243.6948387096772,1.000070069830193,-0.15866591493381876,1502.87,1307920000,1476.62,1442.591376344086,1.0037318106011066,-0.01112405285609297,4471.37,4535.43,4378.959268817204,1.0027205116538773
12.1,6001384,23.48,12.352473118279569,0.9949093151392012,-0.23846667030185853,2289.6,32067000,2379.7,2247.5470967741935,1.0017169260266836,-0.11339794525386937,1525.03,1356080000,1502.87,1449.0087956989246,1.0044485357808681,0.007167372138289219,4544.9,4535.43,4394.383247311828,1.0035222932089045
12.53,5963798,23.48,12.320688172043008,0.9974268354254077,-0.21861684643519874,2270.2,50312000,2379.7,2249.787311827957,1.0009967377577889,-0.1514206155089468,1585.72,1743180032,1525.03,1458.912258064516,1.006834646135336,0.025370974587255013,4605.38,4544.9,4412.482580645161,1.0041187425662985
10.87,6452962,23.48,12.186387096774196,0.989099547574497,-0.37021278120367884,2129.1,192056992,2379.7,2242.7382795698927,0.996866800598881,-0.2292233841489717,1664.89,2045849984,1585.72,1473.4254193548386,1.0099479329274925,0.04181298177637882,4697.53,4605.38,4435.267913978494,1.0051638353051586
10.98,5376111,23.48,12.0678064516129,0.9902694174885776,-0.4564031584679614,2115.1,67560000,2379.7,2234.9498924731183,0.996527286679983,-0.23003706542054825,1611.82,1871360000,1664.89,1483.969677419355,1.0071562889617673,0.0003368541811705761,4682.85,4697.53,4455.883075268817,1.004648008122655
9.99,6019219,23.48,11.897870967741936,0.9859182789720453,-0.5373441118661245,2056.1,61219000,2379.7,2223.6782795698923,0.9949566596811916,-0.2305662655585362,1673.27,1711910016,1664.89,1498.1093548387098,1.0095282792057745,0.052420056915050584,4697.96,4697.53,4476.403440860216,1.0046052298152282
9.63,6045716,23.48,11.718043010752687,0.9848857028726563,-0.5256265453599686,2007.0,43445000,2379.7,2209.6802150537637,0.9937049956170656,-0.22389193858673895,1612.87,1441170048,1673.27,1507.8129677419354,1.0064772393763406,0.02437076160332352,4594.62,4697.96,4489.143182795699,1.0028459771563922
8.77,9019892,23.48,11.496451612903229,0.9810897265314591,-0.5722298047695971,1967.4,88787000,2379.7,2193.6427956989246,0.992742198963641,-0.2335294630712086,1574.74,2259919872,1673.27,1514.6759784946232,1.0045516326623491,0.037411502861265156,4538.43,4697.96,4497.368623655913,1.0018322963927142
9.55,7573647,23.48,11.33552688172043,0.9860022260257955,-0.5355781925663418,1992.3,69444000,2379.7,2179.711827956989,0.9936493909722904,-0.24958838185568977,1614.44,1766800000,1673.27,1523.7655913978492,1.0060010279639213,0.05233023953394911,4712.02,4697.96,4516.135720430108,1.0041729060578848
9.57,6203189,23.48,11.183440860215056,0.9865832419531706,-0.6900570828084175,1998.9,94091000,2379.7,2166.5754838709677,0.9939733574330631,-0.2498842453049811,1545.06,2143299968,1673.27,1527.846301075269,1.0026780429355122,0.032660105526718164,4620.64,4712.02,4527.849978494624,1.002593867587177
9.43,2950193,23.48,11.031978494623655,0.9864565505836199,-0.6748335510585279,2040.0,47089000,2379.7,2156.421505376344,0.9953133511524456,-0.21960370463925905,1604.1,1289059968,1673.27,1535.3165376344082,1.0048893900871323,0.03823820713017256,4725.78,4712.02,4545.347935483872,1.0038645178334873
9.21,3977260,23.48,10.876537634408603,0.985909974326835,-0.6030518089492912,2093.4,44758000,2379.7,2149.990322580645,0.997017659683107,-0.1862509857380057,1610.76,1123879936,1673.27,1542.7346881720432,1.0048316750036868,0.05205771904077694,4766.18,4725.78,4564.33047311828,1.0041762562302916
8.43,5492824,23.48,10.68025806451613,0.9819538554924381,-0.6886223251602526,1982.1,65822000,2379.7,2136.464946236559,0.9937090989656868,-0.17328509898804823,1569.02,2226520064,1673.27,1546.9344086021506,1.0027222570817302,0.028798994390634824,4677.02,4766.18,4576.407440860215,1.002645945076296
8.21,6173306,23.48,10.482408602150539,0.9814752170621306,-0.6504041388144659,1961.7,61174000,2379.7,2122.018494623656,0.9932381518178657,-0.18552024958571012,1545.9,1967440000,1673.27,1549.2544946236558,1.0014997959891536,-0.005108498379041704,4662.85,4766.18,4586.646387096775,1.0022373327482037
7.95,5933474,23.48,10.279290322580644,0.98062293817394,-0.6898066645820433,1863.0,48453000,2379.7,2101.619784946237,0.9903871197498508,-0.2058176962853685,1414.67,1682109952,1673.27,1542.7678279569893,0.9958130399562002,-0.0339655792968907,4397.93,4766.18,4578.7261935483875,0.9982732059810261
7.8,7676518,23.48,10.080344086021507,0.9806459171483745,-0.6452937771584948,1826.5,90443000,2379.7,2079.600430107527,0.9895226743693444,-0.22985356787921096,1401.07,2257880064,1673.27,1535.4238924731183,0.9952397662494711,-0.054346516972467174,4431.85,4766.18,4572.742279569893,0.9986931050852252
8.2,12227676,23.48,9.918043010752687,0.9838992524576732,-0.6019764017287599,1881.6,68622000,2379.7,2062.004946236559,0.9915390073899639,-0.18767903965651644,1456.33,2030189952,1673.27,1531.7578924731185,0.9976123857275043,-0.04231413323382893,4500.54,4766.18,4571.018989247312,0.9996231385419903
8.61,5585205,23.48,9.7914623655914,0.987237336536648,-0.5086937915596813,1833.4,101140000,2379.7,2042.1182795698924,0.9903556649061571,-0.17266994503380095,1423.52,1828649984,1673.27,1526.0142365591396,0.9962502847596199,-0.02960383447674908,4418.64,4766.18,4563.730129032258,0.9984054189597114
6.62,13942097,23.48,9.54421505376344,0.9747486838435061,-0.6453910122829598,1819.8,75490000,2379.7,2022.2660215053763,0.9902785953864057,-0.1962929297774214,1417.74,1549820032,1673.27,1519.9238064516128,0.9960089296930417,-0.025610830096857495,4348.87,4766.18,4551.743247311828,0.9973734464173997
6.94,8765126,23.48,9.329247311827956,0.977476645200831,-0.5357795731130895,1852.3,60502000,2379.7,2005.6804301075267,0.991798511560065,-0.2111432616038451,1387.08,1654019968,1673.27,1511.981935483871,0.9947748229654467,-0.033465525154825704,4384.62,4766.18,4542.198150537634,0.9979029799671081
6.15,7451985,23.48,9.073139784946237,0.9725478896291004,-0.6011167020678284,1827.5,73466000,2379.7,1988.6290322580646,0.9914984473131904,-0.20685065330595553,1350.6,2032390016,1673.27,1501.7975483870966,0.9932642137728219,-0.040475218660355305,4328.87,4766.18,4529.079161290323,0.997111753205712
5.85,7463358,23.48,8.808559139784947,0.9708391305069198,-0.5916231060118369,1781.2,77335000,2379.7,1969.6180645161292,0.9904401638347053,-0.1961153377344872,1315.58,1975840000,1673.27,1489.5548602150538,0.9918479769891813,-0.030357499263042986,4204.31,4766.18,4508.155548387097,0.9953801618037373
6.15,6470195,23.48,8.573075268817204,0.9732664710276905,-0.5725289613774467,1958.9,76904000,2379.7,1963.1180645161292,0.996699867798178,-0.12496027650941866,1437.52,1846499968,1673.27,1485.4569462365591,0.9972489002668199,0.01300605773964536,4463.09,4766.18,4504.4944946236565,0.9991879042938635
5.73,6255106,23.48,8.319376344086024,0.9704074772731837,-0.5940993426296813,1936.6,59593000,2379.7,1955.7673118279572,0.9962555727946073,-0.15802144016373032,1452.85,1489810048,1673.27,1482.2939139784942,0.9978706671599749,-0.005003382828258962,4543.04,4766.18,4505.945440860215,1.0003221107803084
5.55,4980829,23.48,8.064430107526881,0.9693551263923317,-0.5548437154137668,1955.7,57568000,2379.7,1950.3752688172044,0.9972430038184281,-0.16857384008133924,1465.81,1485650048,1673.27,1479.9593333333332,0.9984250217698764,-0.0029132899299649795,4545.86,4766.18,4507.505913978494,1.0003463142505298
5.36,6104745,23.48,7.8078924731182795,0.9681889940159362,-0.5168320308967365,1958.2,60000000,2379.7,1945.915053763441,0.9977131503228769,-0.19488817235011413,1417.79,1734560000,1673.27,1474.5286236559139,0.9963305007407279,-0.036807839350895044,4488.28,4766.18,4505.329118279569,0.99951707313524
5.06,4451679,23.48,7.543075268817206,0.9660833950758402,-0.6319339886636145,1907.7,46743000,2379.7,1938.838064516129,0.9963631561235805,-0.19922369265285533,1406.28,1057670016,1673.27,1468.4501075268818,0.9958776547084172,-0.03403166532322055,4392.59,4766.18,4496.914903225807,0.9981323861514084
4.73,7687309,23.48,7.272365591397849,0.9641114972644564,-0.7189772193714994,1862.9,56179000,2379.7,1929.6159139784947,0.9952434652968629,-0.2506326474833561,1381.16,1287859968,1673.27,1460.8873118279569,0.994849810926391,-0.02193926441332328,4271.78,4766.18,4480.793376344086,0.9964149806637086
4.41,9299652,23.48,7.001806451612904,0.962796268093978,-0.7184291369454889,1800.9,63566000,2379.7,1917.249247311828,0.9935911252715733,-0.21170832676793017,1272.15,1632809984,1673.27,1446.4918924731182,0.9901461124083375,-0.06397945438774721,4131.93,4766.18,4456.044322580645,0.9944766357908621
4.11,9403590,23.48,6.73,0.9611805248415155,-0.7172201922710468,1714.4,164398000,2379.7,1900.1219354838709,0.9910667265343975,-0.2255410788670965,1229.22,1777069952,1673.27,1429.6845591397846,0.9883806238937174,-0.0920287951559492,4123.34,4766.18,4431.225204301075,0.9944302353201917
5.1,18210474,23.48,6.539376344086022,0.9716755340395277,-0.670890911154312,1737.4,104435000,2379.7,1885.518494623656,0.9923144717254705,-0.15437755155588373,1187.3,2108349952,1673.27,1410.6504516129032,0.9866864984970294,-0.10990153136100589,4023.89,4766.18,4400.566344086023,0.9930811775972718
5.01,9978654,23.48,6.36025806451613,0.9726092718716396,-0.6428725760276564,1754.7,88788000,2379.7,1873.0886021505376,0.9934077058864388,-0.12239114420769648,1098.91,2051049984,1673.27,1386.5924086021507,0.982945425648682,-0.13782137936175454,3901.36,4766.18,4362.964645161291,0.9914552591678875
5.68,8107090,23.48,6.239612903225806,0.981031404690416,-0.6004699620256233,1824.2,76757000,2379.7,1866.2929032258066,0.9963719287400881,-0.13411532357039946,1200.5,1755660032,1673.27,1370.0049462365591,0.9880372470938927,-0.14583986229502677,4158.24,4766.18,4343.319806451613,0.9954973646803522
5.45,6899102,23.48,6.118860215053763,0.9806474071316803,-0.5332161458395496,1806.2,61095000,2379.7,1859.295053763441,0.9962504012900278,-0.061040927433135383,1200.56,1249660032,1673.27,1354.2497849462366,0.9884999237896166,-0.15351238839286552,4108.54,4766.18,4321.430107526882,0.9949601457179793
4.65,6105883,23.48,5.958150537634409,0.9737353572771653,-0.61387895569645,1723.4,58347000,2379.7,1847.649677419355,0.9937366711536642,-0.03894791772730233,1127.72,1849910016,1673.27,1334.7938279569892,0.9856334058860347,-0.13335352323676564,3900.86,4766.18,4287.408344086021,0.9921271980352978
4.17,7728400,23.48,5.780086021505376,0.9701141293755007,-0.6333068118560989,1631.0,94347000,2379.7,1830.885376344086,0.9909266884950376,-0.01483782919315535,1065.21,2729169920,1673.27,1312.346043010753,0.983182582601094,-0.14561659214938882,3674.84,4766.18,4240.486344086022,0.9890558593363931
4.77,3490156,23.48,5.653247311827957,0.9780559131463609,-0.5456151293891951,1753.9,85659000,2379.7,1822.9643010752686,0.9956736367163334,-0.004141868255314707,1153.04,1700300032,1673.27,1296.8723655913977,0.9882091484164833,-0.13647447135469581,3911.74,4766.18,4211.0484731182805,0.993057902188791
