2.361,746322,2050.0,4.928346236559139,0.9249238304764462,-0.9544779835051517,631.12,75175336,655.98,606.6356559139784,1.0023864840550392,-0.10600218841848619,1279.2,22925640,1281.3,1231.5881720430107,1.00389171424745,0.06961939209901447,2850.13,2872.87,2754.9944731182795,1.0027021647726282
2.162,162822,2050.0,4.551169892473118,0.923467969582154,-0.9573177114253394,640.06,58791032,655.98,608.7024301075268,1.0034069448002267,-0.06259918430550837,1300.8,22925640,1281.3,1237.5434408602152,1.00483543846262,0.07985489983022376,2874.69,2872.87,2763.9177204301077,1.0032389347415744
2.264,126700,2050.0,4.217903225806452,0.9267734067194824,-0.9540996999759355,654.71,48311656,655.98,611.7486021505376,1.0050043697746907,-0.03425759889557112,1327.2,22925640,1300.8,1244.9935483870966,1.0060200775834607,0.09932307252962702,2901.52,2874.69,2774.5680215053767,1.0038533350673013
2.072,71273,2050.0,3.9079827956989246,0.9265226313843955,-0.9448774263591653,647.39,46361304,655.98,614.2692258064517,1.004120358668664,-0.007154516085714269,1288.3,22925640,1327.2,1249.5621505376344,1.003669578976097,0.07164113463065758,2871.68,2901.52,2782.9933978494623,1.0030366443636565
2.16,1335563,2050.0,3.636531182795699,0.9305391996090716,-0.8943324566223871,665.27,50264028,655.98,617.818322580645,1.0057777544846624,-0.014677360133968032,1311.9,22925640,1327.2,1255.2550537634409,1.004555918425792,0.06054870573625304,2904.98,2901.52,2793.0249462365587,1.0036045893586554
1.88,270257,2050.0,3.382453763440861,0.9301319288675787,-0.8965501257399543,667.24,62657900,665.27,621.3960645161292,1.005790928829271,-0.007869623524847436,1311.2,22925640,1327.2,1260.5920430107528,1.0042517169967258,0.03583769511820756,2929.67,2904.98,2804.277870967742,1.0040289381397562
3.12,4015349,2050.0,3.2430430107526873,0.9587841364766045,-0.7944883376562081,655.72,54767688,667.24,624.128623655914,1.0043974516348324,-0.009278181722895962,1322.1,22925640,1327.2,1266.3707526881722,1.0045841235548478,0.03794785585745486,2913.98,2929.67,2814.126344086021,1.0035119462376532
2.887,936384,2050.0,3.119737634408602,0.9619784949088704,-0.816301463283634,637.2,61396216,667.24,625.5546021505377,1.00228475099615,-0.021157781336947235,1292.5,22925640,1327.2,1269.9335483870968,1.002813390700442,0.015029226565957954,2885.57,2929.67,2821.662924731183,1.0026781244776022
2.56,405168,2050.0,3.0085247311827956,0.9643518410012423,-0.8309927328930122,593.12,78385448,667.24,624.1278924731183,0.9977192883362785,-0.04046943868807851,1243.1,22925640,1327.2,1270.175483870968,1.0001905103492843,0.014778322427275059,2767.13,2929.67,2821.3453118279567,0.9998874376877399
2.622,202559,2050.0,2.934688172043011,0.9754575528748417,-0.7864035790399864,589.8,65315320,667.24,622.5616559139785,0.9974905198469282,-0.055046200321185124,1228.6,22925640,1327.2,1269.4288172043011,0.9994121547170858,0.025259336335829996,2767.78,2929.67,2821.0371182795698,0.9998907636200735
2.12,381123,2050.0,2.8450193548387097,0.9694451975993492,-0.7651575003545077,563.82,79393952,667.24,619.3165376344086,0.9947874748649502,-0.07058964751006214,1195.3,22925640,1327.2,1266.3053763440857,0.9975394911334262,0.04029146686649243,2658.69,2929.67,2813.304795698925,0.9972590496840537
2.683,268358,2050.0,2.804376344086022,0.9857143289083206,-0.6648202481711838,586.93,111186856,667.24,617.6349677419355,0.9972847973688929,-0.01853861663233025,1207.0,22925640,1327.2,1263.8212903225808,0.9980383199282651,0.036589748913620435,2723.06,2929.67,2809.6870537634413,0.9987140597275438
1.911,1344359,2050.0,2.723886021505376,0.9712983163795448,-0.6367143634222139,586.65,134037584,667.24,615.9154623655912,0.9972159844144984,-0.10633888823590198,1223.9,22925640,1327.2,1262.2305376344084,0.9987413151682495,0.010781769912229455,2781.01,2929.67,2809.5529892473123,0.9999522848938107
2.31,20693824,2050.0,2.675713978494624,0.9823149564150524,-0.47731152692671674,584.11,81706752,667.24,614.0589892473118,0.9969858312841359,-0.14499484167395493,1193.8,22925640,1327.2,1258.554193548387,0.9970874226407869,0.009095117431317634,2736.27,2929.67,2806.2642795698926,0.9988294544754962
5.59,31534412,2050.0,2.8432688172043012,1.0626206089501185,0.4506373129357517,561.61,55931032,667.24,610.8019784946237,0.9946959318083096,-0.09312098752478182,1121.2,22925640,1327.2,1250.1098924731182,0.9932904748015173,-0.00918553353132967,2632.56,2929.67,2796.142387096774,0.996393107895501
5.26,36589016,2050.0,2.985913978494623,1.0501694248630984,0.4400233489576353,585.36,65592320,667.24,609.1152258064516,0.9972384623043802,-0.07923065650861072,1189.9,22925640,1327.2,1246.1550537634407,0.9968364071562913,-0.03185139218834143,2760.17,2929.67,2794.333720430108,0.9993531564504681
4.06,3495502,2050.0,3.047967741935484,1.0207821671648243,0.4697499729723704,549.73,72623464,667.24,605.1269892473118,0.9934524103319541,-0.17701090988662294,1129.6,22925640,1327.2,1238.2984946236559,0.9936953598863498,-0.04355813072196768,2633.08,2929.67,2784.117634408602,0.9963439993058762
3.97,2468272,2050.0,3.1016817204301073,1.0176228828657203,0.3829862617498194,540.31,76278584,667.24,600.6616129032258,0.9926207615534711,-0.20388979763383164,1129.3,22925640,1327.2,1230.6288172043012,0.9938062773615132,-0.022405171856549222,2599.95,2929.67,2771.9676559139784,0.9956359679833698
2.59,1019157,2050.0,3.064277419354839,0.9879406385159076,-0.31578648580052426,498.26,110884656,667.24,593.6282365591399,0.9882906178903443,-0.18307263930320872,1039.7,22925640,1327.2,1217.3447311827956,0.9892054486001036,-0.03748909375820486,2416.62,2929.67,2748.2329892473126,0.9914376105305457
3.4,8829734,2050.0,3.081886021505376,1.0057464125275721,-0.17235317566468933,519.16,50319152,667.24,588.1780430107526,0.9908188438272777,-0.1312780776876804,1078.1,22925640,1327.2,1206.9309677419355,0.9914455099084859,-0.04485003597806703,2485.74,2929.67,2729.6129677419353,0.9932247296432909
3.47,1570778,2050.0,3.105559139784946,1.0076813737154389,-0.204039699750154,523.68,58578068,667.24,583.21,0.9915535048106824,-0.12453353916013565,1079.3,22925640,1327.2,1196.9591397849463,0.991737863868349,-0.051840806424315766,2531.94,2929.67,2714.508817204301,0.9944665596492498
3.46,1548174,2050.0,3.1299849462365597,1.0078651879910119,-0.24679169234978127,554.82,66996732,667.24,580.4616344086021,0.9952875197760704,-0.11540678888273226,1115.5,22925640,1327.2,1189.703010752688,0.9939378640497604,-0.05038636029352006,2596.26,2929.67,2704.085720430108,0.996160227328004
2.66,616833,2050.0,3.1049784946236554,0.9920106799098278,-0.3653909442448511,572.99,65080876,667.24,579.0149677419355,0.9975077307768315,-0.05142693868140891,1146.6,22925640,1327.2,1184.7692473118282,0.9958529453180602,-0.04914836571726211,2670.71,2929.67,2698.860258064516,0.9980675677822962
2.73,358573,2050.0,3.087197849462366,0.9942735045694915,-0.29929831306381227,576.01,56410896,667.24,577.8110322580645,0.997920717855419,-0.03124314827192609,1158.0,22925640,1327.2,1180.784516129032,0.9966367027234736,-0.030007820290878895,2664.76,2929.67,2693.4319354838713,0.9979886611155859
2.52,304066,2050.0,3.057956989247312,0.9905283491240621,-0.32025757602985483,594.32,79333944,667.24,577.8044086021505,0.999988536639932,-0.023950871825467512,1170.2,22925640,1327.2,1177.7172043010753,0.9974023102555475,-0.04212804912323265,2706.53,2929.67,2690.8137419354844,0.9990279340220578
2.48,448389,2050.0,3.0281032258064515,0.9902373501177959,-0.3271420236950293,600.03,81258712,667.24,578.1587526881721,1.0006132595749464,-0.05447990471559816,1190.8,22925640,1327.2,1176.1436559139786,0.9986638996345217,-0.033199444054434646,2707.88,2929.67,2688.397247311828,0.9991019465279234
2.69,569388,2050.0,3.0143440860215054,0.9954561853546846,-0.3155437416020612,628.22,80261936,667.24,580.3338279569891,1.0037620727156753,-0.03321310185452497,1219.9,22925640,1327.2,1176.6301075268818,1.0004135988069631,-0.0353524352669482,2775.6,2929.67,2690.5507096774195,1.0008010208936737
2.89,1253245,2050.0,3.015789247311828,1.0004794281107536,-0.08392561412799004,636.91,51601040,667.24,583.0080215053764,1.0046080263109967,-0.04338882081102868,1236.9,22925640,1327.2,1178.3361290322582,1.0014499216826622,-0.01084506804270946,2792.67,2929.67,2693.861870967742,1.001230663030588
2.52,244499,2050.0,2.9936989247311825,0.9926751106363496,-0.006475396999940819,640.14,60812056,667.24,585.8365806451613,1.00485166418891,-0.0013986442098774532,1249.0,22925640,1327.2,1180.8774193548388,1.002156676910745,-0.009096115421285855,2803.69,2929.67,2697.9402365591395,1.001513947554383
2.38,540112,2050.0,2.9626666666666663,0.989634141961252,-0.0034901654066745724,619.9,58608520,667.24,587.3123440860215,1.0025190701462086,-0.07093964530055419,1222.1,22925640,1327.2,1181.7436559139785,1.0007335533264858,-0.01436365214222679,2743.07,2929.67,2698.18647311828,1.0000912683519834
2.65,1319794,2050.0,2.9491569892473115,0.9954400278737551,0.17735223929032873,634.61,78533272,667.24,589.7504301075269,1.0041512596254034,-0.04802619310531986,1281.6,22925640,1327.2,1186.5759139784948,1.004089091606571,0.011577484477864664,2822.48,2929.67,2703.749935483871,1.0020619265647572
2.54,787775,2050.0,2.927929032258065,0.9928020254375592,0.2103468257661839,620.89,61736632,667.24,591.2958494623656,1.0026204632942055,-0.10479670546876352,1286.8,22925640,1327.2,1191.738494623656,1.0043508220454698,0.014972341185795601,2800.71,2929.67,2707.9683440860217,1.0015602066399665
2.4,283609,2050.0,2.8968559139784946,0.9893873389903832,0.12288356249198418,635.22,53287800,667.24,593.8070107526881,1.0042468779251637,-0.1060425309524714,1299.2,22925640,1327.2,1197.731182795699,1.0050285261398184,0.002035656445688927,2834.4,2929.67,2714.519397849463,1.002419176641318
2.54,1295364,2050.0,2.8745225806451615,0.9922904921761674,0.24123779627927666,657.91,60650904,667.24,597.8239569892472,1.006764733598324,-0.08365300062677039,1332.2,22925640,1327.2,1205.9131182795697,1.0068311951808526,0.02674222779059665,2892.74,2929.67,2724.9786666666664,1.0038530831002679
2.72,783916,2050.0,2.862795698924731,0.9959204071662577,0.2402933709562356,672.0,46925024,667.24,602.727311827957,1.008202004589117,-0.09137735715182771,1347.6,22925640,1332.2,1214.9941935483869,1.007530455661493,0.02637594540116761,2907.41,2929.67,2736.3390967741934,1.0041689978150998
2.45,1939376,2050.0,2.8324451612903228,0.9893982872596154,0.2759351183528136,673.52,39149116,672.0,607.7142580645161,1.0082739675781982,-0.06093520489568993,1365.4,22925640,1347.6,1225.14688172043,1.008356161886167,0.049746684170000166,2905.03,2929.67,2747.540752688172,1.0040936651189114
2.53,161111,2050.0,2.806030107526882,0.9906741164402959,-0.2546923148336603,666.69,63153432,673.52,612.2470537634408,1.0074587614800432,-0.08705509964552238,1378.9,22925640,1365.4,1236.0539784946236,1.0089026850061253,0.034073767176143965,2939.88,2929.67,2761.043784946237,1.0049145885260677
2.59,175837,2050.0,2.784754838709677,0.9924180183383863,-0.14017400977446992,661.74,85883072,673.52,616.4369032258064,1.006843396691925,-0.10724788117609663,1383.6,22925640,1378.9,1247.1421505376345,1.0089706212155194,0.0496661814916588,2945.64,2939.88,2774.8627311827954,1.0050049717834617
2.411,415845,2050.0,2.7525698924731175,0.9884424489405061,-0.08025071286291208,632.12,66033836,673.52,618.6630107526881,1.0036112496108403,-0.10582596229179786,1334.2,22925640,1383.6,1254.847311827957,1.0061782542487243,0.03198903672179321,2881.4,2945.64,2784.407978494624,1.0034398989198863
2.05,362162,2050.0,2.6974150537634407,0.9799624202602458,-0.24746847641176395,603.04,61730284,673.52,618.9291182795698,1.0004301332425838,-0.12808278933669892,1320.2,22925640,1383.6,1261.4533333333334,1.005264402643341,0.04140709466483283,2859.53,2945.64,2792.2965161290326,1.002833111273684
1.67,206853,2050.0,2.6189741935483872,0.9709199887108169,-0.2243311239875524,585.18,66626640,673.52,618.0144946236559,0.9985222481397283,-0.1276526400657536,1283.3,22925640,1383.6,1265.4817204301075,1.0031934491671834,0.010669629597130692,2826.06,2945.64,2797.828387096774,1.001981118744298
1.65,107894,2050.0,2.5402107526881728,0.9699258430822872,-0.39258645075912124,570.9,69315304,673.52,616.1326451612902,0.9969550075625464,-0.16741898972025815,1258.6,22925640,1383.6,1267.7273118279568,1.0017744953258478,0.032100837676089844,2752.06,2945.64,2798.2261290322585,1.0001421609478691
1.564,195285,2050.0,2.458120430107527,0.9676836567620329,-0.2152003190625681,608.79,70019872,673.52,616.7297849462365,1.000969174072557,-0.09108445334656423,1333.7,22925640,1383.6,1274.7070967741936,1.0055057462918997,0.0565130435795298,2873.34,2945.64,2806.386021505376,1.0029160947317504
1.61,2877703,2050.0,2.379744086021505,0.9681153359591119,-0.32326314124788635,607.56,61013208,673.52,617.1999569892473,1.000762363119939,-0.08558657232274713,1331.1,22925640,1383.6,1281.2830107526881,1.0051587647037783,0.059932260659775194,2886.98,2945.64,2815.2273548387097,1.0031504337840849
1.64,151856,2050.0,2.3048086021505374,0.9685111166737908,-0.7502265765482297,632.8,62696672,673.52,619.2480860215054,1.0033184205686745,-0.025772638784007595,1375.3,2229939968,1383.6,1290.4152688172042,1.0071274324156934,0.1058751980101631,2950.46,2945.64,2827.840064516129,1.0044801744540246
1.57,92598,2050.0,2.233851612903226,0.969213500339636,-0.7593327998367563,650.98,75069392,673.52,622.3160215053764,1.0049542914271752,0.020997013717105162,1372.6,2179950080,1383.6,1298.82688172043,1.006518531752136,0.08775288846659302,2941.76,2950.46,2839.2078279569896,1.0040199456763852
1.51,77482,1836.0,2.166959139784946,0.9700550955435473,-0.7511961764251484,648.27,46435988,673.52,625.068,1.004422155945731,0.0646180685232065,1403.2,1289410048,1383.6,1308.8197849462367,1.0076937915025057,0.10650163956677439,2990.41,2950.46,2853.323784946237,1.0049717941921161
1.548,144667,1830.0,2.1080021505376343,0.9727927545264361,-0.7317883695187957,639.18,60195072,673.52,627.0216129032259,1.0031254405972245,0.049994595002086806,1424.5,1726429952,1403.2,1319.598494623656,1.008235442191044,0.10223626847499112,3013.77,2990.41,2868.1783870967743,1.0052060695771394
1.65,1635979,1830.0,2.0608344086021506,0.9776244336736308,-0.45050349280124447,625.06,54349624,673.52,627.8516344086021,1.0013237526239853,0.0721528305290946,1415.1,1659769984,1424.5,1329.1359139784947,1.0072275160919753,0.12934121734703496,2976.61,3013.77,2879.745634408602,1.004032959513211
1.524,259956,1830.0,2.0075591397849464,0.9741486901641261,-0.5972820219582784,639.27,60040040,673.52,629.325741935484,1.0023478596631676,0.038686789015593304,1449.3,1666680064,1424.5,1340.0724731182797,1.0082283226453859,0.12702202589057277,3025.86,3013.77,2893.2860215053765,1.0047019385792229
1.37,311191,1830.0,1.9483827956989248,0.9705232374412838,-0.6353671144052742,600.92,89429512,673.52,628.0673548387095,0.9980004201116829,-0.07892538450459718,1386.1,2336169984,1449.3,1346.1333333333334,1.0045227853990242,0.12623324389074653,2932.05,3025.86,2899.612602150538,1.002186641969766
1.36,58370,1830.0,1.8930774193548385,0.9716147276263302,-0.6339836686972651,597.45,73676632,673.52,626.4189892473119,0.9973754955122274,-0.12354729539745524,1374.8,2368470016,1449.3,1350.805376344086,1.0034707134093348,0.10827704084615353,2918.65,3025.86,2904.214215053764,1.0015869750668807
1.111,499917,1830.0,1.8262236559139788,0.9646851403131502,-0.5917880855135265,589.63,59156580,673.52,624.174430107527,0.9964168405199819,-0.14994153432554858,1370.6,2193420032,1449.3,1354.648817204301,1.0028452957972502,0.11374519410584738,2888.68,3025.86,2906.1889677419354,1.0006799610985773
1.26,365710,1830.0,1.7723139784946238,0.9704802436192436,-0.5418100764423964,585.6,69831216,673.52,621.6340860215054,0.9959300734482444,-0.14154774466285058,1351.1,1796480000,1449.3,1356.7524731182796,1.0015529160674426,0.09832284487553666,2847.11,3025.86,2905.0130322580644,0.9995953685404069
1.28,914894,1830.0,1.7228559139784945,0.9720940729936925,-0.4788651789484819,607.05,52414588,673.52,620.4569892473119,0.9981064475055945,-0.12454388275816397,1393.3,1537990016,1449.3,1361.1634408602151,1.0032511219469515,0.10939214165113742,2926.46,3025.86,2908.564301075269,1.0012224622670434
1.32,70769,1830.0,1.6786451612903224,0.9743386824577346,-0.48279716526704297,627.09,46116908,673.52,620.5454193548388,1.0001425241540662,-0.10124258122758167,1426.8,1324349952,1449.3,1367.2559139784946,1.0044759306159656,0.09817058309410842,2978.71,3025.86,2915.0135698924737,1.0022173375416938
1.355,98960,1830.0,1.6391870967741935,0.9764941004650448,-0.47629142444539696,652.42,58192176,673.52,622.2098494623655,1.00268220513054,-0.05904281391372135,1421.3,1936230016,1449.3,1372.4860215053764,1.0038252586610965,0.08158562789167334,3007.39,3025.86,2922.730731182796,1.0026473843449746
1.38,357622,1830.0,1.6042129032258066,0.9786636964034101,-0.47455111911882303,640.84,58758304,673.52,623.0751397849463,1.001390672814531,-0.11204280012813528,1410.3,1890029952,1449.3,1376.5733333333333,1.002978035305215,0.06878797876816978,2992.07,3025.86,2928.961032258065,1.0021316712514081
1.22,102936,1830.0,1.5621634408602152,0.9737881036357227,-0.5105479776487316,640.84,59867184,673.52,623.9319784946236,1.0013751771736121,-0.13295787168322204,1398.8,1799879936,1449.3,1379.5458064516129,1.0021593278369572,0.06354597697182673,2961.79,3025.86,2932.808967741935,1.0013137544137634
1.19,88372,1830.0,1.5209741935483871,0.9736332023689231,-0.48500200507953484,634.99,61356360,673.52,624.4098924731182,1.000765971283677,-0.10872768203017968,1414.4,1780290048,1449.3,1383.202580645161,1.0026507087886802,0.08118196829908775,2952.01,3025.86,2935.6859354838707,1.0009809598148327
1.17,66984,1830.0,1.48105376344086,0.973753381039034,-0.5621380991534969,635.73,54012740,673.52,624.9030967741935,1.0007898726574012,-0.10058374872426201,1432.1,1607619968,1449.3,1387.5877419354838,1.0031702957698918,0.06506958304542709,2970.27,3025.86,2939.291634408602,1.001228230472868
1.26,610631,1830.0,1.4501225806451614,0.9791154220331356,-0.4566293994153282,650.11,51793256,673.52,626.3216344086021,1.0022700121694568,-0.06483985610512644,1419.8,1468620032,1449.3,1390.855698924731,1.0023551353838633,0.037127530432253586,2986.2,3025.86,2943.607247311829,1.0014682493062976
1.1,276714,1830.0,1.4116215053763441,0.9734497788099485,-0.5223304955067746,667.04,52022988,673.52,628.7695913978495,1.0039084662811606,-0.038737569854284004,1455.2,1640029952,1449.3,1396.121505376344,1.0037860192510868,0.053692999726095536,3022.55,3025.86,2949.86911827957,1.0021272780101556
1.05,156978,1830.0,1.372690322580645,0.9724209480746613,-0.5038164416593482,682.51,67311888,673.52,632.1471827956988,1.0053717473682855,-0.0334791814231421,1485.1,1804630016,1455.2,1402.980860215054,1.0049131503327577,0.05456320498584444,3066.91,3025.86,2958.588301075269,1.002955786323423
0.96,106993,1830.0,1.3311569892473119,0.9697431149254037,-0.5570569754421821,697.21,65359808,682.51,636.4202580645161,1.0067596208369063,0.009075523699464405,1509.6,1818480000,1485.1,1411.0920430107526,1.0057813923380645,0.05635275110583282,3093.08,3066.91,2968.621311827956,1.0033911479840032
1.01,3377857,1636.0,1.2966344086021504,0.9740657330998338,-0.48177925637761776,697.12,45714116,697.21,640.633311827957,1.006619924036129,-0.04796757737625401,1529.4,1736329984,1509.6,1420.1322580645162,1.0064065381833456,0.045953740839908885,3120.46,3093.08,2980.0214838709676,1.003840224415822
0.79,785020,1570.0,1.251015053763441,0.96481710300447,-0.5551019754581199,690.77,51237936,697.21,644.3859354838709,1.0058576779986765,-0.019489181215132545,1516.7,1759160064,1529.4,1428.000430107527,1.0055404501928111,0.04196977963196935,3110.29,3120.46,2990.30223655914,1.0034498921379646
0.783,138230,1400.0,1.2086860215053763,0.9661642502776239,-0.5921716284505871,700.09,39995800,697.21,648.6880645161292,1.0066763236057097,-0.0018769248821333129,1543.0,1210589952,1529.4,1437.2690322580645,1.0064906157975313,0.04889174672471963,3140.98,3120.46,3002.1965161290314,1.0039776178556379
0.78,652949,1400.0,1.1700494623655913,0.9680342467337675,-0.6104586522401685,702.23,48577200,700.09,653.0457849462365,1.0067177441184427,0.046260593321331145,1536.8,1620630016,1543.0,1445.7948387096774,1.0059319488977079,0.060052171232032325,3145.91,3140.98,3013.9887741935486,1.0039278768065862
0.755,476898,1400.0,1.1333075268817203,0.968597963876171,-0.5277232946630446,713.19,50967160,702.23,657.9598279569892,1.0075248062601878,0.15915859563895074,1566.9,1800710016,1543.0,1455.82688172043,1.0069387735674211,0.0787114892018852,3168.8,3145.91,3026.6889677419354,1.0042137494529273
0.76,228665,1400.0,1.0996731182795698,0.9703219048631089,-0.49875796762733493,714.37,79627536,713.19,662.7131182795698,1.0072242865302885,0.17284016228750287,1597.0,2230720000,1566.9,1467.2703225806451,1.0078604406910605,0.10462072784783993,3221.22,3168.8,3042.106,1.0050936955935603
0.731,123789,1400.0,1.0661247311827957,0.9694924004787348,-0.5180783008614913,717.35,20838300,714.37,667.3808387096774,1.0070433499826066,0.19419139285498943,1614.7,915790016,1597.0,1479.181075268817,1.0081176266601122,0.10562623728084075,3240.02,3221.22,3057.8861290322575,1.0051872383908573
0.79,605602,1400.0,1.0383591397849463,0.9739565262996523,-0.4592124110709417,716.41,32048094,717.35,671.6729677419356,1.0064313039621526,0.14179550162748278,1621.7,1195389952,1614.7,1490.7776344086024,1.0078398509375721,0.09012536300163054,3234.85,3240.02,3072.2833333333333,1.004708221200386
0.776,474302,1400.0,1.0113548387096774,0.9739932938030845,-0.45458281663112277,714.58,52566388,717.35,675.6155913978496,1.005869856083636,0.14363913860102584,1656.8,1793580032,1621.7,1504.0193548387097,1.0088824249334545,0.11362401538472455,3265.35,3240.02,3087.870838709677,1.005073589797928
0.881,815337,1400.0,0.9929182795698925,0.9817704346346858,-0.45195597085841,734.04,56502376,717.35,680.5835483870967,1.0073532302281072,0.11137654304234923,1705.8,1797890048,1656.8,1519.7219354838708,1.0104404112850296,0.11180242992514122,3329.62,3265.35,3106.7910967741936,1.0061272828601933
0.79,170291,1400.0,0.970243010752688,0.977163005975651,-0.4994631709646159,722.02,43630660,734.04,684.5583010752688,1.0058402127080384,0.02023303743157845,1711.1,1570230016,1705.8,1535.0556989247311,1.0100898480720937,0.12637472381606552,3295.47,3329.62,3122.692731182796,1.005118346845114
0.776,132076,1400.0,0.948341935483871,0.9774272269667506,-0.4683703308611431,675.03,65336496,734.04,685.3486666666668,1.0011545628621499,-0.0022401357440053893,1673.9,2124070016,1711.1,1547.261505376344,1.007951376917569,0.11429486538947842,3225.52,3329.62,3133.320795698925,1.0034034935330007
0.842,1577583,1400.0,0.9322774193548387,0.9830604178430264,-0.37520039440208897,690.48,62168136,734.04,687.0782580645161,1.002523666393431,0.016825605553897116,1748.7,1852189952,1711.1,1563.7109677419357,1.010631339504301,0.1234200944888888,3327.71,3329.62,3150.0361505376345,1.0053347090606408
0.809,391552,1400.0,0.9156021505376343,0.9821134047966708,-0.40822510380030697,703.41,69003464,734.04,689.5317204301075,1.0035708630520528,-0.015382037357883016,1788.5,1956790016,1748.7,1582.0309677419355,1.011715720090174,0.12829458832749863,3380.16,3329.62,3169.4602365591404,1.0061663057480121
0.77,389361,1400.0,0.8982193548387097,0.9810149029371354,-0.44437771511338453,689.0,51906716,734.04,690.8870107526881,1.0019655228068916,-0.054582244383290845,1743.3,1608930048,1788.5,1596.6318279569894,1.0092291873628074,0.0997817231253526,3337.75,3380.16,3185.2803440860216,1.0049914200987282
0.71,521062,1400.0,0.8785870967741934,0.9781431362408778,-0.4250304452205933,614.08,104445424,734.04,687.301806451613,0.9948107226720485,0.049030708635138254,1549.2,3533360128,1788.5,1598.0778494623655,1.0009056699735384,0.11010701530418632,2954.22,3380.16,3175.6858494623652,0.9969878649326832
0.673,355124,1108.0,0.8579870967741935,0.9765532636711436,-0.3821117720534659,604.94,107523144,734.04,683.0986236559139,0.9938845165890089,0.011109122129674631,1557.9,3242299904,1788.5,1599.7344086021506,1.0010365947693614,0.11477723864676315,2972.37,3380.16,3167.2146451612903,0.9973324803829355
0.414,641194,1108.0,0.8221548387096774,0.9582368333985022,-0.4783490476253164,520.1,149866240,734.04,673.4057849462365,0.9858104842053381,-0.03096306628514045,1476.9,3856780032,1788.5,1595.7713978494623,0.997522707062261,0.13905941357195106,2711.02,3380.16,3141.766623655914,0.9919651730758904
0.515,569027,1108.0,0.7943376344086022,0.9661654922024996,-0.4566190818227398,460.59,150991392,734.04,660.02311827957,0.98012689084972,0.08132845325087967,1251.7,4051510016,1788.5,1577.050752688172,0.9882685921138082,0.1168655292901154,2304.92,3380.16,3090.5006666666673,0.9836824426730999
0.683,325055,1108.0,0.7789612903225807,0.9806425587559257,-0.3483805555372359,487.49,111813856,734.04,648.6447741935484,0.9827606885715146,0.0035507422064514627,1383.0,3586540032,1788.5,1567.0148387096774,0.9936362771068795,0.12416232648445014,2541.47,3380.16,3055.6620000000003,0.9887271771067945
0.667,252427,1108.0,0.763836559139785,0.9805834623996114,-0.372897791901876,481.52,90251856,734.04,637.1383870967743,0.9822608806012816,0.02810257985522846,1355.6,2762619904,1788.5,1555.2333333333333,0.9924815610641918,0.11461900487198906,2488.65,3380.16,3018.2435268817203,0.9877543808450411
0.76,55961,1108.0,0.7561161290322582,0.9898925627280509,-0.3129562729691323,545.15,60585060,734.04,630.0502150537635,0.9888749882497125,-0.09116178579130996,1499.2,2264859904,1788.5,1552.8694623655915,0.9984800538175996,0.12715410087637513,2789.82,3380.16,3001.3092688172046,0.9943893665591619
0.753,2471378,1108.0,0.7492236559139784,0.9908843723157957,-0.3847837933894088,547.51,72575720,734.04,623.3449892473118,0.9893576326993563,-0.02863672937177053,1571.0,2398159872,1788.5,1554.9703225806454,1.0013528891294272,0.15322120086185775,2874.56,3380.16,2990.31,0.9963351764739862
0.91,631360,1108.0,0.7538086021505377,1.0061195961985023,-0.1750938021907742,565.29,89948416,734.04,617.9875698924732,0.9914053703049611,0.038920620544182105,1558.5,2306160128,1788.5,1555.9191397849463,1.0006101834810108,0.15639037723482585,2836.74,3380.16,2977.123440860215,0.9955902367514455
0.94,216612,1108.0,0.7609956989247311,1.0095343788246636,-0.18885941087975744,574.86,80910080,734.04,613.4100430107527,0.9925928495899733,0.07051123193588416,1561.7,2352229888,1788.5,1556.7309677419355,1.0005217674467977,0.14523374625941265,2830.71,3380.16,2963.816774193548,0.9955303611250926
1.42,1814301,1108.0,0.7996881720430108,1.0508445358797052,0.22870417858941183,615.64,83067680,734.04,611.5927956989248,0.9970374672985325,0.11634215879368104,1665.4,1886520064,1788.5,1563.9163440860218,1.0046156827948947,0.17653264217080622,2929.8,3380.16,2957.1638709677422,0.9977552919992444
1.58,2205542,1108.0,0.8481655913978495,1.060620403114117,0.1799693981330137,582.17,80840240,734.04,607.6593978494624,0.9935686000928652,0.11924167361967608,1640.7,2333289984,1788.5,1569.0064516129032,1.0032547185443326,0.19660732839625938,2863.7,3380.16,2946.333483870968,0.9963375762827679
2.3,1871624,1108.0,0.9424064516129033,1.1111113928351382,1.0360690999876196,621.56,72354552,734.04,606.4133978494623,0.9979495092079382,0.10304909589571254,1694.5,1881289984,1788.5,1577.0924731182797,1.0051535935349816,0.1866445480462149,2955.45,3380.16,2941.685892473118,0.998422584740223
2.28,579325,1108.0,1.0327763440860214,1.0958926929229447,1.0594865151336708,651.58,82536912,734.04,607.2019784946237,1.0013004010926507,0.07116722101243178,1718.5,2068460032,1788.5,1586.212258064516,1.005782657074131,0.16453011443518284,3044.31,3380.16,2942.9155053763443,1.0004179959887534
2.34,1013449,1108.0,1.1243720430107529,1.0886888041629101,1.3656362423117094,694.77,74804272,734.04,610.8435268817203,1.0059972604109833,0.014479019477118382,1781.2,2028979968,1788.5,1598.8752688172044,1.007983175447238,0.1473101683968978,3193.93,3380.16,2953.846623655914,1.0037143840044336
2.34,641314,1108.0,1.2129999999999999,1.0788244047334423,1.2156913322911238,635.01,75830792,734.04,610.6348387096773,0.9996583606719902,-0.012239899291265677,1745.1,2312290048,1788.5,1608.6251612903225,1.006097969405913,0.1664005503287761,3041.31,3380.16,2954.71440860215,1.000293781315281
2.415,374533,1108.0,1.3036064516129033,1.0746961678589477,1.9055381892459418,652.28,73872808,734.04,611.6739139784947,1.0017016311598157,0.016941136697596226,1793.7,2262739968,1788.5,1621.0466666666666,1.0077218146745763,0.1866683422391151,3097.74,3380.16,2959.393053763441,1.001583450890438
3.1,1075780,1108.0,1.434911827956989,1.100724705820247,2.850637760664635,625.72,79963808,734.04,611.0822150537634,0.999032656271243,0.015315908475771911,1785.7,2293139968,1793.7,1632.3563440860216,1.006976774729509,0.1992938059830961,3009.05,3380.16,2958.376752688172,0.9996565846250208
2.97,786183,1108.0,1.552847311827957,1.0821900562621212,2.744518766257897,645.22,47460144,734.04,611.9085161290321,1.001352192969969,-0.011458839442538116,1851.3,1454979968,1793.7,1647.3763440860216,1.0092014222595556,0.20970019916012295,3130.01,3380.16,2965.448043010753,1.002390260238543
3.61,828478,1094.0,1.7073634408602147,1.0995050368798762,3.7140955409922176,638.85,55560304,734.04,612.4464516129032,1.0008791109613477,-0.04213240643407146,1901.3,1743670016,1851.3,1664.9458064516127,1.0106651175541426,0.2082900548520903,3185.04,3380.16,2976.103849462366,1.0035933209070136
3.44,6567040,1094.0,1.8447720430107526,1.0804799955663265,3.4876743640839294,670.18,63700276,734.04,615.1655483870968,1.0044397298196974,0.024361242154996132,1879.1,1852460032,1901.3,1680.3638709677418,1.0092604002222683,0.17555405768720966,3224.73,3380.16,2989.2853763440853,1.004429121948853
3.31,1403141,990.0,1.9680301075268818,1.0668147942631254,3.4719173807763006,668.83,47477492,734.04,617.8925806451613,1.004433005497812,0.029179530699502187,1850.2,2333880064,1901.3,1693.310752688172,1.0077048084311488,0.1533752571664967,3215.63,3380.16,3001.8722580645153,1.0042106658066297
3.28,1794432,790.0,2.083806451612903,1.0588285431423157,3.119004884248665,676.92,61976296,734.04,621.2458924731183,1.0054270142302981,0.004444569018141831,1942.4,2369809920,1901.3,1711.6995698924734,1.0108596825332319,0.18654317540919552,3271.12,3380.16,3018.0915913978497,1.0054030724624479
3.01,2801123,642.0,2.1768086021505377,1.044630896725389,2.807947569163814,692.89,71278088,734.04,625.7144516129033,1.0071928992914483,0.02581831548121094,1999.4,2175269888,1942.4,1733.0761290322578,1.0124884994515289,0.1804684533578016,3351.28,3380.16,3039.4045376344084,1.00706172943767
2.88,1794474,636.0,2.25661935483871,1.0366641112173687,2.262634560371928,709.79,69057648,734.04,631.3199784946237,1.0089586022302521,0.06252734877060517,2001.5,2091820032,1999.4,1753.8513978494625,1.0119875108018512,0.16036628434043876,3372.85,3380.16,3061.9243010752693,1.0074092682175135
3.03,2693004,618.0,2.3418086021505378,1.037750827196072,2.8554345871216755,688.78,61587216,734.04,635.6221720430108,1.006814600669926,0.05836673314343388,2071.2,1831600000,2001.5,1778.4875268817204,1.0140468736761086,0.17959190804138725,3397.16,3380.16,3085.9194838709677,1.0078366348858696
2.3,8012547,618.0,2.375083870967742,1.0142092179466105,1.9469193728165877,707.07,57450360,734.04,641.1758494623655,1.0087373878124863,0.11777898123390573,2164.4,2001350016,2071.2,1808.3621505376348,1.0167977695678836,0.20544858028771995,3508.01,3397.16,3116.8475913978496,1.0100223313305912
2.58,2458192,618.0,2.4231462365591403,1.0202360708937048,1.973124766032756,687.03,58538508,734.04,645.3677204301076,1.006537786741745,0.08919994044859048,2074.5,3437110016,2164.4,1831.3819354838708,1.012729632136678,0.15648451485262438,3426.96,3508.01,3141.9391612903223,1.0080503037625974
2.56,609426,618.0,2.46618064516129,1.0177597240945964,2.0207836244321737,678.71,47162960,734.04,649.0302365591398,1.0056750841622375,0.1163234867951809,1984.0,2410500096,2164.4,1847.8623655913977,1.0089989039359901,0.12090360293740321,3340.97,3508.01,3161.2695483870975,1.0061523747292538
2.56,1503691,618.0,2.505449462365591,1.0159229281445166,2.221776260121366,686.63,64423340,734.04,653.2568387096775,1.0065121806542408,0.14915350933739346,1963.3,2988819968,2164.4,1862.5868817204303,1.0079684052249855,0.1316741849487908,3319.47,3508.01,3179.29711827957,1.0057026361139214
2.65,827082,618.0,2.546675268817204,1.0164544554064516,2.6057699168579758,671.61,53063108,734.04,656.5195053763441,1.004994462320687,0.14787897697092345,2005.2,2595620096,2164.4,1879.541505376344,1.0091027290175334,0.17782063297014927,3298.46,3508.01,3196.0085161290317,1.0052563183709313
2.4,381337,618.0,2.5676,1.0082164897264323,2.366537272763347,688.29,50616812,734.04,660.7345806451614,1.0064203351679566,0.1909014946818791,2021.4,2334060032,2164.4,1896.5606451612905,1.0090549422485557,0.1709939530948319,3348.44,3508.01,3215.2041290322577,1.0060061206991011
2.06,1240346,618.0,2.562875268817204,0.9981598647831453,3.7269463280592126,733.32,52989584,734.04,667.675569892473,1.010504958345807,0.3601155292389031,2114.1,2124440064,2164.4,1918.5636559139784,1.0116015329163475,0.1488531870267411,3477.13,3508.01,3241.893569892472,1.0083010097614697
1.71,1232414,534.0,2.532030107526882,0.9879646264234476,2.0765377573493637,737.34,88426176,734.04,674.4173763440862,1.010097428684861,0.26915390198009037,2130.5,2361230080,2164.4,1940.2544086021505,1.0113057247912052,0.1906183887571824,3483.81,3508.01,3267.366430107527,1.0078574017517483
1.66,1872592,534.0,2.4953892473118273,0.9855290582421854,1.201279112496096,742.75,73966536,737.34,680.9130537634408,1.009631539232525,0.38463322456320204,2083.5,2057490048,2164.4,1957.0230107526884,1.0086424759950003,0.14296995452449957,3465.39,3508.01,3289.1156559139777,1.006656500356385
1.48,2399043,534.0,2.4450344086021505,0.9798208480845536,0.973204592172155,700.33,83846376,742.75,684.1230107526883,1.0047141951112641,0.2919083133390774,1948.7,2894279936,2164.4,1963.588387096774,1.0033547772857103,0.12356911206028531,3269.96,3508.01,3296.2695698924726,1.0021750265806653
1.34,1154973,446.0,2.3838989247311826,0.9749960639998029,0.5599068558710392,770.04,79679920,742.75,691.3598279569893,1.0105782397179404,0.41144022646204226,2137.7,2440580096,2164.4,1981.0718279569894,1.008903821684373,0.16794885300969997,3509.44,3508.01,3317.1935698924735,1.0063477818049582
1.34,2001119,362.0,2.3215161290322577,0.9738316104547262,0.6228729229468828,792.84,83251768,770.04,699.5839784946236,1.0118956152860907,0.3651112637222329,2129.2,2489210112,2164.4,1996.6337634408603,1.0078553110817388,0.10811551451985846,3585.15,3509.44,3341.454516129033,1.007313696269267
1.47,3060501,358.0,2.266258064516129,0.9761974238192507,0.44761965898048284,799.39,72798808,792.84,707.7031182795699,1.0116056685609314,0.2998756258031099,2109.7,1958790016,2164.4,2009.7372043010753,1.0065627663421024,0.09957891516989781,3557.54,3585.15,3362.4060215053764,1.0062701752411147
1.7,2698581,324.0,2.2246344086021503,0.981633311507767,0.6587407974681903,824.48,51122912,799.39,716.9375268817206,1.0130484215253983,0.3170970847661736,2153.9,1546610048,2164.4,2024.5068817204303,1.0073490590649097,0.09388857292940855,3638.35,3585.15,3387.0209677419343,1.0073206347119072
1.65,1990948,324.0,2.1781505376344086,0.9791049393158717,0.024591816559904167,845.07,83350408,824.48,726.9635053763441,1.0139844520878003,0.25639902074610776,2213.9,2578439936,2164.4,2041.8739784946235,1.008578433064863,0.06676582947664422,3699.12,3638.35,3413.8196989247317,1.0079121834314075
1.6,953139,324.0,2.1279462365591395,0.97695094980451,-0.03727918392913776,856.16,67712216,845.07,737.2115698924731,1.0140970825087343,0.30166571192225344,2182.2,2076589952,2213.9,2056.016344086021,1.0069261696560843,0.05076699149159003,3663.46,3699.12,3436.663333333334,1.0066915175443498
1.54,670235,324.0,2.0738279569892475,0.9745678351078078,-0.39678587590903736,863.78,80713568,856.16,747.3620215053766,1.0137687090483183,0.28024317243868646,2252.1,2566830080,2213.9,2073.503870967742,1.0085055388455557,0.07395626169897684,3709.41,3699.12,3460.7515698924735,1.0070091929941172
1.56,364508,324.0,2.02263440860215,0.9753144670392911,-0.35601083681506873,870.08,46383088,863.78,757.3980215053764,1.0134285656900048,0.2903020791032642,2270.6,1429090048,2252.1,2090.9858064516134,1.0084311081974071,0.104881255136964,3703.06,3709.41,3482.808709677419,1.0063735114582728
1.43,915760,324.0,1.9646021505376345,0.9713085776560967,-0.44794965489240757,878.0,33327194,870.08,767.4750967741936,1.0133048608296975,0.27030966643135856,2291.3,1424579968,2270.6,2108.615913978495,1.0084314812049344,0.11037736361927308,3756.07,3709.41,3506.869182795699,1.0069083533216812
2.18,8717646,324.0,1.9569139784946237,0.9960866519254766,-0.17804440794960985,933.86,115962640,878.0,780.7620000000001,1.0173124877688582,0.460295409203876,2301.2,2472829952,2291.3,2125.7877419354836,1.0081436490368647,0.06108718203334207,3824.68,3756.07,3534.1472043010754,1.0077784542517865
2.07,2957599,324.0,1.9424731182795698,0.9926205952976213,-0.23592178562081723,918.93,110700952,933.86,792.4429892473119,1.0149610114827716,0.37170545980348657,2240.9,2412689920,2301.2,2137.8733333333334,1.0056852296019199,0.03286570573152936,3768.25,3824.68,3556.099913978494,1.0062116002555588
1.9,1611890,324.0,1.917806451612903,0.9873014115693329,-0.5273922457704674,929.58,131141632,933.86,804.2376344086022,1.0148839037272488,0.3907013154744039,2339.1,1942419968,2301.2,2155.3326881720427,1.0081666928374502,0.03326767298407529,3841.47,3824.68,3581.3345376344087,1.0070961514767123
2.11,32061696,324.0,1.9092688172043009,0.9955482293839288,-0.42321647180088295,885.41,89725432,933.86,812.5291397849462,1.0103097704230681,0.3371356299339292,2269.1,2957319936,2339.1,2167.085806451613,1.0054530413536937,0.03902489668033793,3714.24,3841.47,3596.570623655914,1.0042543040482248
3.09,8039779,324.0,1.9658064516129035,1.0296121917977947,-0.3343242085069016,926.01,86241360,933.86,822.9234623655914,1.0127925536103188,0.36252666098711406,2379.9,2065459968,2339.1,2185.088817204301,1.0083074748120686,0.03138304366924727,3886.83,3841.47,3621.6851397849455,1.006982906428653
3.48,7098092,324.0,2.0486236559139783,1.0421288699267037,-0.1534841333363255,978.29,72253928,933.86,836.0731397849461,1.015979222881256,0.3607864611646323,2434.5,1929389952,2379.9,2205.5851612903225,1.0093800965547228,0.07536254453241176,3934.83,3886.83,3648.3872043010747,1.007372828803587
3.58,14244482,324.0,2.137806451612903,1.0435330303062114,-0.06496629771724582,955.24,58976924,978.29,847.0731182795699,1.0131567179606478,0.33066104477818903,2387.8,1625479936,2434.5,2221.8741935483868,1.0073853562963466,0.07565039699467624,3906.71,3934.83,3671.7479784946236,1.0064030413674319
2.6,3247087,310.0,2.163182795698925,1.0118702720103012,-0.3349111111252594,944.2,76613664,978.29,856.7449032258064,1.011417886765053,0.36175410812606845,2293.4,2749929984,2434.5,2230.9167741935485,1.0040697986733085,0.015614039040802385,3811.15,3934.83,3687.4573978494623,1.0042784579570407
2.06,2065702,286.0,2.155182795698925,0.9963017457350778,-0.4649803822922327,940.0,77584216,978.29,865.5709247311829,1.0103018080085973,0.3443537459041319,2262.3,2716219904,2434.5,2237.198064516129,1.0028155646123782,-0.014920283179556515,3841.94,3934.83,3703.9919139784947,1.0044839883814456
2.7,1943687,284.18,2.190516129032258,1.0163945876905882,-0.24146160373355963,948.3,91749632,978.29,874.401010752688,1.0102014586779788,0.24616306765499352,2304.3,2544179968,2434.5,2245.6236559139784,1.003766135654901,-0.017855288581594353,3943.34,3934.83,3726.013182795699,1.0059452799381388
2.95,2373481,284.18,2.2423655913978497,1.0236699751617433,-0.22023702006407486,936.55,107785488,978.29,881.9601075268818,1.0086448856774386,0.28112135075078415,2273.1,2710459904,2434.5,2251.3851612903227,1.0025656593709151,-0.054394196313690024,3913.1,3943.34,3744.856623655914,1.0050572662885955
2.09,2186550,263.98,2.238903225806452,0.998455931715738,-0.28076528697117,960.89,72439712,978.29,890.5566881720431,1.0097471309323356,0.2557468434107577,2330.6,2324590080,2434.5,2260.4221505376345,1.004013968557087,-0.05620190436827932,3974.54,3943.34,3766.5543870967736,1.0057940171337394
2.71,2022942,263.98,2.2758924731182795,1.0165211461064845,-0.1217521657196583,974.06,60105580,978.29,899.4570967741934,1.009994207803233,0.2998903703797551,2380.0,1728429952,2434.5,2272.2888172043013,1.0052497568491108,-0.025748998570663595,4019.87,3974.54,3790.1733763440857,1.0062707150408408
2.23,2205425,258.0,2.281634408602151,1.002522937947066,-0.301188845180663,992.51,72025728,978.29,908.9305591397847,1.0105324227242933,0.31809684953913053,2491.0,1936809984,2434.5,2290.659784946237,1.0080847855267527,0.01973559271274028,4128.8,4019.87,3819.5450322580646,1.007749422782952
2.15,14779616,238.0,2.2829247311827956,1.0005655255617552,-0.3337962104352128,995.65,61299040,992.51,917.93176344086,1.0099030714839141,0.2742080109591565,2517.3,2057059968,2491.0,2309.6372043010747,1.008284695736815,0.021292944868531727,4185.47,4128.8,3850.8785591397855,1.0082034709938206
2.17,3139456,236.02,2.2863870967741935,1.0015166358943441,-0.3401291184101862,1001.65,53375648,995.65,926.655505376344,1.0095036932841097,0.26532959650440135,2505.7,2049590016,2517.3,2326.6748387096777,1.0073767578634754,-0.017708555658551894,4180.17,4185.47,3880.007784946237,1.0075643065235893
1.97,11971405,236.02,2.277978494623656,0.9963223191023073,-0.35355938422467403,982.2,54665252,1001.65,933.4146451612903,1.0072941235936448,0.24454853709462054,2452.6,2264250112,2517.3,2339.2103225806454,1.0053877248605652,-0.035374425460594994,4181.17,4185.47,3907.305376344086,1.0070354475843475
1.6,4593791,236.02,2.2466236559139783,0.986235673961067,-0.37986699844547045,990.36,80300688,1001.65,940.0681720430107,1.0071281577980498,0.19436783343051967,2440.4,2120150016,2517.3,2350.031397849463,1.0046259522559218,-0.06292362596404666,4232.6,4185.47,3936.1302150537635,1.0073771655740529
1.45,2506091,212.02,2.2065806451612904,0.9821763602251409,-0.32367764300073076,979.43,82640704,1001.65,945.4637634408602,1.0057395745950248,0.1565502652796129,2386.0,2354180096,2517.3,2356.6410752688175,1.0028125911106565,-0.07814560301268902,4173.85,4232.6,3959.540064516129,1.0059474275959759
1.48,1196035,212.02,2.1690322580645156,0.98298345126016,-0.25120049488622453,979.47,54515976,1001.65,950.341311827957,1.0051588951112687,0.12080924072743371,2389.2,2013330048,2517.3,2362.9077419354835,1.0026591519312933,-0.0525231530948147,4155.86,4232.6,3980.3053118279568,1.0052443584288786
1.53,6821967,212.02,2.1350967741935483,0.984354550862582,-0.13591214390693684,997.03,53535360,1001.65,955.842688172043,1.0057888426774841,0.14691477228211713,2426.9,1951810048,2517.3,2370.9492473118275,1.0034032244397986,-0.0402819119112372,4204.11,4232.6,4002.6985806451607,1.0056260178712069
1.61,18902172,212.02,2.106215053763441,0.9864728752442539,0.002025802930497367,1016.03,39498272,1001.65,961.9318064516128,1.0063704188512597,0.05923529930611937,2455.6,1412610048,2517.3,2379.813978494624,1.0037388953782318,-0.05657793124575683,4229.89,4232.6,4024.7461505376345,1.005508176408557
2.68,238374880,186.0,2.1457849462365597,1.0187872042802155,0.831911284401347,1011.26,44124488,1016.03,967.1841720430108,1.0054602265526211,0.05408667913745324,2489.5,1649369984,2517.3,2390.1821505376342,1.004356715330149,-0.015512975907786997,4247.44,4232.6,4046.376623655914,1.0053743695401485
2.21,23113586,181.0,2.1521505376344088,1.0029665560889565,0.3375602033524283,984.83,65966004,1016.03,970.2616559139784,1.003181900572739,0.023627138379111123,2491.9,2223960064,2517.3,2399.930322580645,1.0040784222410908,0.010002789962085146,4166.45,4247.44,4061.3576559139788,1.0037023326426122
2.5,13362437,181.0,2.1756344086021504,1.0109118161378965,0.28606227238743,1017.7,53418636,1016.03,975.0609892473117,1.0049464320310715,0.005723360725363502,2550.5,1800039936,2517.3,2412.6372043010747,1.0052946877669207,0.007581301341469393,4280.7,4247.44,4082.4001720430106,1.0051811531787629
2.69,38264328,181.0,2.209655913978495,1.0156375102553206,0.4123167870716533,1033.59,45079124,1017.7,980.4699569892474,1.0055473122210654,0.01112370599512813,2633.3,1771680000,2550.5,2429.8331182795696,1.0071274346378474,0.012851505502002203,4352.34,4280.7,4106.683225806452,1.005948229654147
3.5,54676320,181.0,2.293698924731183,1.038034433425143,0.9244996448683478,1038.31,36047176,1033.59,985.7780215053762,1.0054137961885425,-0.06808643477698295,2656.4,1567229952,2633.3,2447.617419354839,1.0073191450645227,0.02456507989955825,4369.55,4352.34,4130.67182795699,1.0058413568399414
2.43,27683820,181.0,2.3046236559139786,1.0047629316406799,0.31205746936679146,1017.15,47379040,1038.31,989.3292043010754,1.003602416282599,-0.10897157371377064,2640.2,1878550016,2656.4,2463.3367741935485,1.0064223087784907,0.0057921312651714185,4327.16,4369.55,4150.40711827957,1.0047777434626999
2.71,17467232,181.0,2.331698924731183,1.011748238697336,0.4355630941541595,1050.33,45735616,1038.31,994.6912043010752,1.0054198339407032,-0.08463578468299193,2713.4,2061810048,2656.4,2482.9440860215054,1.00795965538832,0.0036214694889098453,4411.8,4369.55,4174.274559139784,1.0057506264277294
3.38,17982428,181.0,2.39952688172043,1.0290895004795984,1.0322539422904902,1079.54,45080192,1050.33,1001.5500860215053,1.006895488459908,-0.043119029746691906,2693.6,2224369920,2713.4,2500.3217204301077,1.0069988021504128,0.005401973531223847,4395.26,4411.8,4195.550731182796,1.0050969747537153
4.86,127274664,150.0,2.5586451612903227,1.0663123554822638,0.9845086751901921,1074.53,53151724,1079.54,1007.6523225806452,1.0060927922071077,-0.16447881429628852,2718.6,2352310016,2713.4,2518.447096774193,1.0072492176490662,0.02141207275860446,4436.52,4411.8,4218.11423655914,1.0053779603256003
4.15,153772320,150.0,2.666193548387097,1.042033334173832,0.7658326896504823,1077.94,39722788,1079.54,1013.6720430107526,1.0059740054135842,-0.11820847686969338,2720.6,1946099968,2718.6,2535.803870967742,1.0068918557851705,0.028369499029929468,4468.0,4436.52,4241.392924731183,1.0055187429421142
4.02,38108504,140.0,2.760881720430107,1.0355143654519348,0.9036362558275703,1073.38,44441604,1079.54,1019.055612903226,1.0053109582429474,-0.12590649121852882,2732.6,2171470080,2720.6,2552.9032258064517,1.0067431693099294,0.011984824052936993,4441.67,4468.0,4261.46806451613,1.0047331478458152
5.22,46910380,140.0,2.9284301075268813,1.0606865501904488,1.2555245799408403,1110.65,39619704,1079.54,1026.5344516129032,1.007338989761678,-0.023755941724514562,2771.7,1973010048,2732.6,2571.6789247311826,1.007354645775419,0.00742141370481586,4509.37,4468.0,4284.620193548388,1.0054328998086455
6.36,478661920,140.0,3.1628387096774193,1.080045824398555,0.8765171008993771,1111.86,50299052,1110.65,1033.6069677419353,1.0068897016733531,-0.08776013379285663,2796.1,1830089984,2771.7,2590.947956989247,1.0074927830503095,0.008010094007757207,4535.43,4509.37,4307.743655913979,1.005396852304531
6.55,192167680,140.0,3.40247311827957,1.0757656114012186,0.660342553486301,1083.25,38616912,1111.86,1038.434,1.0046700848666008,-0.11725864054504065,2746.4,1463980032,2796.1,2606.1154838709676,1.0058540453662164,-0.004989475252288322,4458.58,4535.43,4324.514215053764,1.0038931191081348
6.26,176428960,140.0,3.616795698924731,1.0629902348070663,0.5369196912878649,1063.8,69629248,1111.86,1041.7804731182796,1.0032226151284334,-0.11742096511552669,2727.7,2240069888,2796.1,2619.405806451613,1.0050996675561379,0.007636789074330075,4432.99,4535.43,4338.507462365591,1.0032357963498226
5.88,62431652,140.0,3.8008387096774197,1.0508856529572306,1.0454123416690262,1058.72,57101776,1111.86,1044.5657419354839,1.0026735659662225,-0.11611849220609738,2753.6,1845880064,2796.1,2633.636129032258,1.0054326529114335,0.031598315820551726,4455.48,4535.43,4352.819892473119,1.0032989294663386
5.97,102586624,140.0,3.98363440860215,1.048093516428179,1.6877546980650124,1017.75,59115232,1111.86,1044.4615053763441,0.9999002106282496,-0.14372868138225914,2661.5,2120470016,2796.1,2640.9348387096775,1.002771343237952,0.042382094300789985,4357.05,4535.43,4359.396344086021,1.0015108485476907
6.69,136761552,140.0,4.20447311827957,1.055436490155961,1.2994866912075254,1008.23,60421920,1111.86,1043.5758709677418,0.999152066012923,-0.0881301697356971,2668.5,1831629952,2796.1,2647.826666666667,1.0026096168129452,0.04443798970680346,4391.36,4535.43,4367.078580645161,1.0017622248478422
8.0,295878176,140.0,4.501247311827957,1.0705853468911757,1.529637870731627,1026.06,62525000,1111.86,1043.7116774193546,1.0001301356761794,-0.10848872226285078,2737.9,1791309952,2796.1,2658.4126881720426,1.0039980039625112,0.06181152627633102,4471.37,4535.43,4378.959268817204,1.0027205116538773
6.5,129038272,140.0,4.690387096774193,1.0420194163624898,1.9362040761442119,1046.05,43761304,1111.86,1044.9446666666665,1.001181350438045,-0.10375386813085896,2782.0,1857330048,2796.1,2670.844301075269,1.0046763292089815,0.05018063072805723,4544.9,4535.43,4394.383247311828,1.0035222932089045
6.44,67862728,140.0,4.866172043010753,1.0374777054877742,1.1954284668382509,1055.51,51773040,1111.86,1046.6048387096773,1.001588765506892,-0.10741320487155415,2836.9,2368130048,2796.1,2685.8470967741932,1.005617248333377,0.04632082598180931,4605.38,4544.9,4412.482580645161,1.0041187425662985
6.7,59371528,140.0,5.050709677419356,1.037922546259673,1.8504145991564476,1079.67,70932600,1111.86,1049.6485591397848,1.002908184940039,-0.10685250713992067,2931.7,2399820032,2836.9,2705.983440860215,1.007497204181953,0.03916985569674547,4697.53,4605.38,4435.267913978494,1.0051638353051586
6.91,63082800,140.0,5.239182795698925,1.0373161655127778,2.0337672341055217,1086.08,58164788,1111.86,1052.9183870967743,1.0031151645267529,-0.07286607710384607,2936.4,2316699904,2931.7,2725.4752688172043,1.0072032325337485,0.047652981941293415,4682.85,4697.53,4455.883075268817,1.004648008122655
5.13,48617724,140.0,5.30258064516129,1.0121007134002675,1.1737126532555646,1084.94,60325508,1111.86,1055.9201935483873,1.002850939340028,-0.05666920552495314,3005.8,2480750080,2936.4,2748.543225806452,1.0084638291358479,0.07571677828137235,4697.96,4697.53,4476.403440860216,1.0046052298152282
5.16,25078920,119.0,5.361548387096775,1.0111205742791096,1.440462143202037,1052.09,51598852,1111.86,1056.6235268817204,1.0006660856924894,-0.04604553960977231,2908.6,2044780032,3005.8,2764.2647311827955,1.0057199411050668,0.08704133541636394,4594.62,4697.96,4489.143182795699,1.0028459771563922
3.91,30010568,99.92,5.333010752688172,0.9946773520729044,1.2289848993288592,1051.9,84108024,1111.86,1057.1643010752687,1.0005117945794224,-0.06570382079773385,2895.7,3252819968,3005.8,2778.173333333333,1.0050315738552966,0.11431195193096255,4538.43,4697.96,4497.368623655913,1.0018322963927142
3.9,17481988,72.2,5.298860215053763,0.9935963868782385,1.4801740305092297,1083.73,58754956,1111.86,1059.6262795698926,1.0023288513357098,-0.06383916054336636,3068.9,2615810048,3005.8,2802.276989247312,1.0086760806551471,0.1572727221790169,4712.02,4697.96,4516.135720430108,1.0041729060578848
3.52,18071580,70.02,5.234924731182796,0.9879341063405808,1.121319479694336,1061.51,86033144,1111.86,1060.4304086021505,1.0007588798501528,-0.09467949915030172,2944.9,3316379904,3068.9,2816.9120430107528,1.005222557876897,0.12075105295958477,4620.64,4712.02,4527.849978494624,1.002593867587177
3.54,12505607,70.02,5.167892473118279,0.9871951820691466,1.0496304100877272,1077.25,49263012,1111.86,1062.0735913978492,1.0015495432631594,-0.07962696917081291,3041.1,1755000064,3068.9,2836.558494623656,1.006974463992104,0.12899434486249373,4725.78,4712.02,4545.347935483872,1.0038645178334873
3.12,21652200,70.02,5.069440860215054,0.980949368932241,0.6912702247977764,1100.06,36739000,1111.86,1065.0158709677419,1.0027703161002433,-0.0847053400536244,3055.4,1630649984,3068.9,2855.8066666666664,1.0067857483212468,0.11747221953872922,4766.18,4725.78,4564.33047311828,1.0041762562302916
2.88,24601136,70.02,4.95225806451613,0.9768844732722747,-0.19284322276255272,1050.04,73146624,1111.86,1064.5503440860214,0.9995628920709909,-0.05011835691016153,2912.0,2609730048,3068.9,2864.513333333334,1.0030487591363564,0.06857422556085258,4677.02,4766.18,4576.407440860215,1.002645945076296
2.66,16226974,70.02,4.820451612903226,0.9733845752996352,-0.04122801169999479,1045.78,65289012,1111.86,1063.7265806451612,0.9992261864876223,-0.03397526313668431,2910.2,2528079872,3068.9,2872.1952688172046,1.0026817593740893,0.048721683573694996,4662.85,4766.18,4586.646387096775,1.0022373327482037
2.0,14288495,70.02,4.645096774193548,0.9636227364589048,-0.42028342224213056,992.22,57717832,1111.86,1059.3162580645162,0.9958538945431165,-0.07598247004566316,2708.3,2292640000,3068.9,2865.9518279569893,0.9978262477736111,0.03448451358022875,4397.93,4766.18,4578.7261935483875,0.9982732059810261
1.965,18287170,64.84,4.468559139784946,0.961994842520961,-0.46597212063414784,969.19,93810224,1111.86,1053.474924731183,0.9944857512675147,-0.11099865305594814,2769.6,3906190080,3068.9,2863.3238709677416,0.9990830421629519,0.03349181504681131,4431.85,4766.18,4572.742279569893,0.9986931050852252
3.03,104584624,64.0,4.3622903225806455,0.976218549675631,-0.32502682695894203,992.91,85758816,1111.86,1049.3024086021505,0.996039282918768,-0.06316063579202369,2798.9,3243249920,3068.9,2862.2931182795696,0.9996400153337095,0.02366611416765374,4500.54,4766.18,4571.018989247312,0.9996231385419903
2.36,56343696,64.0,4.213806451612903,0.9659619465950852,-0.21432532352809275,971.36,87288576,1111.86,1043.8372043010752,0.9947915831925366,-0.029861184036564792,2717.5,2838710016,3068.9,2855.7043010752695,0.9976980634295552,0.008137198130121703,4418.64,4766.18,4563.730129032258,0.9984054189597114
2.55,24921612,64.0,4.077731182795699,0.9677072807259292,-0.23197836175177966,958.93,82051872,1111.86,1037.6685376344087,0.9940903939414606,-0.05317528606831934,2670.9,2940369920,3068.9,2845.9427956989243,0.9965817520488134,-0.0013989866017731778,4348.87,4766.18,4551.743247311828,0.9973734464173997
2.19,16447332,62.38,3.9187741935483866,0.961018276555854,-0.49878937498786036,966.06,70653904,1111.86,1032.1564301075268,0.9946879881899012,-0.0946375339939235,2705.5,2701250048,3068.9,2838.504946236559,0.997386507742318,0.0068386690867501265,4384.62,4766.18,4542.198150537634,0.9979029799671081
2.13,22959638,62.38,3.7585053763440865,0.9591023087096582,-0.7623781326676953,939.89,94025048,1111.86,1025.1999784946236,0.9932602739178028,-0.12489042004161732,2624.0,2960100096,3068.9,2825.7834408602153,0.9955182373759078,-0.010532808523308734,4328.87,4766.18,4529.079161290323,0.997111753205712
1.72,19687156,62.38,3.577655913978494,0.9518826117680039,-0.8260732036905449,918.18,88480752,1111.86,1017.1324301075268,0.992130756382825,-0.12975477188508333,2524.1,2983980032,3068.9,2806.8202150537636,0.993289214759968,-0.013209257219907511,4204.31,4766.18,4508.155548387097,0.9953801618037373
1.92,12597002,44.4,3.4149354838709676,0.9545175852513511,-0.7855887567680042,985.47,97495952,1111.86,1013.7497419354836,0.9966742893335083,-0.0843858645509944,2722.7,3298520064,3068.9,2801.0924731182795,0.9979593484809733,-0.008445433675453584,4463.09,4766.18,4504.4944946236565,0.9991879042938635
1.96,13089217,43.28,3.2593118279569895,0.9544285223984459,-0.9014174969886308,989.69,70857992,1111.86,1010.8283655913978,0.9971182470157691,-0.11840795017847117,2786.1,2699249920,3068.9,2799.4763440860215,0.9994230361732903,-0.002271307481712892,4543.04,4766.18,4505.945440860215,1.0003221107803084
2.21,46223552,41.8,3.1268279569892465,0.9593521951991973,-0.8670961644242271,987.34,69244136,1111.86,1008.015505376344,0.9972172721791319,-0.12572625340834365,2789.4,2801019904,3068.9,2798.042150537635,0.9994876922066456,-0.0046958663957185065,4545.86,4766.18,4507.505913978494,1.0003463142505298
1.8,77937456,40.6,2.976817204301075,0.9520246221565022,-0.8346220309732992,962.35,69639048,1111.86,1003.8581720430108,0.995875724816573,-0.1743393387285459,2677.0,2637179904,3068.9,2789.370752688172,0.996900905210525,-0.031930757327107706,4488.28,4766.18,4505.329118279569,0.99951707313524
1.74,12383944,40.6,2.8331505376344097,0.9517381630087707,-0.8882752674130248,928.73,50020240,1111.86,997.7918064516131,0.9939569495369533,-0.17247997885681698,2574.9,1943859968,3068.9,2774.261505376344,0.9945832775018283,-0.04690440279421526,4392.59,4766.18,4496.914903225807,0.9981323861514084
1.61,10194584,40.6,2.690817204301075,0.9497614646865259,-0.9060774044070258,921.28,60384916,1111.86,991.5352688172044,0.9937296161444155,-0.20448658791924712,2509.6,2356460032,3068.9,2755.2679569892475,0.9931536560809829,-0.047381146917839345,4271.78,4766.18,4480.793376344086,0.9964149806637086
1.37,7797854,40.6,2.542182795698925,0.9447623538438178,-0.9056625283797846,892.73,74802688,1111.86,983.732365591398,0.9921304834319061,-0.15981600200484236,2478.0,3027109888,3068.9,2734.7604301075266,0.9925569755095145,-0.01727809666895952,4131.93,4766.18,4456.044322580645,0.9944766357908621
1.52,12056702,40.6,2.4131182795698924,0.9492308277959419,-0.9812780754113296,864.88,93361368,1111.86,974.4015483870968,0.9905148823697676,-0.14770274025917196,2461.5,3285600000,3068.9,2713.5830107526886,0.9922562067515343,-0.01653818554514963,4123.34,4766.18,4431.225204301075,0.9944302353201917
1.05,10763868,40.046,2.2648494623655915,0.938557169592728,-1.0674898568019093,847.56,90390736,1111.86,964.2615913978493,0.9895936567362481,-0.10776168847895906,2375.3,3504839936,3068.9,2687.2894623655916,0.9903103946763715,-0.032360559170075076,4023.89,4766.18,4400.566344086023,0.9930811775972718
0.99,5181456,40.046,2.127655913978495,0.9394248709829038,-0.9571444812774978,835.42,79223064,1111.86,953.7222795698925,0.9890700698628072,-0.09012703860808491,2285.8,3260610048,3068.9,2656.001505376344,0.9883570573890819,-0.03676481672388765,3901.36,4766.18,4362.964645161291,0.9914552591678875
1.05,4506760,40.046,2.006182795698925,0.9429075361850084,-0.9436086199649907,876.29,76044320,1111.86,946.2727096774194,0.9921889526416089,-0.10745155816355423,2470.3,2907089920,3068.9,2637.6838709677418,0.9931033042068977,-0.03213476930395032,4158.24,4766.18,4343.319806451613,0.9954973646803522
1.03,2902005,40.046,1.895010752688172,0.9445852874179284,-0.9081207264171753,875.52,60882096,1111.86,939.15888172043,0.9924822644843954,-0.09846615539306314,2442.4,2374089984,3068.9,2618.3546236559137,0.9926718862997269,-0.041516836998229834,4108.54,4766.18,4321.430107526882,0.9949601457179793
0.9,3894978,40.046,1.7876451612903224,0.9433430173176875,-0.9394151358790446,830.41,56952188,1111.86,929.5737634408603,0.9897939332032819,-0.08916195981786612,2286.4,2273639936,3068.9,2590.01311827957,0.9891758338919074,-0.05436930020876851,3900.86,4766.18,4287.408344086021,0.9921271980352978
0.645,4913114,40.046,1.6767526881720434,0.9379672904223135,-0.9510421936889508,769.17,99850296,1111.86,916.5875053763441,0.986029878880782,-0.09913553767355421,2174.4,3285469952,3068.9,2555.843655913979,0.9868072242088534,-0.05881894407574362,3674.84,4766.18,4240.486344086022,0.9890558593363931
0.702,3790914,40.046,1.5791827956989248,0.9418102066205798,-0.8990104872642776,813.32,85007168,1111.86,907.1287096774191,0.989680422607287,-0.10498151330700367,2332.8,2160740096,3068.9,2533.6815053763444,0.9913288316809389,-0.04933865482074096,3911.74,4766.18,4211.0484731182805,0.993057902188791
