9.15,18860806,20.59,11.121225806451614,0.9775026037777934,-0.6070745457431658,55.48,232080096,136.86,72.7741505376344,0.9721366622713652,-0.3129159943371601,202.46,435238016,259.71,218.14851612903226,0.9925764495943306,-0.14903111589387774,2955.45,3380.16,2941.685892473118,0.998422584740223
10.21,15206907,20.59,10.949247311827959,0.9845360127006965,-0.5555395681048688,58.85,194764992,136.86,71.01769892473118,0.9758643474375577,-0.3435074208726643,214.27,503536000,259.71,217.36886021505373,0.996426031550371,-0.10911625782605161,3044.31,3380.16,2942.9155053763443,1.0004179959887534
12.67,15460745,20.59,10.949569892473118,1.000029461444789,-0.40688907024502163,72.92,271586688,136.86,70.27679569892473,0.9895673439575717,-0.312477657677911,229.41,535400000,259.71,217.6267311827957,1.0011863289317837,-0.05058372334949324,3193.93,3380.16,2953.846623655914,1.0037143840044336
11.24,17376580,20.59,10.865591397849462,0.9923304298298161,-0.5163432010954229,65.52,271033792,136.86,69.13587096774192,0.9837652710281402,-0.3146752256486398,219.81,494808992,259.71,217.27427956989246,0.9983804764654246,-0.05149038492127289,3041.31,3380.16,2954.71440860215,1.000293781315281
10.02,16335725,20.59,10.713311827956991,0.9859851558634342,-0.5460002033438075,59.24,263286800,136.86,67.68045161290323,0.9789484194750685,-0.367466967648982,218.11,591840000,259.71,216.85150537634408,0.9980541912536298,-0.06862657110434578,3097.74,3380.16,2959.393053763441,1.001583450890438
9.31,13637011,20.59,10.527677419354841,0.9826725468666256,-0.5840352479226648,53.76,242881696,136.86,65.97163440860214,0.9747516873250991,-0.38704721417628307,209.45,475236992,259.71,215.9067741935484,0.9956434188402054,-0.07954229317050243,3009.05,3380.16,2958.376752688172,0.9996565846250208
9.42,8726490,20.59,10.364086021505377,0.9844608272714829,-0.5194689574165556,55.04,166739008,136.86,64.46505376344086,0.9771632056918567,-0.43432939669853377,221.21,308151008,259.71,215.7830752688172,0.9994270725168619,-0.0646712064863404,3130.01,3380.16,2965.448043010753,1.002390260238543
9.09,8770417,20.59,10.19341935483871,0.9835328782188284,-0.5362816434356659,53.16,156032704,136.86,62.957483870967735,0.9766141528710227,-0.45728896856131845,217.32,340264000,259.71,215.44406451612903,0.998428927976553,-0.06722845987556958,3185.04,3380.16,2976.103849462366,1.0035933209070136
8.88,9964800,20.59,10.023569892473116,0.983337341822892,-0.5783171463888397,52.8,158986400,136.86,61.55023655913978,0.9776476563975758,-0.45364933821743486,217.37,323656992,259.71,215.13922580645163,0.9985850679601592,-0.08730959209163935,3224.73,3380.16,2989.2853763440853,1.004429121948853
8.82,13757800,20.59,9.865548387096775,0.9842350073804541,-0.6198147828251431,50.74,159060608,136.86,60.14331182795699,0.9771418468906945,-0.4627694770270584,215.96,314783008,259.71,214.78752688172042,0.998365249649789,-0.0892896330826567,3215.63,3380.16,3001.8722580645153,1.0042106658066297
8.82,8512057,20.59,9.723139784946238,0.985565059684184,-0.6482092174814683,51.13,152919296,136.86,58.900193548387094,0.9793307311854408,-0.48182721099082737,224.82,403376000,259.71,215.0572258064516,1.0012556545002713,-0.07077890240208118,3271.12,3380.16,3018.0915913978497,1.0054030724624479
9.61,9753702,20.59,9.647032258064518,0.9921725359744852,-0.6115759014377888,56.16,181389600,136.86,58.111397849462364,0.9866079268775794,-0.4210691842941817,226.33,350924000,259.71,215.45496774193552,1.0018494702235297,-0.08248751872419657,3351.28,3380.16,3039.4045376344084,1.00706172943767
9.81,8956017,20.59,9.59694623655914,0.9948081420103567,-0.5148141401491433,56.96,141907104,136.86,57.48447311827957,0.9892116735376622,-0.3873702187427678,222.22,312833984,259.71,215.6165161290323,1.0007498011709355,-0.10854715914212176,3372.85,3380.16,3061.9243010752693,1.0074092682175135
9.39,7131315,20.59,9.53301075268817,0.9933379345580358,-0.5062479651607378,53.51,111836096,136.86,56.749376344086016,0.9872122551653031,-0.3904031627829915,222.26,269006016,259.71,215.83113978494626,1.0009953952497104,-0.13526174949102765,3397.16,3380.16,3085.9194838709677,1.0078366348858696
10.69,9766506,20.59,9.56606451612903,1.003467295306631,-0.3775585713150207,59.72,107115104,136.86,56.52763440860215,0.9960926101788433,-0.3403822405900009,226.49,259967008,259.71,216.3743870967742,1.0025170015428229,-0.15789410117843572,3508.01,3397.16,3116.8475913978496,1.0100223313305912
11.1,11786359,20.59,9.634881720430108,1.007193888791472,-0.3162760416443309,61.1,123920304,136.86,56.484430107526876,0.9992356959294816,-0.3220083892066461,224.44,324107008,259.71,216.82221505376347,1.00206969023921,-0.12402177991262142,3426.96,3508.01,3141.9391612903223,1.0080503037625974
10.11,8958943,20.59,9.648494623655916,1.0014128770462165,-0.35869803023073377,56.88,110943200,136.86,56.26264516129033,0.9960735206885447,-0.3148281612942466,220.38,271844000,259.71,217.0583010752688,1.0010888460919318,-0.13984401682174696,3340.97,3508.01,3161.2695483870975,1.0061523747292538
10.25,16669069,20.59,9.68210752688172,1.0034837458626338,-0.3717704581171276,57.85,186243392,136.86,56.2103010752688,0.9990696476166119,-0.3053340092400376,220.08,404430016,259.71,217.35961290322578,1.0013881608142345,-0.14711653380167644,3319.47,3508.01,3179.29711827957,1.0057026361139214
9.48,10398197,20.59,9.676451612903223,0.9994158385493247,-0.410028891084948,55.21,47781800,136.86,56.0927311827957,0.9979083924080807,-0.31069717678033226,215.36,365492992,259.71,217.44163440860217,1.0003773539356315,-0.17071895072250065,3298.46,3508.01,3196.0085161290317,1.0052563183709313
10.35,10661271,20.59,9.734645161290322,1.0060139347268062,-0.34046814917619495,58.58,38637000,136.86,56.260795698924724,1.00299619063977,-0.21270354952587367,225.85,325193984,259.71,218.2269677419355,1.0036116971594207,-0.17964116896007398,3348.44,3508.01,3215.2041290322577,1.0060061206991011
10.79,7759508,20.59,9.82658064516129,1.0094441535718783,0.02666016404850713,60.08,44100100,136.86,56.57124731182796,1.0055180807353774,-0.004247156910839545,228.95,302528000,259.71,219.23954838709676,1.0046400344358846,-0.23274696037903797,3477.13,3508.01,3241.893569892472,1.0083010097614697
10.07,7462255,20.59,9.868537634408604,1.0042697445594133,0.7650399223496582,56.81,35152300,136.86,56.66509677419354,1.0016589604582744,-0.029620144006438087,223.66,253260992,259.71,219.88746236559143,1.0029552787499392,-0.17976091057881072,3483.81,3508.01,3267.366430107527,1.0078574017517483
10.88,6829820,20.59,9.952623655913976,1.0085206161865554,0.07502727181652546,60.4,29210600,136.86,56.96221505376345,1.0052434090204398,-0.031949649623434384,220.77,261872992,259.71,220.22911827956992,1.0015537762376394,-0.2245498648758002,3465.39,3508.01,3289.1156559139777,1.006656500356385
9.9,10749880,20.59,9.969548387096774,1.0017005296058532,0.30903709919628874,54.38,41241000,136.86,56.85838709677419,0.9981772486043377,0.08018051383276092,211.46,351683008,259.71,219.91219354838708,0.9985609317529913,-0.15144245805036793,3269.96,3508.01,3296.2695698924726,1.0021750265806653
10.76,11588748,20.59,10.03552688172043,1.0066180023469318,0.04083440295615315,54.4,65831000,136.86,56.73301075268817,0.9977949366753471,-0.025828485571352977,220.74,379760992,259.71,220.13040860215048,1.0009922826480988,-0.2568565216481673,3509.44,3508.01,3317.1935698924735,1.0063477818049582
12.37,22399132,20.59,10.201892473118281,1.016577663869436,0.36752463039468397,68.75,82344400,136.86,57.53640860215053,1.0141610296863064,0.23584646245672425,232.2,588574016,259.71,221.08746236559142,1.0043476672283413,-0.16422769510092938,3585.15,3509.44,3341.454516129033,1.007313696269267
12.77,11195874,20.59,10.385182795698924,1.0179663060617046,0.37889233777343256,73.42,70833504,136.86,58.60535483870967,1.0185786054870165,0.332166401302888,228.51,402121984,259.71,221.76819354838713,1.0030790130544356,-0.13984639044102076,3557.54,3585.15,3362.4060215053764,1.0062701752411147
13.37,9589918,20.59,10.597677419354838,1.020461327242494,0.32611251232824534,75.86,37588600,136.86,59.782989247311825,1.0200943141090635,0.2742856148185573,227.66,267951008,259.71,222.3436989247312,1.0025950762692148,-0.16818319926012348,3638.35,3585.15,3387.0209677419343,1.0073206347119072
13.28,16366092,20.59,10.795010752688171,1.0186204321498726,0.35035759860181703,81.2,49794800,136.86,61.259247311827956,1.0246936140715397,0.3905029846450683,230.8,397923008,259.71,223.0704516129032,1.0032686003322182,-0.14631440517551586,3699.12,3638.35,3413.8196989247317,1.0079121834314075
13.06,11833106,20.59,10.969268817204298,1.0161424632645903,0.461641275215122,75.29,34184800,136.86,62.29548387096774,1.0169155940468062,0.4349924922881385,224.15,343294016,259.71,223.3164731182796,1.0011028870188656,-0.11030505069093288,3663.46,3699.12,3436.663333333334,1.0066915175443498
12.92,9258779,20.42,11.123956989247313,1.0141019583548176,0.2722783690573394,73.11,44636600,136.86,63.13010752688172,1.0133978196179154,0.20831845089822032,224.62,654913024,259.71,223.52313978494627,1.0009254429992598,-0.1456546398799412,3709.41,3699.12,3460.7515698924735,1.0070091929941172
13.18,6067761,20.42,11.28731182795699,1.0146849577778465,0.14514134192090866,73.68,22175400,136.86,63.96359139784946,1.0132026366438998,0.20695996550933704,223.92,190132000,259.71,223.63698924731185,1.0005093408336834,-0.17135065699551966,3703.06,3709.41,3482.808709677419,1.0063735114582728
12.91,5404509,20.42,11.426860215053765,1.0123632968791678,-0.07659851765711556,75.91,16225900,136.86,64.90905376344087,1.0147812582897462,0.047585941738069626,227.9,160008992,259.71,223.98686021505375,1.0015644593004023,-0.1825847068548524,3756.07,3709.41,3506.869182795699,1.0069083533216812
12.76,11715890,20.42,11.556215053763442,1.0113202433805277,0.04230958301846388,76.38,39300200,136.86,65.87840860215056,1.0149340466777172,0.15542381507305758,222.08,355628000,259.71,223.9644946236559,0.9999001477525227,-0.24724940418353358,3824.68,3756.07,3534.1472043010754,1.0077784542517865
12.84,8808189,20.42,11.687462365591397,1.0113572922637168,0.19412158174666794,76.22,33963300,136.86,66.81408602150537,1.014203096875116,0.24953927905162554,226.2,326383008,259.71,224.20305376344086,1.001065164994951,-0.17935997249114655,3768.25,3824.68,3556.099913978494,1.0062116002555588
13.21,6394098,20.42,11.836516129032256,1.012753304248464,0.36027702891527835,74.82,24993100,136.86,67.62292473118279,1.0121058111820473,0.2968258171912832,229.33,245619008,259.71,224.62615053763443,1.0018871142345813,-0.18172355203047053,3841.47,3824.68,3581.3345376344087,1.0070961514767123
12.48,9339626,20.42,11.930086021505376,1.0079051886089703,0.2314238874494461,70.31,58317300,136.86,68.09550537634408,1.0069884679942476,0.24230959867399493,228.98,436191008,259.71,224.98391397849463,1.0015927061030245,-0.15152936138762163,3714.24,3841.47,3596.570623655914,1.0042543040482248
13.09,6716910,20.42,12.056430107526884,1.01059037510658,0.40531278678385974,73.65,36466700,136.86,68.7507311827957,1.0096221593896746,0.2984716549104858,236.22,307750016,259.71,225.79206451612905,1.003592036974304,-0.13337093630835706,3886.83,3841.47,3621.6851397849455,1.006982906428653
13.66,7280925,20.42,12.210946236559138,1.0128160763720422,0.4910766279587573,77.31,37860200,136.86,69.59802150537634,1.0123240918024252,0.36524884779617506,238.88,284676000,259.71,226.7311827956989,1.004159217382517,-0.12124878457735155,3934.83,3886.83,3648.3872043010747,1.007372828803587
14.38,9239942,20.42,12.401634408602149,1.0156161667039445,0.5449720709916832,86.86,44549400,136.86,71.00873118279571,1.02026939339519,0.6143000430085923,237.03,259182000,259.71,227.50468817204302,1.003411552688988,-0.11734842159291925,3906.71,3934.83,3671.7479784946236,1.0064030413674319
14.25,15919965,20.42,12.571978494623654,1.0137356158397435,0.6092369920941347,86.08,51983900,136.86,72.29144086021505,1.0180641120613363,0.6504585897024548,232.26,404191008,259.71,227.92513978494625,1.0018481008733555,-0.13199710314037816,3811.15,3934.83,3687.4573978494623,1.0042784579570407
14.13,15611220,20.42,12.722903225806451,1.0120048512051893,0.44366339845069525,81.98,38790000,136.86,73.23447311827957,1.013044867370786,0.4474748850825818,229.11,369832000,259.71,228.1263655913978,1.0008828591994785,-0.13412678033835368,3841.94,3934.83,3703.9919139784947,1.0044839883814456
14.97,9014994,20.42,12.91830107526882,1.0153579608360168,0.48356232179526937,89.4,36889500,136.86,74.60068817204301,1.018655354447036,0.47965657325112576,242.19,329904992,259.71,229.16548387096773,1.004555011766729,-0.07927592502128378,3943.34,3934.83,3726.013182795699,1.0059452799381388
15.1,10266132,20.42,13.110989247311828,1.014915906582476,0.5704287826935253,92.46,37626900,136.86,76.09455913978495,1.0200248952703599,0.6492996891332061,239.73,365302016,259.71,230.00294623655913,1.0036544000930914,-0.07327228049245038,3913.1,3943.34,3744.856623655914,1.0050572662885955
14.98,7770991,20.42,13.283655913978494,1.0131696139329889,0.33939563581968035,89.19,39318800,136.86,77.29369892473119,1.015758548291783,0.3902420088838201,249.87,290219008,259.71,231.45703225806452,1.0063220321534918,-0.029762413199429627,3974.54,3943.34,3766.5543870967736,1.0057940171337394
14.86,5961958,20.42,13.439354838709678,1.0117210898670854,0.29160624038672833,88.78,23475800,136.86,78.40301075268817,1.0143519050503358,0.33513439960843794,250.9,217543008,259.71,232.92729032258066,1.0063521857606679,-0.05511997599900886,4019.87,3974.54,3790.1733763440857,1.0062707150408408
15.09,9736143,20.42,13.601806451612902,1.0120877538284287,0.4335673890915335,89.97,37570800,136.86,79.52956989247312,1.0143688249847767,0.4375002153932046,252.17,269462016,259.71,234.42258064516133,1.0064195583115652,-0.09155792266685348,4128.8,4019.87,3819.5450322580646,1.007749422782952
15.07,8669440,20.42,13.752258064516129,1.0110611493729487,0.42104361016006053,90.7,33320200,136.86,80.63206451612902,1.0138627006929186,0.39200273523543117,258.78,266851008,259.71,236.27595698924728,1.007906134037878,-0.08503987358232079,4185.47,4128.8,3850.8785591397855,1.0082034709938206
15.27,8019087,20.42,13.905247311827956,1.0111246637893287,0.6386843114691215,89.71,27834100,136.86,81.6000430107527,1.0120048829263208,0.3988002431214277,264.05,266535008,259.71,238.3861075268817,1.0089308728849227,-0.04122304021267831,4180.17,4185.47,3880.007784946237,1.0075643065235893
15.86,11496045,20.42,14.083849462365594,1.012844226825489,0.5991328385813283,94.22,39679100,136.86,82.78479569892471,1.014519020388456,0.42593253225759997,267.06,296096000,264.05,240.58574193548384,1.009227192102015,-0.06622568952750751,4181.17,4185.47,3907.305376344086,1.0070354475843475
15.81,10631611,20.42,14.247376344086023,1.011610950696214,0.531283333624775,91.22,54337900,136.86,83.69935483870967,1.011047428843227,0.3621612909510765,264.7,310403008,267.06,242.5444946236559,1.0081415992170364,-0.061120633857439044,4232.6,4185.47,3936.1302150537635,1.0073771655740529
15.55,10248294,20.42,14.383333333333331,1.0095425982976678,0.6081720634824157,89.92,34726900,136.86,84.46307526881719,1.0091245677052019,0.41104133356287087,262.08,280892992,267.06,244.25733333333332,1.0070619566621586,-0.026291910764361326,4173.85,4232.6,3959.540064516129,1.0059474275959759
15.22,8898523,20.42,14.486215053763441,1.0071528426718501,0.4391890078813979,87.89,45811000,136.86,85.02462365591397,1.0066484482752915,0.2572341851682869,264.46,278921984,267.06,246.04109677419356,1.007302804040794,-0.0013491499910109894,4155.86,4232.6,3980.3053118279568,1.0052443584288786
15.87,9034902,20.42,14.62169892473118,1.0093526066308496,0.6889632476367168,89.09,52547900,136.86,85.60447311827956,1.0068197827574301,0.36154348824493354,269.98,302603008,267.06,248.08703225806448,1.0083154217352095,-0.008933631022277622,4204.11,4232.6,4002.6985806451607,1.0056260178712069
16.07,7291578,20.42,14.757247311827957,1.0092703582391174,0.5759776015647757,90.7,24007000,136.86,86.21354838709678,1.007114993488432,0.4070637734571949,278.18,234148992,269.98,250.5361505376344,1.0098720124839993,0.05492647536413542,4229.89,4232.6,4024.7461505376345,1.005508176408557
16.37,9322193,20.42,14.900731182795697,1.0097229427640437,0.39148227420098825,92.93,35722200,136.86,86.88843010752687,1.0078280239365616,0.13030512880745437,283.61,269220992,278.18,253.21206451612903,1.0106807499546564,0.03667250037758052,4247.44,4232.6,4046.376623655914,1.0053743695401485
15.71,10132374,20.42,14.993032258064519,1.0061943990624695,0.2950110300403501,88.93,47531500,136.86,87.25324731182796,1.0041986856460592,0.002900596512975584,276.12,335528000,283.61,255.29419354838709,1.0082228666167106,0.037189335396746515,4166.45,4247.44,4061.3576559139788,1.0037023326426122
15.55,31613456,20.42,15.068688172043009,1.0050460715802032,0.29894886500526585,91.16,27019300,136.86,87.72858064516129,1.0054477437571414,-0.0269430950298708,279.71,265598000,283.61,257.5055483870968,1.0086619864242645,0.05208060410845783,4280.7,4247.44,4082.4001720430106,1.0051811531787629
15.41,11244069,20.42,15.130623655913976,1.0041102107339295,0.2959450704900125,89.5,37326800,136.86,88.06391397849463,1.0038223955165726,-0.10974165677745451,279.72,272868992,283.61,259.6056129032258,1.0081554146280844,0.03537046030489699,4352.34,4280.7,4106.683225806452,1.005948229654147
15.04,8605654,20.42,15.16410752688172,1.0022129868357843,0.3220999966570969,88.78,35518500,136.86,88.33494623655913,1.003077676721599,-0.1016648629981769,287.1,246350000,283.61,262.07660215053767,1.0095182427670892,0.08810016543833821,4369.55,4352.34,4130.67182795699,1.0058413568399414
14.52,6849515,20.42,15.159784946236561,0.9997149465843937,0.2903560959292787,82.91,36194800,136.86,88.19825806451615,0.9984526149857279,-0.15248376866300362,288.98,247254000,287.1,264.53350537634407,1.0093747522886272,0.11999244089535543,4327.16,4369.55,4150.40711827957,1.0047777434626999
14.6,7816511,20.42,15.157182795698924,0.9998283517512375,0.30941046032663755,81.88,41252800,136.86,87.9740430107527,0.9974578290015722,-0.18050856925402647,289.26,274329984,288.98,266.87006451612905,1.0088327531004468,0.10040757897227359,4411.8,4369.55,4174.274559139784,1.0057506264277294
14.95,7068529,20.42,15.17410752688172,1.0011166145721748,0.3275620070154678,82.65,28852600,136.86,87.78187096774194,0.9978155824555287,-0.18387409306499003,290.04,253316992,289.26,269.11643010752687,1.0084174506251602,0.10248823915389993,4395.26,4411.8,4195.550731182796,1.0050969747537153
14.94,8170805,20.42,15.186000000000002,1.0007837346016701,0.38304325661057415,83.74,44919200,136.86,87.64552688172041,0.9984467853724418,-0.218751367725305,292.06,289416992,290.04,271.3594838709677,1.0083348822758411,0.15514011829404994,4436.52,4411.8,4218.11423655914,1.0053779603256003
14.8,6201599,20.42,15.184172043010753,0.9998796288035526,0.34356281932230903,82.55,35004200,136.86,87.41658064516128,0.9973878160733963,-0.20819761586417096,292.08,223516000,292.06,273.4533333333333,1.0077161462444453,0.10555040623695011,4468.0,4436.52,4241.392924731183,1.0055187429421142
14.5,7087169,20.42,15.158774193548386,0.9983273470960139,0.2941224161010406,78.66,48583800,136.86,86.92305376344086,0.9943543103827897,-0.22927683309956537,293.68,238956000,292.08,275.5087311827957,1.0075164483255976,0.1243577368824118,4441.67,4468.0,4261.46806451613,1.0047331478458152
15.02,8756039,20.42,15.16415053763441,1.0003546687890048,0.39850964043027004,85.2,40824800,136.86,86.84320430107527,0.9990813776218345,-0.06637014430149457,292.67,221778000,293.68,277.36058064516135,1.0067215636122144,0.06407046669741878,4509.37,4468.0,4284.620193548388,1.0054328998086455
15.13,8349560,20.42,15.17116129032258,1.000462324128923,0.3110745759990734,83.9,39765300,136.86,86.6474623655914,0.997746030480344,-0.1492881519367928,304.36,273968000,293.68,279.82965591397846,1.0089020410293124,0.12158870672740152,4535.43,4509.37,4307.743655913979,1.005396852304531
14.49,5837436,20.42,15.132494623655916,0.9974513047533593,0.18761459964603966,82.97,24078200,136.86,86.36967741935484,0.9967940786879078,-0.15133614523101513,292.52,200632000,304.36,281.3883225806452,1.005570055330897,0.09144175850414626,4458.58,4535.43,4324.514215053764,1.0038931191081348
15.35,10753157,20.42,15.147526881720431,1.0009933760717162,0.24395497799325017,84.37,35447400,136.86,86.17004301075268,0.9976886053697657,-0.2597346174956221,291.8,289695008,304.36,282.7851827956989,1.004964172650247,0.09635598098872489,4432.99,4535.43,4338.507462365591,1.0032357963498226
16.2,12761701,20.42,15.21531182795699,1.0044749843829859,0.29321439099936597,88.0,34785200,136.86,86.2099569892473,1.000463200169108,-0.21510152223328727,287.4,262375008,304.36,283.7803870967742,1.0035192943676765,0.06834189933653079,4455.48,4535.43,4352.819892473119,1.0032989294663386
16.3,10376565,20.42,15.28535483870968,1.0046034554890944,0.31855560818493367,87.01,44466800,136.86,86.18187096774193,0.999674213716301,-0.1650850189425357,280.99,266582000,304.36,284.24346236559137,1.0016318085740692,0.09236595422945415,4357.05,4535.43,4359.396344086021,1.0015108485476907
16.18,7163458,20.42,15.342989247311827,1.0037705639947716,0.20525869328317037,85.4,37947900,136.86,86.03909677419355,0.9983433384313295,-0.19607019947453752,278.84,233703008,304.36,284.4562580645162,1.0007486388504905,0.03771312293955842,4391.36,4535.43,4367.078580645161,1.0017622248478422
16.09,7979603,20.42,15.392215053763442,1.0032083582708786,0.22516525669396792,87.06,28873300,136.86,86.01202150537635,0.9996853143532148,-0.26246653810433973,288.65,229264992,304.36,285.2231397849463,1.0026959565792226,0.06139596484512433,4471.37,4535.43,4378.959268817204,1.0027205116538773
15.7,6142458,20.42,15.41415053763441,1.0014251024816343,0.23591611772005938,87.64,26133700,136.86,86.03397849462365,1.0002552781444154,-0.20975866751080552,297.94,207486000,304.36,286.4841720430108,1.0044212130159402,0.04887663848406487,4544.9,4535.43,4394.383247311828,1.0035222932089045
15.71,6461982,20.42,15.435182795698926,1.0013644772712686,0.1948303778292073,87.32,25052600,136.86,86.03862365591398,1.0000539921711353,-0.207477429081394,298.83,295719008,304.36,287.69924731182795,1.0042413347311723,0.04537831984424057,4605.38,4544.9,4412.482580645161,1.0041187425662985
16.67,13255094,20.42,15.516322580645166,1.0052568075169703,0.26175713944884205,95.31,34656400,136.86,86.56189247311829,1.006081789723845,-0.13531714441885523,301.26,261527008,304.36,288.9680215053763,1.0044100712998154,0.056923216978467694,4697.53,4605.38,4435.267913978494,1.0051638353051586
15.95,11896422,20.42,15.547612903225808,1.0020166068614527,0.2591989272789813,92.72,32769600,136.86,86.90658064516128,1.0039819851691671,-0.1414199424268212,301.14,196108992,304.36,290.1234838709678,1.003998582125358,0.04485624447653658,4682.85,4697.53,4455.883075268817,1.004648008122655
15.65,9909806,20.42,15.557655913978495,1.000645951942282,0.22202847883132948,88.47,41276500,136.86,86.97273118279568,1.0007611683389603,-0.15364431976113735,300.97,275248992,304.36,291.1768817204301,1.0036308603337014,0.015953835367432667,4697.96,4697.53,4476.403440860216,1.0046052298152282
15.26,8422234,20.42,15.54172043010753,0.9989757143390318,0.12745626170741564,85.25,32513600,136.86,86.83380645161289,0.9984026633486902,-0.21240484390809067,298.36,173336000,304.36,291.98249462365595,1.002766747478254,0.018318321612194044,4594.62,4697.96,4489.143182795699,1.0028459771563922
15.02,16965722,20.42,15.511591397849461,0.9980614094563365,0.12837505989688136,80.16,58837500,136.86,86.38578494623656,0.9948404714283027,-0.2490881818860271,298.54,365657984,304.36,292.73240860215054,1.0025683525290143,0.055587017108520875,4538.43,4697.96,4497.368623655913,1.0018322963927142
15.65,11621975,20.42,15.523806451612902,1.0007874790825868,0.23890141869208437,86.29,33767300,136.86,86.3570322580645,0.9996671594963229,-0.2106988874115211,306.72,255542000,304.36,293.9372903225807,1.004115983352112,0.0413911603209256,4712.02,4697.96,4516.135720430108,1.0041729060578848
15.2,12915627,20.42,15.506774193548388,0.9989028297848467,0.3217497297130828,81.51,37906600,136.86,86.02769892473121,0.9961863750441408,-0.25102982183829015,311.65,346624000,306.72,295.3642365591398,1.0048545941040454,0.06660182229481926,4620.64,4712.02,4527.849978494624,1.002593867587177
16.21,7122730,20.42,15.55494623655914,1.0031065160561115,0.3089609496101685,90.02,31407700,136.86,86.2611182795699,1.0027133046420655,-0.1496470502618723,313.2,179860000,311.65,296.78969892473117,1.004826117007927,0.03600021617062721,4725.78,4712.02,4545.347935483872,1.0038645178334873
16.15,5361103,20.42,15.598516129032259,1.0028010313768052,0.28326857593643295,90.23,21062900,136.86,86.5060860215054,1.00283983962672,-0.17259150932470735,324.75,158679008,313.2,298.86737634408604,1.0070005038142573,0.04062378797185695,4766.18,4725.78,4564.33047311828,1.0041762562302916
16.81,11077089,20.42,15.684494623655914,1.0055119662609209,0.31616609249867866,94.48,44188400,136.86,87.02625806451613,1.0060131265548347,-0.07178733526734082,308.7,289601984,324.75,299.8094193548387,1.00315204363312,-0.012672011986516907,4677.02,4766.18,4576.407440860215,1.002645945076296
16.79,6297221,20.42,15.768236559139782,1.0053391542088685,0.36791142376669694,93.08,31623300,136.86,87.4527741935484,1.0049010050359293,-0.049198200037176454,302.59,242055008,324.75,300.30331182795703,1.0016473547568356,-0.02327807834360307,4662.85,4766.18,4586.646387096775,1.0022373327482037
15.92,5626692,20.42,15.793526881720432,1.0016038776743232,0.2383337921863392,88.41,28309700,136.86,87.56907526881722,1.0013298729095939,-0.0811123620497749,293.96,234492992,324.75,300.18350537634404,0.9996010485169686,0.023559914306655383,4397.93,4766.18,4578.7261935483875,0.9982732059810261
15.55,7887830,20.34,15.794150537634408,1.0000394880711982,0.19645152854451886,87.06,39642500,136.86,87.6041935483871,1.0004010351766544,-0.07595411852395062,293.34,350472000,324.75,299.99305376344086,0.9993655493739924,0.030423214875715976,4431.85,4766.18,4572.742279569893,0.9986931050852252
16.34,7782810,20.34,15.845440860215051,1.0032474252070998,0.19229164491237682,90.59,34562100,136.86,87.87230107526881,1.003060441698303,0.0009517379793382297,292.68,300987008,324.75,299.7307311827957,0.9991255711512174,-0.010542178668857982,4500.54,4766.18,4571.018989247312,0.9996231385419903
16.81,10335588,20.24,15.92425806451613,1.0049741250493682,0.28999213690636316,93.71,43331700,136.86,88.3378064516129,1.0052975211829875,0.14541848783946476,284.6,309852992,324.75,298.9351182795699,0.9973455744758433,-0.036297645116605826,4418.64,4766.18,4563.730129032258,0.9984054189597114
17.49,10269157,20.19,16.042021505376344,1.0073952230856285,0.2837526535659458,99.15,52214300,136.86,89.13105376344083,1.0089797035232297,0.24476340094753868,279.47,328011008,324.75,297.8179569892473,0.9962628636717156,-0.01958096453046243,4348.87,4766.18,4551.743247311828,0.9973734464173997
17.75,9332240,19.91,16.170344086021508,1.0079991527627712,0.2998977521932199,97.29,36208700,136.86,89.76716129032258,1.0071367665928197,0.1876137993107404,287.0,279092000,324.75,297.2076559139785,0.9979507579682616,-0.008060523253485052,4384.62,4766.18,4542.198150537634,0.9979029799671081
17.63,14852097,19.91,16.28490322580645,1.0070845208472696,0.24469818310513824,89.55,59289400,136.86,89.87243010752688,1.001172687380231,0.06979229315470392,291.94,399432992,324.75,296.9226021505376,0.9990408936049636,0.023853639149951422,4328.87,4766.18,4529.079161290323,0.997111753205712
18.07,10279533,19.91,16.422064516129034,1.0084226039553754,0.352790201117161,93.5,46632900,136.86,90.22004301075269,1.0038678480465022,0.15110072893912718,286.69,291195008,324.75,296.2990967741936,0.9979001080691462,0.04056360921462987,4204.31,4766.18,4508.155548387097,0.9953801618037373
18.45,12953116,19.91,16.576709677419355,1.0094169135152549,0.3138031631462962,98.74,41463200,136.86,90.88217204301075,1.007339045850146,0.2527901721168164,294.41,327436000,324.75,296.185247311828,0.9996157616961879,-0.002336811732454702,4463.09,4766.18,4504.4944946236565,0.9991879042938635
18.06,8507388,19.91,16.697698924731185,1.0072987492491734,0.2760771222789201,99.05,33921000,136.86,91.52111827956989,1.0070304903832707,0.15305993258442463,295.45,250032992,324.75,296.1369247311828,0.999836850143335,0.002032077915860464,4543.04,4766.18,4505.945440860215,1.0003221107803084
18.08,12385174,19.91,16.813440860215053,1.0069316099185643,0.2588835078848919,101.44,46159900,136.86,92.28447311827956,1.0083407507803592,0.19532466649571711,308.54,289728992,324.75,296.9271397849463,1.002668411088826,0.011434064668872868,4545.86,4766.18,4507.505913978494,1.0003463142505298
16.29,8685022,19.91,16.807354838709674,0.9996380264125602,0.22645006007781876,92.46,27841200,136.86,92.43075268817206,1.0015850940569928,0.051647937640410646,310.87,245392992,324.75,297.858688172043,1.003137296199234,0.056069439760952244,4488.28,4766.18,4505.329118279569,0.99951707313524
17.67,9304394,19.91,16.88643010752688,1.004704801533379,0.2725293661327044,101.59,34745500,136.86,93.14565591397847,1.0077344737007414,0.15859036004712768,305.08,187186000,324.75,298.37722580645163,1.0017408847047267,0.05462411145114121,4392.59,4766.18,4496.914903225807,0.9981323861514084
18.0,12685762,19.91,16.981806451612904,1.0056481058150657,0.2525390328937396,106.68,46179800,136.86,94.15191397849462,1.010803059516221,0.1376032770291642,308.86,260532000,324.75,299.1110752688171,1.002459468749272,0.11589957584170296,4271.78,4766.18,4480.793376344086,0.9964149806637086
17.69,12066079,19.91,17.053311827956986,1.0042107049416578,0.2077872843819637,105.59,48927900,136.86,95.04767741935481,1.0095140226364894,0.1765622688613997,291.38,316884000,324.75,298.6710322580645,0.9985288307684457,0.08864439122118761,4131.93,4766.18,4456.044322580645,0.9944766357908621
16.85,11746970,19.91,17.067634408602153,1.0008398709171369,0.15741126424408558,105.02,49528300,136.86,95.86670967741935,1.0086170675633759,0.22421950825383297,280.38,337355008,324.75,297.4989677419355,0.996075734204058,0.06655636443703394,4123.34,4766.18,4431.225204301075,0.9944302353201917
16.41,13342029,19.91,17.052129032258062,0.9990915333681933,0.11672444289044692,103.25,47362800,136.86,96.52935483870968,1.0069121508761494,0.2521684494256613,269.54,403952992,324.75,295.6242365591398,0.9936983607135675,0.03387196403754544,4023.89,4766.18,4400.566344086023,0.9930811775972718
15.52,9701720,19.91,16.97851612903226,0.9956830667251846,0.02433634393710571,96.56,47150700,136.86,96.72556989247313,1.0020326982822096,0.21301045821195996,264.8,330036992,324.75,293.4847956989247,0.9927629720583242,0.030365625637407856,3901.36,4766.18,4362.964645161291,0.9914552591678875
16.92,10248064,19.91,16.99561290322581,1.0010069651590054,0.16462023923554203,107.4,51963500,136.86,97.60195698924731,1.009060552424229,0.29230191057078647,280.2,321641984,324.75,292.41017204301073,0.9963384009268529,0.034747655571584435,4158.24,4766.18,4343.319806451613,0.9954973646803522
16.95,7576195,19.91,17.012043010752688,1.0009667263911242,0.0414707561281038,106.68,38435400,136.86,98.38870967741934,1.0080608290288555,0.20991433085228395,273.96,297905984,324.75,290.9730322580645,0.9950851922321812,0.034763515473294704,4108.54,4766.18,4321.430107526882,0.9949601457179793
15.86,9021715,19.91,16.957548387096775,0.9967967031577883,-0.03575494926292222,96.72,42939300,136.86,98.50843010752688,1.0012168106533774,0.1893849102487336,257.1,323792992,324.75,288.5068602150538,0.9915243965261239,0.0207459158321478,3900.86,4766.18,4287.408344086021,0.9921271980352978
14.71,12537270,19.91,16.82905376344086,0.9924225707205596,-0.13369016336861106,84.05,58213000,136.86,97.80212903225807,0.9928300443474954,0.14195237666400817,243.21,621803008,324.75,285.23926881720433,0.9886741292896336,0.02586681677973568,3674.84,4766.18,4240.486344086022,0.9890558593363931
14.99,10294980,19.91,16.72064516129032,0.9935582473218997,-0.11312662694625975,83.48,49675900,136.86,97.06855913978494,0.9924994486343832,0.10120428823216965,261.97,382420992,324.75,283.3062150537634,0.9932230447390478,0.026659250139771218,3911.74,4766.18,4211.0484731182805,0.993057902188791
