57.11,13032609,74.68,56.27172043010753,1.0005552192714622,-0.1836733708211581,412.37,21171890,472.05,405.0493978494624,1.0011204590778104,0.0571937343218214,644.04,16521938,650.87,632.4562580645161,1.00133039874305,-0.022306732500894544,2181.9,2184.05,2144.6436344086023,1.0017018275883363
56.55,7442700,74.68,56.280408602150544,1.0001543967729547,-0.15936112399369473,420.94,11710917,472.05,406.0604086021506,1.002496018406782,0.06873841697140093,658.55,16521938,650.87,634.2043655913977,1.0027639975169687,-0.024305532913267314,2213.35,2184.05,2150.122043010753,1.0025544610369084
53.37,16602491,74.68,56.09494623655913,0.9967046727236389,-0.20447574047823647,413.64,21935938,472.05,406.5804516129033,1.0012807035597067,0.10881847529328581,645.47,16521938,658.55,635.0445376344085,1.0013247654677169,-0.03956035535758895,2191.95,2213.35,2153.9014193548387,1.0017577496851267
59.9,14583656,74.68,56.342924731182805,1.0044206922594758,-0.06421625708857714,448.4,89331072,472.05,409.32466666666664,1.0067495007270444,0.1583439679341505,667.72,16521938,658.55,637.2850537634407,1.00352812440113,-0.02764063163953634,2259.53,2213.35,2161.7508817204302,1.003644299732131
57.04,10492755,74.68,56.40090322580645,1.001029028842579,-0.07051654553239728,433.65,82126928,472.05,411.0129892473119,1.0041246538948998,0.10172298573857208,658.82,16521938,667.72,638.8494623655914,1.0024548019648543,-0.03176280128314546,2258.07,2259.53,2169.048258064516,1.0033756786712993
56.79,8922650,74.68,56.44034408602151,1.0006992948332256,-0.07575737168546515,431.93,60673604,472.05,412.5168817204301,1.0036589901352564,0.08720061818642466,656.73,16521938,667.72,640.1882150537634,1.0020955683099657,-0.035121986400710625,2263.79,2259.53,2176.272193548387,1.0033304632375109
56.41,4289890,74.68,56.45522580645161,1.0002636716815088,-0.03997726319527306,429.75,32651184,472.05,413.83600000000007,1.003197731627536,0.07749429376042971,647.82,16521938,667.72,640.8934408602149,1.0011015913599601,-0.0343005123949629,2238.83,2263.79,2181.531548387097,1.0024166806221673
57.94,7954762,74.68,56.56832258064517,1.0020033003602058,-0.014573113427254425,438.36,56171072,472.05,415.66922580645155,1.0044298364725435,0.08361121494018608,662.91,16521938,667.72,642.5286881720431,1.0025515120105353,-0.020486029999601696,2276.98,2263.79,2188.9517634408603,1.0034013787512033
60.0,11465093,74.68,56.81098924731183,1.0042897978160958,0.028409130268223448,448.97,68597440,472.05,418.12277419354837,1.0059026462263032,0.14508963943245512,668.41,16521938,667.72,644.4307311827956,1.0029602460493456,-0.019279297067069878,2274.64,2276.98,2195.831956989247,1.0031431453462325
59.18,7668136,74.68,56.991440860215064,1.0031763504789133,0.021836809726965223,448.47,52094936,472.05,420.4525376344086,1.0055719601625475,0.19301147554521547,667.96,16521938,668.41,646.1985806451613,1.0027432730576349,-0.011994249731500872,2271.31,2276.98,2202.059849462366,1.002836233644062
59.46,10801233,74.68,57.17449462365591,1.0032119518418534,-0.014358676215375121,448.75,67999024,472.05,422.66632258064516,1.0052652433939202,0.23292334556048,677.34,16521938,668.41,648.4376774193548,1.003465028926492,-0.00907747117555191,2294.69,2276.98,2209.2931182795696,1.0032847739442547
61.76,14263050,74.68,57.492666666666665,1.0055649296964508,0.013923035395525751,448.65,74762440,472.05,424.74797849462357,1.004925057433648,0.22153366893263093,672.5,16521938,677.34,650.254,1.0028010750206153,-0.02811654903423544,2297.42,2294.69,2216.2901720430104,1.0031671006918672
62.25,9004587,74.68,57.826451612903234,1.0058056960233173,0.05612378764240855,451.52,62314116,472.05,426.89870967741933,1.005063546601018,0.20368754003374656,681.97,16521938,677.34,652.6117204301075,1.0036258453313744,-0.011293519014973885,2316.1,2297.42,2224.132129032258,1.0035383259323027
63.2,8429625,74.68,58.20847311827956,1.006606345274886,0.10220109031551261,456.46,59092228,472.05,429.2608172043011,1.0055331802915652,0.2020566005174773,689.08,16521938,681.97,655.3449892473119,1.0041882006277836,-0.017796424314694193,2351.16,2316.1,2233.9040645161294,1.0043935948572098
64.23,8474952,74.68,58.644172043010755,1.0074851460859635,0.1522093436488412,454.12,67520656,472.05,431.37208602150537,1.00491838232745,0.16663806569040673,691.43,16521938,689.08,658.1418064516129,1.0042677021266513,-0.021798677213622053,2367.34,2351.16,2244.3410967741934,1.0046721040638442
64.64,9294832,74.68,59.09036559139785,1.0076084891787687,0.19834110668069083,457.78,74280384,472.05,433.63245161290325,1.0052399440405266,0.16950181861846925,691.63,16521938,691.43,660.8577204301074,1.004126639505151,-0.023269057674685678,2383.12,2367.34,2255.3795483870967,1.004918348475982
64.57,6293456,74.68,59.5123870967742,1.0071419680882425,0.2571003359173989,453.41,62694940,472.05,435.51221505376344,1.0043349233524115,0.20265425841550955,689.82,16521938,691.63,663.3615483870967,1.0037887549461626,-0.026487461756096398,2372.6,2383.12,2265.3086451612903,1.0044024061410393
68.56,14016255,74.68,60.16821505376343,1.01102002438455,0.3068643637648777,465.56,74921104,472.05,438.0766666666666,1.0058883574886335,0.17930211977941757,695.82,16521938,691.63,666.1687096774194,1.0042317214453387,-0.012403023156681403,2378.25,2383.12,2275.196774193548,1.004365025072137
66.09,10094115,74.68,60.6348817204301,1.007756033085736,0.12900322521011764,449.23,66792788,472.05,439.47701075268816,1.003196573094561,0.12487356327121624,688.82,16521938,695.82,668.4177849462366,1.0033761346580001,-0.007490820338834414,2343.98,2383.12,2282.4559139784947,1.0031905547103808
67.42,6330835,74.68,61.17062365591397,1.0088355402085885,0.12852548728153423,456.28,63270756,472.05,441.2596989247312,1.0040563854955458,0.1323027447408862,700.24,16521938,695.82,671.3026451612905,1.0043159537044424,0.009086093016229091,2362.72,2383.12,2290.547870967742,1.0035452851201592
62.94,11613168,74.68,61.39873118279571,1.0037290371300585,0.0304550967990318,431.63,87364192,472.05,441.37769892473113,1.0002674162183574,0.06828984389459802,694.52,16521938,700.24,673.6904516129033,1.0035569745908555,0.01116609137716229,2355.54,2383.12,2297.783612903226,1.0031589568710595
61.77,6973909,74.68,61.53849462365591,1.0022763245781756,0.009155965176671055,426.54,49685448,472.05,441.112688172043,0.9993995828213937,0.03683394800797024,689.29,16521938,700.24,675.5829677419356,1.0028091776044938,0.015785765926443096,2328.95,2383.12,2302.8141290322583,1.002189290628057
64.16,7825883,74.68,61.82529032258065,1.0046604276019209,0.013454009235478459,442.52,65146104,472.05,441.8380430107527,1.0016443753674724,0.10292673466744162,702.34,16521938,700.24,678.1771612903226,1.0038399333201928,0.024383508152126643,2348.69,2383.12,2308.710043010752,1.0025603082351122
67.34,10175693,74.68,62.30447311827958,1.0077505951561043,0.0524776478334501,459.43,84972256,472.05,443.58559139784944,1.0039551786333034,0.12058070443645297,716.73,16521938,702.34,681.5508172043011,1.0049745938178745,0.027418536938430105,2384.2,2383.12,2316.501225806451,1.0033746909098809
73.46,23680274,74.68,63.1621505376344,1.013765904379395,0.1442730187765815,466.86,95187672,472.05,445.72802150537626,1.0048298009427572,0.10504881702149249,717.5,16521938,716.73,684.8004516129031,1.0047680001645833,0.018406953037670926,2399.29,2384.2,2324.8015913978493,1.0035831475066492
72.61,11027196,74.68,63.933311827956985,1.0122092310625663,0.26810406766577577,464.37,59119552,472.05,447.5907096774194,1.0041789792926912,0.1611046472774813,715.16,16521938,717.5,687.718688172043,1.0042614407631691,0.020796794408807884,2390.9,2399.29,2332.032602150538,1.003110377582089
71.95,10823041,74.68,64.62460215053763,1.0108126781300004,0.2988842494229329,459.81,72737384,472.05,449.01726881720424,1.0031871955984364,0.1632163069345245,709.57,16521938,717.5,690.085376344086,1.003441360854005,0.010062680706424354,2381.73,2399.29,2338.1173333333336,1.0026091964482762
73.29,6265488,74.68,65.36275268817202,1.0114221289272303,0.2956641181095112,467.89,59084408,472.05,450.8181075268818,1.0040106223852399,0.14204268530719655,721.91,16521938,717.5,693.0817634408603,1.0043420527365012,0.02892601212653112,2415.82,2399.29,2345.884064516129,1.0033217884629095
74.58,8346461,74.68,66.1430752688172,1.0119383371806245,0.3204151049770314,482.73,65367248,472.05,453.41120430107526,1.0057519800799901,0.15540715480476486,732.96,16521938,721.91,696.5711397849462,1.005034581095833,0.03396838958358073,2439.07,2415.82,2354.528408602151,1.0036848982508457
71.77,10049103,74.68,66.70197849462365,1.0084499129128024,0.3043272456776922,468.76,65072916,482.73,454.90318279569897,1.0032905637983154,0.08001437013384605,718.11,16521938,732.96,698.8357204301076,1.0032510400098695,0.010573925183612554,2431.77,2439.07,2361.9407311827954,1.0031481134623663
71.2,8295347,74.68,67.1872688172043,1.0072755011700256,0.28395729871024633,460.9,75410160,482.73,455.73806451612904,1.0018352954035168,0.011624967574721534,717.76,16521938,732.96,700.8951397849462,1.0029469291489153,-0.0006869917367229306,2433.15,2439.07,2368.867204301075,1.0029325346850728
72.06,6621096,74.68,67.69774193548388,1.0075977655777082,0.27765911124604536,459.83,73071792,482.73,456.39954838709673,1.0014514562694472,-0.001701653630526545,713.32,16521938,732.96,702.5095698924731,1.0023033832250887,-0.018465705728648807,2438.3,2439.07,2375.585612903226,1.0028361271539208
73.41,9239854,74.68,68.26195698924732,1.0083343260444513,0.4220510187765758,471.77,71635736,482.73,457.7477204301076,1.0029539293975538,0.05000732223358395,714.05,16521938,732.96,704.053311827957,1.0021974674817884,0.0006526859059940993,2423.41,2439.07,2380.8596129032258,1.0022200841642388
74.65,4970801,74.68,68.86307526881721,1.008806051072702,0.2303406812855049,473.5,48290104,482.73,459.08249462365586,1.0029159603291833,0.020309699421515726,709.49,16521938,732.96,705.1553763440861,1.001565314014741,-0.010755545151619916,2425.18,2439.07,2385.7500430107525,1.002054060676666
76.58,9846674,74.68,69.55698924731183,1.0100767207358345,0.2992174651542221,480.56,82067080,482.73,460.81877419354834,1.0037820644224646,0.05401475294652913,717.53,16521938,732.96,706.6863225806453,1.0021710764576404,1.1229502146603565e-05,2459.27,2439.07,2392.4835913978495,1.0028224031292898
76.16,7311111,76.58,70.18178494623656,1.0089825006183526,0.28064881465189706,475.49,80800624,482.73,462.1270752688172,1.0028390793703195,0.03495593435522992,724.96,16521938,732.96,708.5703655913977,1.0026660244447245,0.011680916216343151,2472.54,2459.27,2399.640580645161,1.0029914475790114
75.34,8432638,76.58,70.71202150537634,1.0075551877106854,0.23994612115037084,478.34,83371592,482.73,463.5255698924731,1.0030262122660578,0.05392679881678997,727.11,16521938,732.96,710.4463870967742,1.0026476149673726,0.018202294755589987,2472.1,2472.54,2406.320258064516,1.0027836157936447
78.05,11395920,76.58,71.37638709677421,1.0093953698006972,0.2876604795827218,480.89,67761120,482.73,464.9840860215054,1.0031465710281542,0.062025088021949504,724.33,16521938,732.96,711.9725376344087,1.0021481572224908,0.00488232933747601,2476.83,2472.54,2412.803440860215,1.0026942310666966
77.34,8620119,78.05,71.95169892473119,1.008060254257153,0.24006449069317348,475.19,56663304,482.73,465.98339784946245,1.0021491312455602,0.02001979732914294,714.66,16521938,732.96,712.7427311827956,1.0010817742366103,-0.004083472091528373,2441.32,2476.83,2416.5658709677423,1.0015593603870965
77.28,6749423,78.05,72.4858494623656,1.0074237376686987,0.2463140900502172,471.93,52784412,482.73,466.716,1.0015721636305468,0.01958258783931166,701.68,16521938,732.96,712.5760430107526,0.9997661313616396,-0.017425882601697307,2425.55,2476.83,2418.9524301075267,1.00098758290368
78.95,4842372,78.05,73.08881720430108,1.0083184200282918,0.29160749168289657,479.47,54435968,482.73,467.8846021505377,1.0025038827692594,0.002099858878791716,704.38,16521938,732.96,712.5110322580643,0.999908766575405,-0.024732746421506135,2443.05,2476.83,2422.136322580645,1.001316227815599
81.77,5439360,78.95,73.8318064516129,1.0101655667136464,0.2689585831024164,496.29,53729704,482.73,470.07230107526885,1.0046757232759442,0.045577577089720656,715.39,16521938,732.96,713.0981935483871,1.0008240732616616,-0.014193119102180907,2476.55,2476.83,2427.162451612903,1.002075080987557
80.96,5183447,81.77,74.4795053763441,1.008772627352084,0.2135014702685385,494.59,39810776,496.29,472.04787096774197,1.0042026936876607,0.036982653721235215,707.77,16521938,732.96,713.1015053763441,1.0000046442803907,-0.02491614629544814,2461.43,2476.83,2430.827870967742,1.001510166471306
83.92,7944534,81.77,75.27793548387098,1.0107201317126426,0.21709138135931716,521.94,61548336,496.29,475.6953333333333,1.00772689083019,0.08887349892107443,714.22,16521938,732.96,713.4654623655913,1.0005103859499709,-0.02691931870036357,2500.23,2476.83,2436.6839784946233,1.0024091000423447
86.09,6446644,83.92,76.17180645161291,1.0118742758020172,0.18935412214934266,532.49,53415048,521.94,479.882623655914,1.0088024624779042,0.16939387320468646,713.19,16521938,732.96,713.7089032258065,1.0003412090326111,-0.025504330053058633,2502.22,2500.23,2442.347892473119,1.002324435186706
82.42,15645547,86.09,76.78189247311829,1.0080093416439182,0.11823224409134481,536.19,67457120,532.49,484.1400860215054,1.0088718827390677,0.1571814334870405,717.47,16521938,732.96,714.1816774193546,1.0006624187976516,-0.019807736838155066,2519.36,2502.22,2448.827548387097,1.0026530437919787
84.14,8067632,86.09,77.46470967741935,1.0088929457494176,0.07465323747859687,544.42,55396580,536.19,488.75989247311827,1.0095422927888018,0.14330435894873506,730.37,16521938,732.96,715.4311397849461,1.001749502129635,-0.015704452810439085,2549.33,2519.36,2456.94776344086,1.0033159603497237
81.65,8347754,86.09,77.94479569892474,1.0061974804204983,-0.030076053156316895,538.97,44353168,544.42,492.8323655913979,1.0083322571696154,0.09939535797135246,725.85,16521938,732.96,716.3017849462365,1.001216951727251,-0.030392165911103053,2553.17,2549.33,2464.9356559139783,1.003251144607947
81.11,7960610,86.09,78.36189247311827,1.005351181826233,0.053245754095649245,535.46,57900288,544.42,496.5205161290322,1.0074835802092839,0.1497102255349172,727.03,16521938,732.96,717.1839784946237,1.001231594792764,-0.043176776431970376,2575.21,2553.17,2473.969311827957,1.0036648647977098
82.69,5914462,86.09,78.84862365591397,1.0062113250131455,0.10283499974391552,535.9,67319152,544.42,500.0516129032258,1.0071116835246259,0.1570988009301053,735.17,16521938,732.96,718.5091612903225,1.001847758504701,-0.0425317773199545,2581.07,2575.21,2482.8837634408605,1.0036032991881847
81.15,9885933,86.09,79.20316129032258,1.0044964340272542,0.1840438813931633,534.18,62493672,544.42,503.30051612903225,1.0064971357795325,0.21038205336838933,729.51,16521938,735.17,719.394064516129,1.001231582384026,-0.048238457139956115,2587.84,2581.07,2491.7654193548387,1.0035771533266098
79.81,6951227,86.09,79.43208602150538,1.0028903484084892,0.19456945433747141,524.69,47690280,544.42,505.7166236559141,1.0048005266226716,0.1775528522022607,734.96,16521938,735.17,720.5553333333332,1.0016142318577306,-0.042526345068270466,2582.3,2587.84,2499.7900860215054,1.0032204743690296
82.67,10726582,86.09,79.80673118279569,1.0047165469277601,0.21046149668085912,529.55,55045024,544.42,508.23520430107527,1.0049802211897918,0.16021701131966393,744.25,16521938,735.17,722.217741935484,1.0023071213621588,-0.03832309880662321,2578.85,2587.84,2507.0473333333334,1.002903142688824
84.48,7526153,86.09,80.2583440860215,1.00565883223799,0.1808539859095466,538.2,35408632,544.42,511.124688172043,1.0056853280656568,0.11033677350668869,752.31,16521938,744.25,724.3100215053763,1.0028970204529801,-0.041885431763603265,2602.42,2587.84,2515.3302580645163,1.0033038565411407
86.7,7670723,86.09,80.81632258064515,1.0069522801769446,0.14776307227487706,554.99,55900800,544.42,514.928,1.007441064609027,0.13562701202235106,767.92,16521938,752.31,727.33288172043,1.0041734341998625,-0.030979009687578607,2642.22,2602.42,2525.7116344086025,1.0041272418644835
85.22,14589583,86.7,81.2503440860215,1.0053704683845672,0.13136987628297914,552.35,103409104,554.99,518.3714623655915,1.0066872696097153,0.13305524101177535,771.92,16521938,767.92,730.5053763440859,1.0043618193311317,-0.029629757184901573,2651.5,2642.22,2536.1692903225808,1.0041404789729398
84.4,13448660,86.7,81.6043440860215,1.0043569046258465,0.1821864667565385,541.88,92352320,554.99,520.9502365591397,1.0049747611139317,0.12628798186115597,780.76,16521938,771.92,734.1261290322581,1.0049565038197155,-0.023144905744057587,2675.81,2651.5,2547.6349032258067,1.004520838946744
84.79,8125324,86.7,81.95673118279569,1.0043182394359145,0.21318176503439135,552.39,55684600,554.99,524.0305806451613,1.0059129334624497,0.15954910950526635,788.32,16521938,780.76,738.0815268817204,1.0053878995625403,-0.018744650499394444,2683.34,2675.81,2558.9538924731182,1.0044429400904265
84.83,2878092,86.7,82.28696774193548,1.0040294012996105,0.16414588361491012,550.2,27914732,554.99,526.7879139784947,1.0052617794364953,0.11364384917829207,785.33,16521938,788.32,741.7012043010753,1.0049041701865207,-0.024709590900798606,2673.61,2683.34,2569.0698279569892,1.0039531526979153
91.57,6991875,86.7,83.02999999999999,1.0090297683637435,0.2710380431811181,583.84,57861440,554.99,531.5704731182797,1.0090787184232557,0.2361081432151002,810.9,16521938,788.32,746.8579354838711,1.0069525722122226,0.0011675380929463408,2743.15,2683.34,2583.167827956989,1.0054875892615232
92.91,10324131,91.57,83.81690322580646,1.0094773362134948,0.28011586743405026,598.22,67575320,583.84,537.0332903225807,1.0102767506484234,0.33644441934630587,836.2,16521938,810.9,753.4473763440859,1.008822883907561,0.019896962063848722,2786.24,2743.15,2599.3761935483876,1.0062746080281657
93.52,8416809,92.91,84.59647311827958,1.0093008672770087,0.3700589883278437,591.77,66865344,598.22,541.7846666666666,1.00884745215931,0.3187650044841298,840.83,16521938,836.2,760.0808172043011,1.0088041196618167,0.02619036577858469,2810.3,2786.24,2616.3774838709674,1.0065405270559824
94.48,9841747,93.52,85.39182795698926,1.009401749380233,0.324118505290386,598.9,70975064,598.22,546.7123010752688,1.0090951898637508,0.26922328842521304,868.0,16521938,840.83,768.1929462365591,1.0106727190696587,0.0301352140137523,2872.87,2810.3,2636.615548387097,1.0077351470270977
94.21,13266458,94.48,86.12445161290323,1.0085795523230043,0.38298428518649186,577.38,88058664,598.9,549.9781505376344,1.0059736162071757,0.22872427429261044,841.07,16521938,868.0,774.2365806451613,1.0078673391082416,0.0465190186939024,2762.13,2872.87,2648.7425161290316,1.0045994448259068
88.56,13758869,94.48,86.45049462365593,1.00378571944026,0.2622575808739839,553.15,97607480,598.9,551.457376344086,1.0026896083144496,0.21504851434972072,802.49,16521938,868.0,777.5082150537635,1.0042256262367195,0.053232387303060014,2619.55,2872.87,2650.9461505376344,1.0008319549352889
92.4,7168072,94.48,86.99851612903225,1.0063391367251515,0.32979348496155225,566.56,73905544,598.9,553.6456559139784,1.0039681753545482,0.24631369037637407,833.96,16521938,868.0,782.6274623655914,1.006584171347275,0.0453275217272997,2732.22,2872.87,2660.074129032258,1.0034432908012003
93.06,4362041,94.48,87.5541935483871,1.0063872057142986,0.37515949583290764,564.32,54895584,598.9,555.4935698924731,1.0033377196384645,0.23955404879503184,842.13,16521938,868.0,788.0393978494626,1.0069150850744655,0.04686553703159402,2747.3,2872.87,2669.616559139785,1.0035872797691539
88.61,7164006,94.48,87.78466666666667,1.0026323481370678,0.2315353046280716,540.59,86295024,598.9,555.6256129032258,1.0002377039409804,0.20778063601489893,819.61,16521938,868.0,791.7510752688172,1.0047100150442778,0.04497191898639574,2691.25,2872.87,2674.9510322580645,1.0019982169724024
92.27,7282458,94.48,88.22855913978495,1.0050566060107493,0.23507199534526402,561.03,71924144,598.9,556.9479784946236,1.002379957944142,0.21187610317073158,844.2,16521938,868.0,796.8443010752687,1.0064328625063406,0.03984162316150153,2786.57,2872.87,2685.9740645161287,1.0041208351574045
89.32,5290739,94.48,88.45002150537637,1.0025100984052175,0.2369962411197778,553.16,66237924,598.9,557.578,1.001131203505001,0.1924743233780063,838.17,16521938,868.0,801.2699139784946,1.0055539242700913,0.05992671464337018,2752.01,2872.87,2694.024946236559,1.0029973788007818
81.21,7897414,94.48,88.12236559139785,0.9962955812966241,0.05793445990580348,520.73,48422480,598.9,555.9410752688173,0.9970642228868737,0.16466721196073142,798.05,16521938,868.0,802.8136129032258,1.0019265654404348,0.07354419952452873,2588.26,2872.87,2690.809247311828,0.9988063588909141
84.97,7626276,94.48,88.03243010752686,0.9989794249931057,0.08529072232619006,536.4,43896656,598.9,555.2263870967741,0.9987144533767405,0.13392095410464122,806.97,16521938,868.0,804.7313548387098,1.0023887760554393,0.06166372377934448,2640.87,2872.87,2690.6754623655916,0.999950280776547
83.82,7724551,94.48,87.8614193548387,0.9980574118824247,0.09110611185441853,539.96,55624628,598.9,554.6551182795699,0.9989711065063184,0.15816765206391925,801.62,16521938,868.0,806.106989247312,1.001709433092585,0.07448701272301217,2604.47,2872.87,2687.839913978495,0.9989461574140928
85.51,6582666,94.48,87.79329032258066,0.9992245853440758,0.10919014402432747,547.4,48266132,598.9,554.4662795698924,0.9996595385069856,0.1266546204655361,805.73,16521938,868.0,807.5459569892473,1.0017850828253938,0.06570353042011456,2656.3,2872.87,2688.040623655914,1.0000746732260262
86.31,5164412,94.48,87.77335483870968,0.9997729270221252,0.05543455846440726,543.44,53110144,598.9,553.9672043010753,0.9990998996923595,0.08142764080125775,819.52,16521938,868.0,809.6778064516128,1.0026399110092925,0.08198229740775487,2670.14,2872.87,2688.798602150537,1.0002819817855255
86.01,5791288,94.48,87.73359139784947,0.9995469759480735,0.08817320930001138,534.12,65241348,598.9,552.8432903225807,0.9979711543034167,0.035697661119496016,828.41,16521938,868.0,812.1545376344087,1.0030589095601496,0.09486943435208128,2669.91,2872.87,2689.180623655914,1.0001420788842539
92.59,10495129,94.48,88.11062365591397,1.0042974675042624,0.16833189709657626,539.23,74086824,598.9,552.053505376344,0.9985714126225971,0.025585312368789248,827.84,16521938,868.0,814.3559139784948,1.0027105387485713,0.0886999723455757,2663.42,2872.87,2688.8201720430106,0.9998659622898765
96.22,8494463,94.48,88.70367741935483,1.0067307861280932,0.3094270021510338,552.41,51958376,598.9,552.1252043010753,1.0001298767674385,0.07078369417539987,834.81,16521938,868.0,816.7973548387095,1.0029980022473064,0.08174766776664266,2727.72,2872.87,2692.3627526881723,1.0013175223400939
97.34,6277167,96.22,89.33765591397848,1.007147150073908,0.3473287977840458,565.39,44215180,598.9,553.0054193548388,1.0015942308862311,0.12482896104100816,834.25,16521938,868.0,818.9683440860216,1.002657928841776,0.09398205390103254,2712.97,2872.87,2694.5783440860214,1.0008229171182959
97.65,4987852,97.34,89.9567311827957,1.0069296117352051,0.2838499986834937,557.59,41011176,598.9,553.3180430107527,1.0005653175266866,0.07513017344034878,844.49,16521938,868.0,821.5693978494622,1.003176012580002,0.09435849663022355,2721.33,2872.87,2697.037032258064,1.0009124574824253
99.08,6324270,97.65,90.63589247311828,1.0075498662678448,0.33713966125289363,557.89,47609256,598.9,553.6033763440861,1.0005156769003605,0.07839568855234413,846.58,16521938,868.0,824.0701935483872,1.0030439250846868,0.10375846374041409,2734.62,2872.87,2700.0515053763443,1.00111769808209
100.81,5230083,99.08,91.38810752688173,1.0082993065245818,0.4820613457558258,573.58,49484064,598.9,554.8499784946237,1.0022517965095696,0.1465626847448127,873.51,16521938,868.0,828.0566451612902,1.0048375146244977,0.1123296386114847,2779.03,2872.87,2705.615483870967,1.0020606934658631
102.73,6997694,100.81,92.21903225806452,1.0090922632459411,0.5012472198473183,568.02,71176904,598.9,555.6327311827957,1.0014107465414268,0.12929599894459598,893.11,16521938,873.51,833.0096559139783,1.0059814878385807,0.12214539438862793,2779.66,2872.87,2710.797032258065,1.0019151089347273
96.24,7549070,102.73,92.58810752688171,1.0040021594217599,0.3909954146943615,545.07,69163568,598.9,554.8521075268817,0.9985950725864325,0.049038950226522715,886.81,16521938,893.11,837.2360860215052,1.0050736868144579,0.12019874925488683,2754.88,2872.87,2713.948021505376,1.0011623847930387
91.63,7127866,102.73,92.63447311827959,1.0005007726438777,0.27797876452618375,523.88,62867144,598.9,552.6896129032258,0.9961025747324008,-0.03477434274055413,870.23,16521938,893.11,840.1035913978495,1.0034249662959112,0.10440956237928045,2718.37,2872.87,2714.415655913979,1.0001723077984168
94.26,5767695,102.73,92.83991397849464,1.002217758176837,0.32066740915796976,531.25,54874844,598.9,551.0695053763441,0.997068684684752,-0.043632805185494394,878.01,16521938,893.11,843.253010752688,1.0037488464364237,0.09658417419166843,2759.82,2872.87,2717.393720430108,1.0010971291407196
93.63,5620695,102.73,92.9852688172043,1.0015656502950157,0.29877574837719956,535.86,66620908,598.9,549.7921935483871,0.9976821220998526,6.494512878374437e-06,896.45,16521938,893.11,847.3639569892473,1.0048751041314277,0.10127445022788484,2801.31,2872.87,2722.815612903226,1.00199525465609
92.94,6870262,102.73,93.0662580645161,1.0008709900863009,0.22817305098589624,534.03,65698964,598.9,548.4097634408603,0.9974855406756423,-0.02946211466040649,892.43,16521938,896.45,850.966752688172,1.0042517688759454,0.08790800434909296,2801.83,2872.87,2728.0011612903227,1.0019044801868047
93.61,8308005,102.73,93.17294623655916,1.0011463679131603,0.2299446878909891,530.38,95633328,598.9,546.8313333333333,0.997121805239893,-0.018265979856669,888.25,16521938,896.45,854.0759784946235,1.003653757090544,0.0767408535721954,2818.82,2872.87,2734.0280215053763,1.002209258669158
98.45,10428402,102.73,93.57301075268818,1.0042937841110369,0.1626208459981685,540.33,77031640,598.9,545.9374623655914,0.9983653625656504,-0.109235991400772,889.73,16521938,896.45,857.0593548387097,1.0034931041490531,0.061779256527071835,2840.35,2872.87,2741.1316344086026,1.0025982224203083
94.53,6253122,102.73,93.70537634408603,1.0014145701878472,0.08520975942533981,526.33,56555680,598.9,544.2339354838709,0.996879629995826,-0.17213670753092913,896.78,16521938,896.45,860.3280430107526,1.0038138410759871,0.05556381533913579,2833.28,2872.87,2747.570086021505,1.002348829779673
92.76,7823792,102.73,93.72006451612906,1.0001567484451381,-0.029377749206289105,527.62,61054440,598.9,542.7682365591398,0.9973068586334515,-0.18181742242741084,894.78,16521938,896.78,863.3374193548387,1.0034979405455096,0.04998992742038433,2850.13,2872.87,2754.9944731182795,1.0027021647726282
88.47,8348420,102.73,93.4596129032258,0.997220962082688,-0.056355723208772246,511.17,80637120,598.9,540.3792043010753,0.9955984302375362,-0.18481537462171704,913.06,16521938,896.78,867.410129032258,1.004717402010054,0.051278929567678544,2874.69,2872.87,2763.9177204301077,1.0032389347415744
88.01,7652659,102.73,93.18240860215052,0.997033966946104,-0.1080694051709239,506.49,55161364,598.9,537.8769032258066,0.9953693608944385,-0.19637406230762133,929.23,16521938,913.06,872.4291612903227,1.0057862274027907,0.0543541840661077,2901.52,2874.69,2774.5680215053767,1.0038533350673013
84.33,12889850,102.73,92.6811182795699,0.9946203330639272,-0.028215845396217465,498.07,62744676,598.9,534.9838279569892,0.9946213060061387,-0.20543476622376844,917.89,16521938,929.23,876.5269892473119,1.0046970323079625,0.04755305917797803,2871.68,2901.52,2782.9933978494623,1.0030366443636565
86.88,8599917,102.73,92.35344086021507,0.996464464116991,-0.07787122222964604,504.39,61698136,598.9,532.6169462365591,0.9955757882822948,-0.19830927832838485,928.72,16521938,929.23,881.0753548387095,1.0051890764884528,0.05039591986713554,2904.98,2901.52,2793.0249462365587,1.0036045893586554
90.27,12038524,102.73,92.25634408602149,0.9989486393437084,-0.10227012587942097,514.66,95961448,598.9,531.0463440860216,0.9970511600097681,-0.17235805464533527,932.39,16521938,929.23,885.6567096774194,1.0051997310031995,0.040799063332286556,2929.67,2904.98,2804.277870967742,1.0040289381397562
83.9,9743062,102.73,91.75427956989249,0.9945579404744148,-0.07874163480767893,483.64,66261096,598.9,527.5812473118278,0.9934749635078319,-0.20068672875908788,938.23,16521938,932.39,890.4207311827957,1.0053790836261056,0.0619665714493951,2913.98,2929.67,2814.126344086021,1.0035119462376532
79.01,11678343,102.73,90.94686021505376,0.9912001995043328,-0.10694642299558488,460.0,107242984,598.9,522.7134623655915,0.9907733927787633,-0.20771334810815667,897.19,16521938,938.23,892.2819139784946,1.002090228507176,0.027241937699391094,2885.57,2929.67,2821.662924731183,1.0026781244776022
74.02,17415994,102.73,89.84602150537633,0.9878958030318542,-0.13639787434447048,429.85,124307896,598.9,516.1177849462365,0.9873818489588817,-0.20808795284036907,865.58,16521938,938.23,891.9897849462367,0.9996726045572801,0.027208030369548553,2767.13,2929.67,2821.3453118279567,0.9998874376877399
74.29,15814824,102.73,88.79550537634408,0.9883075943549778,-0.01520931851825491,431.57,123801232,598.9,509.89825806451614,0.987949404064097,-0.2284423179268631,848.51,16521938,938.23,890.5374193548388,0.9983717688073239,-0.006130216951197864,2767.78,2929.67,2821.0371182795698,0.9998907636200735
73.73,15209663,102.73,87.72374193548387,0.9879299809566067,-0.08528175023361206,425.15,132933088,598.9,503.4562795698925,0.9873661492410736,-0.22151210175699565,821.21,16521938,938.23,887.2152473118279,0.9962694750711119,0.010898480685017642,2658.69,2929.67,2813.304795698925,0.9972590496840537
79.46,21027790,102.73,87.04582795698926,0.9922721721219646,-0.0015455199962660648,446.52,134074384,598.9,498.6322580645162,0.990418191805061,-0.20758320983925327,854.04,16521938,938.23,885.9805161290324,0.9986083070748203,0.019859323739140677,2723.06,2929.67,2809.6870537634413,0.9987140597275438
75.62,11427837,102.73,86.12954838709678,0.9894735957897347,-0.09992556396845009,430.43,103397712,598.9,492.9711182795699,0.988646663561398,-0.29914252176273726,871.01,16521938,938.23,885.7278924731183,0.9997148654498433,0.034070933106964185,2781.01,2929.67,2809.5529892473123,0.9999522848938107
74.18,8956753,102.73,85.14163440860216,0.9885299064375146,-0.07047607425155888,433.61,95229720,598.9,487.76668817204296,0.989442728154765,-0.30802477288826213,838.11,16521938,938.23,883.2123010752688,0.997159859795286,-0.0020824814923485757,2736.27,2929.67,2806.2642795698926,0.9988294544754962
72.99,8059717,102.73,84.1030322580645,0.9878014774117054,-0.031870278982045086,432.16,47823208,598.9,482.70490322580645,0.9896225284157758,-0.2535110362017404,802.04,16521938,938.23,878.3296344086023,0.9944716953548743,-0.0178428282409151,2632.56,2929.67,2796.142387096774,0.996393107895501
71.9,9280013,102.73,83.02210752688171,0.9871476128486539,-0.12930211126862168,432.09,79587448,598.9,477.8578709677419,0.9899586015686335,-0.2801300215484013,853.59,16521938,938.23,876.8294838709678,0.9982920415310312,-0.005220431814321191,2760.17,2929.67,2794.333720430108,0.9993531564504681
67.09,9585946,102.73,81.67535483870967,0.9837783847183598,-0.27395221689072513,401.88,70994432,598.9,471.2922150537634,0.9862602327744817,-0.35002542963957994,817.53,16521938,938.23,872.947505376344,0.9955727098985245,0.013996322444304599,2633.08,2929.67,2784.117634408602,0.9963439993058762
65.95,10833516,102.73,80.31769892473119,0.9833774102768266,-0.3201427988212703,387.63,87270072,598.9,464.13092473118274,0.984804989147203,-0.4074133434298949,807.72,16521938,938.23,868.4697849462366,0.9948705730842579,0.009858122209684517,2599.95,2929.67,2771.9676559139784,0.9956359679833698
61.44,14409178,102.73,78.7365806451613,0.9803141984800683,-0.34730797573016625,369.41,112820632,598.9,456.17643010752676,0.9828615285045634,-0.3408228413111837,738.36,16521938,938.23,859.5742795698924,0.9897572655600276,-0.01370249862835815,2416.62,2929.67,2748.2329892473126,0.9914376105305457
61.38,6237389,102.73,77.2294623655914,0.9808587283417608,-0.37849809640314114,374.09,53109496,598.9,448.928559139785,0.9841116934383626,-0.3149524757084503,773.06,16521938,938.23,853.1457204301074,0.9925212290635294,0.004167281694363867,2485.74,2929.67,2729.6129677419353,0.9932247296432909
62.62,8535688,102.73,75.88341935483871,0.9825708613070391,-0.502399386572689,379.45,65068492,598.9,442.4217634408602,0.9855059439493161,-0.3054171474071785,798.52,16521938,938.23,848.5178494623657,0.9945755210898689,0.003063272523186833,2531.94,2929.67,2714.508817204301,0.9944665596492498
69.43,12944885,102.73,75.05886021505377,0.9891338694698348,-0.4944233639076985,413.22,100675752,598.9,438.5111612903226,0.991160918214955,-0.2900640768336975,828.34,16521938,938.23,845.9751182795699,0.9970033262300765,-0.006542569377287477,2596.26,2929.67,2704.085720430108,0.996160227328004
72.93,10353022,102.73,74.53172043010753,0.9929769812193269,-0.4258308750843667,433.75,89000584,598.9,436.2579784946237,0.9948617435664149,-0.21824536472562894,847.21,16521938,938.23,844.7890967741934,0.9985980420939702,-0.014101380618666504,2670.71,2929.67,2698.860258064516,0.9980675677822962
73.0,6604338,102.73,74.05922580645164,0.9936604895079676,-0.37577818732664414,435.18,61854572,598.9,434.3364516129032,0.9955954344070657,-0.18778807558627486,847.09,16521938,938.23,843.6804946236559,0.9986877172601178,-0.006869294282884519,2664.76,2929.67,2693.4319354838713,0.9979886611155859
78.02,14041442,102.73,73.95066666666668,0.9985341577824663,-0.40468172040586436,441.95,90732208,598.9,433.0424516129033,0.9970207428015893,-0.19788383727322711,846.16,16521938,938.23,842.5616559139785,0.9986738596935603,-0.0169659829542419,2706.53,2929.67,2690.8137419354844,0.9990279340220578
75.69,10749464,102.73,73.72670967741935,0.9969715352228423,-0.3543553477506364,425.54,82917800,598.9,430.8817849462366,0.9950104968724912,-0.2587904354954257,843.51,16521938,938.23,841.3403440860216,0.9985504777966283,-0.025702908974963634,2707.88,2929.67,2688.397247311828,0.9991019465279234
80.95,9437772,102.73,73.88068817204302,1.0020885035463727,-0.25916792442268466,453.81,87359680,598.9,430.7822365591398,0.9997689658960421,-0.23114372949810724,865.07,16521938,938.23,841.6238494623653,1.0003369687170438,-0.021296128145439575,2775.6,2929.67,2690.5507096774195,1.0008010208936737
82.36,4270283,102.73,74.15141935483871,1.0036644377508401,-0.23007700511118112,464.16,68074448,598.9,431.52294623655905,1.0017194526945579,-0.2093025399574433,873.67,16521938,938.23,842.5210322580646,1.001066013987451,-0.0071373662945593,2792.67,2929.67,2693.861870967742,1.001230663030588
84.27,6931385,102.73,74.56956989247311,1.0056391440821033,-0.2265864189361948,467.51,71964672,598.9,432.6221935483871,1.002547366997317,-0.1715075407669132,874.97,16521938,938.23,843.533440860215,1.001201641933421,-0.0036824423025682007,2803.69,2929.67,2697.9402365591395,1.001513947554383
81.79,8953077,102.73,74.85821505376344,1.0038708170330948,-0.18922709500506174,446.45,73827424,598.9,432.51933333333335,0.9997622400871068,-0.21283660455671516,852.82,16521938,938.23,843.148559139785,0.999543726778588,-0.017180403630607577,2743.07,2929.67,2698.18647311828,1.0000912683519834
81.96,7417322,102.73,75.18522580645163,1.0043684016838141,-0.10920244136896418,443.53,94174688,598.9,432.39987096774195,0.9997237987845058,-0.2129321109057336,874.67,16521938,938.23,844.2678924731183,1.0013275635962366,-0.012773486404451306,2822.48,2929.67,2703.749935483871,1.0020619265647572
77.61,8888391,102.73,75.25481720430109,1.0009255993727892,-0.10929547530085248,425.64,77999784,598.9,431.3070537634409,0.9974726699111744,-0.2421684142514866,884.84,16521938,938.23,846.0866021505377,1.002154185530012,-0.005172110965141585,2800.71,2929.67,2707.9683440860217,1.0015602066399665
79.49,6326250,102.73,75.46905376344087,1.002846815221917,-0.06665219030160086,433.73,80272304,598.9,430.92010752688174,0.9991028520559013,-0.21992897914703535,901.2,16521938,938.23,849.0214838709677,1.0034687722426643,-0.007032057210974552,2834.4,2929.67,2714.519397849463,1.002419176641318
86.94,5831017,102.73,76.18225806451612,1.0094502881049867,0.03452848054241686,465.77,90938200,598.9,432.75673118279576,1.0042620978316716,-0.16475318771253533,930.29,16521938,938.23,853.8934193548388,1.005738294703284,0.006175557822471145,2892.74,2929.67,2724.9786666666664,1.0038530831002679
90.79,5894630,102.73,77.13823655913978,1.0125485712672637,0.06627128380038816,484.35,75022200,598.9,435.86152688172035,1.007174459633334,-0.14122471098863976,936.24,16521938,938.23,859.1225591397848,1.0061238787727125,0.007260671420511677,2907.41,2929.67,2736.3390967741934,1.0041689978150998
90.34,4588689,102.73,78.05677419354838,1.011907682562906,0.006130139187322192,483.67,66955880,598.9,438.9655483870968,1.0071215771843491,-0.13056162120739023,943.97,16521938,938.23,864.8342365591399,1.0066482684671603,0.020830199193005883,2905.03,2929.67,2747.540752688172,1.0040936651189114
86.51,6235156,102.73,78.72806451612904,1.0086000264489041,0.008515905852447103,462.78,82390648,598.9,440.7884731182795,1.004152774034046,-0.14691605599968915,957.39,16521938,943.97,871.3868172043012,1.0075766896916936,0.01153324455483462,2939.88,2929.67,2761.043784946237,1.0049145885260677
80.18,8270594,102.73,78.98535483870968,1.0032680890119932,-0.006323376200346953,447.68,80991024,598.9,441.68206451612906,1.0020272567282171,-0.17254273092636274,954.28,16521938,957.39,877.6975483870966,1.00724216967505,0.042814629095840884,2945.64,2939.88,2774.8627311827954,1.0050049717834617
77.23,9133578,102.73,79.04980645161291,1.0008159944718213,-0.07788562410330457,426.82,83279744,598.9,441.25634408602144,0.9990361382897129,-0.17862891182165408,930.2,16521938,957.39,882.3319569892473,1.005280188614708,0.03335965064020052,2881.4,2945.64,2784.407978494624,1.0034398989198863
73.65,8688428,102.73,78.87638709677418,0.9978062013985464,-0.0941239116082454,407.27,80979296,598.9,439.5758494623656,0.996191568356628,-0.2068371222610358,919.56,16521938,957.39,886.1409462365591,1.004316957146502,0.050585706854676005,2859.53,2945.64,2792.2965161290326,1.002833111273684
67.81,9983697,102.73,78.32756989247314,0.9930420595503735,-0.1301702122066387,391.29,88752496,598.9,436.9166451612903,0.993950522294781,-0.24517955039221528,899.17,16521938,957.39,888.4816559139783,1.0026414643035741,0.031981031207505506,2826.06,2945.64,2797.828387096774,1.001981118744298
64.04,8739740,102.73,77.54825806451612,0.9900506063315019,-0.24092843374466266,377.91,66765824,598.9,433.46703225806453,0.9921046429761166,-0.29376231674001785,878.54,16521938,957.39,889.3237419354838,1.0009477809878238,0.01803739722907305,2752.06,2945.64,2798.2261290322585,1.0001421609478691
73.4,11577101,102.73,77.40597849462365,0.9981652770359575,-0.1024277395527321,412.82,92426624,598.9,432.41722580645165,0.9975781169651031,-0.16973673765730746,913.6,16521938,957.39,892.3750752688171,1.0034310714866248,0.01569708892296595,2873.34,2945.64,2806.386021505376,1.0029160947317504
75.33,5854552,102.73,77.39298924731182,0.9998321932289411,-0.08921900168033225,417.43,64510584,598.9,431.7027096774193,0.9983476233452546,-0.16304775763958923,935.89,16521938,957.39,896.7728817204303,1.0049282040405358,0.0615886343105958,2886.98,2945.64,2815.2273548387097,1.0031504337840849
78.42,6001461,102.73,77.57688172043011,1.0023760869673952,-0.08702438593014494,429.48,69372576,598.9,431.8004086021505,1.000226310659028,-0.15873460905062753,948.84,1116390016,957.39,901.7958924731183,1.0056012072343798,0.06227628337662083,2950.46,2945.64,2827.840064516129,1.0044801744540246
80.83,11016984,102.73,77.9045806451613,1.0042241827392875,-0.025526861801551615,438.82,107420560,598.9,432.5064516129033,1.0016351142719813,-0.07552948181932151,945.58,1159369984,957.39,906.2928817204302,1.0049867040700076,0.04197894053238471,2941.76,2950.46,2839.2078279569896,1.0040199456763852
79.19,3749079,102.73,78.1072688172043,1.0026017490931143,0.043582253878738264,430.98,47653916,598.9,432.69221505376345,1.0004295044389915,-0.04222388956673262,965.13,676110016,957.39,911.8533333333334,1.0061353804328108,0.04483584109255445,2990.41,2950.46,2853.323784946237,1.0049717941921161
80.2,5833510,102.73,78.34909677419355,1.0030961005377772,0.0917979884565836,429.35,70865488,598.9,432.71023655913973,1.0000416497102311,-0.0253645406515981,985.83,910049984,965.13,918.4318494623656,1.007214445447037,0.06134498320938131,3013.77,2990.41,2868.1783870967743,1.0052060695771394
80.09,5969936,102.73,78.55318279569892,1.0026048292821237,0.1902854094134636,424.75,74954128,598.9,432.34176344086023,0.9991484529665636,-0.03252633127346072,969.52,968990016,985.83,923.5750752688173,1.0056000081110672,0.08134773941659379,2976.61,3013.77,2879.745634408602,1.004032959513211
82.4,7192763,102.73,78.86619354838709,1.0039846985385972,0.24462049126191698,436.34,81506720,598.9,432.60202150537634,1.0006019729911004,-0.026263900137657004,977.85,1242029952,985.83,928.7586021505377,1.0056124586084263,0.04762087917790847,3025.86,3013.77,2893.2860215053765,1.0047019385792229
83.25,9322267,102.73,79.18883870967743,1.0040910451839213,0.21806120207444013,415.49,100493208,598.9,431.38324731182803,0.9971826895553858,-0.13144046202626614,933.12,1298189952,985.83,930.6159139784945,1.001999778870049,0.010536767718732243,2932.05,3025.86,2899.612602150538,1.002186641969766
83.54,7124384,102.73,79.48582795698925,1.0037503927592706,0.08999000206686114,410.58,93012248,598.9,429.77019354838706,0.9962607408296619,-0.20677187445989598,933.03,1186589952,985.83,932.1779569892473,1.0016785045122159,0.0022105262386307167,2918.65,3025.86,2904.214215053764,1.0015869750668807
81.85,5431878,102.73,79.64344086021507,1.0019829057239122,-0.0018247044729353679,398.8,69059800,598.9,427.4028172043011,0.9944915297067491,-0.2595585496352494,915.32,1185910016,985.83,932.3722795698925,1.0002084608192976,-0.0012217103347411662,2888.68,3025.86,2906.1889677419354,1.0006799610985773
79.88,4438923,102.73,79.65477419354839,1.0001423009002488,0.013119313116820575,386.98,61901732,598.9,424.3480215053763,0.9928526542737678,-0.2689555276604111,916.38,1255689984,985.83,932.4885161290323,1.0001246675407311,0.013367506258280093,2847.11,3025.86,2905.0130322580644,0.9995953685404069
83.17,4121695,102.73,79.86356989247311,1.0026212578095743,-0.01599270709850642,401.96,63082400,598.9,422.3633333333333,0.9953229706008706,-0.23644866911969975,940.47,1063569984,985.83,934.009935483871,1.001631568998999,0.030197433045913824,2926.46,3025.86,2908.564301075269,1.0012224622670434
88.75,3940532,102.73,80.42129032258065,1.00698341472662,0.11001975581877854,428.35,66226980,598.9,422.1672258064516,0.9995356899820493,-0.13973695180444246,965.06,857440000,985.83,936.9149892473118,1.0031103028491188,0.044084737485690306,2978.71,3025.86,2915.0135698924737,1.0022173375416938
90.18,5614733,102.73,81.04318279569893,1.0077329332894782,0.06770789656036258,449.37,90514208,598.9,423.3212043010752,1.0027334630072697,-0.10734818119220912,969.05,1230419968,985.83,939.816064516129,1.0030964124836426,0.03668849371075078,3007.39,3025.86,2922.730731182796,1.0026473843449746
87.07,5577988,102.73,81.4445806451613,1.0049528885171533,-0.020709448101770223,431.9,75123968,598.9,423.35763440860217,1.0000860578377762,-0.1877151125684704,948.16,1115769984,985.83,941.1457849462366,1.001414873059009,0.0138598214640957,2992.07,3025.86,2928.961032258065,1.0021316712514081
86.88,4473941,102.73,81.82359139784947,1.0046536030965578,-0.06251854397556844,431.03,42351464,598.9,423.407311827957,1.0001173414988116,-0.2120817989394158,939.36,979420032,985.83,941.7475698924733,1.0006394173526167,0.017201122764632704,2961.79,3025.86,2932.808967741935,1.0013137544137634
83.43,6499741,102.73,81.97440860215053,1.001843199518923,-0.11453599222785327,414.68,47754968,598.9,422.4806021505376,0.9978113045015247,-0.204231702192753,937.22,1104870016,985.83,942.0728172043009,1.0003453657033219,0.0227956535573397,2952.01,3025.86,2935.6859354838707,1.0009809598148327
86.26,4591902,102.73,82.30427956989249,1.004024072553459,-0.11321050925273046,428.48,42258840,598.9,422.5125376344086,1.0000755904145857,-0.1362809279233438,946.48,963960000,985.83,942.8139784946238,1.000786734609881,0.02973778189686649,2970.27,3025.86,2939.291634408602,1.001228230472868
88.96,4284408,102.73,82.79909677419356,1.006012047087793,-0.02838873486157678,442.89,48021004,598.9,423.5065161290324,1.0023525420102062,-0.07137412628341111,958.79,930390016,985.83,944.1949032258063,1.0014646841929384,0.017344796907282856,2986.2,3025.86,2943.607247311829,1.0014682493062976
89.58,4120441,102.73,83.30950537634409,1.006164422343187,-0.06944003054888759,449.11,43628888,598.9,424.8646881720429,1.0032069684675093,-0.05337060276807848,950.76,1149260032,985.83,944.8987311827955,1.000745426558208,-0.011387549689134024,3022.55,3025.86,2949.86911827957,1.0021272780101556
92.35,8401771,102.73,83.9769247311828,1.008011322979577,-0.1761457173720451,457.85,57373248,598.9,426.7536559139785,1.0044460455164272,-0.08787441468528245,956.17,1141389952,985.83,945.845010752688,1.0010014613615874,-0.03239006952800105,3066.91,3025.86,2958.588301075269,1.002955786323423
96.88,8418224,102.73,84.92496774193549,1.0112893275597725,-0.10772977691876862,477.83,57263048,598.9,429.948688172043,1.007486830432001,-0.04190069719304268,954.04,1317859968,985.83,946.5982150537635,1.0007963295175348,-0.04484874307307685,3093.08,3066.91,2968.621311827956,1.0033911479840032
92.31,5889940,102.73,85.56507526881721,1.0075373302328101,-0.0958790648905854,459.61,43478108,598.9,431.9822580645161,1.0047297967139264,-0.1327520289410069,951.74,1017169984,985.83,947.164752688172,1.000598498523871,-0.06592638806147466,3120.46,3093.08,2980.0214838709676,1.003840224415822
91.47,8811807,102.73,86.14675268817206,1.0067980705624042,-0.03505405170741582,453.96,45273852,598.9,433.70305376344083,1.0039834869761428,-0.07466664907026865,944.15,1367719936,985.83,947.2249032258067,1.0000635058868734,-0.07179421593121216,3110.29,3120.46,2990.30223655914,1.0034498921379646
93.88,5357887,102.73,86.87324731182795,1.008433221229889,0.03033272202624837,458.17,29989688,598.9,435.7144301075269,1.0046376808432231,-0.03639828392812805,960.79,959009984,985.83,948.3870752688171,1.0012269230243553,-0.05949306327896409,3140.98,3120.46,3002.1965161290314,1.0039776178556379
93.77,5967956,102.73,87.5631827956989,1.0079418636371962,0.15818867331301711,462.31,43339308,598.9,437.97034408602144,1.0051775057758308,0.018497913888757767,953.2,1132000000,985.83,949.0455698924732,1.0006943310815044,-0.06707326001985137,3145.91,3140.98,3013.9887741935486,1.0039278768065862
93.55,4599433,102.73,88.20335483870969,1.0073109727464387,0.16202208177965494,465.35,40254192,598.9,440.34606451612905,1.0054243865188301,0.11910882665286238,963.4,1088850048,985.83,950.3126666666666,1.0013351274315911,-0.06047916223031624,3168.8,3145.91,3026.6889677419354,1.0042137494529273
96.35,7079187,102.73,88.98137634408602,1.008820769989974,0.3200322011137131,476.74,63854256,598.9,443.33172043010745,1.0067802488873363,0.17045071407880164,977.43,1388060032,985.83,952.3906451612902,1.0021866261152894,-0.05279135796535961,3221.22,3168.8,3042.106,1.0050936955935603
96.31,2648566,102.73,89.69544086021506,1.0080248760523527,0.3908380742257147,474.51,19554804,598.9,445.98974193548383,1.005995559042781,0.1932830240355985,991.94,557550016,985.83,955.2364516129032,1.0029880663633892,-0.04822939265422499,3240.02,3221.22,3057.8861290322575,1.0051872383908573
94.1,3902774,102.73,90.19752688172045,1.0055976760545484,0.18499563520508566,464.97,32096952,598.9,447.82453763440867,1.0041139863239057,0.09134486021395105,990.5,779640000,991.94,957.7454838709676,1.002626608578251,-0.04164274895059483,3234.85,3240.02,3072.2833333333333,1.004708221200386
89.51,8383973,102.73,90.3589677419355,1.0017898590548582,0.12983807907641154,450.91,45418180,598.9,448.6400860215054,1.0018211337668204,0.04769699112517589,994.48,1241350016,991.94,960.3459139784947,1.0027151577859879,-0.06845732063781007,3265.35,3240.02,3087.870838709677,1.005073589797928
91.53,9544737,102.73,90.6202365591398,1.0028914542046394,0.1148655492433519,461.45,50584864,598.9,450.0636344086021,1.0031730298550017,0.02582804155870977,1005.68,1113260032,994.48,963.5429247311827,1.0033290199980582,-0.06860404913248197,3329.62,3265.35,3106.7910967741936,1.0061272828601933
91.54,5380711,102.73,90.85395698924731,1.0025791196203178,0.0640434847785698,449.59,39685552,598.9,450.6532688172043,1.0013101134229097,-0.06435164631153079,990.75,988430016,1005.68,965.6544731182795,1.0021914419512612,-0.0724679219941331,3295.47,3329.62,3122.692731182796,1.005118346845114
84.79,8846563,102.73,90.62916129032257,0.9975257467437402,-0.035469222838781844,426.8,93896152,598.9,449.74941935483866,0.9979943572477841,-0.053218058348285746,992.01,1454860032,1005.68,967.7501720430108,1.0021702368529024,-0.05077015586400235,3225.52,3329.62,3133.320795698925,1.0034034935330007
87.13,6663169,102.73,90.54329032258066,0.9990525017939113,-0.008979931019368781,431.47,66214712,598.9,449.1558494623656,0.9986802208809418,-0.0584957798768575,1016.0,1612039936,1005.68,971.3358064516128,1.0037051240208332,-0.07356487932576172,3327.71,3329.62,3150.0361505376345,1.0053347090606408
88.32,4944098,102.73,90.51929032258063,0.9997349334233987,-0.04069238541815534,439.02,61006636,598.9,449.0448172043011,0.9997527979248241,-0.10713377087480858,1042.54,1368850048,1016.0,976.5688172043009,1.0053874372981315,-0.06025806943205492,3380.16,3329.62,3169.4602365591404,1.0061663057480121
90.07,4982307,102.73,90.5904946236559,1.0007866201869404,-0.07949300642488777,437.81,44491216,598.9,448.8250322580645,0.9995105500880624,-0.1290051682355815,1031.02,1004609984,1042.54,980.901569892473,1.0044367100524219,-0.04870043551274117,3337.75,3380.16,3185.2803440860216,1.0049914200987282
78.11,13312107,102.73,89.87359139784947,0.9920863305936821,-0.23302489085266853,393.97,98759680,598.9,445.77369892473115,0.993201508128943,-0.02466331208587469,915.77,2346099968,1042.54,977.6844946236558,0.9967202873687215,-0.026154798263135937,2954.22,3380.16,3175.6858494623652,0.9969878649326832
76.29,11256740,102.73,89.05032258064516,0.9908397026935322,-0.2875081808319353,374.07,89930240,598.9,441.4847741935484,0.9903786949711743,-0.09035047880692315,908.3,2276229888,1042.54,974.0227956989248,0.9962547233336859,-0.044910812501137376,2972.37,3380.16,3167.2146451612903,0.9973324803829355
66.47,14219996,102.73,87.60909677419356,0.9838156026313504,-0.34558577598339535,341.36,109487352,598.9,435.16404301075266,0.9856830143364702,-0.05707375423318317,813.24,3029809920,1042.54,964.2813763440861,0.9899987768275499,-0.050021699272055464,2711.02,3380.16,3141.766623655914,0.9919651730758904
45.17,26283924,102.73,84.82675268817204,0.9682413791664486,-0.6264774613336874,256.35,140762736,598.9,423.48232258064513,0.9731555935796403,-0.042760850830578234,711.34,3662960128,1042.54,948.1852903225807,0.9833076875522256,-0.03331475946740903,2304.92,3380.16,3090.5006666666673,0.9836824426730999
51.28,14367647,102.73,82.51324731182797,0.9727267011523045,-0.5579296409829752,288.82,104867488,598.9,414.1763655913978,0.9780251583288341,-0.08096757582286662,790.18,3703180032,1042.54,937.6166021505376,0.9888537733290003,-0.02824822934817639,2541.47,3380.16,3055.6620000000003,0.9887271771067945
43.29,12461110,102.73,79.75283870967743,0.9665458736374948,-0.7498131008789803,257.47,94007304,598.9,403.0911397849462,0.9732354940373695,-0.13868779387739316,753.09,3480499968,1042.54,924.9782150537634,0.98652073025607,-0.055123491241922506,2488.65,3380.16,3018.2435268817203,0.9877543808450411
62.23,13937143,102.73,78.31212903225808,0.9819353179055615,-0.5400430598143208,325.46,78165656,598.9,396.75984946236554,0.9842931543323962,-0.20248475353972573,856.78,2955419904,1042.54,919.4853548387096,0.9940616328842571,-0.043510611818294076,2789.82,3380.16,3001.3092688172046,0.9943893665591619
63.92,9228924,102.73,77.04055913978493,0.9837627975616731,-0.4625471062757903,328.66,73044704,598.9,390.90148387096775,0.9852344797505689,-0.12203656698071785,924.09,2314800128,1042.54,918.5765161290323,0.9990115789176036,0.013887802981229824,2874.56,3380.16,2990.31,0.9963351764739862
62.74,7656516,102.73,75.74264516129031,0.9831528484088539,-0.44930609327780613,331.13,66866476,598.9,385.42449462365596,0.9859888246187377,-0.07495764830388896,922.03,2048600064,1042.54,917.5865376344086,0.9989222688831677,0.023772358222787893,2836.74,3380.16,2977.123440860215,0.9955902367514455
65.75,8964971,102.73,74.69083870967742,0.9861134180173782,-0.4006859740939812,338.01,81370760,598.9,380.6062150537635,0.9874987717773432,-0.019683916818388547,911.72,2805240064,1042.54,915.9686666666668,0.9982368191975518,0.013882520551554922,2830.71,3380.16,2963.816774193548,0.9955303611250926
68.15,8091905,102.73,73.83189247311829,0.9884999786935336,-0.3994076630082344,354.23,76408712,598.9,376.9992688172044,0.9905231546572365,-0.025343343061624557,952.09,2540950016,1042.54,917.0101505376344,1.0011370300195506,0.019552249074355155,2929.8,3380.16,2957.1638709677422,0.9977552919992444
64.07,7366210,102.73,72.74866666666667,0.9853284838006012,-0.45827543533777404,335.87,74431832,598.9,372.36748387096776,0.9877140744575755,-0.017893071361999913,942.3,2390299904,1042.54,917.4079569892473,1.0004338081223851,0.02382327375465476,2863.7,3380.16,2946.333483870968,0.9963375762827679
71.89,9728308,102.73,72.22348387096774,0.992780860189434,-0.37807511923186365,363.11,63374580,598.9,369.72326881720426,0.9928989098986962,-0.020258921374808336,982.39,2783869952,1042.54,920.427677419355,1.00329157863424,0.05546792052788296,2955.45,3380.16,2941.685892473118,0.998422584740223
75.35,9952780,102.73,71.95956989247311,0.9963458702855413,-0.3238498675491319,378.85,65174520,598.9,368.2794838709678,0.9960949578563034,-0.05606035520414121,1002.29,2504420096,1042.54,924.663247311828,1.0046017411214192,0.05560308113544876,3044.31,3380.16,2942.9155053763443,1.0004179959887534
85.85,12905319,102.73,72.40963440860216,1.0062544080905649,-0.35935095096721625,427.42,71013168,598.9,370.1391397849462,1.005049577821799,-0.08751908875443137,1049.92,3100219904,1042.54,931.8725376344084,1.0077966658062156,0.06789388993236156,3193.93,3380.16,2953.846623655914,1.0037143840044336
75.66,42284308,102.73,72.226,0.9974639506178705,-0.4783093060989815,385.76,96339376,598.9,369.41946236559136,0.9980556570705464,-0.08382447173242946,1016.5,3217649920,1049.92,936.719505376344,1.0052013205091759,0.09340864352716605,3041.31,3380.16,2954.71440860215,1.000293781315281
77.73,14305563,102.73,72.21172043010752,0.9998022932199973,-0.4371453117411517,391.3,73661808,598.9,369.2160215053764,0.9994492957709584,-0.06536821773382895,1039.83,2731930112,1049.92,942.932365591398,1.0066325726958765,0.10537482299775291,3097.74,3380.16,2959.393053763441,1.001583450890438
74.13,13794667,102.73,71.9947311827957,0.9969950965574649,-0.4798494788218306,372.94,60961080,598.9,367.96281720430113,0.9966057694463917,-0.06447754776752457,1020.03,2468349952,1049.92,947.6620430107528,1.005015924356768,0.10366040867962278,3009.05,3380.16,2958.376752688172,0.9996565846250208
76.81,8511291,102.73,71.9931182795699,0.9999775969268958,-0.4002556210746846,388.22,45955136,598.9,367.87870967741935,0.9997714238424392,-0.09053504336497442,1074.07,1553379968,1049.92,955.7507741935482,1.008535459705759,0.13185862963557782,3130.01,3380.16,2965.448043010753,1.002390260238543
76.28,6832564,102.73,71.99378494623656,1.0000092601443387,-0.335660100184205,384.89,42509048,598.9,367.73909677419357,0.9996204920275267,-0.11079862525310802,1125.92,1789459968,1074.07,966.9247311827957,1.0116912874056272,0.1635692395709738,3185.04,3380.16,2976.103849462366,1.0035933209070136
81.78,7927686,102.73,72.38643010752688,1.0054538757975224,-0.3427482509698594,404.21,52430492,598.9,369.01896774193546,1.0034803777432666,-0.06591749057353757,1107.71,2165929984,1125.92,976.5743440860215,1.0099796939637917,0.132198668058634,3224.73,3380.16,2989.2853763440853,1.004429121948853
82.25,6817777,102.73,72.84073118279571,1.0062760530474286,-0.32573354098682783,409.63,50172936,598.9,370.8044946236559,1.0048385775198665,-0.03991315761922376,1122.55,1699680000,1125.92,986.9012043010753,1.0105745766081113,0.13919900175004474,3215.63,3380.16,3001.8722580645153,1.0042106658066297
77.75,8192701,102.73,73.03494623655914,1.0026662974219196,-0.29789614319658664,396.02,53977132,598.9,371.85148387096774,1.0028235613712677,-0.08872250094260103,1145.81,1842119936,1125.92,998.4478279569893,1.0116998779671076,0.14558732975243727,3271.12,3380.16,3018.0915913978497,1.0054030724624479
83.86,7774050,102.73,73.65851612903225,1.0085379660642644,-0.24376497100622918,414.21,59377412,598.9,374.22030107526876,1.0063703314550252,-0.025219155096036228,1167.41,1707929984,1145.81,1011.0539999999999,1.0126257694093093,0.1475741632112968,3351.28,3380.16,3039.4045376344084,1.00706172943767
88.34,7288464,102.73,74.5832688172043,1.0125545929618254,-0.20697494544654638,435.41,48745240,598.9,378.0357849462365,1.0101958227814056,0.03913287965731349,1185.62,1733369984,1167.41,1024.46311827957,1.0132625144448961,0.165940249729982,3372.85,3380.16,3061.9243010752693,1.0074092682175135
83.88,5495025,102.73,75.22713978494625,1.0086329142977093,-0.16973261646928384,419.1,37487736,598.9,380.8550107526882,1.0074575633279073,0.036586894337867215,1214.27,1532710016,1185.62,1039.3336559139784,1.014515444596367,0.19474935302592677,3397.16,3380.16,3085.9194838709677,1.0078366348858696
87.25,5806844,102.73,76.10490322580645,1.0116681751209669,-0.051806826751203516,437.52,44877404,598.9,384.9281935483871,1.0106948384049066,0.09543157499345811,1251.82,1694870016,1214.27,1056.1460860215054,1.0161761624978287,0.17432292471296407,3508.01,3397.16,3116.8475913978496,1.0100223313305912
86.21,8067494,102.73,76.91027956989247,1.0105824501438025,-0.10229148107416086,439.37,53831844,598.9,389.0976774193548,1.0108318484871999,0.11250596468681662,1220.14,1754759936,1251.82,1070.3559139784945,1.0134544152035987,0.171099881543471,3426.96,3508.01,3141.9391612903223,1.0080503037625974
84.55,7370286,102.73,77.61053763440859,1.0091048695757212,-0.09146524161114622,438.76,39838688,598.9,393.21081720430107,1.0105709697683785,0.15084591439910267,1196.89,1404749952,1251.82,1082.6267311827958,1.011464240113077,0.15964599903127696,3340.97,3508.01,3161.2695483870975,1.0061523747292538
88.95,11158210,102.73,78.60277419354838,1.0127848174923593,-0.0329985394100768,437.95,63754396,598.9,397.27225806451617,1.0103289143698835,0.15291305053447646,1169.0,1884419968,1251.82,1092.7662580645163,1.0093656720175779,0.13930537903507423,3319.47,3508.01,3179.29711827957,1.0057026361139214
86.4,7827004,102.73,79.43290322580646,1.0105610653157608,0.10999294922869485,414.37,35891688,598.9,399.8121075268817,1.0063932213005244,0.10597470749457583,1183.4,1603769984,1251.82,1103.5380860215053,1.009857394367271,0.17572103393725724,3298.46,3508.01,3196.0085161290317,1.0052563183709313
93.56,8714156,102.73,80.70713978494624,1.0160416717429737,0.23590613128028148,441.72,43770428,598.9,404.07260215053765,1.0106562421283591,0.23396773957489392,1213.1,1373849984,1251.82,1115.6504946236562,1.010975976955919,0.20905001391858602,3348.44,3508.01,3215.2041290322577,1.0060061206991011
98.06,8466908,102.73,82.23455913978495,1.0189254551568634,0.45031554051667677,464.92,50448660,598.9,409.68438709677423,1.0138880609978747,0.31211981515911247,1260.08,1357330048,1251.82,1130.138387096774,1.0129860494329859,0.26686544071809437,3477.13,3508.01,3241.893569892472,1.0083010097614697
98.2,7123638,102.73,83.7030752688172,1.0178576518728095,1.1181134329694082,464.92,31822260,598.9,415.0304516129032,1.0130492268792908,0.4819083344961175,1257.8,1368419968,1260.08,1143.5182365591397,1.0118391248497782,0.25674533130860944,3483.81,3508.01,3267.366430107527,1.0078574017517483
100.29,9706137,102.73,85.1923870967742,1.017792797017003,0.9152592603051013,473.65,45552672,598.9,420.4912043010753,1.0131574747514318,0.5009609842206975,1249.95,1403180032,1260.08,1155.2164516129033,1.0102300205451586,0.2183171296018276,3465.39,3508.01,3289.1156559139777,1.006656500356385
96.49,7774550,102.73,86.33113978494625,1.0133668362512074,1.1845354413589837,438.94,44324920,598.9,423.31511827956996,1.0067157504119224,0.542313107119041,1172.03,1816210048,1260.08,1160.898817204301,1.0049188752319653,0.24234540241129565,3269.96,3508.01,3296.2695698924726,1.0021750265806653
104.48,9063867,102.73,87.87096774193549,1.017836298244469,0.5857541611150134,468.38,42602504,598.9,427.6481290322581,1.0102358988979612,0.4380438696710174,1258.63,1460749952,1260.08,1171.2673333333332,1.0089314555027302,0.2110785962819155,3509.44,3508.01,3317.1935698924735,1.0063477818049582
109.91,11206354,104.48,89.67025806451615,1.0204765051395008,0.6468465296709167,493.93,47969332,598.9,433.32217204301077,1.0132680178528846,0.41988822227038214,1244.78,2468260096,1260.08,1179.8781075268819,1.0073516727979113,0.09983372620985742,3585.15,3509.44,3341.454516129033,1.007313696269267
114.32,7264036,109.91,91.65516129032258,1.0221355806111134,0.8093582760371856,500.7,34748828,598.9,439.0775698924731,1.0132820294478055,0.39784684930055914,1243.31,1883619968,1260.08,1187.7043870967743,1.00663312550675,0.09435404329930397,3557.54,3585.15,3362.4060215053764,1.0062701752411147
121.86,6063551,114.32,94.01559139784946,1.0257533790164866,0.9094390944734592,524.14,26309532,598.9,445.980559139785,1.0157215711315029,0.433533802221054,1280.15,1367849984,1260.08,1197.216516129032,1.0080088354775798,0.11879075170467912,3638.35,3585.15,3387.0209677419343,1.0073206347119072
123.35,8392487,121.86,96.35148387096773,1.024845798855143,0.848178406131183,533.3,37252692,598.9,453.07423655913976,1.0159057996452519,0.38924894149002687,1274.78,1764450048,1280.15,1205.589870967742,1.0069940188143942,0.0763435657608964,3699.12,3638.35,3413.8196989247317,1.0079121834314075
122.24,5857950,123.35,98.49705376344087,1.0222681561951497,0.9190226906472446,521.98,34968088,598.9,459.05249462365595,1.0131948753253284,0.38514318552115645,1259.81,1547360000,1280.15,1212.3034623655917,1.0055687191469689,0.05767707465606042,3663.46,3699.12,3436.663333333334,1.0066915175443498
124.3,10857449,123.35,100.65043010752689,1.0218623426976583,0.7622678498366904,532.11,48508600,598.9,465.28406451612904,1.0135748524742947,0.3559699815537323,1289.04,1660060032,1280.15,1220.2200430107525,1.006530197174982,0.057038547899721515,3709.41,3699.12,3460.7515698924735,1.0070091929941172
128.42,4130222,124.3,102.95690322580643,1.0229156806962025,0.7403364693106712,542.78,19373284,598.9,471.84058064516125,1.0140914263544587,0.3876676004852382,1277.28,1092999936,1289.04,1226.7184516129034,1.0053256038854408,0.05797441866475772,3703.06,3709.41,3482.808709677419,1.0063735114582728
130.29,3258588,128.42,105.26989247311829,1.0224656062375825,0.5921709009720632,546.18,17002032,598.9,478.2639139784945,1.013613355011878,0.2844352674182601,1302.56,935129984,1289.04,1234.2564516129032,1.0061448492847636,0.06462525241931272,3756.07,3709.41,3506.869182795699,1.0069083533216812
145.56,10485285,130.29,108.47247311827957,1.0304225697388176,1.0440431249237925,585.39,39124152,598.9,486.9615268817205,1.018185802125178,0.5071708254938547,1352.53,1794940032,1302.56,1244.4750107526881,1.0082791215119284,0.0729989993196214,3824.68,3756.07,3534.1472043010754,1.0077784542517865
142.75,10635091,145.56,111.34344086021505,1.0264672470296214,0.9448888722737755,570.53,40806712,598.9,494.2711182795699,1.015010613763795,0.42094593561444626,1327.14,1901990016,1352.53,1252.3328602150536,1.0063141882275426,0.05985343218675121,3768.25,3824.68,3556.099913978494,1.0062116002555588
139.49,8009560,145.56,113.86425806451614,1.0226400152970467,1.0281795436964711,575.39,31539656,598.9,501.508817204301,1.0146431758948886,0.44793346137380197,1368.13,1554989952,1352.53,1262.2173548387098,1.0078928653377015,0.06462566634579203,3841.47,3824.68,3581.3345376344087,1.0070961514767123
133.6,11769264,145.56,115.86451612903225,1.0175670407774735,0.8621356137989227,545.09,55470568,598.9,506.3563010752688,1.009665799891596,0.3689500146662459,1307.64,2116349952,1368.13,1267.4506666666666,1.0041461257111504,0.0308081932589932,3714.24,3841.47,3596.570623655914,1.0042543040482248
147.13,12063851,145.56,118.61554838709678,1.0237435269224344,1.0283900529460364,585.84,39071152,598.9,513.4954623655914,1.0140990865032435,0.4351286969066539,1385.96,1778659968,1368.13,1277.2345806451617,1.0077193647341134,0.010618332529928942,3886.83,3841.47,3621.6851397849455,1.006982906428653
156.29,8012877,147.13,121.80518279569893,1.0268905253314087,1.020835379378995,600.66,36134324,598.9,521.1586021505376,1.0149234810170344,0.38705404975015467,1368.53,1534470016,1385.96,1285.334752688172,1.0063419611132975,0.01525425696497118,3934.83,3886.83,3648.3872043010747,1.007372828803587
153.8,6510883,156.29,124.67393548387095,1.0235519755590672,0.9579085310625891,604.05,33879440,600.66,528.6179784946236,1.0143130638414202,0.37705907689489826,1361.14,1180199936,1385.96,1292.3972473118279,1.005494673359516,-0.0023699142223905234,3906.71,3934.83,3671.7479784946236,1.0064030413674319
149.84,10764330,156.29,127.13333333333334,1.0197266400544527,1.0325504330180157,599.38,40866656,604.05,535.3579569892473,1.0127501877893323,0.4804162775366163,1294.47,2253669888,1385.96,1294.6453548387096,1.0017394864710194,-0.03534796593177392,3811.15,3934.83,3687.4573978494623,1.0042784579570407
146.17,9681622,156.29,129.2009247311828,1.0162631730297544,0.9231035844054313,611.77,38335532,604.05,542.4599569892473,1.0132658904332725,0.46467318368705124,1257.91,2245149952,1385.96,1294.2150537634411,0.9996676301555014,-0.06888769405366113,3841.94,3934.83,3703.9919139784947,1.0044839883814456
150.9,9803407,156.29,131.43967741935484,1.0173276831634914,0.9310921957877659,633.68,36693328,611.77,550.5506451612903,1.0149148118083182,0.3654980112190591,1330.13,1834659968,1385.96,1298.249483870968,1.0031172795400543,-0.047256227958200725,3943.34,3934.83,3726.013182795699,1.0059452799381388
145.94,9257500,156.29,133.22389247311827,1.0135744022565647,0.9110876461981616,618.56,41849296,633.68,557.2394623655914,1.0121493222523452,0.3973229626124617,1328.16,2000370048,1385.96,1301.846043010753,1.0027703143228381,-0.058080939716668833,3913.1,3943.34,3744.856623655914,1.0050572662885955
140.64,8085714,156.29,134.53270967741932,1.0098241927930844,0.819320963913087,602.53,40945168,633.68,562.4651397849462,1.009377794955818,0.273920957649052,1325.34,1773970048,1385.96,1305.0157419354837,1.0024347724846174,-0.0742594403541541,3974.54,3943.34,3766.5543870967736,1.0057940171337394
140.74,8311706,156.29,135.73316129032258,1.0089231207472271,0.8055750846366082,604.24,28453532,633.68,567.4462795698923,1.008855908451234,0.25734839988788893,1354.13,1118850048,1385.96,1309.884752688172,1.0037309977161402,-0.06319813253066342,4019.87,3974.54,3790.1733763440857,1.0062707150408408
142.43,6236499,156.29,136.925376344086,1.0087835208612976,0.8982482103992706,605.76,27590384,633.68,572.1709247311827,1.0083261540896373,0.23636726611112735,1411.45,1619469952,1385.96,1318.1636774193548,1.006320345903861,-0.056544168052997,4128.8,4019.87,3819.5450322580646,1.007749422782952
141.05,6035135,156.29,137.90408602150538,1.0071477596304714,0.7878237438483406,614.76,29130626,633.68,577.1170752688172,1.008644533169801,0.22787673884085957,1440.19,1301440000,1411.45,1327.835376344086,1.007337251883367,-0.028900418577390452,4185.47,4128.8,3850.8785591397855,1.0082034709938206
144.89,6630032,156.29,139.0184946236559,1.0080810412098793,0.8678610247801158,632.02,31390476,633.68,582.7965376344087,1.0098410922306293,0.299168653950441,1422.5,1446279936,1440.19,1335.7825806451613,1.0059850825205126,-0.06526463774777325,4180.17,4185.47,3880.007784946237,1.0075643065235893
143.89,6035119,156.29,139.94260215053762,1.006647371124133,0.7366342912907091,624.71,29185452,633.68,587.5363225806451,1.008132829624341,0.23180071778902156,1435.89,1577309952,1440.19,1344.0794623655913,1.0062112516218191,-0.06503847834222642,4181.17,4185.47,3907.305376344086,1.0070354475843475
148.77,8200750,156.29,141.07331182795699,1.0080798102939592,0.7896292452573794,657.13,29817098,633.68,593.9741935483871,1.0109574007943285,0.25727833527054367,1419.11,1450720000,1440.19,1350.8146451612904,1.0050110004536823,-0.09106199172683338,4232.6,4185.47,3936.1302150537635,1.0073771655740529
139.18,6677825,156.29,141.47625806451612,1.0028562896223103,0.731714056829147,628.33,29382848,657.13,598.1406451612904,1.0070145330523756,0.1797012319794502,1366.7,1605990016,1440.19,1353.8265376344086,1.0022296859779445,-0.11149076086346632,4173.85,4232.6,3959.540064516129,1.0059474275959759
140.46,5489203,156.29,141.8736559139785,1.0028089366717712,0.7380265570382843,629.87,26476644,657.13,602.0550322580644,1.006544258659631,0.13192333306369974,1349.99,1737059968,1440.19,1355.5261720430108,1.0012554299693164,-0.1192122137457936,4155.86,4232.6,3980.3053118279568,1.0052443584288786
150.42,6201982,156.29,142.82724731182796,1.0067214127366089,0.8883736500464555,653.1,29289192,657.13,607.1321720430107,1.008433016108019,0.2111600282618551,1380.08,2165120000,1440.19,1358.9519569892475,1.0025272731850492,-0.10816375637510167,4204.11,4232.6,4002.6985806451607,1.0056260178712069
159.75,6861107,156.29,144.26679569892474,1.0100789479191872,0.8674539893098808,676.55,26991260,657.13,613.2616559139785,1.0100957981691896,0.18423117837979386,1366.39,1437250048,1440.19,1361.0470967741933,1.001541732048856,-0.1196722620273003,4229.89,4232.6,4024.7461505376345,1.005508176408557
156.76,5393320,159.75,145.39458064516128,1.0078173563138544,0.6987834626248692,662.33,24453012,676.55,618.0260430107527,1.0077689303592177,0.11953503735172721,1388.59,1354919936,1440.19,1364.3427526881724,1.002421412103806,-0.06920100654322092,4247.44,4232.6,4046.376623655914,1.0053743695401485
147.27,7840098,159.75,145.80935483870968,1.002852748649282,0.4924566814647483,612.4,34061272,676.55,619.2069892473119,1.0019108357162525,0.014737933258148983,1387.66,1598700032,1440.19,1367.2691397849462,1.0021449061029628,-0.05505903404032453,4166.45,4247.44,4061.3576559139788,1.0037023326426122
155.77,7500200,159.75,146.7016559139785,1.0061196421605174,0.4475837293326026,643.73,114081160,676.55,622.1690107526882,1.004783572467386,-0.0004661828442600324,1424.04,1658560000,1440.19,1372.232193548387,1.0036299025693078,-0.06414891914582777,4280.7,4247.44,4082.4001720430106,1.0051811531787629
159.87,6172686,159.75,147.78554838709678,1.0073884133506568,0.46416221655261214,644.76,117105360,676.55,624.9403010752688,1.0044542403666616,-0.002957843010768846,1453.51,1362329984,1440.19,1378.7870967741937,1.0047768178422172,-0.03638336092059857,4352.34,4280.7,4106.683225806452,1.005948229654147
155.61,5578890,159.87,148.51606451612903,1.0049430823040884,0.4788622342017913,630.95,74936296,676.55,626.5809247311828,1.0026252486086928,-0.07207593622242636,1474.52,1133549952,1453.51,1386.3131182795698,1.0054584362756107,-0.022308096894072316,4369.55,4352.34,4130.67182795699,1.0058413568399414
149.75,4520992,159.87,148.7967526881721,1.0018899515884532,0.354962860837046,604.4,88237640,676.55,626.2743010752688,0.9995106399767189,-0.1506729907553963,1435.67,1281880064,1474.52,1390.870946236559,1.0032877334109378,-0.0527845993000684,4327.16,4369.55,4150.40711827957,1.0047777434626999
157.39,4858000,159.87,149.51561290322581,1.0048311552642564,0.35044179300640876,622.23,73596608,676.55,626.9625376344086,1.0010989378902473,-0.14542457911983186,1476.62,1599810048,1474.52,1397.755376344086,1.0049497260160298,-0.03532704883206805,4411.8,4369.55,4174.274559139784,1.0057506264277294
166.85,5645433,159.87,150.78249462365594,1.008473240324742,0.41537429738392684,648.32,94285336,676.55,629.1631397849462,1.0035099420115925,-0.08565550278273215,1438.71,1455820032,1476.62,1401.765311827957,1.0028688392487957,-0.06565027421558023,4395.26,4411.8,4195.550731182796,1.0050969747537153
163.15,6929260,166.85,151.73204301075268,1.0062974709993142,0.2726115406288263,629.76,88964680,676.55,629.9466666666667,1.001245347720129,-0.23931604803920714,1444.09,1632409984,1476.62,1405.8295483870966,1.0028993701904634,-0.09227619706529011,4436.52,4411.8,4218.11423655914,1.0053779603256003
164.93,4893233,166.85,152.75860215053763,1.0067656054674767,0.3147525985074835,630.32,90681472,676.55,630.6709032258063,1.0011496791672412,-0.1864493906057194,1444.7,1149760000,1476.62,1409.7362365591398,1.00277892023007,-0.09711481722736792,4468.0,4436.52,4241.392924731183,1.0055187429421142
154.65,5394011,166.85,153.07423655913976,1.0020662300136205,0.27600365186349474,595.03,94545200,676.55,628.9897849462367,0.9973343969557324,-0.2464666383114218,1412.34,1416249984,1476.62,1411.302365591398,1.0011109376290708,-0.12392809116867975,4441.67,4468.0,4261.46806451613,1.0047331478458152
156.41,6030903,166.85,153.47081720430108,1.0025907733010846,0.3143888864455535,605.3,71290552,676.55,627.9290107526881,0.9983135271526877,-0.16768773970502338,1449.28,1399020032,1476.62,1415.1566451612903,1.0027310090763415,-0.10575882245376045,4509.37,4468.0,4284.620193548388,1.0054328998086455
149.93,6653308,166.85,153.4002795698925,0.9995403840567637,0.08388111134193788,591.37,64102864,676.55,625.8400430107527,0.9966732421879482,-0.2790204728641059,1466.71,1241260032,1476.62,1419.8308387096777,1.003302951347732,-0.10860833879661169,4535.43,4509.37,4307.743655913979,1.005396852304531
146.44,5536230,166.85,153.09855913978495,0.9980331168172998,-0.023292705478745845,577.57,56874844,676.55,622.8488602150537,0.9952205314615071,-0.2629889383343871,1461.86,1059699968,1476.62,1424.0184731182794,1.0029493896698338,-0.06490886889351777,4458.58,4535.43,4324.514215053764,1.0038931191081348
146.43,8913389,166.85,152.81737634408603,0.9981633870542035,0.012295134737910884,582.31,92828752,676.55,620.2131397849463,0.9957682824863846,-0.267058195471082,1469.69,1621820032,1476.62,1428.5105591397846,1.0031545138678353,-0.05496248856713848,4432.99,4535.43,4338.507462365591,1.0032357963498226
151.03,6866312,166.85,152.84881720430107,1.0002057413951686,0.05107305924378491,602.2,179599920,676.55,618.9073978494624,0.9978946883712644,-0.23270149325662848,1474.29,1627149952,1476.62,1433.0659784946236,1.0031889294242124,-0.030150459921155726,4455.48,4535.43,4352.819892473119,1.0032989294663386
152.7,6998038,166.85,152.98544086021505,1.000893848303264,0.07145661841036799,598.93,92918816,676.55,617.3846236559141,0.997539576681682,-0.24742972724882206,1438.51,1625580032,1476.62,1434.9263010752688,1.0012981416128512,0.009495986566354642,4357.05,4535.43,4359.396344086021,1.0015108485476907
165.12,9167188,166.85,153.90931182795703,1.00603894699095,0.10128356301645758,630.64,77862744,676.55,617.9352688172044,1.0008918997010803,-0.15612484423698048,1451.37,1569560064,1476.62,1437.2279139784946,1.0016039938089512,-0.022465361790978022,4391.36,4535.43,4367.078580645161,1.0017622248478422
168.74,7797228,166.85,155.0361505376344,1.0073214459625222,0.21253463245981863,649.6,72677760,676.55,619.7156774193548,1.0028812218560665,-0.15388183839946312,1502.87,1307920000,1476.62,1442.591376344086,1.0037318106011066,-0.01112405285609297,4471.37,4535.43,4378.959268817204,1.0027205116538773
168.38,5668373,168.74,156.0907311827957,1.0068021596350543,0.2768836622876997,640.22,71604464,676.55,620.8241720430108,1.0017887148317306,-0.12982713568936766,1525.03,1356080000,1502.87,1449.0087956989246,1.0044485357808681,0.007167372138289219,4544.9,4535.43,4394.383247311828,1.0035222932089045
172.89,5031028,168.74,157.37662365591396,1.0082381091008688,0.3820903442879968,659.4,137109520,676.55,623.0890322580644,1.0036481508244122,-0.0997440539359511,1585.72,1743180032,1525.03,1458.912258064516,1.006834646135336,0.025370974587255013,4605.38,4544.9,4412.482580645161,1.0041187425662985
175.03,8298530,172.89,158.73144086021503,1.0086087575958118,0.26979694004540156,682.79,132348032,676.55,626.7443010752689,1.0058663668078989,-0.06750768948872965,1664.89,2045849984,1585.72,1473.4254193548386,1.0099479329274925,0.04181298177637882,4697.53,4605.38,4435.267913978494,1.0051638353051586
170.5,10447691,175.03,159.72389247311827,1.0062523946580768,0.24610584636875532,694.47,244042768,682.79,630.9874623655913,1.0067701633394075,-0.03403081098100569,1611.82,1871360000,1664.89,1483.969677419355,1.0071562889617673,0.0003368541811705761,4682.85,4697.53,4455.883075268817,1.004648008122655
176.06,7030495,175.03,161.01172043010752,1.0080628385462493,0.2213301252243881,691.57,161269024,694.47,634.8721075268817,1.0061564538013588,-0.04560030156356687,1673.27,1711910016,1664.89,1498.1093548387098,1.0095282792057745,0.052420056915050584,4697.96,4697.53,4476.403440860216,1.0046052298152282
163.41,4798502,176.06,161.4163870967742,1.0025132745963194,0.12008372528251421,653.31,67899056,694.47,636.1603010752688,1.0020290599210684,-0.07142088436635907,1612.87,1441170048,1673.27,1507.8129677419354,1.0064772393763406,0.02437076160332352,4594.62,4697.96,4489.143182795699,1.0028459771563922
162.35,8214144,176.06,161.71068817204298,1.0018232416210153,0.01887216992817753,636.8,115577960,694.47,636.3218279569893,1.0002539090877685,-0.15878040277388317,1574.74,2259919872,1673.27,1514.6759784946232,1.0045516326623491,0.037411502861265156,4538.43,4697.96,4497.368623655913,1.0018322963927142
168.97,5259241,176.06,162.4028817204301,1.0042804440214286,0.10641096493928881,661.28,86669488,694.47,638.106430107527,1.0028045590645027,-0.11788907382783242,1614.44,1766800000,1673.27,1523.7655913978492,1.0060010279639213,0.05233023953394911,4712.02,4697.96,4516.135720430108,1.0041729060578848
158.42,8694876,176.06,162.35036559139783,0.9996766305592861,-0.02194086361193026,629.05,140136672,694.47,637.740817204301,0.9994270346042989,-0.17974093935378843,1545.06,2143299968,1673.27,1527.846301075269,1.0026780429355122,0.032660105526718164,4620.64,4712.02,4527.849978494624,1.002593867587177
162.4,5385385,176.06,162.51599999999996,1.0010202281220542,-0.0867601421642823,644.4,70302088,694.47,638.3672903225807,1.000982331852344,-0.17340701635191458,1604.1,1289059968,1673.27,1535.3165376344082,1.0048893900871323,0.03823820713017256,4725.78,4712.02,4545.347935483872,1.0038645178334873
164.95,3066451,176.06,162.82038709677423,1.0018729669495574,-0.062428714981798805,654.41,73933456,694.47,639.6582795698924,1.002022329882628,-0.20013444495123267,1610.76,1123879936,1673.27,1542.7346881720432,1.0048316750036868,0.05205771904077694,4766.18,4725.78,4564.33047311828,1.0041762562302916
169.47,7647107,176.06,163.40520430107526,1.003591793477026,0.08746820553407042,662.3,94128072,694.47,641.5059139784946,1.0028884710283819,-0.0885118508279561,1569.02,2226520064,1673.27,1546.9344086021506,1.0027222570817302,0.028798994390634824,4677.02,4766.18,4576.407440860215,1.002645945076296
152.6,9603531,176.06,162.87430107526885,0.9967510017316938,0.11676839712351728,637.65,90631848,694.47,641.7632903225806,1.0004012065025087,-0.054632895626651745,1545.9,1967440000,1673.27,1549.2544946236558,1.0014997959891536,-0.005108498379041704,4662.85,4766.18,4586.646387096775,1.0022373327482037
140.19,7754290,176.06,161.53129032258065,0.9917543114916112,0.010739507323278108,575.86,135179136,694.47,637.9799139784946,0.9941047167995783,-0.15637802403497414,1414.67,1682109952,1673.27,1542.7678279569893,0.9958130399562002,-0.0339655792968907,4397.93,4766.18,4578.7261935483875,0.9982732059810261
130.98,11968368,176.06,159.62759139784944,0.9882146739437945,-0.09022397730625875,552.88,159394560,694.47,632.8599139784948,0.9919746689702642,-0.19119418533153854,1401.07,2257880064,1673.27,1535.4238924731183,0.9952397662494711,-0.054346516972467174,4431.85,4766.18,4572.742279569893,0.9986931050852252
132.2,14254958,176.06,157.86473118279568,0.9889564191276928,-0.15704357760766596,564.02,117700648,694.47,628.6562150537634,0.9933576154345047,-0.12551387282102588,1456.33,2030189952,1673.27,1531.7578924731185,0.9976123857275043,-0.04231413323382893,4500.54,4766.18,4571.018989247312,0.9996231385419903
134.0,9264461,176.06,156.2683440860215,0.9898876266737142,-0.09539146191626535,559.44,86386952,694.47,624.3009677419356,0.993072131941851,-0.059231064380850795,1423.52,1828649984,1673.27,1526.0142365591396,0.9962502847596199,-0.02960383447674908,4418.64,4766.18,4563.730129032258,0.9984054189597114
141.15,9658903,176.06,155.16711827956988,0.9929529821737573,-0.033681279653212215,573.68,93837584,694.47,620.96111827957,0.9946502574320113,-0.04418082664001388,1417.74,1549820032,1673.27,1519.9238064516128,0.9960089296930417,-0.025610830096857495,4348.87,4766.18,4551.743247311828,0.9973734464173997
136.0,6370997,176.06,153.7685591397849,0.9909867557296184,-0.10686619726322266,554.59,82680368,694.47,616.4940645161291,0.9928062262967169,-0.1340923544024223,1387.08,1654019968,1673.27,1511.981935483871,0.9947748229654467,-0.033465525154825704,4384.62,4766.18,4542.198150537634,0.9979029799671081
105.87,18797558,176.06,150.49247311827958,0.9786946951975587,-0.27992657161527656,478.87,115853000,694.47,607.3434193548386,0.9851569614567617,-0.23918833792052696,1350.6,2032390016,1673.27,1501.7975483870966,0.9932642137728219,-0.040475218660355305,4328.87,4766.18,4529.079161290323,0.997111753205712
106.15,19931442,176.06,147.3576344086022,0.9791694651252522,-0.32246130579677523,473.38,113065000,694.47,598.1630752688172,0.9848844265147825,-0.23053079446040714,1315.58,1975840000,1673.27,1489.5548602150538,0.9918479769891813,-0.030357499263042986,4204.31,4766.18,4508.155548387097,0.9953801618037373
118.7,12326337,176.06,145.15888172043012,0.9850788003146465,-0.2729876005287093,513.75,109882000,694.47,591.9247526881718,0.9895708664767682,-0.1390838534345833,1437.52,1846499968,1673.27,1485.4569462365591,0.9972489002668199,0.01300605773964536,4463.09,4766.18,4504.4944946236565,0.9991879042938635
118.24,12342564,176.06,143.0077634408602,0.9851809392985482,-0.2794979532732166,508.84,74833000,694.47,585.5444516129032,0.9892210943261065,-0.16885774840098655,1452.85,1489810048,1673.27,1482.2939139784942,0.9978706671599749,-0.005003382828258962,4543.04,4766.18,4505.945440860215,1.0003221107803084
119.07,9499064,176.06,140.99227956989247,0.9859064723307751,-0.18882528631087392,515.35,119149000,694.47,579.7915913978494,0.9901751947282442,-0.14228269894325063,1465.81,1485650048,1673.27,1479.9593333333332,0.9984250217698764,-0.0029132899299649795,4545.86,4766.18,4507.505913978494,1.0003463142505298
108.37,9021494,176.06,138.35283870967743,0.9812795362393824,-0.24650861362447385,483.89,93606000,694.47,572.1725376344085,0.9868589785079985,-0.2249275434522362,1417.79,1734560000,1673.27,1474.5286236559139,0.9963305007407279,-0.036807839350895044,4488.28,4766.18,4505.329118279569,0.99951707313524
107.51,7549313,176.06,135.73978494623657,0.981113117823884,-0.21604786823766797,483.97,12205266,694.47,564.7601075268816,0.9870451138075014,-0.21438974308428094,1406.28,1057670016,1673.27,1468.4501075268818,0.9958776547084172,-0.03403166532322055,4392.59,4766.18,4496.914903225807,0.9981323861514084
106.48,6461603,176.06,133.14397849462367,0.9808765981717075,-0.2759157763649287,481.16,19142372,694.47,557.377870967742,0.9869285445966308,-0.2756657969722248,1381.16,1287859968,1673.27,1460.8873118279569,0.994849810926391,-0.02193926441332328,4271.78,4766.18,4480.793376344086,0.9964149806637086
106.4,7313472,176.06,130.6388172043011,0.9811845693763482,-0.32664082200636335,474.64,88336000,694.47,549.8352903225807,0.9864677429118858,-0.24449648232575594,1272.15,1632809984,1673.27,1446.4918924731182,0.9901461124083375,-0.06397945438774721,4131.93,4766.18,4456.044322580645,0.9944766357908621
101.84,12437692,176.06,127.93903225806451,0.979333975888541,-0.46638623964716175,468.12,104237000,694.47,542.1393548387098,0.9860031983771798,-0.26322933743758903,1229.22,1777069952,1673.27,1429.6845591397846,0.9883806238937174,-0.0920287951559492,4123.34,4766.18,4431.225204301075,0.9944302353201917
98.13,12032111,176.06,125.13597849462366,0.9780907068470953,-0.5610625247510871,464.62,150196000,694.47,534.56711827957,0.9860326750095598,-0.2185551059842875,1187.3,2108349952,1673.27,1410.6504516129032,0.9866864984970294,-0.10990153136100589,4023.89,4766.18,4400.566344086023,0.9930811775972718
93.58,10749077,176.06,122.19122580645161,0.9764675777214739,-0.6626135113597578,451.57,103820000,694.47,526.5507526881721,0.985004005451743,-0.183433885051433,1098.91,2051049984,1673.27,1386.5924086021507,0.982945425648682,-0.13782137936175454,3901.36,4766.18,4362.964645161291,0.9914552591678875
104.35,10817905,176.06,120.10217204301075,0.9829034061189477,-0.6520534575001821,483.8,99962000,694.47,521.0194408602149,0.9894951971871306,-0.2039595611845859,1200.5,1755660032,1673.27,1370.0049462365591,0.9880372470938927,-0.14583986229502677,4158.24,4766.18,4343.319806451613,0.9954973646803522
106.28,8780326,176.06,118.28503225806453,0.9848700506074489,-0.5191160513451109,482.22,79553000,694.47,515.7638279569892,0.9899128276393131,-0.20313124222718937,1200.56,1249660032,1673.27,1354.2497849462366,0.9884999237896166,-0.15351238839286552,4108.54,4766.18,4321.430107526882,0.9949601457179793
101.32,6397987,176.06,116.29574193548387,0.9831822312205944,-0.4859528649086722,464.45,93455000,694.47,509.79309677419354,0.9884235170069089,-0.18497233946142266,1127.72,1849910016,1673.27,1334.7938279569892,0.9856334058860347,-0.13335352323676564,3900.86,4766.18,4287.408344086021,0.9921271980352978
86.84,13926430,176.06,113.52103225806451,0.9761409177048059,-0.5811979157028933,415.83,130682000,694.47,501.18025806451607,0.9831052268769884,-0.20680314989208248,1065.21,2729169920,1673.27,1312.346043010753,0.983182582601094,-0.14561659214938882,3674.84,4766.18,4240.486344086022,0.9890558593363931
97.09,9240379,176.06,111.59948387096773,0.9830731949060455,-0.4303934079980797,454.36,120662000,694.47,495.64621505376346,0.9889579788475223,-0.1825594304822442,1153.04,1700300032,1673.27,1296.8723655913977,0.9882091484164833,-0.13647447135469581,3911.74,4766.18,4211.0484731182805,0.993057902188791
