22.49,22701400,39.24,22.358129032258066,1.0027788173291718,0.3196978793010097,265.23,5728027,317.42,264.2946021505376,1.0005762613696214,0.020479887392188534,506.87,7141591,510.58,492.49668817204304,1.0034770348839248,0.04297150163829877,2169.04,2184.05,2112.360623655914,1.0032701628283982
22.78,23727600,39.24,22.42567741935483,1.0030212003428063,0.19661323595692415,263.84,6229821,317.42,264.28797849462364,0.9999749383609802,-0.09249877987007715,508.64,7141591,510.58,494.1663010752688,1.0033900997576708,0.007607899172806354,2179.98,2184.05,2119.459634408602,1.0033607001916187
21.59,24612700,39.24,22.406731182795703,0.9991551543257831,0.2025335905969421,252.74,6283210,317.42,263.5235913978495,0.9971077492774053,-0.14367308373531396,493.25,7141591,510.58,494.6863655913978,1.0010524078938556,0.000915957100407816,2127.81,2184.05,2122.5478279569893,1.0014570664608335
21.23,29110400,39.24,22.355311827956992,0.9977051826784001,0.1851950609528188,248.25,10568386,317.42,262.45290322580644,0.9959370310401295,-0.13756262161078003,490.79,7141591,510.58,494.91584946236566,1.0004638977075777,-0.015058890971050065,2139.16,2184.05,2125.802623655914,1.001533438095507
21.95,26486800,39.24,22.34275268817204,0.9994382033280679,0.09479415894714127,249.29,6101784,317.42,261.45840860215054,0.9962107692030358,-0.17017290141463326,499.77,7141591,510.58,495.62840860215056,1.0014397581741603,-0.012885457059834016,2164.69,2184.05,2130.228430107527,1.0020819460858514
22.8,29700300,39.24,22.380731182795696,1.0016998126933465,0.08909887603832234,258.16,5789226,317.42,261.0518064516129,0.9984448687165524,-0.09996427499580085,504.87,7141591,510.58,496.5737849462366,1.0019074296946624,-0.0014950837089868774,2168.27,2184.05,2134.419311827957,1.0019673391178139
23.52,43921800,39.24,22.462408602150543,1.0036494526781874,0.1424576261972602,260.05,6924988,317.42,260.77920430107525,0.998955754590466,-0.01568645367749477,497.63,7141591,510.58,496.9691827956989,1.0007962519598272,-0.003012087019665932,2153.74,2184.05,2137.3108817204293,1.0013547337566
19.82,83124704,39.24,22.300838709677418,0.992807098502444,-0.053747597915197565,245.09,9582995,317.42,259.5491397849462,0.9952831188383069,-0.09954989203326625,494.52,7141591,510.58,497.10141935483875,1.0002660860345425,-0.020094408827118437,2132.98,2184.05,2138.5801935483873,1.000593882639542
20.15,45902400,39.24,22.166451612903224,0.9939738994338416,0.006235290675398852,239.89,7012015,317.42,258.04632258064515,0.9942098933344714,-0.13806980217931486,492.59,7141591,510.58,497.0876774193548,0.9999723558715609,-0.025345210593143985,2141.16,2184.05,2140.1978924731184,1.0007564359426928
21.27,41381200,39.24,22.107268817204304,0.9973300735393991,-0.04542645465715689,244.35,6006793,317.42,256.90668817204306,0.9955836053108413,-0.07111796157315287,493.49,7141591,510.58,497.10481720430107,1.0000344804060226,-0.0071921005731796495,2126.41,2184.05,2140.637698924731,1.0002054980304202
17.68,62811400,39.24,21.81731182795699,0.9868840881411065,-0.20610934824516347,241.79,7857706,317.42,255.67666666666665,0.9952121857389999,-0.04156842163547314,487.91,7141591,510.58,496.7424946236559,0.9992711344406541,0.004047375984529866,2085.18,2184.05,2138.3021720430106,0.998908957418206
18.86,41078600,39.24,21.61077419354838,0.9905333142764202,-0.23203078643713948,268.46,10945962,317.42,256.23156989247315,1.0021703319002118,0.06824153570921065,526.73,7141591,510.58,498.8616989247312,1.0042662029603102,0.04116758679571597,2164.45,2184.05,2141.000021505376,1.0012616783061057
19.91,23372100,39.24,21.47982795698925,0.9939406966457397,-0.1724593201833824,267.88,7962955,317.42,256.75580645161284,1.0020459483558553,0.056980079966696406,528.21,7141591,526.73,500.99111827956995,1.0042685565146183,0.034467033335761954,2181.9,2184.05,2144.6436344086023,1.0017018275883363
20.53,14662500,39.24,21.39636559139785,0.9961143838880588,-0.2000859250529633,278.86,4592137,317.42,257.9916559139785,1.004813326247399,0.06162235430539997,540.24,7141591,528.21,503.8148172043011,1.0056362255171867,0.0361592393465624,2213.35,2184.05,2150.122043010753,1.0025544610369084
19.69,27790000,39.24,21.268580645161297,0.9940277265458612,-0.10333717853376512,288.71,8181398,317.42,259.8538494623656,1.0072180378926985,0.15099710036128633,540.16,7141591,540.24,506.52025806451604,1.005369911260704,0.0541090908379791,2191.95,2213.35,2153.9014193548387,1.0017577496851267
21.8,23610500,39.24,21.283139784946236,1.000684537441771,0.09961533474129391,295.04,33303328,317.42,262.0874623655914,1.0085956506237916,0.15373690606326784,550.37,7141591,540.24,509.7602795698925,1.0063966276842649,0.04895821952237145,2259.53,2213.35,2161.7508817204302,1.003644299732131
20.26,36192500,39.24,21.195956989247314,0.9959036685103865,0.06315627864789441,288.76,27912136,317.42,263.8496344086022,1.00672360298011,0.12202332871492805,541.54,7141591,550.37,512.2735698924732,1.0049303376965764,0.036004421848570445,2258.07,2259.53,2169.048258064516,1.0033756786712993
19.78,16488500,39.24,21.07830107526882,0.9944491341420355,0.05159583427368564,290.42,18242984,317.42,265.65948387096773,1.006859397271564,0.12418388846977835,545.02,7141591,550.37,514.8717204301076,1.005071802822425,0.047945492966794845,2263.79,2259.53,2176.272193548387,1.0033304632375109
18.54,15372600,39.24,20.883333333333336,0.9907503104145221,-0.06402001300518412,283.59,11064641,317.42,266.97877419354836,1.0049660953313506,0.08486368258577226,538.07,7141591,550.37,516.8899354838709,1.003919840561601,0.04426841315752572,2238.83,2263.79,2181.531548387097,1.0024166806221673
20.63,19665500,39.24,20.829376344086022,0.9974162654789793,0.03560892238613367,282.59,20208124,317.42,268.20217204301076,1.0045823787046662,0.08323286236421279,545.48,7141591,550.37,519.2707741935484,1.0046060844799556,0.03044794831111597,2276.98,2263.79,2188.9517634408603,1.0034013787512033
21.13,23558200,39.24,20.80920430107527,0.9990315579939828,0.01669031968699175,291.54,28034994,317.42,269.96180645161286,1.006560850701537,0.15247919341110328,546.27,7141591,550.37,521.5799354838709,1.004446930975287,0.02981510549462074,2274.64,2276.98,2195.831956989247,1.0031431453462325
21.29,14930000,39.24,20.800258064516132,0.9995700827177388,0.061600166674339984,305.02,28717324,317.42,272.52791397849467,1.0095054465689455,0.2186725353338299,547.0,7141591,550.37,523.8028602150538,1.0042619061431506,0.04245297353305166,2271.31,2276.98,2202.059849462366,1.002836233644062
22.6,22270600,39.24,20.87541935483871,1.0036134787409583,0.0920145680651433,308.2,27561448,317.42,275.1958064516129,1.0097894282980817,0.2378060283947967,554.79,7141591,550.37,526.3685161290322,1.004898132692374,0.04266758694309725,2294.69,2276.98,2209.2931182795696,1.0032847739442547
25.9,39886500,39.24,21.161075268817203,1.013683840747002,0.23295936339494816,302.19,23819444,317.42,277.38720430107526,1.007963049574477,0.21141094057525545,547.42,7141591,554.79,528.3178494623656,1.0037033623281062,0.020894477238113218,2297.42,2294.69,2216.2901720430104,1.0031671006918672
29.62,46037600,39.24,21.678516129032257,1.0244524842732141,0.23329969080286328,308.52,21031208,317.42,279.913935483871,1.0091090401562044,0.23539461126731775,556.14,7141591,554.79,530.7231827956989,1.0045528148174077,0.017826412057461605,2316.1,2297.42,2224.132129032258,1.0035383259323027
29.91,36817600,39.24,22.203784946236556,1.0242299248748326,0.3205856668519562,307.78,19787148,317.42,282.3033978494623,1.0085364180295662,0.3032514740108476,565.73,7141591,556.14,533.6492473118279,1.0055133534976093,0.03598364197258008,2351.16,2316.1,2233.9040645161294,1.0043935948572098
29.32,19860400,39.24,22.67778494623656,1.0213477117143646,0.24772601386747806,302.52,14520189,317.42,284.236623655914,1.0068480429962183,0.2563655211560518,565.07,7141591,565.73,536.4053333333334,1.0051646020965808,0.032415699970832934,2367.34,2351.16,2244.3410967741934,1.0046721040638442
28.09,17472400,39.24,23.0607311827957,1.0168864039176229,0.21667093462020603,307.06,22373812,317.42,286.36,1.0074704530217629,0.24555513598082757,568.13,7141591,565.73,539.2271397849462,1.0052605861207187,0.03142688371397706,2383.12,2367.34,2255.3795483870967,1.004918348475982
26.83,21899100,39.24,23.352752688172046,1.0126631503165089,0.24082319582702427,299.31,23285094,317.42,287.87913978494623,1.0053049999474306,0.23212787373822752,563.67,7141591,568.13,541.6272258064515,1.0044509740783123,0.025466635712517505,2372.6,2383.12,2265.3086451612903,1.0044024061410393
27.5,16021800,39.24,23.67948387096774,1.0139911207538792,0.2810769966698049,301.46,24086688,317.42,289.45660215053766,1.0054795994137327,0.19210970577154218,564.64,7141591,568.13,543.9680000000001,1.0043217439634118,0.0173274904363252,2378.25,2383.12,2275.196774193548,1.004365025072137
26.68,20612400,39.24,23.94384946236559,1.011164330812209,0.30083211586101766,295.28,22532702,317.42,290.5572688172043,1.0038025274203082,0.15704419344085052,554.62,7141591,568.13,545.5456129032259,1.002900194318831,0.013552422656308627,2343.98,2383.12,2282.4559139784947,1.0031905547103808
26.34,13660800,39.24,24.1772688172043,1.0097486143656889,0.25391999767293605,295.93,24236712,317.42,291.6352473118279,1.0037100379522832,0.171928065409358,559.63,7141591,568.13,547.3437634408602,1.0032960590189062,0.016421262285159388,2362.72,2383.12,2290.547870967742,1.0035452851201592
26.41,14767700,39.24,24.40754838709677,1.0095246312407549,0.3487828802392995,288.9,31061766,317.42,292.19066666666663,1.0019045000902955,0.14883562039014908,560.03,7141591,568.13,549.058064516129,1.0031320372858399,0.028362201119801034,2355.54,2383.12,2297.783612903226,1.0031589568710595
25.9,15910300,39.24,24.59455913978495,1.0076620047913964,0.2958819893492315,270.77,36004492,317.42,291.49864516129037,0.9976316098208375,0.08123584898591418,550.91,7141591,568.13,550.0403655913979,1.0017890659271793,0.033774642137667676,2328.95,2383.12,2302.8141290322583,1.002189290628057
26.0,32273900,39.24,24.777978494623657,1.007457720782724,0.25421143430247495,260.57,48638000,317.42,290.10012903225805,0.9952023237423333,0.07027783700390389,562.08,7141591,568.13,551.6140215053763,1.0028609825976798,0.039676727935847644,2348.69,2383.12,2308.710043010752,1.0025603082351122
27.33,23274800,39.24,25.038494623655914,1.0105140186915889,0.26522796415395744,258.1,31062932,317.42,288.518,0.9945462656720082,0.0268578703415715,569.18,7141591,568.13,553.5117419354839,1.003440304916341,0.027793019237426275,2384.2,2383.12,2316.501225806451,1.0033746909098809
27.3,14410400,39.24,25.28733333333333,1.0099382456260895,0.22235259478287028,259.63,31946926,317.42,287.0347096774193,0.9948589331598698,-0.031153600251494273,574.28,7141591,569.18,555.6001935483871,1.0037730936033993,0.04001912643147665,2399.29,2384.2,2324.8015913978493,1.0035831475066492
27.7,10714400,39.24,25.553849462365594,1.0105395110476496,0.4702712621004709,253.57,24192606,317.42,285.16135483870966,0.9934734205461946,0.030029056003208154,567.56,7141591,574.28,557.0902580645161,1.0026819006426413,0.026778751234070253,2390.9,2399.29,2332.032602150538,1.003110377582089
27.58,12729800,39.24,25.795677419354835,1.0094634648820873,0.45447066626986554,245.51,36353076,317.42,282.7497634408602,0.9915430637534547,0.01201093558348254,566.2,7141591,574.28,558.335505376344,1.002235270306385,0.03707963593623442,2381.73,2399.29,2338.1173333333336,1.0026091964482762
27.42,11855800,39.24,26.011204301075267,1.0083551549438559,0.3877278685804366,245.02,25085744,317.42,280.2944731182796,0.9913163841670405,-0.051589582314313986,575.69,7141591,574.28,560.0347096774194,1.0030433391477227,0.03046609172044934,2415.82,2399.29,2345.884064516129,1.0033217884629095
28.16,20282700,39.24,26.261247311827955,1.0096128963449167,0.700895671184932,247.08,25545830,317.42,277.97064516129035,0.9917093336478003,-0.061086896065256635,582.73,7141591,575.69,562.0113333333333,1.0035294663379926,0.024622356858434724,2439.07,2415.82,2354.528408602151,1.0036848982508457
27.36,10860800,39.24,26.437139784946233,1.006697795844566,0.5735848564947833,245.87,37434916,317.42,275.5573763440861,0.9913182601860568,-0.17893989281796918,579.87,7141591,582.73,563.5995268817205,1.0028259101804364,-0.02261821422204302,2431.77,2439.07,2361.9407311827954,1.0031481134623663
26.43,12545600,39.24,26.53475268817204,1.0036922641412742,0.44688413221386936,249.44,30927284,317.42,273.4230107526881,0.9922543695991183,-0.17489739865430465,589.36,7141591,582.73,565.6856989247312,1.0037015148940118,0.0006164179068384179,2433.15,2439.07,2368.867204301075,1.0029325346850728
25.54,15002800,39.24,26.560924731182794,1.0009863307684952,0.3543664555934405,241.65,29234372,317.42,270.82572043010754,0.9905008348952391,-0.2275262503711315,583.04,7141591,589.36,567.232623655914,1.002734601094076,-0.022409222262798734,2438.3,2439.07,2375.585612903226,1.0028361271539208
22.65,65898600,39.24,26.38987096774193,0.9935599469833201,0.2262576113048883,246.33,26546544,317.42,268.61038709677416,0.9918200777613916,-0.237316405687365,582.92,7141591,589.36,568.6797634408603,1.00255122805811,-0.026433744491503708,2423.41,2439.07,2380.8596129032258,1.0022200841642388
23.13,16597700,39.24,26.243419354838714,0.9944504611984563,0.12031138161535448,247.26,20006352,317.42,266.5461935483871,0.9923152876897372,-0.19761125016834935,586.76,7141591,589.36,570.282688172043,1.0028186772841785,-0.007192550212812732,2425.18,2439.07,2385.7500430107525,1.002054060676666
24.39,19612400,39.24,26.17539784946237,0.9974080547791193,0.20435376523788695,236.1,64512624,317.42,263.864752688172,0.9899400519492756,-0.236526021062742,593.52,7141591,589.36,572.2434838709677,1.003438287255764,0.006882882017671621,2459.27,2439.07,2392.4835913978495,1.0028224031292898
25.21,19223400,39.24,26.151397849462356,0.9990831084922551,0.2558136742448036,230.46,44603952,317.42,260.932688172043,0.9888880023335515,-0.27235335058026244,587.51,7141591,593.52,573.704752688172,1.0025535787796473,-0.014252175076027829,2472.54,2459.27,2399.640580645161,1.0029914475790114
24.95,18609700,39.24,26.09894623655914,0.9979943093977176,0.36872540041719837,233.79,32433874,317.42,258.34440860215057,0.9900806618441539,-0.23474456491918372,583.81,7141591,593.52,574.8359354838709,1.001971715922517,-0.019185288095414865,2472.1,2472.54,2406.320258064516,1.0027836157936447
25.13,17890300,39.24,26.044322580645158,0.9979070551194337,0.28801171571599216,233.88,33405314,317.42,255.86903225806446,0.990418308809237,-0.2073654900147638,588.4,7141591,593.52,576.1648817204301,1.0023118704912568,-0.009086770421752766,2476.83,2472.54,2412.803440860215,1.0026942310666966
23.99,14084600,39.24,25.906473118279575,0.9947071204505804,0.21172652468908315,226.29,23098460,317.42,253.00873118279569,0.9888212299471085,-0.2621920250679568,578.9,7141591,593.52,576.7886236559139,1.0010825754142134,-0.013545162852729442,2441.32,2476.83,2416.5658709677423,1.0015593603870965
24.29,12737900,39.24,25.781827956989243,0.9951886479984656,0.2147934976348983,219.17,25774640,317.42,249.8293978494624,0.9874338987493825,-0.3141855571871115,572.31,7141591,593.52,576.9170322580646,1.0002226267940877,-0.02163738066839116,2425.55,2476.83,2418.9524301075267,1.00098758290368
25.25,12377400,39.24,25.712666666666664,0.9973174403910399,0.1829246812452766,220.83,29471836,317.42,246.9417849462365,0.9884416608770524,-0.34984171579597556,574.27,7141591,593.52,577.1174623655913,1.000347415826401,-0.02954122847576124,2443.05,2476.83,2422.136322580645,1.001316227815599
25.51,10892700,39.24,25.654580645161285,0.9977409569276344,0.04449621395858705,226.22,22267036,317.42,244.58980645161293,0.990475575062618,-0.31200577225013515,582.9,7141591,593.52,577.8327741935484,1.001239456219233,-0.013156947396284702,2476.55,2476.83,2427.162451612903,1.002075080987557
24.42,16454900,39.24,25.527010752688174,0.9950274029329272,-0.07278392100211162,227.75,22278106,317.42,242.49991397849465,0.9914555209661539,-0.32020451752765167,579.53,7141591,593.52,578.2543655913978,1.0007296079708143,-0.02068996722300165,2461.43,2476.83,2430.827870967742,1.001510166471306
25.34,20635000,39.24,25.46997849462366,0.9977658074179913,-0.08606159001539304,234.41,24515968,317.42,241.0133978494624,0.9938700344068407,-0.2929628425772268,591.55,7141591,593.52,579.4011397849463,1.0019831656478297,-0.01776259951905934,2500.23,2476.83,2436.6839784946233,1.0024091000423447
26.21,16760500,39.24,25.47890322580645,1.0003504019912963,0.015073989120597653,239.88,28319536,317.42,240.03756989247313,0.9959511464271428,-0.21024234769434647,603.11,7141591,593.52,581.238193548387,1.0031706077832754,0.010343753799213262,2502.22,2500.23,2442.347892473119,1.002324435186706
24.88,21218300,39.24,25.408709677419356,0.9972450325759705,0.04611157540686028,247.02,33762924,317.42,239.65709677419355,0.998414943467183,-0.20963353350964153,604.38,7141591,603.11,583.075376344086,1.0031608087976518,0.006637065523948271,2519.36,2502.22,2448.827548387097,1.0026530437919787
27.1,22099500,39.24,25.488645161290325,1.0031459875328501,0.1388394651724869,248.23,31255952,317.42,239.4838064516129,0.9992769238845286,-0.22807823090920476,612.37,7141591,604.38,585.3500860215054,1.0039012274736792,0.011910166226900776,2549.33,2519.36,2456.94776344086,1.0033159603497237
27.16,25869300,39.24,25.571870967741933,1.0032652110743807,0.10070186704873252,249.56,40817356,317.42,239.50617204301074,1.0000933908297567,-0.23044785851712135,612.01,7141591,612.37,587.4968387096775,1.003667467963938,0.010344283539516441,2553.17,2549.33,2464.9356559139783,1.003251144607947
27.17,15148200,39.24,25.656473118279568,1.0033084067506972,0.110905271897767,263.62,42174668,317.42,240.54724731182796,1.0043467575801357,-0.149460711124194,619.96,7141591,612.37,590.054623655914,1.0043536999311422,0.019161940069460703,2575.21,2553.17,2473.969311827957,1.0036648647977098
24.61,32793500,39.24,25.57486021505376,0.996819013164843,0.06784204921586878,255.69,34300248,317.42,241.1447956989247,1.0024841206614272,-0.1533774171920672,612.26,7141591,619.96,591.9751182795699,1.0032547742982787,0.001629604643625715,2581.07,2575.21,2482.8837634408605,1.0036032991881847
25.34,16168200,39.24,25.544064516129037,0.998795860518268,0.0649085878938308,256.94,39959312,317.42,241.9095268817204,1.0031712531078236,-0.13783220976274702,607.57,7141591,619.96,593.4798494623655,1.002541882481765,-0.013730266228202392,2587.84,2581.07,2491.7654193548387,1.0035771533266098
24.24,17646400,39.24,25.444602150537637,0.9961062435647782,0.05865377382533532,256.23,32022988,317.42,242.6971827956989,1.003255993776399,-0.10625323450808577,600.98,7141591,619.96,594.4571827956989,1.0016467843587593,-0.017896939291912606,2582.3,2587.84,2499.7900860215054,1.0032204743690296
23.85,15702400,39.24,25.323548387096775,0.9952424579985699,0.026247461886225176,254.68,29184334,317.42,243.41610752688175,1.0029622294041545,-0.05905635637789419,594.59,7141591,619.96,594.9145806451612,1.000769437837913,-0.04015631074510351,2578.85,2587.84,2507.0473333333334,1.002903142688824
23.99,8906600,39.24,25.216150537634412,0.9957589731178003,0.00986751645003181,257.64,16837372,317.42,244.33866666666668,1.0037900496773127,-0.06289706274052931,601.75,7141591,619.96,595.764,1.0014278005321666,-0.03430488520183639,2602.42,2587.84,2515.3302580645163,1.0033038565411407
24.5,17262500,39.24,25.148838709677417,0.9973306065151961,0.02185641485776091,273.82,33948008,317.42,246.30608602150542,1.008052018052152,0.0015099184006306388,619.37,7141591,619.96,597.6801505376343,1.0032162912455842,-0.02273508006711622,2642.22,2602.42,2525.7116344086025,1.0041272418644835
24.47,15273600,39.24,25.085612903225805,0.9974859353474925,0.00785798884000355,277.9,34932264,317.42,248.50621505376344,1.0089324996706168,0.03954408719017177,627.82,7141591,619.96,600.044494623656,1.0039558685090928,-0.00282281555141628,2651.5,2642.22,2536.1692903225808,1.0041404789729398
25.3,18194500,39.24,25.082881720430105,0.9998911255305487,-0.03551388115422627,280.49,34086060,317.42,250.8211182795699,1.0093152729613046,0.09028013701699256,629.88,7141591,627.82,602.4121505376344,1.0039458005784445,-0.011004181435261717,2675.81,2651.5,2547.6349032258067,1.004520838946744
26.83,14989700,39.24,25.183763440860215,1.004021935021443,0.10601390296775226,285.14,24055432,317.42,253.36079569892473,1.0101254528995602,0.14269284106949476,636.69,7141591,629.88,605.0822150537634,1.0044322886146073,-0.0047769223180049725,2683.34,2675.81,2558.9538924731182,1.0044429400904265
27.25,8977300,39.24,25.31301075268817,1.0051321682770518,0.07037692309181776,288.89,14488870,317.42,256.05612903225807,1.010638320446926,0.14309272535764128,637.81,7141591,636.69,607.6933548387098,1.0043153471048796,-0.0016389833472019166,2673.61,2683.34,2569.0698279569892,1.0039531526979153
29.61,18893100,39.24,25.59647311827957,1.011198287250808,0.17408207569351164,291.64,22324738,317.42,258.83896774193545,1.0108680808391304,0.1767646658354145,655.66,7141591,637.81,611.3376559139786,1.005996940802876,0.0026550598551795535,2743.15,2683.34,2583.167827956989,1.0054875892615232
30.84,15207200,39.24,25.954451612903227,1.013985461706754,0.22426883026646482,293.79,34769364,317.42,261.6620860215054,1.010906851870869,0.21630387210564628,676.88,7141591,655.66,616.1880000000001,1.0079339854810188,0.003383654989809859,2786.24,2743.15,2599.3761935483876,1.0062746080281657
30.22,16053100,39.24,26.26294623655914,1.0118860004540626,0.31490177105213035,287.24,40478352,317.42,263.9672473118279,1.0088096878129034,0.2204941643789925,670.9,7141591,676.88,620.4643225806452,1.0069399640704544,-0.0018723920293568508,2810.3,2786.24,2616.3774838709674,1.0065405270559824
30.84,12648657,39.24,26.60137634408602,1.0128862201703694,0.49226330585808864,316.88,49213580,317.42,268.08662365591397,1.015605634358189,0.2861531731831015,678.74,7141591,676.88,625.057505376344,1.0074028153248116,-0.02108660272450713,2872.87,2810.3,2636.615548387097,1.0077351470270977
29.11,20727572,39.24,26.81058064516129,1.0078644164260238,0.39676677968814744,293.31,39491780,317.42,270.53363440860215,1.0091276868622467,0.19557793828523906,656.51,7141591,678.74,628.010430107527,1.0047242448987235,-0.020065006854474765,2762.13,2872.87,2648.7425161290316,1.0045994448259068
24.66,42155216,39.24,26.71982795698925,0.9966150420472739,0.14907687962168037,290.2,51543000,317.42,272.6809677419355,1.0079373987564522,0.29313577094369747,620.86,7141591,678.74,628.5133548387096,1.0008008222587903,-0.019109652150641088,2619.55,2872.87,2650.9461505376344,1.0008319549352889
25.36,24899792,39.24,26.67365591397849,0.9982719932521615,0.17721334894961116,294.81,40712920,317.42,275.009376344086,1.008538947992711,0.33400911197653893,649.44,7141591,678.74,630.8013548387097,1.0036403363307806,0.00038537052452025655,2732.22,2872.87,2660.074129032258,1.0034432908012003
25.13,12215187,39.24,26.612322580645156,0.9977006026646241,0.17763208342638204,296.62,19878684,317.42,277.3161720430108,1.0083880619984338,0.3285528803777493,651.61,7141591,678.74,633.0961720430107,1.0036379395616355,0.004811316116884123,2747.3,2872.87,2669.616559139785,1.0035872797691539
23.91,16809370,39.24,26.471892473118277,0.9947231171912438,0.054401848817856036,290.25,33686952,317.42,279.0768817204301,1.0063491056596088,0.32465685762132035,629.89,7141591,678.74,633.8438924731183,1.001181053468851,-0.016057077565921007,2691.25,2872.87,2674.9510322580645,1.0019982169724024
25.19,13793400,39.24,26.416666666666664,0.9979137945461325,0.17601470319128065,311.04,36893152,317.42,282.05765591397846,1.0106808352421481,0.4057519930905161,657.58,7141591,678.74,636.2888387096775,1.0038573318534625,-0.005506457733105874,2786.57,2872.87,2685.9740645161287,1.0041208351574045
24.56,20937744,39.24,26.318215053763442,0.9962731250636004,0.16604578798357994,313.73,34050812,317.42,285.02972043010755,1.010537081528592,0.4517972486050238,644.55,7141591,678.74,637.723935483871,1.0022554171735962,-0.008366856878104567,2752.01,2872.87,2694.024946236559,1.0029973788007818
22.75,19250352,39.24,26.102408602150536,0.9918001106392644,0.08718403259630869,292.86,29950832,317.42,286.45197849462363,1.0049898588202308,0.40479236974098176,612.52,7141591,678.74,636.9372258064515,0.9987663789397797,0.007168302587406972,2588.26,2872.87,2690.809247311828,0.9988063588909141
23.04,11267736,39.24,25.91068817204301,0.9926550674679221,0.08473035227522652,300.36,28184600,317.42,288.20320430107523,1.0061135057109911,0.3808353362492053,624.95,7141591,678.74,636.8701935483871,0.9998947584544465,0.005788937045406506,2640.87,2872.87,2690.6754623655916,0.999950280776547
22.54,19286456,39.24,25.692021505376346,0.9915607541870463,0.03695096680954346,300.13,32726112,317.42,289.7801505376344,1.0054716471330827,0.38423971623291475,612.2,7141591,678.74,635.8901505376346,0.9984611573587828,-0.001739292591671937,2604.47,2872.87,2687.839913978495,0.9989461574140928
23.23,11934133,39.24,25.521913978494624,0.9933789746032197,-0.00670476607840631,290.54,52954356,317.42,290.5827311827957,1.0027696191187432,0.3173273090587452,622.18,7141591,678.74,635.4837204301076,0.999360848556652,-0.010643033079989817,2656.3,2872.87,2688.040623655914,1.0000746732260262
23.26,12429064,39.24,25.358279569892474,0.9935884742523609,-0.049135029700128396,296.14,39733424,317.42,291.6258924731183,1.0035898942999004,0.2953978079790329,635.52,7141591,678.74,635.872064516129,1.0006110999755564,-0.013370283676961137,2670.14,2872.87,2688.798602150537,1.0002819817855255
22.44,25101820,39.24,25.148086021505385,0.9917110485430309,-0.10160824104035948,290.79,31687362,317.42,292.20290322580644,1.00197859918334,0.21675036312361418,615.51,7141591,678.74,634.8997419354839,0.9984708833192965,-0.04134167356841978,2669.91,2872.87,2689.180623655914,1.0001420788842539
17.22,67741968,39.24,24.60636559139785,0.9784587809328995,-0.3596499195027246,292.9,39975880,317.42,292.82191397849465,1.0021184277974469,0.21507246829583626,607.15,7141591,678.74,633.3641290322581,0.9975813300875749,-0.05327719329481051,2663.42,2872.87,2688.8201720430106,0.9998659622898765
18.22,28480428,39.24,24.150408602150534,0.9814699579442682,-0.3753686850383563,301.26,30658436,317.42,293.88421505376346,1.003627805927622,0.25301185102469925,627.76,7141591,678.74,633.1694193548386,0.999692578615532,-0.04263111846725698,2727.72,2872.87,2692.3627526881723,1.0013175223400939
18.08,17029544,39.24,23.70464516129032,0.9815421988007059,-0.3765759869421198,310.17,32570096,317.42,295.41017204301073,1.0051923747893983,0.24551302145419973,631.92,7141591,678.74,633.2092258064515,1.0000628685631303,-0.034203099256502334,2712.97,2872.87,2694.5783440860214,1.0008229171182959
18.43,17660440,39.24,23.30101075268817,0.9829723496869178,-0.3685847342240206,307.2,27305022,317.42,296.6444086021506,1.0041780435338568,0.23611109119323326,635.28,7141591,678.74,633.4400860215054,1.000364587573341,-0.016743398074531957,2721.33,2872.87,2697.037032258064,1.0009124574824253
17.75,17309200,39.24,22.86679569892473,0.9813649691692732,-0.4146162656263639,309.69,24105344,317.42,297.9285161290323,1.0043287771137595,0.23931074943720743,630.67,7141591,678.74,633.3240215053763,0.9998167711221781,-0.018698806684614322,2734.62,2872.87,2700.0515053763443,1.00111769808209
17.94,16341162,39.24,22.461161290322586,0.9822609860190766,-0.4163957073146717,310.93,28449856,317.42,299.17918279569886,1.0041978749900022,0.2668639318345587,640.62,7141591,678.74,633.8002150537634,1.0007518956051205,-0.010225088254339765,2779.03,2872.87,2705.615483870967,1.0020606934658631
17.53,25462472,39.24,22.042623655913978,0.9813661622834731,-0.3766098124187244,312.8,28341960,317.42,300.4328602150537,1.0041903898781988,0.28485735944791235,631.75,7141591,678.74,633.6189032258064,0.9997139290526407,-0.015371195390144532,2779.66,2872.87,2710.797032258065,1.0019151089347273
17.04,16116363,39.24,21.606064516129035,0.9801947741521315,-0.4342950501363432,304.21,29147468,317.42,301.0073548387097,1.0019122229946642,0.2170302725403579,610.32,7141591,678.74,631.9750967741935,0.9974056859048173,-0.0443421386505527,2754.88,2872.87,2713.948021505376,1.0011623847930387
17.01,14681671,39.24,21.182516129032255,0.980396782265433,-0.45592777845553245,294.72,31103826,317.42,300.86944086021504,0.9995418252202888,0.09760823574018918,602.1,7141591,678.74,629.7825376344086,0.9965306241480457,-0.056703633191410474,2718.37,2872.87,2714.415655913979,1.0001723077984168
17.23,8781379,39.24,20.789268817204306,0.9814352879784204,-0.4745573625887267,292.79,27620568,317.42,300.56206451612906,0.9989783730005707,0.048148035830319236,606.4,7141591,678.74,627.9045376344086,0.9970180183035017,-0.0749704070440661,2759.82,2872.87,2717.393720430108,1.0010971291407196
17.38,13911603,39.24,20.4212688172043,0.9822985597408089,-0.3984288316347103,311.2,65546396,317.42,301.4104086021506,1.0028225254820073,0.12060293447682013,619.95,7141591,678.74,626.9467956989248,0.9984747013628982,-0.06266659344610781,2801.31,2872.87,2722.815612903226,1.00199525465609
19.03,37391736,39.24,20.176752688172044,0.988026398789371,-0.42000942394266705,327.38,33801744,317.42,303.23658064516127,1.0060587557393252,0.15191302885995717,625.4,7141591,678.74,626.3620215053764,0.9990672666364034,-0.06188998868376083,2801.83,2872.87,2728.0011612903227,1.0019044801868047
21.42,19191804,39.24,20.103204301075273,0.9963547956287393,-0.31589878794706705,326.85,28574644,327.38,304.93772043010756,1.005609942511972,0.14915677902819868,638.34,7141591,678.74,626.6363655913977,1.0004379960415895,-0.053481365789437296,2818.82,2872.87,2734.0280215053763,1.002209258669158
21.23,21868476,39.24,20.02993548387097,0.9963553662338105,-0.3969444617614446,327.03,34744896,327.38,306.56883870967744,1.0053490210304885,0.08663608830090941,636.98,7141591,678.74,626.8218279569893,1.000295964894116,-0.06392409282210743,2840.35,2872.87,2741.1316344086026,1.0025982224203083
20.81,10700230,39.24,19.94759139784946,0.995888949013949,-0.4131946220356476,334.58,27792734,327.38,308.61094623655913,1.006661171224958,0.08687714140907632,630.79,7141591,678.74,626.6481075268817,0.9997228551681524,-0.08497480084376918,2833.28,2872.87,2747.570086021505,1.002348829779673
20.88,10525572,39.24,19.891333333333332,0.9971797063919109,-0.44575997397522316,342.54,26573954,334.58,311.07888172043016,1.0079969149311356,0.11910811320208703,639.72,7141591,678.74,627.1496344086021,1.0008003325561767,-0.06064774859056443,2850.13,2872.87,2754.9944731182795,1.0027021647726282
22.23,15955750,39.24,19.94225806451613,1.002560146689486,-0.38483450316486334,346.32,27583290,342.54,313.6717634408603,1.008335126145787,0.05457568014759007,642.92,7141591,678.74,627.9246666666666,1.0012358011797222,-0.05340777101291749,2874.69,2872.87,2763.9177204301077,1.0032389347415744
22.38,15056723,39.24,20.021376344086022,1.0039673681542949,-0.30589193403207704,339.53,22097588,346.32,315.7632688172043,1.0066678152773492,0.08398541356298939,645.72,7141591,678.74,628.957376344086,1.0016446394483938,-0.0669000708376204,2901.52,2874.69,2774.5680215053767,1.0038533350673013
21.92,7886047,39.24,20.085290322580647,1.0031922869535144,-0.22606036135128493,334.31,22865464,346.32,317.41860215053754,1.0052423239078245,0.04613901586120539,649.72,7141591,678.74,630.2713548387096,1.002089137585541,-0.049765446389414825,2871.68,2901.52,2782.9933978494623,1.0030366443636565
22.69,13088162,39.24,20.20477419354839,1.0059488246895496,-0.2751709444280632,339.67,22298812,346.32,319.32488172043014,1.0060055697964057,0.06358894359468348,661.9,7141591,678.74,632.3090752688173,1.0032330843127548,-0.04404487292571613,2904.98,2901.52,2793.0249462365587,1.0036045893586554
22.88,17295162,39.24,20.342258064516127,1.0068045240026309,-0.2630383562875326,346.7,32441098,346.32,321.5882365591398,1.0070879376092314,0.08447720899231048,670.54,7141591,678.74,634.8774193548387,1.0040618491596527,-0.037330418702851365,2929.67,2904.98,2804.277870967742,1.0040289381397562
22.01,14914450,39.24,20.428451612903224,1.0042371671873265,-0.13287724538833168,342.35,25106330,346.7,323.46324731182796,1.0058304705817291,0.08416156257488239,659.07,7141591,678.74,636.6650537634408,1.0028157158438848,-0.03643524997991188,2913.98,2929.67,2814.126344086021,1.0035119462376532
21.84,11956117,39.24,20.50776344086022,1.0038824199435115,-0.21084322070097516,333.5,29850484,346.7,324.65524731182796,1.0036851172734653,0.04457551067186927,664.07,7141591,678.74,638.7125161290321,1.0032159176218145,-0.0256580266252997,2885.57,2929.67,2821.662924731183,1.0026781244776022
21.61,23543720,39.24,20.579440860215055,1.0034951358572832,-0.26083481466675984,304.89,57352676,346.7,323.95313978494625,0.9978373750842001,-0.013345820084744275,621.5,7141591,678.74,637.9995698924731,0.9988837760047669,-0.04125554999350123,2767.13,2929.67,2821.3453118279567,0.9998874376877399
21.88,17857736,39.24,20.674881720430108,1.0046376799478338,-0.2244652082666665,291.74,43368332,346.7,322.4216559139785,0.9952725141914525,-0.06104550057982161,615.16,7141591,678.74,636.9271612903226,0.9983191076408856,-0.06504927458872212,2767.78,2929.67,2821.0371182795698,0.9998907636200735
19.84,20574152,39.24,20.640580645161293,0.9983409300361357,-0.34072915722358177,279.53,38479348,346.7,320.10483870967744,0.9928143250870246,-0.083461021815044,581.0,7141591,678.74,633.6452043010753,0.9948472020213449,-0.07707340235107585,2658.69,2929.67,2813.304795698925,0.9972590496840537
21.16,30063828,39.24,20.69832258064516,1.002797495694357,-0.1992087863591826,296.07,35783304,346.7,318.8999139784946,0.9962358434316714,-0.04806082572344539,595.95,7141591,678.74,631.4222795698925,0.9964918463580344,-0.07207686948460901,2723.06,2929.67,2809.6870537634413,0.9987140597275438
20.77,32511068,39.24,20.733870967741936,1.0017174525596588,-0.18508602795175955,299.05,43131624,346.7,317.89597849462365,0.996851879101044,-0.05616937026091251,608.2,7141591,678.74,630.024623655914,0.9977864957268683,-0.06941814516830758,2781.01,2929.67,2809.5529892473123,0.9999522848938107
20.15,23546856,39.24,20.734709677419357,1.0000404511863088,-0.1652556655960452,311.11,36865652,346.7,317.6518064516129,0.9992319121362686,-0.05537292960364093,603.75,7141591,678.74,628.369935483871,0.9973736134907853,-0.07475705055701953,2736.27,2929.67,2806.2642795698926,0.9988294544754962
20.5,19017480,39.24,20.764817204301075,1.0014520351309526,-0.06969896064198244,299.46,24449328,346.7,316.6238279569892,0.9967638197745294,-0.032802273363231826,584.29,7141591,678.74,625.5280860215054,0.9954774261117739,-0.036732929766597144,2632.56,2929.67,2796.142387096774,0.996393107895501
21.48,23480312,39.24,20.86232258064516,1.0046957011653292,0.2757232110941986,313.53,30490202,346.7,316.4849462365592,0.9995613668076527,-0.011005700800381657,607.87,7141591,678.74,624.2746666666666,0.9979962220996169,-0.035139607865807276,2760.17,2929.67,2794.333720430108,0.9993531564504681
20.29,19984832,39.24,20.873892473118286,1.0005545831452083,0.13487994542695858,290.74,26578458,346.7,314.8313763440861,0.9947752020684196,-0.11244855497571105,569.63,7141591,678.74,620.5526021505377,0.9940377774161445,-0.05790343920405172,2633.08,2929.67,2784.117634408602,0.9963439993058762
19.74,22911124,39.24,20.84552688172043,0.9986410971775205,0.10539379742123156,282.95,28439664,346.7,312.6978494623656,0.9932232711158092,-0.18076922164129838,561.11,7141591,678.74,616.405870967742,0.9933176798092134,-0.0703961823697482,2599.95,2929.67,2771.9676559139784,0.9956359679833698
16.98,32572862,39.24,20.635526881720427,0.9899258962754185,0.027682857860617527,266.51,44798444,346.7,309.56221505376334,0.9899723186008683,-0.13578914988450064,523.96,7141591,678.74,610.0146451612903,0.9896314650663246,-0.06325883514609754,2416.62,2929.67,2748.2329892473126,0.9914376105305457
16.76,13931602,39.24,20.41445161290322,0.9892866671113185,0.07180290602764883,274.93,17848382,346.7,307.057311827957,0.9919082397528028,-0.09773812178660568,536.75,7141591,678.74,604.6879784946236,0.9912679692054633,-0.057910171930319,2485.74,2929.67,2729.6129677419353,0.9932247296432909
18.96,28229118,39.24,20.337440860215054,0.9962276354933046,0.18142626467704037,275.33,25824244,346.7,304.6529677419354,0.992169722089638,-0.08145914779948504,548.85,7141591,678.74,600.3439354838711,0.9928160585868316,-0.05433953144363646,2531.94,2929.67,2714.508817204301,0.9944665596492498
19.68,18549600,39.24,20.30468817204301,0.9983895373858903,0.23266603120882456,287.06,29773914,346.7,303.08195698924726,0.994843277699435,-0.09982746409600629,571.3,7141591,678.74,597.6456344086021,0.9955054079573666,-0.029707292451812584,2596.26,2929.67,2704.085720430108,0.996160227328004
20.34,33692512,39.24,20.309892473118275,1.0002563103176552,0.20522309112406423,305.7,35812792,346.7,302.7688817204301,0.9989670276913638,-0.009116783101859927,590.15,7141591,678.74,596.2934623655913,0.997737502015975,-0.002495182047929312,2670.71,2929.67,2698.860258064516,0.9980675677822962
18.54,70637024,39.24,20.191870967741938,0.9941889645387071,0.09551543206602953,300.24,26915708,346.7,302.10034408602144,0.9977919209179958,0.0002551493708788932,589.72,7141591,678.74,594.9569247311829,0.9977585908302498,-0.0008399913946253168,2664.76,2929.67,2693.4319354838713,0.9979886611155859
18.5,22958896,39.24,20.067978494623656,0.9938642400540193,0.05823215377063096,301.2,36336676,346.7,301.48187096774194,0.9979527559951955,-0.0010660610312709373,604.94,7141591,678.74,594.6289462365592,0.9994487357302851,0.01690157859708241,2706.53,2929.67,2690.8137419354844,0.9990279340220578
17.1,35416992,39.24,19.851032258064514,0.9891894324773537,-0.07942072519500654,303.95,29500960,346.7,301.0227311827957,0.9984770567348796,-0.07621268190575592,614.16,7141591,678.74,594.8989462365591,1.0004540646763143,0.02401279019312763,2707.88,2929.67,2688.397247311828,0.9991019465279234
17.55,28659276,39.24,19.663720430107524,0.9905641265642046,-0.1944171589361292,318.9,29910302,346.7,301.5436989247312,1.0017306591428776,-0.10683007032146097,635.82,7141591,678.74,596.578817204301,1.0028237921387642,0.02602307532248449,2775.6,2929.67,2690.5507096774195,1.0008010208936737
18.28,20294008,39.24,19.52668817204301,0.9930312140801848,-0.252401337103345,317.24,19029888,346.7,301.975806451613,1.0014329847661305,-0.11385052790559846,639.89,7141591,678.74,598.4988602150538,1.0032184230404804,0.011705104555878032,2792.67,2929.67,2693.861870967742,1.001230663030588
18.7,22464070,39.24,19.423505376344085,0.9947158066544712,-0.20603150614302146,311.82,26756004,346.7,302.07890322580647,1.000341407397516,-0.08324754259128475,640.88,7141591,678.74,600.479440860215,1.0033092471461844,0.01902950128328662,2803.69,2929.67,2697.9402365591395,1.001513947554383
18.49,22660016,39.24,19.312215053763445,0.9942703276043994,-0.1657227812622254,303.69,25943432,346.7,301.69019354838713,0.9987132180590288,-0.1533934078911282,622.52,7141591,678.74,601.2671182795699,1.001311747523323,0.01872887893860964,2743.07,2929.67,2698.18647311828,1.0000912683519834
18.99,24100550,39.24,19.238172043010753,0.996166001126926,-0.1632093154758788,307.39,27297288,346.7,301.60662365591395,0.9997229943357115,-0.15617179770231993,624.31,7141591,678.74,602.1880645161291,1.0015316757037942,-0.014387351920423508,2822.48,2929.67,2703.749935483871,1.0020619265647572
18.72,20514304,39.24,19.150774193548383,0.9954570606153758,-0.2700061234528246,301.16,25444064,346.7,301.19670967741934,0.9986408986197788,-0.20524601871062742,614.81,7141591,678.74,602.5292473118279,1.000566571833291,-0.017987442776506213,2800.71,2929.67,2707.9683440860217,1.0015602066399665
19.11,18083564,39.24,19.09608602150537,0.9971443362294233,-0.33319179882379757,312.2,26481480,346.7,301.59617204301077,1.001326250761568,-0.15676724917403428,632.36,7141591,678.74,604.0631397849462,1.002545756044145,0.0024426204705395582,2834.4,2929.67,2714.519397849463,1.002419176641318
20.11,27177448,39.24,19.112946236559136,1.000882914699629,-0.23718281550071507,325.15,24776820,346.7,302.88989247311827,1.0042895784165424,-0.12730258429252017,649.13,7141591,678.74,606.7076989247311,1.0043779515179925,-0.008241769686706424,2892.74,2929.67,2724.9786666666664,1.0038530831002679
20.71,20226416,39.24,19.172408602150533,1.003111104110033,-0.21391287662105107,326.56,30313664,346.7,304.29427956989247,1.004636625822365,-0.1400898352062525,651.03,7141591,678.74,609.4761075268818,1.004563002261315,-0.017258914876573273,2907.41,2929.67,2736.3390967741934,1.0041689978150998
20.04,22271066,39.24,19.192903225806454,1.0010689644729156,-0.2801077393137792,331.61,18538364,346.7,306.05266666666665,1.0057785742777012,-0.11387177174701524,659.7,7141591,678.74,612.8272473118279,1.0054983940199793,-0.0077555715315730245,2905.03,2929.67,2747.540752688172,1.0040936651189114
20.68,19454912,39.24,19.26079569892473,1.003537373805282,-0.2748847197638763,326.55,25430852,346.7,307.51705376344086,1.0047847552276652,-0.14993640058801183,652.91,7141591,678.74,615.7636344086022,1.0047915413514246,-0.01823469069655037,2939.88,2929.67,2761.043784946237,1.0049145885260677
22.41,27728392,39.24,19.443161290322575,1.0094682272865823,-0.16146488943262116,324.27,32451028,346.7,308.86832258064516,1.0043941264416631,-0.1734362841497511,660.25,7141591,678.74,619.1868172043011,1.0055592480692475,-0.02656978312242797,2945.64,2939.88,2774.8627311827954,1.0050049717834617
22.48,16907504,39.24,19.628817204301075,1.0095486485559788,-0.14718043687567106,306.53,33463412,346.7,309.09492473118274,1.0007336529322408,-0.166200952106899,641.72,7141591,678.74,621.4227311827956,1.0036110490668873,-0.008761302414923788,2881.4,2945.64,2784.407978494624,1.0034398989198863
21.96,17958012,39.24,19.779053763440857,1.0076538773363717,-0.1390535771904391,301.29,29508782,346.7,308.979935483871,0.9996279807977703,-0.11779645016937823,629.36,7141591,678.74,622.8177419354839,1.002244865986851,-0.010065885549862319,2859.53,2945.64,2792.2965161290326,1.002833111273684
22.25,16454398,39.24,19.947827956989247,1.0085329761254984,-0.015469579757045437,292.51,30565964,346.7,308.27795698924723,0.9977280774121322,-0.1191019837989502,620.08,7141591,678.74,623.5835053763441,1.0012295144940484,0.004311283735045857,2826.06,2945.64,2797.828387096774,1.001981118744298
21.9,11747734,39.24,20.088838709677418,1.0070689777850608,-0.07832624778280306,289.23,38441076,346.7,307.3364516129032,0.9969459205402192,-0.16321002991483047,604.8,7141591,678.74,623.2794193548388,0.9995123571760901,0.004200455414798743,2752.06,2945.64,2798.2261290322585,1.0001421609478691
23.54,19332584,39.24,20.334064516129033,1.0122070673171109,0.011738687429068584,303.32,38920176,346.7,307.31868817204304,0.9999422019719205,-0.11454561312334133,635.64,7141591,678.74,624.9459784946237,1.0026738555582502,0.011916569630974871,2873.34,2945.64,2806.386021505376,1.0029160947317504
22.98,16462812,39.24,20.537204301075267,1.0099901219839793,-0.0026252815052727474,299.12,30072758,346.7,307.02077419354845,0.9990306024659072,-0.16427254341712605,632.91,7141591,678.74,626.3773978494623,1.0022904689430705,-0.006780492290509255,2886.98,2945.64,2815.2273548387097,1.0031504337840849
24.33,21366414,39.24,20.821354838709677,1.0138358918511383,0.09611426325743633,305.24,37975132,346.7,307.14348387096777,1.0003996787440252,-0.13323179296105647,649.74,995770112,678.74,628.8319139784946,1.0039185898748253,-0.008740688518163564,2950.46,2945.64,2827.840064516129,1.0044801744540246
25.82,19352380,39.24,21.193397849462364,1.0178683382342157,0.15679991137586802,306.65,38096216,346.7,307.34473118279567,1.0006552224689633,-0.11304861428741597,651.69,867564928,678.74,631.2714838709678,1.0038795262108096,0.006298355913441744,2941.76,2950.46,2839.2078279569896,1.0040199456763852
26.1,13637746,39.24,21.574172043010755,1.0179666420766054,0.28658036866428427,304.71,20134168,346.7,307.4356129032258,1.0002956996206844,-0.06658376014789802,652.39,533879712,678.74,633.6619784946237,1.0037867932969144,0.009579299589514312,2990.41,2950.46,2853.323784946237,1.0049717941921161
26.0,10134807,39.24,21.936,1.0167713484562881,0.3187376677425646,298.03,59622928,346.7,307.0654838709677,0.9987960762620738,-0.07969731391426005,660.45,786600320,678.74,636.3944946236559,1.0043122614607929,0.017877335417286755,3013.77,2990.41,2868.1783870967743,1.0052060695771394
25.18,10195462,39.24,22.231462365591398,1.0134692909186451,0.44832154876305386,292.66,38189596,346.7,306.3164731182796,0.9975607458603103,-0.08421263380790411,652.22,910865856,678.74,638.3824086021505,1.003123713349642,0.013065203921908797,2976.61,3013.77,2879.745634408602,1.004032959513211
25.74,11169913,39.24,22.54541935483871,1.014122192417411,0.5123721184460934,311.49,39216020,346.7,306.72606451612904,1.001337151063669,-0.05968840288547694,661.19,946825600,678.74,640.6732043010752,1.0035884380084044,0.014552369060583104,3025.86,3013.77,2893.2860215053765,1.0047019385792229
23.76,15571432,39.24,22.71232258064516,1.0074029772158852,0.2504225884742004,292.18,44766120,346.7,305.81122580645155,0.9970174079887189,-0.16522074960096478,638.4,1103761792,678.74,641.226064516129,1.0008629363790185,0.005134261466970935,2932.05,3025.86,2899.612602150538,1.002186641969766
25.22,18073282,39.24,22.96309677419355,1.0110413275726406,0.2596255754422385,288.7,47663848,346.7,304.6356344086022,0.9961558265405424,-0.19466993456485726,634.46,1035479104,678.74,641.3321505376344,1.0001654424662003,-0.013619899636454269,2918.65,3025.86,2904.214215053764,1.0015869750668807
24.84,12476249,39.24,23.177440860215054,1.0093342848366336,0.3053855520738079,287.83,40780600,346.7,303.4003870967742,0.9959451647400803,-0.23743818337611344,624.22,1470532864,678.74,640.6417634408601,0.9989235108575244,-0.023883915937055633,2888.68,3025.86,2906.1889677419354,1.0006799610985773
24.31,15384582,39.24,23.34791397849462,1.0073551311944966,0.3800557785699662,283.51,27867518,346.7,301.92486021505374,0.9951367007279072,-0.21391885016845102,614.12,1053415488,678.74,639.2264946236558,0.9977908577024341,-0.02705460951076666,2847.11,3025.86,2905.0130322580644,0.9995953685404069
25.84,29082824,39.24,23.604688172043016,1.010997735976966,0.5301928895832646,292.76,28853352,346.7,301.08208602150535,0.9972086624700327,-0.1739845684382907,636.24,840556480,678.74,639.1858494623657,0.9999364150866212,-0.02951836059285795,2926.46,3025.86,2908.564301075269,1.0012224622670434
25.99,11878522,39.24,23.85535483870968,1.010619359376395,0.6666739383760102,299.3,26825778,346.7,300.6793978494623,0.9986625302841357,-0.16163889518388597,647.68,760340800,678.74,639.8159569892474,1.000985797053254,-0.04543689885173241,2978.71,3025.86,2915.0135698924737,1.0022173375416938
27.09,13206730,39.24,24.15787096774194,1.0126812672072005,0.7055338867567718,320.27,41658200,346.7,301.6396129032258,1.0031934846904416,-0.09326833339452145,666.21,952235648,678.74,641.5694623655913,1.0027406402687975,-0.03571332554712514,3007.39,3025.86,2922.730731182796,1.0026473843449746
26.72,16873342,39.24,24.416,1.0106850902797992,0.6440727620372084,308.66,37595516,346.7,301.8478494623655,1.0006903488475385,-0.14525898643472046,656.39,922648256,678.74,642.6240645161291,1.0016437848314184,-0.045615521951755555,2992.07,3025.86,2928.961032258065,1.0021316712514081
26.11,16953960,39.24,24.616623655913973,1.0082168928536195,0.6027162947116604,309.24,40859964,346.7,302.1119569892473,1.0008749690526277,-0.1423253867109473,653.53,775377984,678.74,643.4586666666668,1.0012987408916378,-0.0366514872034831,2961.79,3025.86,2932.808967741935,1.0013137544137634
24.49,20114312,39.24,24.696795698924735,1.0032568253116834,0.5001053574265715,304.15,39376816,346.7,302.0532258064516,0.9998055979532192,-0.13155561544652383,637.93,940280000,678.74,643.2596129032258,0.9996906502721113,-0.05141590578329769,2952.01,3025.86,2935.6859354838707,1.0009809598148327
26.45,12752078,39.24,24.890516129032257,1.0078439499791447,0.5652082004342552,329.13,62952176,346.7,303.6051182795699,1.0051378112879772,-0.031624125375420364,647.76,845080000,678.74,643.6616129032258,1.0006249420792728,-0.014800284924266993,2970.27,3025.86,2939.291634408602,1.001228230472868
27.01,13700647,39.24,25.104322580645153,1.00858987618033,0.6666533641862931,330.41,42624244,346.7,305.1928387096774,1.0052295575222994,-0.01477688025458912,648.41,858659968,678.74,644.0551182795699,1.0006113544266984,-0.011578604228726253,2986.2,3025.86,2943.607247311829,1.0014682493062976
27.64,11068657,39.24,25.340946236559144,1.0094256140612383,0.727820114291259,342.5,42740712,346.7,307.4976559139785,1.0075520029042806,0.00822271998340729,662.43,966659968,678.74,645.2808817204302,1.0019031964905964,-0.018828864573313675,3022.55,3025.86,2949.86911827957,1.0021272780101556
28.54,12839624,39.24,25.617290322580647,1.010905042118073,0.7026791807937588,347.17,39689548,346.7,310.0386021505376,1.0082633027852086,-0.0031477243748245787,675.93,1121619968,678.74,647.3129462365591,1.003149116258816,-0.018923322694676115,3066.91,3025.86,2958.588301075269,1.002955786323423
28.97,19486490,39.24,25.90324731182796,1.011162655598873,0.650239266552301,351.84,50029428,347.17,312.83348387096777,1.009014624956518,0.048973675574128794,688.42,1051950016,678.74,650.0931827956988,1.0042950424138801,-0.00642889297951954,3093.08,3066.91,2968.621311827956,1.0033911479840032
30.86,17393628,39.24,26.29337634408602,1.0150610086666592,0.8017184223540471,347.29,29284514,351.84,315.2804516129032,1.007821949593301,-0.03572290766367736,692.36,713430016,688.42,653.0472043010751,1.0045439970508114,-0.02465023002282507,3120.46,3093.08,2980.0214838709676,1.003840224415822
30.55,17308744,38.88,26.640236559139783,1.01319192371929,0.7156572876730132,342.29,27907790,351.84,317.3711182795699,1.0066311331894233,-0.0074070289871073225,686.73,766339968,692.36,655.5677634408603,1.0038596890441982,-0.006166081274619373,3110.29,3120.46,2990.30223655914,1.0034498921379646
30.96,10274058,38.12,26.992322580645162,1.0132163248897497,0.5885867946199714,341.21,19811572,351.84,319.35825806451606,1.0062612495923329,-0.007589782645663012,688.72,584179968,692.36,658.1439784946235,1.0039297463930221,-0.023194930124516455,3140.98,3120.46,3002.1965161290314,1.0039776178556379
31.02,11850978,37.27,27.329892473118274,1.0125061447181714,0.5754250563199188,345.6,31483540,351.84,321.59219354838706,1.0069950766183717,0.06280708463303197,681.2,873089984,692.36,660.1738064516128,1.0030841700650852,-0.030276966227982705,3145.91,3140.98,3013.9887741935486,1.0039278768065862
31.65,10992852,37.27,27.68974193548387,1.0131668817475057,0.6119160133881699,354.72,32788992,351.84,324.33049462365597,1.0085148244584392,0.15383817780021003,686.22,833310016,692.36,662.4426021505375,1.0034366642189567,-0.01780838915683125,3168.8,3145.91,3026.6889677419354,1.0042137494529273
31.39,22231668,37.27,28.011978494623655,1.011637398423235,0.5829486610853397,358.27,33800592,354.72,327.1829247311829,1.0087948255091979,0.1768833114933983,687.99,1088809984,692.36,664.7033118279571,1.0034126876352465,-0.030309053196693636,3221.22,3168.8,3042.106,1.0050936955935603
31.14,12273815,37.27,28.298430107526887,1.0102260400120688,0.5291380737298798,357.8,13872038,358.27,329.8636129032257,1.0081932398343993,0.17474436561399687,691.34,421320000,692.36,667.0341075268818,1.0035065203639726,-0.034218556464119754,3240.02,3221.22,3057.8861290322575,1.0051872383908573
31.49,7807783,37.27,28.58759139784946,1.0102182802799955,0.47370112756865934,356.01,22198060,358.27,332.2813548387097,1.0073295199619163,0.13872954867909293,699.23,682449984,692.36,669.6878279569893,1.0039783879117463,-0.025774349672720964,3234.85,3240.02,3072.2833333333333,1.004708221200386
28.85,15572976,37.27,28.68933333333333,1.0035589544452326,0.3660660269845014,354.88,34353128,358.27,334.5128817204301,1.0067157751984115,0.15390540634299787,697.97,960569984,699.23,672.1235053763439,1.0036370340294,-0.028265805585142134,3265.35,3240.02,3087.870838709677,1.005073589797928
29.32,18239340,37.27,28.808774193548384,1.004163249763503,0.2587952996569842,359.46,45585824,358.27,336.91997849462365,1.0071958268447352,0.1290199020803804,711.83,911800000,699.23,675.3134623655914,1.00474608753262,-0.03294747345924187,3329.62,3265.35,3106.7910967741936,1.0061272828601933
29.11,25206908,37.27,28.903935483870963,1.0033032051167208,0.1500248947765025,348.45,27788318,359.46,338.50015053763434,1.0046900514777157,0.047417016922280286,704.53,876280000,711.83,677.8989247311828,1.0038285366865554,-0.039156049067878396,3295.47,3329.62,3122.692731182796,1.005118346845114
29.95,28008528,37.27,29.04621505376344,1.0049224981827085,0.1492918334840071,336.16,37548916,359.46,339.19752688172036,1.0020601950781363,0.05969365852880126,684.12,1355299968,711.83,679.0539784946236,1.001703873131085,-0.029984774416813798,3225.52,3329.62,3133.320795698925,1.0034034935330007
31.3,12132708,35.56,29.267311827956988,1.0076118962069345,0.1491914529256131,347.85,32630124,359.46,340.5814623655914,1.0040800282260125,0.1037309030300404,705.2,954499968,711.83,681.5007956989248,1.0036032734978233,-0.036411700637023925,3327.71,3329.62,3150.0361505376345,1.0053347090606408
33.36,17813468,35.51,29.60991397849462,1.0117059657734049,0.22891116445717508,357.75,29236476,359.46,342.49696774193546,1.005624220892821,0.08167825136024298,712.8,818700032,711.83,684.3416989247311,1.0041685985456448,-0.04269091991510976,3380.16,3329.62,3169.4602365591404,1.0061663057480121
33.47,13464997,33.36,29.942021505376346,1.0112160922562266,0.15783187888193795,360.58,22485328,359.46,344.4550752688172,1.0057171528839846,0.025223253930805045,704.12,679600000,712.8,686.4923225806451,1.003142616706381,-0.03814644161655956,3337.75,3380.16,3185.2803440860216,1.0049914200987282
29.35,43939032,33.47,29.991698924731185,1.001659120421977,0.07152762490081899,315.87,58295204,360.58,343.4230967741936,0.9970040258695034,0.10821111099233871,618.39,1807500032,712.8,683.0196559139786,0.9949414340809928,-0.038905247560246936,2954.22,3380.16,3175.6858494623652,0.9969878649326832
25.95,27413810,33.47,29.809999999999995,0.9939416928268321,-0.14027116659136984,314.51,67200552,360.58,342.2524301075269,0.9965911824869589,0.08797327022380164,608.4,2061100032,712.8,678.9455053763442,0.9940350903486334,-0.05948006919504578,2972.37,3380.16,3167.2146451612903,0.9973324803829355
20.52,27425156,33.47,29.27640860215054,0.9821002550201458,-0.36006832879163786,288.65,84655920,360.58,339.3578709677419,0.9915426191747548,0.08980724592254918,528.6,2494099968,712.8,669.779010752688,0.9864989243598055,-0.09168103321394083,2711.02,3380.16,3141.766623655914,0.9919651730758904
13.25,29602702,33.47,28.283075268817207,0.9660705195493013,-0.6327550760185746,238.1,82877816,360.58,333.20025806451616,0.9818551050969698,0.1346310968243276,431.44,2866599936,712.8,654.5497634408603,0.9772622804427488,-0.10703107998126093,2304.92,3380.16,3090.5006666666673,0.9836824426730999
16.68,6398040,33.47,27.534817204301074,0.9735439637520215,-0.5431504510719966,267.71,61188084,360.58,329.0506236559139,0.9875461248658494,0.11493824939908748,498.02,2781710080,712.8,644.0088602150538,0.9838959483074371,-0.08569021691880274,2541.47,3380.16,3055.6620000000003,0.9887271771067945
8.06,50147064,33.47,26.250129032258062,0.9533431377985565,-0.9762851401943358,258.76,49234436,360.58,324.377440860215,0.9857979822564154,0.12478893605597019,475.7,2357570048,712.8,632.3252043010754,0.9818579267526274,-0.10101147845896175,2488.65,3380.16,3018.2435268817203,0.9877543808450411
10.79,26150204,33.47,25.180129032258073,0.9592382956028485,-0.7879392471498701,298.1,42942992,360.58,322.3295053763441,0.9936865662469005,0.00403399702110363,534.19,2517040128,712.8,624.7849462365592,0.9880753479171361,-0.12582062035442088,2789.82,3380.16,3001.3092688172046,0.9943893665591619
9.47,13482251,33.47,24.060021505376348,0.9555162117935629,-0.8747240271680274,303.52,47250176,360.58,320.6789247311828,0.9948792132968587,0.10034761961005978,533.43,2711889920,712.8,617.4795698924733,0.9883073745805009,-0.14805384203328398,2874.56,3380.16,2990.31,0.9963351764739862
8.04,9919818,33.47,22.884752688172046,0.9511526281494935,-0.9712961634388626,300.02,34880320,360.58,318.8135913978494,0.9941831745416476,0.1269977317112766,520.2,2235790080,712.8,609.5850752688171,0.9872149703268226,-0.16179402862446735,2836.74,3380.16,2977.123440860215,0.9955902367514455
8.55,13096583,33.47,21.781247311827954,0.951779886312058,-0.9196233646739087,303.1,39807784,360.58,317.16679569892466,0.9948346126283252,0.16175339261360477,526.21,3115699968,712.8,602.3650537634409,0.9881558427227038,-0.13403828592961087,2830.71,3380.16,2963.816774193548,0.9955303611250926
9.12,8495766,33.47,20.74879569892473,0.9525990592677139,-0.8962195241416034,325.77,37676872,360.58,316.98483870967743,0.999426305049221,0.13773489271292638,533.16,2498510080,712.8,595.8336774193548,0.9891571127785725,-0.1632923528185063,2929.8,3380.16,2957.1638709677422,0.9977552919992444
8.34,8031627,33.47,19.703290322580646,0.9496112742390024,-1.0657448940280343,317.87,42475552,360.58,316.30043010752684,0.9978408790624291,0.1857942185514937,501.72,2518190080,712.8,587.5203655913978,0.9860475965978237,-0.1852082825446295,2863.7,3380.16,2946.333483870968,0.9963375762827679
12.84,10560736,33.47,18.988258064516135,0.9637100074983385,-0.9669017706388272,329.05,34340664,360.58,316.3642795698925,1.00020186334348,0.13196084108483008,537.84,2431330048,712.8,581.8528387096776,0.9903534801282756,-0.16588045180502486,2955.45,3380.16,2941.685892473118,0.998422584740223
14.47,12506145,33.47,18.410215053763437,0.9695578705119401,-0.8191707998755159,350.75,44498840,360.58,317.85705376344083,1.0047185295241858,0.1267971892482772,570.15,2422180096,712.8,578.5377634408602,0.9943025537588354,-0.14912651459083826,3044.31,3380.16,2942.9155053763443,1.0004179959887534
18.69,10415783,33.47,18.13468817204301,0.9850340215518502,-0.6825839088522031,369.4,41456772,360.58,320.54535483870967,1.0084575787871914,0.0678877319874025,630.14,3675379968,712.8,579.3204946236558,1.0013529474344773,-0.11726266273072117,3193.93,3380.16,2953.846623655914,1.0037143840044336
16.48,11327077,33.47,17.73868817204301,0.9781633962358125,-0.7837799829690119,345.87,36016600,369.4,321.67782795698923,1.0035329575087726,0.07276643310955577,579.51,3538040064,712.8,576.9621075268817,0.9959290459794519,-0.13762839045655828,3041.31,3380.16,2954.71440860215,1.000293781315281
15.4,10015956,33.47,17.30393548387097,0.9754912717357966,-0.7353605887707351,354.05,73050360,369.4,323.3410967741936,1.0051706044764352,0.10701839655199474,582.81,2780940032,712.8,575.059311827957,0.9967020439053078,-0.1472908550652764,3097.74,3380.16,2959.393053763441,1.001583450890438
13.67,17006788,33.47,16.79015053763441,0.9703082026215679,-0.7929964659332249,344.79,40132912,369.4,324.38165591397853,1.0032181468738928,0.1320371799095672,559.4,2816969984,712.8,571.8696774193548,0.994453381863406,-0.1457657998326688,3009.05,3380.16,2958.376752688172,0.9996565846250208
13.07,5236006,33.47,16.27483870967742,0.9693086832782148,-0.7558510599146469,369.3,33719812,369.4,326.99580645161285,1.0080588729047228,0.13830177683623723,582.8,1929970048,712.8,570.4678279569893,0.9975486557204928,-0.13939678741744188,3130.01,3380.16,2965.448043010753,1.002390260238543
14.51,6070002,33.47,15.891032258064518,0.9764171886149211,-0.7215022581042819,359.11,41958696,369.4,328.90156989247316,1.005828097496236,0.07447944993573785,574.69,1990889984,712.8,568.7543655913979,0.9969963908889872,-0.16765302067046084,3185.04,3380.16,2976.103849462366,1.0035933209070136
16.25,5777096,33.47,15.656344086021504,0.985231407989628,-0.6894838196525662,375.35,55026820,369.4,331.84563440860217,1.0089512023828024,0.1338934851288165,608.04,2037389952,712.8,569.4323655913978,1.0011920787619712,-0.11729773368315433,3224.73,3380.16,2989.2853763440853,1.004429121948853
16.35,4349172,33.47,15.460666666666667,0.9875017169857973,-0.6515317560937175,385.69,37077784,375.35,335.420064516129,1.0107713639623346,0.1747659390156514,606.87,1732659968,712.8,570.2068172043012,1.0013600414372286,-0.1146552756038084,3215.63,3380.16,3001.8722580645153,1.0042106658066297
16.29,3202691,33.47,15.292924731182795,0.9891504073465652,-0.6841478051637457,391.52,34112140,385.69,339.3106451612903,1.0115991291420618,0.15931102519351514,605.88,1985549952,712.8,571.0990537634409,1.001564759543764,-0.14471626366523893,3271.12,3380.16,3018.0915913978497,1.0054030724624479
19.95,6559579,33.47,15.394,1.0066092830896571,-0.5137930494869698,401.52,39654892,391.52,343.77002150537635,1.0131424592999911,0.18759651678472655,634.74,1906200064,712.8,574.0539784946236,1.0051741019560623,-0.11690699504109292,3351.28,3380.16,3039.4045376344084,1.00706172943767
22.1,6815988,33.47,15.652924731182795,1.0168198474199555,-0.45972837117317467,399.74,39351880,401.52,348.0142580645161,1.0123461508963294,0.20762066991411,654.39,1943239936,712.8,578.412623655914,1.0075927444536146,-0.09367688757010972,3372.85,3380.16,3061.9243010752693,1.0074092682175135
22.29,4115034,33.47,15.939634408602153,1.0183166840921551,-0.46249169851611105,398.42,27318676,401.52,352.0867096774194,1.0117019677169328,0.24781075359419746,644.59,1304429952,712.8,582.2625376344087,1.0066559992314152,-0.11593550572058098,3397.16,3380.16,3085.9194838709677,1.0078366348858696
22.97,2770332,33.47,16.284881720430107,1.0216596756850103,-0.41381118559395824,407.61,26439792,401.52,356.6446021505376,1.012945369273649,0.28286202048578624,664.07,1757319936,712.8,587.498129032258,1.0089918053445792,-0.11688740086647198,3508.01,3397.16,3116.8475913978496,1.0100223313305912
21.46,3356280,33.47,16.547720430107525,1.0161400441335522,-0.39070451123064687,390.39,38742544,407.61,359.93787096774196,1.0092340352197853,0.21649055688685415,655.8,1831480064,712.8,592.2432903225806,1.0080768960032926,-0.09987636465462568,3426.96,3508.01,3141.9391612903223,1.0080503037625974
19.06,3113924,33.47,16.676881720430107,1.0078053826729862,-0.48223749895369794,375.64,31822384,407.61,362.18804301075266,1.0062515567949568,0.20144513066380199,653.85,1403970048,712.8,596.9688817204301,1.0079791387679133,-0.07110789448016075,3340.97,3508.01,3161.2695483870975,1.0061523747292538
21.02,5348256,33.47,16.963247311827956,1.0171714110706342,-0.48146187213053226,377.26,44017472,407.61,364.50425806451614,1.0063950621740838,0.1988520823749791,663.78,2192270080,712.8,602.4618924731183,1.0092015026593306,-0.05181462747396259,3319.47,3508.01,3179.29711827957,1.0057026361139214
18.3,4112733,33.47,17.100903225806455,1.0081149506016172,-0.5246283872150312,376.41,29178524,407.61,366.72976344086027,1.0061055675677464,0.245855241476445,646.54,1711869952,712.8,606.9293978494625,1.0074154157004105,-0.07100340096550406,3298.46,3508.01,3196.0085161290317,1.0052563183709313
19.52,3481330,33.47,17.341032258064516,1.0140418917695346,-0.3791836950026849,383.87,28566382,407.61,369.3063655913979,1.0070258877445957,0.2736527636299336,655.83,1715660032,712.8,611.9357204301075,1.0082486078255295,-0.0485633537941641,3348.44,3508.01,3215.2041290322577,1.0060061206991011
22.67,3608802,33.47,17.798215053763435,1.026364220358699,-0.01657240909310853,404.47,30215014,407.61,373.06283870967746,1.0101716988069351,0.35140309126186287,682.05,1819730048,712.8,618.5316559139784,1.0107788044784096,0.007704064893217399,3477.13,3508.01,3241.893569892472,1.0083010097614697
23.17,2697550,33.47,18.283032258064516,1.0272396531245735,0.609838576778305,400.84,32592472,407.61,376.3360430107527,1.0087738685321657,0.35178846527267127,689.55,1491609984,712.8,625.2814623655914,1.0109126289448178,0.08678558875624609,3483.81,3508.01,3267.366430107527,1.0078574017517483
23.89,3421036,33.47,18.792967741935488,1.0278911876691594,0.23973226376425671,391.01,27731472,407.61,378.62507526881717,1.0060824157041983,0.32158523531519645,685.74,1641760000,712.8,631.2303870967742,1.0095139950394123,0.013395015640706331,3465.39,3508.01,3289.1156559139777,1.006656500356385
21.74,2472357,33.47,19.148688172043013,1.018928379753122,1.6043646396033782,376.14,25462188,407.61,379.6895913978495,1.0028115309802885,0.2911181087694339,641.01,1986370048,712.8,633.8898064516129,1.004213072452152,0.033559604244219,3269.96,3508.01,3296.2695698924726,1.0021750265806653
25.35,3446012,33.47,19.707892473118278,1.0292032694903717,1.191816873713531,413.69,30779416,407.61,382.92425806451615,1.008519239768354,0.3866673512746259,687.16,1595160064,712.8,639.1711397849461,1.0083316268530915,0.028413829177349692,3509.44,3508.01,3317.1935698924735,1.0063477818049582
28.36,5341014,33.47,20.429978494623658,1.0366394337948774,1.8427215473143448,421.44,34457896,413.69,386.41034408602155,1.0091038526499359,0.30553629448425457,723.41,2453100032,712.8,646.4622150537634,1.0114070783472333,0.1089483767717232,3585.15,3509.44,3341.454516129033,1.007313696269267
28.07,3629256,33.47,21.0927311827957,1.0324402048855044,2.339127730635517,426.53,32275592,421.44,389.9712258064517,1.0092152857058025,0.30742379023766286,730.99,1907570048,723.41,653.8337634408603,1.0114029067986343,0.151115046050188,3557.54,3585.15,3362.4060215053764,1.0062701752411147
28.75,2190735,33.47,21.756279569892474,1.0314586281570781,2.193737552250482,435.97,21452984,426.53,393.86907526881726,1.0099952232483433,0.3212397955477453,748.75,1529660032,730.99,661.897806451613,1.012333475971499,0.13759742653986717,3638.35,3585.15,3387.0209677419343,1.0073206347119072
30.9,4461642,33.47,22.515096774193548,1.0348780774701556,2.2086574640736205,431.44,29047988,435.97,397.18892473118285,1.0084288147275837,0.20809988268163293,751.94,2127640064,748.75,669.6890752688173,1.0117711053598633,0.14776138564918928,3699.12,3638.35,3413.8196989247317,1.0079121834314075
30.29,3925698,33.47,23.18772043010753,1.029874339988844,2.5596851222725525,437.19,25156792,435.97,400.65249462365597,1.0087202076312105,0.20640356735669108,748.01,1932969984,751.94,676.7563010752688,1.0105529955130514,0.21161627008294492,3663.46,3699.12,3436.663333333334,1.0066915175443498
28.79,6245736,33.47,23.71636559139785,1.0227984964233015,1.2703889329604905,444.63,31283428,437.19,404.33946236559143,1.0092024080503947,0.24179988962084553,748.53,1696969984,751.94,683.3274193548388,1.0097097260404218,0.13662524193782333,3709.41,3699.12,3460.7515698924735,1.0070091929941172
29.16,3310565,33.47,24.23458064516129,1.0218505256113695,1.0190282230091614,448.73,13621422,444.63,408.0423870967742,1.009157960268134,0.23430762627510715,744.1,1005379968,751.94,689.1596344086021,1.0085350227263963,0.08870785738352338,3703.06,3709.41,3482.808709677419,1.0063735114582728
29.8,6371909,33.47,24.76249462365591,1.0217834996290733,0.663785640217293,443.46,16700691,448.73,411.19460215053766,1.0077252147165188,0.2070693785784664,749.54,854480000,751.94,694.9687311827958,1.008429246990327,0.013479097537566265,3756.07,3709.41,3506.869182795699,1.0069083533216812
29.57,4146884,33.47,25.25167741935484,1.0197549884667763,0.8078235879339017,453.39,30362682,448.73,414.8281935483871,1.0088366709554208,0.3005411446166164,757.79,1587760000,751.94,701.0533118279569,1.0087551862006878,0.05006270757670239,3824.68,3756.07,3534.1472043010754,1.0077784542517865
30.29,3483854,33.47,25.75916129032258,1.0200970360321,0.9375928298314198,449.07,26666096,453.39,417.95184946236554,1.0075299990756632,0.2312887963808119,751.1,1361280000,757.79,706.32288172043,1.0075166464569334,0.07230485001562559,3768.25,3824.68,3556.099913978494,1.0062116002555588
28.13,3133895,33.47,26.095268817204303,1.0130480772682608,1.007240367391824,442.55,27920122,453.39,420.45051612903234,1.0059783601146424,0.18861965106738987,748.41,1025350016,757.79,711.0569892473118,1.0067024694362876,0.061241065022909824,3841.47,3824.68,3581.3345376344087,1.0070961514767123
25.2,3763456,33.47,26.211247311827957,1.0044444261308851,0.8982642408868877,411.64,29382296,453.39,420.7447526881721,1.000699812576873,0.07952434223346305,717.01,2413400064,757.79,713.358817204301,1.0032371919435399,0.04363047610937709,3714.24,3841.47,3596.570623655914,1.0042543040482248
26.16,3635650,33.47,26.3630752688172,1.0057924735585067,0.7324609603953338,429.48,27747486,453.39,422.09890322580645,1.0032184609052937,0.1089881449815937,752.03,1336400000,757.79,717.631376344086,1.0059893549175287,0.08824429621529406,3886.83,3841.47,3621.6851397849455,1.006982906428653
25.9,6225080,33.47,26.473075268817205,1.004172502596088,0.6287661565016671,430.31,19847962,453.39,423.3552688172043,1.002976472058554,0.04746764055929287,762.72,1117869952,757.79,722.2122365591397,1.0063833053654796,0.03418667624069416,3934.83,3886.83,3648.3872043010747,1.007372828803587
25.74,3305541,33.47,26.551999999999996,1.0029813208469873,0.6620702526847513,433.29,15266233,453.39,424.6856989247312,1.0031425854489633,0.025850814221619833,768.39,935369984,762.72,726.8262580645162,1.006388733493854,0.0512397679011265,3906.71,3934.83,3671.7479784946236,1.0064030413674319
21.92,10050975,33.47,26.364279569892474,0.992930083228852,0.47806523125767353,425.98,29581756,453.39,425.4421505376344,1.0017812034048204,0.05492279670351197,764.55,1815090048,768.39,730.845182795699,1.0055294159870956,0.09679329697531758,3811.15,3934.83,3687.4573978494623,1.0042784579570407
25.27,6278864,33.47,26.380580645161288,1.0006183015631283,0.3789079401982627,431.79,33123876,453.39,426.4993333333334,1.002484903750987,0.06310557393502791,788.1,1736729984,768.39,736.0422365591398,1.0071110187024297,0.09520100824142697,3841.94,3934.83,3703.9919139784947,1.0044839883814456
29.95,8707957,33.47,26.68737634408602,1.0116296037244732,0.46969884391490535,447.83,25697824,453.39,428.5262580645161,1.0047524686975269,0.030437298419114134,816.2,2026909952,788.1,742.7223870967742,1.0090757706634648,0.07812662479846555,3943.34,3934.83,3726.013182795699,1.0059452799381388
27.22,6969081,33.47,26.80116129032258,1.0042636242982266,0.3034644175418427,449.45,41310392,453.39,430.55427956989246,1.0047325489796963,0.04947928191096129,813.8,1771970048,816.2,748.8997204301074,1.0083171497731203,0.11063403257638726,3913.1,3943.34,3744.856623655914,1.0050572662885955
25.79,4664068,33.47,26.812086021505372,1.0004076215602917,0.1178708965579065,463.02,25311392,453.39,433.3480430107527,1.0064887601248584,0.03271124943235093,831.5,1402450048,816.2,755.8550967741935,1.0092874601957276,0.11913710603751726,3974.54,3943.34,3766.5543870967736,1.0057940171337394
26.06,3192415,33.47,26.834365591397844,1.0008309524993544,0.19562264162398946,466.51,20633820,463.02,436.2478064516129,1.0066915346397174,0.07709107904465928,835.29,940310016,831.5,762.6949247311829,1.009049125931915,0.10068284922519855,4019.87,3974.54,3790.1733763440857,1.0062707150408408
25.93,2738547,33.47,26.83836559139785,1.0001490625886564,0.3317170549413042,463.81,29255696,466.51,438.8096774193548,1.005872513121796,0.09046857274405729,849.97,1081799936,835.29,770.0958494623654,1.0097036501636496,0.06413770877714287,4128.8,4019.87,3819.5450322580646,1.007749422782952
27.7,3159082,33.47,26.941784946236556,1.003853414787369,0.34108949366376484,467.89,33675260,466.51,441.44516129032263,1.0060059839301339,0.06438705338516493,854.96,1143410048,849.97,777.3969462365592,1.0094807636988188,0.02713209330255717,4185.47,4128.8,3850.8785591397855,1.0082034709938206
27.85,4991257,33.47,27.04051612903226,1.0036646117914134,0.547760544304892,480.28,21982920,467.89,444.6850967741934,1.0073393838419265,0.04986254530908307,858.65,1295539968,854.96,784.5249677419356,1.0091690886359712,0.060759822697173504,4180.17,4185.47,3880.007784946237,1.0075643065235893
28.6,3669604,33.47,27.16709677419355,1.0046811475253383,0.4945658007257555,483.3,24262348,480.28,447.89649462365594,1.0072217348248422,0.07655374206866661,861.51,1342630016,858.65,791.3813548387096,1.0087395396943306,0.06492593010496472,4181.17,4185.47,3907.305376344086,1.0070354475843475
35.87,8169031,33.47,27.743182795698925,1.0212052846976498,0.6287768081721333,509.01,25965872,483.3,452.55277419354843,1.0103958830349966,0.10231406012045552,890.44,1158480000,861.51,799.661870967742,1.0104633702555703,0.08826652049537631,4232.6,4185.47,3936.1302150537635,1.0073771655740529
35.96,4019531,35.87,28.29668817204301,1.019951040960949,0.6443316110822775,506.82,29650068,509.01,456.84294623655916,1.0094799375623227,0.09261617847445702,884.78,1275490048,890.44,807.1290752688172,1.009337952167256,0.0850561735473705,4173.85,4232.6,3959.540064516129,1.0059474275959759
34.85,3384390,35.96,28.751075268817207,1.0160579603525168,0.5613851124694417,495.51,25138864,509.01,460.17552688172043,1.007294805955996,0.06935832674018139,869.73,1203369984,890.44,813.2054623655915,1.007528395746059,0.06906127327033418,4155.86,4232.6,3980.3053118279568,1.0052443584288786
36.17,4504497,35.96,29.267053763440856,1.0179464068665032,0.794153080261636,499.37,20436564,509.01,463.5324086021505,1.0072947854119432,0.050874730145368474,886.44,1293880064,890.44,819.9642365591399,1.0083112749561314,0.0972038648898157,4204.11,4232.6,4002.6985806451607,1.0056260178712069
37.34,3539474,36.17,29.827483870967743,1.019148839239396,0.5534719272859553,497.04,16390385,509.01,466.47395698924737,1.006345938994789,-0.05873626969816592,888.37,889169984,890.44,826.3197204301075,1.0077509281351555,0.08752473774933045,4229.89,4232.6,4024.7461505376345,1.005508176408557
38.0,4062544,37.34,30.404709677419355,1.0193521454558039,0.36731509258971373,491.75,18100304,509.01,468.8949677419355,1.0051900234009075,-0.05457119824438528,872.96,988590016,890.44,831.2483010752688,1.005964495973297,0.021997778955503255,4247.44,4232.6,4046.376623655914,1.0053743695401485
34.31,7123030,38.0,30.72313978494624,1.0104730520667782,0.2608976740128828,471.61,34633724,509.01,469.86541935483865,1.0020696567028147,-0.10265964013230522,840.16,1251779968,890.44,833.7391397849461,1.0029965038201645,-0.021815000315032806,4166.45,4247.44,4061.3576559139788,1.0037023326426122
36.26,6597141,38.0,31.153956989247312,1.014022564338042,0.3047420523946276,481.54,30549224,509.01,471.3795698924731,1.00322251963065,-0.12410487302671092,865.68,1100729984,890.44,837.6416559139786,1.0046807399854576,-0.020382864758289543,4280.7,4247.44,4082.4001720430106,1.0051811531787629
35.7,2530533,38.0,31.532494623655914,1.012150547506349,0.20149140506578622,485.63,23211136,509.01,473.05959139784943,1.0035640524381648,-0.08635577250309412,873.16,1142470016,890.44,841.7752903225804,1.0049348481888611,-0.01537827425664351,4352.34,4280.7,4106.683225806452,1.005948229654147
35.94,2381599,38.0,31.916193548387103,1.0121683656593201,0.21420636990847586,495.82,21483732,509.01,475.2804946236559,1.004694764182339,-0.14673227149659573,875.18,943246912,890.44,845.7785591397851,1.0047557452246794,-0.022727462522025066,4369.55,4352.34,4130.67182795699,1.0058413568399414
32.99,3463166,38.0,32.09741935483871,1.005678177323272,0.14050499835203278,487.44,30801156,509.01,476.8346666666666,1.003270010153144,-0.19024605686746487,861.83,1184388992,890.44,848.6470537634408,1.0033915433214258,-0.015172579300230638,4327.16,4369.55,4150.40711827957,1.0047777434626999
33.34,3419724,38.0,32.2921935483871,1.0060682197342765,0.11061242403203408,497.08,23091724,509.01,478.9187096774194,1.0043705778049263,-0.18405210833317875,875.77,1421620096,890.44,852.1712473118279,1.0041527199473075,-0.014441041536932708,4411.8,4369.55,4174.274559139784,1.0057506264277294
35.94,2321753,38.0,32.645720430107524,1.0109477506131845,0.15960518098812537,494.79,23293728,509.01,480.7510322580646,1.0038259573986563,-0.15691456510352086,873.59,1215902720,890.44,855.2716344086022,1.003638220729172,-0.004673702135865376,4395.26,4411.8,4195.550731182796,1.0050969747537153
33.93,3824779,38.0,32.856365591397854,1.006452458653541,0.170549381202169,497.68,22327104,509.01,482.65941935483875,1.0039695954220016,-0.21742535284780362,875.1,946720448,890.44,858.2026666666666,1.0034270191365473,-0.005166132148757052,4436.52,4411.8,4218.11423655914,1.0053779603256003
35.53,3180359,38.0,33.16086021505376,1.009267446906411,0.1587158388489931,500.85,15496009,509.01,484.67707526881725,1.0041802891087788,-0.1759417207587104,887.01,817517888,890.44,861.6498064516129,1.004016696660167,-0.004748335096274037,4468.0,4436.52,4241.392924731183,1.0055187429421142
34.65,2875710,38.0,33.39731182795698,1.0071304426775962,0.2703204400632241,493.72,22249424,509.01,486.12337634408595,1.0029840509260037,-0.16497465565360692,866.26,819059968,890.44,863.4659569892473,1.0021077594679833,0.0012248918817754362,4441.67,4468.0,4261.46806451613,1.0047331478458152
35.98,2772039,38.0,33.705548387096776,1.00922938231459,0.40847636857454495,501.23,16656490,509.01,487.9441505376344,1.0037454981228051,-0.06050493441108329,885.51,758270016,890.44,866.2706021505378,1.0032481247680798,0.020927599582637235,4509.37,4468.0,4284.620193548388,1.0054328998086455
34.28,3258600,38.0,33.880924731182795,1.005203189162564,0.3323412271684637,499.43,17876376,509.01,489.4561290322581,1.003098671216691,-0.12558853091069344,881.86,784230016,890.44,868.4773978494624,1.0025474669155876,0.0057681858603093605,4535.43,4509.37,4307.743655913979,1.005396852304531
34.5,2667060,38.0,34.05303225806452,1.0050797765482276,0.28399652809778697,484.86,16987684,509.01,489.8776774193548,1.000861258777023,-0.09777881669538302,859.64,778080000,890.44,868.9714408602152,1.0005688611033243,-0.0060345981907075075,4458.58,4535.43,4324.514215053764,1.0038931191081348
32.21,6199807,38.0,34.058903225806446,1.0001724066067725,0.19806411608850216,474.74,25742752,509.01,489.52901075268824,0.9992882576962818,-0.1354043848301374,846.2,1102630016,890.44,868.3899569892474,0.9993308366148463,-0.03344813513295253,4432.99,4535.43,4338.507462365591,1.0032357963498226
31.13,3001577,38.0,33.98118279569893,0.997718058341684,0.3220440879911106,486.47,21218492,509.01,489.8479784946237,1.0006515808765757,-0.09540438302347742,852.92,1065859968,890.44,868.074688172043,0.9996369501804265,-0.05348012495849375,4455.48,4535.43,4352.819892473119,1.0032989294663386
32.55,2682855,38.0,33.9752688172043,0.9998259631358278,0.15510933883648836,475.1,21914996,509.01,489.30331182795703,0.9988880904064552,-0.1261380591185799,838.5,969219968,890.44,866.6390537634408,0.9983461856126397,-0.0701242178913708,4357.05,4535.43,4359.396344086021,1.0015108485476907
31.16,2240933,38.0,33.86402150537634,0.9967256385099851,-0.020798620347342256,488.86,25716866,509.01,489.55324731182793,1.0005107986760546,-0.059707882378040145,853.35,868089984,890.44,866.0530967741937,0.9993238742395666,-0.06809854227872414,4391.36,4535.43,4367.078580645161,1.0017622248478422
31.73,2839445,38.0,33.78694623655914,0.997723977679232,0.1599739035169334,505.5,27188160,509.01,490.7884946236559,1.0025232133963176,-0.0793549276848271,869.92,865350016,890.44,866.4562795698926,1.0004655405046188,-0.07370650671661472,4471.37,4535.43,4378.959268817204,1.0027205116538773
29.89,2921274,38.0,33.5814623655914,0.9939182467237777,0.21743235003842587,515.02,16982616,509.01,492.5173978494624,1.0035227052890314,-0.08007387373895214,885.75,821459968,890.44,867.760064516129,1.0015047325260122,-0.07825986335678414,4544.9,4535.43,4394.383247311828,1.0035222932089045
29.42,4468338,38.0,33.336838709677416,0.9927155150883294,0.18465532000084273,530.23,20477692,515.02,495.1157634408602,1.0052756828545415,-0.054443571853680206,883.3,904259968,890.44,868.78911827957,1.0011858736135948,-0.08817692003323652,4605.38,4544.9,4412.482580645161,1.0041187425662985
32.04,4168430,38.0,33.25402150537634,0.9975157451184167,0.26365564864849633,546.81,29796950,530.23,498.6467741935484,1.0071316872000784,-0.015717673780392127,899.52,923329984,890.44,870.761376344086,1.0022701228906061,-0.07945086998716633,4697.53,4605.38,4435.267913978494,1.0051638353051586
32.09,2265771,38.0,33.16129032258065,0.9972114295174584,0.17378232335619537,562.02,19725880,546.81,502.98058064516135,1.008691135039672,0.03748859823296069,903.16,813750016,899.52,872.8619139784947,1.0024122999612453,-0.06245801524311623,4682.85,4697.53,4455.883075268817,1.004648008122655
29.98,3459456,38.0,32.922989247311826,0.9928138780804149,0.07218513145220351,561.64,24323506,562.02,507.087440860215,1.0081650472664092,0.02957917923501263,892.29,882990016,903.16,874.157505376344,1.0014843028170906,-0.0846903889692141,4697.96,4697.53,4476.403440860216,1.0046052298152282
27.97,2333257,38.0,32.550430107526886,0.9886839212264008,0.005017797736244223,556.62,15058305,562.02,510.6954623655914,1.0071151860895151,0.03450488741396929,870.76,796360000,903.16,873.9917204301073,0.999810348884249,-0.08814684340462242,4594.62,4697.96,4489.143182795699,1.0028459771563922
28.04,4712817,38.0,32.18374193548387,0.9887347672263715,-0.2100142589393561,551.8,25423864,562.02,513.8348387096775,1.006147257172688,-0.043777694884164164,862.21,1411949952,903.16,873.2544301075269,0.9991564104037306,-0.10395925136247985,4538.43,4697.96,4497.368623655913,1.0018322963927142
31.26,4152580,38.0,32.04163440860214,0.9955844933393202,-0.13221548113561,578.76,28352920,562.02,518.6215483870967,1.0093156581002554,-0.028385784926568958,888.5,1054320000,903.16,874.2739784946236,1.0011675273001148,-0.12473407500795375,4712.02,4697.96,4516.135720430108,1.0041729060578848
32.49,8023187,38.0,31.988989247311835,0.9983569764070408,-0.13844328164329645,556.11,29883900,578.76,521.7922580645161,1.006113725292133,-0.05614084523641538,863.98,1189520000,903.16,873.7035913978494,0.9993475877004182,-0.1184485082891037,4620.64,4712.02,4527.849978494624,1.002593867587177
33.84,6318038,38.0,32.02851612903226,1.0012356402202907,-0.1615424781068634,567.21,19864372,578.76,525.5487741935484,1.007199256161765,-0.024234759813959172,879.3,737260032,903.16,874.1339569892472,1.0004925761959031,-0.13214040679345718,4725.78,4712.02,4545.347935483872,1.0038645178334873
33.01,1799308,38.0,32.01950537634409,0.999718664684562,-0.21301460650215653,583.02,16738697,578.76,530.1793978494624,1.0088110255095155,0.005574474756399939,894.96,600590016,903.16,875.5899999999999,1.0016656978019338,-0.11936772263612427,4766.18,4725.78,4564.33047311828,1.0041762562302916
34.74,2935807,38.0,32.13141935483871,1.0034951813645847,-0.1535120632582535,553.14,44463548,583.02,532.6973763440861,1.004749295247679,0.03637330146493345,900.75,952899968,903.16,877.4054193548387,1.0020733669352537,-0.0693043489646179,4677.02,4766.18,4576.407440860215,1.002645945076296
34.93,3190108,38.0,32.26260215053763,1.0040826953285262,-0.05934249945485082,547.05,37220272,583.02,534.6904301075269,1.0037414371685462,0.0640985639782583,895.18,981230016,903.16,878.8017204301075,1.0015913978241615,-0.053654669208672345,4662.85,4766.18,4586.646387096775,1.0022373327482037
31.57,2571877,38.0,32.175677419354834,0.9973057123297989,-0.17662809000524982,521.23,31966428,583.02,534.8554408602151,1.0003086098860139,0.031477437099630245,855.63,938249984,903.16,877.5280860215054,0.998550714707319,-0.03899507861310769,4397.93,4766.18,4578.7261935483875,0.9982732059810261
30.79,4283251,38.0,32.04851612903226,0.9960479063528253,-0.18573590207787294,516.43,37753164,583.02,534.6254193548386,0.9995699370562511,0.014731221730377664,843.04,1351239936,903.16,875.463806451613,0.9976476199419995,-0.05276372984863287,4431.85,4766.18,4572.742279569893,0.9986931050852252
30.68,2643813,38.0,31.924817204301075,0.996140260465316,-0.1985954531079004,512.65,33251824,583.02,534.0852903225807,0.9989897056654924,0.014508033239386098,846.52,1132739968,903.16,873.688817204301,0.9979725155577748,-0.06272546442159255,4500.54,4766.18,4571.018989247312,0.9996231385419903
31.36,3094408,38.0,31.856301075268817,0.9978538286188519,-0.17686788807436082,492.68,28501300,583.02,532.2205806451612,0.9965085919586117,0.025906799283857196,840.15,1147890048,903.16,871.564494623656,0.9975685592641066,-0.0462966600437652,4418.64,4766.18,4563.730129032258,0.9984054189597114
32.28,4406768,38.0,31.85064516129032,0.9998224554079542,-0.20913109024117715,490.38,30769948,583.02,530.1962150537635,0.9961963785974909,0.02036626805195585,830.34,1050950016,903.16,868.8538924731183,0.9968899580383801,-0.03761033135031744,4348.87,4766.18,4551.743247311828,0.9973734464173997
31.59,5017858,38.0,31.80275268817205,0.9984963421344922,-0.34584788534261834,495.29,25757516,583.02,528.5030322580644,0.9968064977688923,0.011491842642034622,836.86,1023160000,903.16,866.661634408602,0.997476839220601,-0.03962410553368434,4384.62,4766.18,4542.198150537634,0.9979029799671081
27.1,8899694,38.0,31.474537634408605,0.9896796652484263,-0.43837454568921097,506.74,36323884,583.02,527.5474838709679,0.9981919717981297,0.018615343212777136,846.81,1450409984,903.16,865.1903010752688,0.9983022978346824,-0.008063220345461808,4328.87,4766.18,4529.079161290323,0.997111753205712
24.08,6995817,38.0,30.966172043010754,0.9838483539519228,-0.49597380879111785,504.65,34385600,583.02,526.4376129032258,0.9978961685882791,0.026040950187474876,826.0,1628889984,903.16,862.4372258064517,0.9968179540785471,-0.0097641797102207,4204.31,4766.18,4508.155548387097,0.9953801618037373
24.98,11774161,38.0,30.540494623655917,0.9862534697939549,-0.4654899586164629,537.4,42118912,583.02,527.4324731182796,1.0018897969876568,0.08598549953032508,867.47,1451469952,903.16,862.4908387096775,1.000062164412228,-0.003425701180106655,4463.09,4766.18,4504.4944946236565,0.9991879042938635
24.94,6840983,38.0,30.133032258064517,0.9866582918642126,-0.48446784855285496,531.96,28492866,583.02,527.982430107527,1.0010427059714315,0.0518104265570456,877.48,1014899968,903.16,863.1876559139785,1.000807912586461,-0.01653489551917897,4543.04,4766.18,4505.945440860215,1.0003221107803084
26.33,7246939,38.0,29.83898924731183,0.9902418379858205,-0.368225408349079,544.79,33274216,583.02,529.2940430107527,1.0024841980119654,0.07708980246943997,864.37,1116509952,903.16,863.0559354838708,0.9998474023241584,-0.022132751776696713,4545.86,4766.18,4507.505913978494,1.0003463142505298
25.01,7792571,38.0,29.476881720430107,0.987864618205379,-0.37828535471360514,528.88,32196488,583.02,529.4816559139784,1.000354458746897,0.02805834030626775,841.81,1072310016,903.16,861.5063440860214,0.9982045295859292,-0.02740255421109039,4488.28,4766.18,4505.329118279569,0.99951707313524
26.92,7408445,38.0,29.25840860215054,0.9925883232713809,-0.33139908914236926,513.47,27817748,583.02,528.5804086021506,0.9982978686763526,0.0360708735257218,845.44,245080000,903.16,860.2292903225806,0.998517650192355,0.008215354907149752,4392.59,4766.18,4496.914903225807,0.9981323861514084
25.68,7870107,38.0,28.971311827956992,0.9901875464897143,-0.39748053285910867,519.68,32223290,583.02,527.9965161290322,0.9988953573314182,-0.006402136740161213,832.24,1106860032,903.16,858.1022580645161,0.9975273659220941,0.016984006384145545,4271.78,4766.18,4480.793376344086,0.9964149806637086
25.16,5758210,38.0,28.662387096774193,0.989336874594519,-0.38463268491136604,510.59,29978564,583.02,526.7547526881721,0.9976481597833939,0.03772365829033597,804.56,1197970048,903.16,854.2338924731183,0.9954919526722572,0.011190944029415006,4131.93,4766.18,4456.044322580645,0.9944766357908621
26.25,5392356,38.0,28.43967741935484,0.9922298977866915,-0.23865396864840815,493.21,34494864,583.02,524.315376344086,0.9953690473002146,0.003375372573641844,807.37,1129420032,903.16,850.6198064516128,0.9957692078793055,0.007151723810212118,4123.34,4766.18,4431.225204301075,0.9944302353201917
26.67,6046442,38.0,28.25462365591398,0.9934931131351399,-0.2488712946556889,489.48,38056436,583.02,521.626,0.9948706895402567,0.03451335157370761,786.26,1174339968,903.16,845.7426666666664,0.9942663693603708,0.00390694753320342,4023.89,4766.18,4400.566344086023,0.9930811775972718
27.55,4275642,38.0,28.137225806451617,0.995845003957864,-0.08113595639279414,477.57,29958306,583.02,518.202688172043,0.9934372293023029,0.03851482638944381,757.2,1035470016,903.16,839.1706021505374,0.9922292385436441,-0.003535169986758735,3901.36,4766.18,4362.964645161291,0.9914552591678875
28.04,3457182,38.0,28.056473118279573,0.9971300408673008,0.11326385100479142,505.29,27629520,583.02,516.6483010752688,0.9970004264118016,0.015306946397856236,805.12,924510016,903.16,835.9666021505375,0.9961819444201345,0.008581793471081678,4158.24,4766.18,4343.319806451613,0.9954973646803522
28.37,3336399,38.0,27.999978494623658,0.997986396101258,-0.028979351708710688,507.23,23440524,583.02,515.2727096774192,0.9973374703933282,0.01823593809203572,805.43,854280000,903.16,832.9507311827957,0.9963923547184979,0.020782682765048577,4108.54,4766.18,4321.430107526882,0.9949601457179793
28.82,5001546,38.0,27.98040860215054,0.9993010747320082,0.033548478182758856,488.53,24428392,583.02,512.7757849462365,0.9951541684931346,0.015483800609674137,765.48,838060032,903.16,827.5597849462366,0.9935278930256728,0.014547652500446207,3900.86,4766.18,4287.408344086021,0.9921271980352978
26.46,7691492,38.0,27.81561290322581,0.9941103183563922,-0.048188764512464455,446.31,45200372,583.02,507.71303225806446,0.9901267711214116,-0.0134322456623448,720.96,1388889984,903.16,819.5926666666666,0.9903727580478217,0.02576806626392747,3674.84,4766.18,4240.486344086022,0.9890558593363931
27.98,3883600,38.0,27.75645161290323,0.9978730905362967,0.017010153407184148,470.84,33021768,583.02,504.48088172043015,0.9936339027516011,-0.032141976102491254,751.42,904329984,903.16,813.9591612903226,0.9931264570737856,0.011573312110565892,3911.74,4766.18,4211.0484731182805,0.993057902188791
