34.99,3018154,39.42,32.76107526881721,1.0094531662076809,0.3486177011068867,885.2,162148992,987.7,912.64,0.9993825355042083,0.058825875054582255,620.86,7141591,678.74,628.5133548387096,1.0008008222587903,-0.019109652150641088,2619.55,2872.87,2650.9461505376344,1.0008319549352889
37.33,1995955,39.42,33.19552688172043,1.0132612134778356,0.3962663493913494,916.2,148823008,987.7,914.0860215053764,1.0015844380099233,0.08805437756306667,649.44,7141591,678.74,630.8013548387097,1.0036403363307806,0.00038537052452025655,2732.22,2872.87,2660.074129032258,1.0034432908012003
37.41,2652700,39.42,33.6085376344086,1.0124417592213484,0.29598821645540196,911.9,82209000,987.7,915.1911827956989,1.0012090342312667,0.12126709214806586,651.61,7141591,678.74,633.0961720430107,1.0036379395616355,0.004811316116884123,2747.3,2872.87,2669.616559139785,1.0035872797691539
33.76,5202243,39.42,33.76294623655914,1.004594326710379,0.23575057240984543,874.1,130307000,987.7,913.7440860215054,0.9984188038506087,0.11102181084917595,629.89,7141591,678.74,633.8438924731183,1.001181053468851,-0.016057077565921007,2691.25,2872.87,2674.9510322580645,1.0019982169724024
33.42,3146561,39.42,33.877870967741934,1.0034038715216846,0.2702399701393772,918.6,103649000,987.7,915.1178494623657,1.0015034444128024,0.14266632791567935,657.58,7141591,678.74,636.2888387096775,1.0038573318534625,-0.005506457733105874,2786.57,2872.87,2685.9740645161287,1.0041208351574045
35.37,2499833,39.42,34.100860215053764,1.006582150558521,0.39985506973845397,897.9,113619000,987.7,914.9580645161291,0.9998253941322087,0.12627571396012838,644.55,7141591,678.74,637.723935483871,1.0022554171735962,-0.008366856878104567,2752.01,2872.87,2694.024946236559,1.0029973788007818
33.21,1681262,39.42,34.161096774193545,1.0017664234497283,0.3481985864621471,857.7,101330000,987.7,912.0197849462365,0.9967886183161341,0.1209033254765507,612.52,7141591,678.74,636.9372258064515,0.9987663789397797,0.007168302587406972,2588.26,2872.87,2690.809247311828,0.9988063588909141
32.82,2245450,39.42,34.177505376344094,1.0004803300742657,0.29470284450897577,875.0,108067000,987.7,910.1227956989248,0.9979200130538577,0.07853195294987103,624.95,7141591,678.74,636.8701935483871,0.9998947584544465,0.005788937045406506,2640.87,2872.87,2690.6754623655916,0.999950280776547
33.84,2120102,39.42,34.2441935483871,1.001951229948139,0.2313459734964325,859.8,123070000,987.7,907.1984946236557,0.9967869159094918,0.06457766454007674,612.2,7141591,678.74,635.8901505376346,0.9984611573587828,-0.001739292591671937,2604.47,2872.87,2687.839913978495,0.9989461574140928
34.23,1368263,39.42,34.32187096774194,1.0022683384044386,0.2329671462112508,859.7,99304000,987.7,904.2711827956991,0.9967732399851799,0.0867942082060853,622.18,7141591,678.74,635.4837204301076,0.999360848556652,-0.010643033079989817,2656.3,2872.87,2688.040623655914,1.0000746732260262
35.59,1530388,39.42,34.4709247311828,1.0043428216247579,0.19299906907162012,860.3,109290000,987.7,901.3662365591399,0.9967875275782004,0.056466235183415536,635.52,7141591,678.74,635.872064516129,1.0006110999755564,-0.013370283676961137,2670.14,2872.87,2688.798602150537,1.0002819817855255
36.69,1339003,39.42,34.67556989247311,1.005936747066875,0.19370115697993873,835.8,167890000,987.7,896.888817204301,0.9950326302747583,-0.011639405846795126,615.51,7141591,678.74,634.8997419354839,0.9984708833192965,-0.04134167356841978,2669.91,2872.87,2689.180623655914,1.0001420788842539
35.67,2893173,39.42,34.79933333333334,1.003569182604468,0.21476665464370692,851.3,156464992,987.7,893.5083870967743,0.9962309373885786,-0.01888760722084204,607.15,7141591,678.74,633.3641290322581,0.9975813300875749,-0.05327719329481051,2663.42,2872.87,2688.8201720430106,0.9998659622898765
37.03,1805351,39.42,34.99804301075269,1.0057101575916978,0.2637309805809861,866.3,114543000,987.7,891.2002150537634,0.9974167315311827,0.008937847203766447,627.76,7141591,678.74,633.1694193548386,0.999692578615532,-0.04263111846725698,2727.72,2872.87,2692.3627526881723,1.0013175223400939
38.31,1695215,39.42,35.26361290322581,1.0075881354963627,0.33007596652681803,873.3,110808000,987.7,889.4150537634408,0.9979969020875799,0.028076423645487236,631.92,7141591,678.74,633.2092258064515,1.0000628685631303,-0.034203099256502334,2712.97,2872.87,2694.5783440860214,1.0008229171182959
39.88,1641476,39.42,35.61281720430108,1.0099026807614293,0.42405137235401735,867.4,105987000,987.7,887.3292473118279,0.9976548559159336,-0.016536094861780426,635.28,7141591,678.74,633.4400860215054,1.000364587573341,-0.016743398074531957,2721.33,2872.87,2697.037032258064,1.0009124574824253
41.11,1271867,39.88,36.01952688172043,1.0114203174403802,0.4038756468164981,862.3,85342000,987.7,885.0150537634407,0.9973919561928134,-0.011379227760039301,630.67,7141591,678.74,633.3240215053763,0.9998167711221781,-0.018698806684614322,2734.62,2872.87,2700.0515053763443,1.00111769808209
41.33,1573339,41.11,36.419870967741936,1.0111146403265134,0.43519627317633647,887.0,103408000,987.7,884.3825806451612,0.9992853532653597,0.06053725604476923,640.62,7141591,678.74,633.8002150537634,1.0007518956051205,-0.010225088254339765,2779.03,2872.87,2705.615483870967,1.0020606934658631
39.03,2490503,41.33,36.64823655913978,1.0062703569598068,0.2641814073738523,885.8,153967008,987.7,883.6591397849462,0.9991819820108994,0.06232606980403299,631.75,7141591,678.74,633.6189032258064,0.9997139290526407,-0.015371195390144532,2779.66,2872.87,2710.797032258065,1.0019151089347273
37.41,2607169,41.33,36.7552688172043,1.0029205295564987,0.2053280669119889,866.3,126748000,987.7,881.6668817204301,0.9977454450762531,0.010301612991419629,610.32,7141591,678.74,631.9750967741935,0.9974056859048173,-0.0443421386505527,2754.88,2872.87,2713.948021505376,1.0011623847930387
38.01,1945941,41.33,36.88840860215054,1.003622331960307,0.12063830154363564,859.3,115085000,987.7,879.2726881720431,0.9972844692275216,-0.031101281332015507,602.1,7141591,678.74,629.7825376344086,0.9965306241480457,-0.056703633191410474,2718.37,2872.87,2714.415655913979,1.0001723077984168
38.44,1023396,41.33,37.03795698924731,1.004054075325116,0.11965956791942522,878.1,73019000,987.7,878.1935483870968,0.9987726904298714,-0.053149556118281094,606.4,7141591,678.74,627.9045376344086,0.9970180183035017,-0.0749704070440661,2759.82,2872.87,2717.393720430108,1.0010971291407196
38.78,1168742,41.33,37.199548387096776,1.004362859374138,0.10151246504083655,884.7,92316000,987.7,877.6348387096774,0.9993637966500146,-0.009149815486491297,619.95,7141591,678.74,626.9467956989248,0.9984747013628982,-0.06266659344610781,2801.31,2872.87,2722.815612903226,1.00199525465609
37.37,2180456,41.33,37.2587311827957,1.0015909546826502,0.06413235212464685,890.9,109957000,987.7,877.5154838709676,0.999864003987256,-0.030165304912765145,625.4,7141591,678.74,626.3620215053764,0.9990672666364034,-0.06188998868376083,2801.83,2872.87,2728.0011612903227,1.0019044801868047
36.52,2012742,41.33,37.25621505376344,0.9999324687408191,0.005084075605206184,886.8,144288000,987.7,877.1989247311826,0.9996392552090494,-0.02859178538158058,638.34,7141591,678.74,626.6363655913977,1.0004379960415895,-0.053481365789437296,2818.82,2872.87,2734.0280215053763,1.002209258669158
37.41,1801158,41.33,37.30554838709678,1.0013241638545984,0.07246760838676658,890.5,151166000,987.7,877.2137634408602,1.00001691601444,-0.10019646030271567,636.98,7141591,678.74,626.8218279569893,1.000295964894116,-0.06392409282210743,2840.35,2872.87,2741.1316344086026,1.0025982224203083
37.07,3106421,41.33,37.325741935483876,1.0005413014755222,-0.021094937898279653,874.5,94743000,987.7,876.3305376344086,0.9989931464333309,-0.14546409722106546,630.79,7141591,678.74,626.6481075268817,0.9997228551681524,-0.08497480084376918,2833.28,2872.87,2747.570086021505,1.002348829779673
38.95,1866790,41.33,37.46486021505377,1.0037271403689805,0.004197582833592506,888.2,93906000,987.7,876.5251612903224,1.0002220893230986,-0.15261763472921375,639.72,7141591,678.74,627.1496344086021,1.0008003325561767,-0.06064774859056443,2850.13,2872.87,2754.9944731182795,1.0027021647726282
38.52,1523925,41.33,37.57109677419354,1.0028356320704244,-0.02732054394905581,896.3,98410000,987.7,877.4066666666666,1.001005681770785,-0.13086837182037137,642.92,7141591,678.74,627.9246666666666,1.0012358011797222,-0.05340777101291749,2874.69,2872.87,2763.9177204301077,1.0032389347415744
38.01,1085216,41.33,37.64425806451612,1.0019472758743853,-0.02213252597382609,888.5,114106000,987.7,877.981505376344,1.0006551565329007,-0.11460987405092671,645.72,7141591,678.74,628.957376344086,1.0016446394483938,-0.0669000708376204,2901.52,2874.69,2774.5680215053767,1.0038533350673013
36.57,1551731,41.33,37.621870967741934,0.9994052984990215,0.016204805109750975,896.4,83440000,987.7,879.1477419354841,1.0013283156330728,-0.09320709787122539,649.72,7141591,678.74,630.2713548387096,1.002089137585541,-0.049765446389414825,2871.68,2901.52,2782.9933978494623,1.0030366443636565
37.83,2195043,41.33,37.67737634408603,1.00147534864472,-0.02608187004956175,901.3,121166000,987.7,880.6060215053764,1.0016587423254728,-0.10483968281887002,661.9,7141591,678.74,632.3090752688173,1.0032330843127548,-0.04404487292571613,2904.98,2901.52,2793.0249462365587,1.0036045893586554
33.18,4222749,41.33,37.43180645161291,0.9934822984957745,-0.1567058682110164,896.6,113868000,987.7,881.7931182795699,1.001348045261108,-0.10113649367191846,670.54,7141591,678.74,634.8774193548387,1.0040618491596527,-0.037330418702851365,2929.67,2904.98,2804.277870967742,1.0040289381397562
32.01,2156140,41.33,37.11984946236559,0.9916659916039432,-0.16142070712637213,861.4,126529000,987.7,880.7421505376345,0.9988081470356835,-0.10986809815354914,659.07,7141591,678.74,636.6650537634408,1.0028157158438848,-0.03643524997991188,2913.98,2929.67,2814.126344086021,1.0035119462376532
29.99,2938498,41.33,36.681333333333335,0.9881864787873977,-0.257914843940965,847.3,143768992,987.7,878.8088172043009,0.9978048815624943,-0.10525196599014719,664.07,7141591,678.74,638.7125161290321,1.0032159176218145,-0.0256580266252997,2885.57,2929.67,2821.662924731183,1.0026781244776022
28.35,3199272,41.33,36.144387096774196,0.985361866983412,-0.3605030287244628,781.8,163494000,987.7,872.8030107526882,0.9931659692824674,-0.11447042910642802,621.5,7141591,678.74,637.9995698924731,0.9988837760047669,-0.04125554999350123,2767.13,2929.67,2821.3453118279567,0.9998874376877399
27.8,2340010,41.33,35.587053763440856,0.9845803628695898,-0.35187626208265466,761.1,143179008,987.7,865.7113978494623,0.9918748986703079,-0.1698479402314994,615.16,7141591,678.74,636.9271612903226,0.9983191076408856,-0.06504927458872212,2767.78,2929.67,2821.0371182795698,0.9998907636200735
26.52,2245539,41.33,34.958774193548386,0.9823452771879106,-0.360405322175405,719.8,220968000,987.7,856.1630107526883,0.9889704731617333,-0.19148233718897611,581.0,7141591,678.74,633.6452043010753,0.9948472020213449,-0.07707340235107585,2658.69,2929.67,2813.304795698925,0.9972590496840537
28.15,2053341,41.33,34.44920430107527,0.985423691069604,-0.31874237834042896,779.3,284310016,987.7,850.7870967741934,0.9937209224049884,-0.12815977904433984,595.95,7141591,678.74,631.4222795698925,0.9964918463580344,-0.07207686948460901,2723.06,2929.67,2809.6870537634413,0.9987140597275438
24.67,3378776,41.33,33.72735483870968,0.9790459757486166,-0.4247010452387814,789.1,191132992,987.7,846.216559139785,0.9946278714713259,-0.1675813276627316,608.2,7141591,678.74,630.024623655914,0.9977864957268683,-0.06941814516830758,2781.01,2929.67,2809.5529892473123,0.9999522848938107
23.59,2285561,41.33,32.95638709677419,0.977141173815071,-0.46587944728030584,790.2,161623008,987.7,841.8688172043011,0.9948621403250445,-0.18740654848138594,603.75,7141591,678.74,628.369935483871,0.9973736134907853,-0.07475705055701953,2736.27,2929.67,2806.2642795698926,0.9988294544754962
23.74,1401637,41.33,32.22090322580645,0.9776831159068485,-0.48874488028166385,781.4,90619000,987.7,837.1040860215052,0.9943402925902176,-0.127704945483468,584.29,7141591,678.74,625.5280860215054,0.9954774261117739,-0.036732929766597144,2632.56,2929.67,2796.142387096774,0.996393107895501
23.12,2069956,41.33,31.4732688172043,0.9767966030200124,-0.5107651589170363,805.9,134487008,987.7,834.0369892473117,0.9963360628320781,-0.13476949675328675,607.87,7141591,678.74,624.2746666666666,0.9979962220996169,-0.035139607865807276,2760.17,2929.67,2794.333720430108,0.9993531564504681
21.8,2043970,41.33,30.667462365591394,0.974397115968697,-0.5481815175079822,760.5,132419000,987.7,828.1384946236558,0.9929277781444933,-0.1996571451864102,569.63,7141591,678.74,620.5526021505377,0.9940377774161445,-0.05790343920405172,2633.08,2929.67,2784.117634408602,0.9963439993058762
20.27,3142584,41.33,29.795698924731187,0.9715736688458998,-0.6370920142315254,742.0,134057000,987.7,821.2739784946237,0.9917109080502874,-0.24336014553342433,561.11,7141591,678.74,616.405870967742,0.9933176798092134,-0.0703961823697482,2599.95,2929.67,2771.9676559139784,0.9956359679833698
19.86,3380843,41.33,28.93627956989247,0.9711562612775169,-0.6909866354267395,702.9,193836992,987.7,812.169247311828,0.9889138930232704,-0.19298194438290583,523.96,7141591,678.74,610.0146451612903,0.9896314650663246,-0.06325883514609754,2416.62,2929.67,2748.2329892473126,0.9914376105305457
20.41,1368939,41.33,28.15539784946236,0.9730137484142019,-0.7716266698659706,720.0,94175000,987.7,804.5215053763441,0.9905835612948939,-0.1505206218836771,536.75,7141591,678.74,604.6879784946236,0.9912679692054633,-0.057910171930319,2485.74,2929.67,2729.6129677419353,0.9932247296432909
21.42,1635195,41.33,27.484193548387093,0.9761607239697349,-0.7375806202827633,744.8,108336000,987.7,798.7797849462366,0.9928631858915673,-0.12727959459453286,548.85,7141591,678.74,600.3439354838711,0.9928160585868316,-0.05433953144363646,2531.94,2929.67,2714.508817204301,0.9944665596492498
22.12,1922439,41.33,26.900967741935485,0.9787795917888289,-0.624656574259296,766.4,134819008,987.7,794.7374193548387,0.9949393241196383,-0.152331868628098,571.3,7141591,678.74,597.6456344086021,0.9955054079573666,-0.029707292451812584,2596.26,2929.67,2704.085720430108,0.996160227328004
22.76,1420153,41.33,26.395397849462363,0.9812062563204744,-0.569364993215109,776.9,128373000,987.7,791.6292473118281,0.9960890578858941,-0.11721222208864734,590.15,7141591,678.74,596.2934623655913,0.997737502015975,-0.002495182047929312,2670.71,2929.67,2698.860258064516,0.9980675677822962
22.66,1424404,41.33,25.914881720430113,0.9817954579895815,-0.5515528430827089,767.3,88848000,987.7,788.0939784946236,0.9955341861999043,-0.12553838153508146,589.72,7141591,678.74,594.9569247311829,0.9977585908302498,-0.0008399913946253168,2664.76,2929.67,2693.4319354838713,0.9979886611155859
24.1,1811626,41.33,25.560279569892476,0.9863166595023243,-0.516149418461391,797.1,139836000,987.7,786.6791397849463,0.9982047335111228,-0.1220343386900562,604.94,7141591,678.74,594.6289462365592,0.9994487357302851,0.01690157859708241,2706.53,2929.67,2690.8137419354844,0.9990279340220578
23.75,1224813,41.33,25.213935483870966,0.9864499101007694,-0.5025858283206236,808.6,136252000,987.7,786.180430107527,0.9993660570718125,-0.1389336258999585,614.16,7141591,678.74,594.8989462365591,1.0004540646763143,0.02401279019312763,2707.88,2929.67,2688.397247311828,0.9991019465279234
25.37,1527263,41.33,25.00443010752688,0.9916908894893419,-0.4504613855783013,844.2,139599008,987.7,788.1421505376344,1.0024952547214119,-0.13334635174753295,635.82,7141591,678.74,596.578817204301,1.0028237921387642,0.02602307532248449,2775.6,2929.67,2690.5507096774195,1.0008010208936737
25.64,1457356,41.33,24.838150537634412,0.9933499956136808,-0.40002456349462023,849.1,101219000,987.7,790.5204301075269,1.0030175769285656,-0.12696106575582455,639.89,7141591,678.74,598.4988602150538,1.0032184230404804,0.011705104555878032,2792.67,2929.67,2693.861870967742,1.001230663030588
24.34,2877814,41.33,24.611397849462364,0.9908707901649731,-0.5035660477825746,847.4,125437000,987.7,792.8701075268817,1.002972317134214,-0.08513782345657439,640.88,7141591,678.74,600.479440860215,1.0033092471461844,0.01902950128328662,2803.69,2929.67,2697.9402365591395,1.001513947554383
23.47,1386147,41.33,24.356623655913978,0.9896481217724108,-0.46033297795241124,831.5,127681000,987.7,794.2866666666666,1.0017866219527476,-0.11023965712140837,622.52,7141591,678.74,601.2671182795699,1.001311747523323,0.01872887893860964,2743.07,2929.67,2698.18647311828,1.0000912683519834
23.74,1604209,41.33,24.14851612903226,0.9914558138343945,-0.4854791684425114,835.0,124306000,987.7,796.0215053763441,1.0021841468357489,-0.11345246452283675,624.31,7141591,678.74,602.1880645161291,1.0015316757037942,-0.014387351920423508,2822.48,2929.67,2703.749935483871,1.0020619265647572
22.5,1566677,41.33,23.89311827956989,0.9894238698519732,-0.5535497568106973,824.3,111648000,987.7,797.1804301075268,1.0014558962582736,-0.15517663488022615,614.81,7141591,678.74,602.5292473118279,1.000566571833291,-0.017987442776506213,2800.71,2929.67,2707.9683440860217,1.0015602066399665
23.27,1441454,41.33,23.72184946236559,0.9928318767270011,-0.5007273627683116,850.0,131201000,987.7,800.1522580645162,1.0037279238736312,-0.11960508314827534,632.36,7141591,678.74,604.0631397849462,1.002545756044145,0.0024426204705395582,2834.4,2929.67,2714.519397849463,1.002419176641318
24.14,1279631,41.33,23.638408602150538,0.9964825314169778,-0.5105349509952073,876.5,141667008,987.7,804.9165591397851,1.0059542431171702,-0.12210277622280163,649.13,7141591,678.74,606.7076989247311,1.0043779515179925,-0.008241769686706424,2892.74,2929.67,2724.9786666666664,1.0038530831002679
23.7,1254294,41.33,23.553311827956986,0.9964000633195836,-0.47156513919933785,877.6,111316000,987.7,809.7946236559139,1.0060603356468925,-0.12778890173648982,651.03,7141591,678.74,609.4761075268818,1.004563002261315,-0.017258914876573273,2907.41,2929.67,2736.3390967741934,1.0041689978150998
23.72,914088,41.33,23.49989247311828,0.9977319811655829,-0.37922530210537575,888.2,91473000,987.7,815.4075268817204,1.0069312675854358,-0.07971583695608853,659.7,7141591,678.74,612.8272473118279,1.0054983940199793,-0.0077555715315730245,2905.03,2929.67,2747.540752688172,1.0040936651189114
23.99,1050627,41.33,23.484236559139788,0.999333787846204,-0.30373819351665365,896.3,142846000,987.7,821.5610752688173,1.0075465925739358,-0.06326936136604289,652.91,7141591,678.74,615.7636344086022,1.0047915413514246,-0.01823469069655037,2939.88,2929.67,2761.043784946237,1.0049145885260677
25.24,1441561,41.33,23.56647311827957,1.0035017769869883,-0.19191249262301102,918.5,143248992,987.7,829.0718279569893,1.0091420503164839,-0.06172849234755229,660.25,7141591,678.74,619.1868172043011,1.0055592480692475,-0.02656978312242797,2945.64,2939.88,2774.8627311827954,1.0050049717834617
23.5,1919576,41.33,23.546666666666663,0.9991595496061927,-0.18357395549585476,900.2,130478000,987.7,835.2488172043011,1.0074504874475512,-0.020134558799769664,641.72,7141591,678.74,621.4227311827956,1.0036110490668873,-0.008761302414923788,2881.4,2945.64,2784.407978494624,1.0034398989198863
22.34,1244995,41.33,23.462451612903223,0.9964234829941914,-0.1692521760504957,885.2,136123008,987.7,840.203440860215,1.0059319134057534,0.012522398341412666,629.36,7141591,678.74,622.8177419354839,1.002244865986851,-0.010065885549862319,2859.53,2945.64,2792.2965161290326,1.002833111273684
20.5,1256923,41.33,23.271268817204298,0.9918515422491576,-0.20457286241375616,876.5,137536992,987.7,844.3298924731182,1.0049112529325974,0.052162289666392025,620.08,7141591,678.74,623.5835053763441,1.0012295144940484,0.004311283735045857,2826.06,2945.64,2797.828387096774,1.001981118744298
19.31,672625,41.33,23.016258064516126,0.9890418199930876,-0.3316160694401442,852.0,167444000,987.7,846.5387096774193,1.0026160594620561,-0.04681853630296118,604.8,7141591,678.74,623.2794193548388,0.9995123571760901,0.004200455414798743,2752.06,2945.64,2798.2261290322585,1.0001421609478691
20.67,1245601,41.33,22.868000000000002,0.993558550477643,-0.14230852054815868,915.9,163910000,987.7,852.7137634408604,1.0072944730026512,0.03186523111833295,635.64,7141591,678.74,624.9459784946237,1.0026738555582502,0.011916569630974871,2873.34,2945.64,2806.386021505376,1.0029160947317504
22.12,881477,41.33,22.82189247311828,0.9979837534160519,-0.08190154279241713,921.3,140136992,987.7,858.9645161290323,1.0073304231222315,0.040174245161951117,632.91,7141591,678.74,626.3773978494623,1.0022904689430705,-0.006780492290509255,2886.98,2945.64,2815.2273548387097,1.0031504337840849
21.4,1226880,41.33,22.732494623655914,0.9960828029679105,-0.1427408920524641,923.8,155087008,987.7,865.094623655914,1.0071366248684024,0.029703808329696102,649.74,995770112,678.74,628.8319139784946,1.0039185898748253,-0.008740688518163564,2950.46,2945.64,2827.840064516129,1.0044801744540246
24.45,3134465,41.33,22.844903225806455,1.0049448423506309,0.012064586215758233,943.5,129145000,987.7,872.1894623655913,1.008201228531157,0.07963584606232965,651.69,867564928,678.74,631.2714838709678,1.0038795262108096,0.006298355913441744,2941.76,2950.46,2839.2078279569896,1.0040199456763852
24.65,1167868,41.33,22.967354838709678,1.0053601283267812,0.08223333295902435,952.8,68783000,987.7,879.5883870967741,1.0084831622605426,0.13822639645582502,652.39,533879712,678.74,633.6619784946237,1.0037867932969144,0.009579299589514312,2990.41,2950.46,2853.323784946237,1.0049717941921161
22.74,1942487,41.33,22.960451612903228,0.9996994331365135,0.03843346796485325,942.7,95990000,987.7,885.9221505376344,1.0072008265840866,0.13749222601664712,660.45,786600320,678.74,636.3944946236559,1.0043122614607929,0.017877335417286755,3013.77,2990.41,2868.1783870967743,1.0052060695771394
22.71,1144655,41.33,22.946301075268813,0.999383699507615,0.05339132417488468,925.0,97158000,987.7,890.6823655913979,1.005373175341507,0.13364388869590837,652.22,910865856,678.74,638.3824086021505,1.003123713349642,0.013065203921908797,2976.61,3013.77,2879.745634408602,1.004032959513211
23.55,961331,41.33,22.980215053763438,1.0014779714771187,0.09913310002516096,956.8,114766000,987.7,897.0165591397848,1.0071116189037617,0.13622118218062051,661.19,946825600,678.74,640.6732043010752,1.0035884380084044,0.014552369060583104,3025.86,3013.77,2893.2860215053765,1.0047019385792229
23.72,1297139,41.33,23.018344086021504,1.001659211289749,0.10444287228923033,953.3,135594000,987.7,902.6156989247313,1.006241958108684,0.05352088600997651,638.4,1103761792,678.74,641.226064516129,1.0008629363790185,0.005134261466970935,2932.05,3025.86,2899.612602150538,1.002186641969766
25.88,2277227,41.33,23.190881720430102,1.0074956579745185,0.18421313747463686,958.1,128792000,987.7,908.0761290322581,1.0060495625259251,0.04974745426236793,634.46,1035479104,678.74,641.3321505376344,1.0001654424662003,-0.013619899636454269,2918.65,3025.86,2904.214215053764,1.0015869750668807
26.28,1126478,41.33,23.381139784946235,1.008204003056448,0.13119904622678247,961.9,96859000,987.7,913.3694623655915,1.0058291735286276,0.05914370416810644,624.22,1470532864,678.74,640.6417634408601,0.9989235108575244,-0.023883915937055633,2888.68,3025.86,2906.1889677419354,1.0006799610985773
25.89,1162205,41.33,23.53866666666667,1.006737348271698,0.12736561104666877,941.6,102867000,987.7,916.9552688172042,1.0039259101594284,0.0689634108588193,614.12,1053415488,678.74,639.2264946236558,0.9977908577024341,-0.02705460951076666,2847.11,3025.86,2905.0130322580644,0.9995953685404069
27.31,925844,41.33,23.78086021505376,1.0102891787294843,0.1947449462312396,969.6,87879000,987.7,921.972688172043,1.0054718256445714,0.07044616428256334,636.24,840556480,678.74,639.1858494623657,0.9999364150866212,-0.02951836059285795,2926.46,3025.86,2908.564301075269,1.0012224622670434
26.15,822215,41.33,23.94131182795699,1.0067470903681466,0.196920645847675,981.0,84835000,987.7,927.3546236559139,1.0058374131391477,0.06686768751077432,647.68,760340800,678.74,639.8159569892474,1.000985797053254,-0.04543689885173241,2978.71,3025.86,2915.0135698924737,1.0022173375416938
27.54,1022077,41.33,24.186279569892477,1.0102320099957693,0.1599958178762919,1007.2,115726000,987.7,934.056129032258,1.0072264754015294,0.095517857052696,666.21,952235648,678.74,641.5694623655913,1.0027406402687975,-0.03571332554712514,3007.39,3025.86,2922.730731182796,1.0026473843449746
27.38,1395500,41.33,24.416258064516132,1.009508634594216,0.1078930405131292,1003.8,127881000,1007.2,940.1877419354838,1.0065645015461528,0.06397969346964416,656.39,922648256,678.74,642.6240645161291,1.0016437848314184,-0.045615521951755555,2992.07,3025.86,2928.961032258065,1.0021316712514081
28.33,1214198,41.33,24.70378494623656,1.0117760420520083,0.22966954870338085,1004.6,94656000,1007.2,946.0382795698924,1.0062227333685128,0.05145723210805597,653.53,775377984,678.74,643.4586666666668,1.0012987408916378,-0.0366514872034831,2961.79,3025.86,2932.808967741935,1.0013137544137634
27.8,1238049,41.33,24.948537634408602,1.0099074975233433,0.23792943053382265,993.1,111041000,1007.2,950.8088172043012,1.005042647572969,0.0612772467030156,637.93,940280000,678.74,643.2596129032258,0.9996906502721113,-0.05141590578329769,2952.01,3025.86,2935.6859354838707,1.0009809598148327
27.66,774591,41.33,25.174946236559137,1.0090750249761444,0.19287898276483706,1002.7,105906000,1007.2,955.8511827956991,1.0053032381485734,0.09848971116958394,647.76,845080000,678.74,643.6616129032258,1.0006249420792728,-0.014800284924266993,2970.27,3025.86,2939.291634408602,1.001228230472868
30.21,1733621,41.33,25.55744086021505,1.0151934633767143,0.35273818907215493,1017.8,110272000,1007.2,961.5070967741934,1.0059171491130574,0.12284329943574313,648.41,858659968,678.74,644.0551182795699,1.0006113544266984,-0.011578604228726253,2986.2,3025.86,2943.607247311829,1.0014682493062976
31.22,1172369,41.33,25.98851612903226,1.016866918373203,0.32835498744072433,1033.7,136272992,1017.8,967.772688172043,1.0065164276154281,0.1272871959980284,662.43,966659968,678.74,645.2808817204302,1.0019031964905964,-0.018828864573313675,3022.55,3025.86,2949.86911827957,1.0021272780101556
32.01,1809822,41.33,26.453462365591392,1.0178904495451255,0.3318116046517373,1042.5,134118000,1033.7,974.2109677419355,1.0066526774815823,0.11851930384919296,675.93,1121619968,678.74,647.3129462365591,1.003149116258816,-0.018923322694676115,3066.91,3025.86,2958.588301075269,1.002955786323423
33.21,2207620,41.33,26.978903225806448,1.0198628388584214,0.32613165462738625,1029.0,124507000,1042.5,979.4212903225806,1.005348248739923,0.14407659534507777,688.42,1051950016,678.74,650.0931827956988,1.0042950424138801,-0.00642889297951954,3093.08,3066.91,2968.621311827956,1.0033911479840032
32.67,1946449,41.33,27.44905376344086,1.017426599358001,0.2947471613602828,1042.6,88997000,1042.5,985.183440860215,1.0058832196058722,0.09082735358418192,692.36,713430016,688.42,653.0472043010751,1.0045439970508114,-0.02465023002282507,3120.46,3093.08,2980.0214838709676,1.003840224415822
33.89,1587509,41.33,27.978666666666665,1.0192943956389198,0.28874612122607246,1031.9,100781000,1042.6,989.9232258064517,1.0048110684260976,0.09568071397933697,686.73,766339968,692.36,655.5677634408603,1.0038596890441982,-0.006166081274619373,3110.29,3120.46,2990.30223655914,1.0034498921379646
33.83,1019276,41.33,28.48311827956989,1.0180298660730756,0.22134135712085845,1046.5,65382000,1042.6,995.3133333333333,1.0054449753136063,0.07952744875751772,688.72,584179968,692.36,658.1439784946235,1.0039297463930221,-0.023194930124516455,3140.98,3120.46,3002.1965161290314,1.0039776178556379
34.18,1272552,41.33,28.99167741935484,1.0178547564488305,0.31303441467211757,1047.9,113181000,1046.5,1000.518494623656,1.0052296710151472,0.09942275842788373,681.2,873089984,692.36,660.1738064516128,1.0030841700650852,-0.030276966227982705,3145.91,3140.98,3013.9887741935486,1.0039278768065862
32.9,1770704,41.33,29.394688172043008,1.0139009118671802,0.26055925233141086,1036.2,105907000,1047.9,1004.6511827956988,1.0041305465058867,0.14708364794510298,686.22,833310016,692.36,662.4426021505375,1.0034366642189567,-0.01780838915683125,3168.8,3145.91,3026.6889677419354,1.0042137494529273
33.25,1928118,41.33,29.79756989247312,1.0137059361906513,0.4502907950427819,1046.0,141264992,1047.9,1009.0913978494624,1.0044196584145828,0.14545325697168598,687.99,1088809984,692.36,664.7033118279571,1.0034126876352465,-0.030309053196693636,3221.22,3168.8,3042.106,1.0050936955935603
33.36,708027,41.33,30.180129032258066,1.0128386019788003,0.5743340592281962,1050.6,39920000,1047.9,1013.4638709677419,1.004333079369815,0.17076519897776543,691.34,421320000,692.36,667.0341075268818,1.0035065203639726,-0.034218556464119754,3240.02,3221.22,3057.8861290322575,1.0051872383908573
32.08,876303,41.33,30.44989247311828,1.0089384455769514,0.3657723023056245,1038.3,56351000,1050.6,1016.6156989247313,1.0031099559118766,0.098657659894126,699.23,682449984,692.36,669.6878279569893,1.0039783879117463,-0.025774349672720964,3234.85,3240.02,3072.2833333333333,1.004708221200386
33.35,1568364,41.33,30.77705376344086,1.010744251087632,0.34804276140836077,1041.8,92055000,1050.6,1019.7301075268817,1.0030635063037532,0.0982853708494702,697.97,960569984,699.23,672.1235053763439,1.0036370340294,-0.028265805585142134,3265.35,3240.02,3087.870838709677,1.005073589797928
34.38,1264759,41.33,31.146516129032253,1.0120044747762784,0.4598484378246943,1058.0,105803000,1050.6,1023.6305376344087,1.0038249631728404,0.09665872412860632,711.83,911800000,699.23,675.3134623655914,1.00474608753262,-0.03294747345924187,3329.62,3265.35,3106.7910967741936,1.0061272828601933
33.27,1131884,41.33,31.416451612903224,1.0086666349055764,0.2301391813936453,1055.4,78997000,1058.0,1027.074623655914,1.003364579205955,0.029706214743652204,704.53,876280000,711.83,677.8989247311828,1.0038285366865554,-0.039156049067878396,3295.47,3329.62,3122.692731182796,1.005118346845114
32.3,804755,41.33,31.60483870967742,1.0059964473103264,0.16719584174059166,1021.7,114406000,1058.0,1028.1038709677418,1.0010021154141306,0.0287939497831442,684.12,1355299968,711.83,679.0539784946236,1.001703873131085,-0.029984774416813798,3225.52,3329.62,3133.320795698925,1.0034034935330007
33.39,884423,41.33,31.84709677419355,1.0076652207195713,0.38841026539435597,1043.7,94949000,1058.0,1030.404301075269,1.0022375463924298,0.04370559223780113,705.2,954499968,711.83,681.5007956989248,1.0036032734978233,-0.036411700637023925,3327.71,3329.62,3150.0361505376345,1.0053347090606408
34.83,1170551,41.33,32.15935483870968,1.009804914612159,0.4609910566092814,1062.6,124644000,1058.0,1033.70688172043,1.0032051308808734,0.008026752803666826,712.8,818700032,711.83,684.3416989247311,1.0041685985456448,-0.04269091991510976,3380.16,3329.62,3169.4602365591404,1.0061663057480121
36.53,1097776,41.33,32.55522580645162,1.0123096675828034,0.43022044884675736,1043.8,87464000,1062.6,1035.5006451612903,1.0017352728056477,-0.041446007073939306,704.12,679600000,712.8,686.4923225806451,1.003142616706381,-0.03814644161655956,3337.75,3380.16,3185.2803440860216,1.0049914200987282
31.65,2320426,41.33,32.60834408602151,1.0016316360355075,0.135428468132897,932.1,175334000,1062.6,1029.9008602150539,0.9945921955989083,0.004892415115077431,618.39,1807500032,712.8,683.0196559139786,0.9949414340809928,-0.038905247560246936,2954.22,3380.16,3175.6858494623652,0.9969878649326832
31.16,1811371,41.33,32.61279569892473,1.0001365176008776,-0.02979600859681164,983.6,182420992,1062.6,1027.669247311828,0.9978331769693252,0.025187684055992587,608.4,2061100032,712.8,678.9455053763442,0.9940350903486334,-0.05948006919504578,2972.37,3380.16,3167.2146451612903,0.9973324803829355
24.05,2291231,41.33,32.147182795698924,0.9857229994164175,-0.27874325112136655,867.1,225314000,1062.6,1017.8666666666666,0.9904613467116944,-0.011596601285620234,528.6,2494099968,712.8,669.779010752688,0.9864989243598055,-0.09168103321394083,2711.02,3380.16,3141.766623655914,0.9919651730758904
18.42,2545146,41.33,31.323139784946243,0.9743665559750718,-0.5171668181831305,677.9,216914000,1062.6,996.0615053763441,0.9785775858426228,0.014746588757934331,431.44,2866599936,712.8,654.5497634408603,0.9772622804427488,-0.10703107998126093,2304.92,3380.16,3090.5006666666673,0.9836824426730999
20.81,2421716,41.33,30.669354838709673,0.9791277327009608,-0.5624482652808988,755.6,196063008,1062.6,979.8363440860213,0.9837106833235238,-0.0202063536662197,498.02,2781710080,712.8,644.0088602150538,0.9838959483074371,-0.08569021691880274,2541.47,3380.16,3055.6620000000003,0.9887271771067945
19.08,2019189,41.33,29.917935483870966,0.9754993426242441,-0.6372875037444102,705.9,166086000,1062.6,960.8649462365593,0.9806381974255524,-0.020189816609525457,475.7,2357570048,712.8,632.3252043010754,0.9818579267526274,-0.10101147845896175,2488.65,3380.16,3018.2435268817203,0.9877543808450411
24.89,2160904,41.33,29.556559139784945,0.9879210801734349,-0.42352577481659814,825.0,278207008,1062.6,950.1690322580644,0.9888684523039498,-0.1076406974812244,534.19,2517040128,712.8,624.7849462365592,0.9880753479171361,-0.12582062035442088,2789.82,3380.16,3001.3092688172046,0.9943893665591619
24.63,2305424,41.33,29.184107526881718,0.9873986815873339,-0.3970738787043798,808.8,227060992,1062.6,938.8197849462367,0.9880555491428127,-0.07726155804385149,533.43,2711889920,712.8,617.4795698924733,0.9883073745805009,-0.14805384203328398,2874.56,3380.16,2990.31,0.9963351764739862
24.88,1069930,41.33,28.833698924731184,0.987993170535444,-0.45166928460273026,785.4,200636000,1062.6,926.3802150537634,0.9867497787201133,-0.06138353492526605,520.2,2235790080,712.8,609.5850752688171,0.9872149703268226,-0.16179402862446735,2836.74,3380.16,2977.123440860215,0.9955902367514455
27.08,1783996,41.33,28.63264516129032,0.9930271255184531,-0.27738284112084843,814.2,211500992,1062.6,916.2701075268818,0.9890864384163311,-0.014937350035414632,526.21,3115699968,712.8,602.3650537634409,0.9881558427227038,-0.13403828592961087,2830.71,3380.16,2963.816774193548,0.9955303611250926
28.77,1245470,41.33,28.54217204301075,0.9968402109630484,-0.16328334699248948,844.7,194688992,1062.6,908.5124731182796,0.9915334633915527,-0.009630923893602206,533.16,2498510080,712.8,595.8336774193548,0.9891571127785725,-0.1632923528185063,2929.8,3380.16,2957.1638709677422,0.9977552919992444
26.34,1890117,41.33,28.292537634408603,0.991253839818989,-0.3076963174616375,814.1,181747008,1062.6,899.1204301075268,0.9896621749412899,0.023609513433135443,501.72,2518190080,712.8,587.5203655913978,0.9860475965978237,-0.1852082825446295,2863.7,3380.16,2946.333483870968,0.9963375762827679
28.17,1020112,41.33,28.169290322580643,0.9956438226425448,-0.2491347082247949,865.9,164268000,1062.6,893.5083870967744,0.9937582966387704,0.008901418092235214,537.84,2431330048,712.8,581.8528387096776,0.9903534801282756,-0.16588045180502486,2955.45,3380.16,2941.685892473118,0.998422584740223
30.36,1126093,41.33,28.19389247311828,1.0008733677794472,-0.15549974783903908,909.4,173160000,1062.6,891.0636559139784,0.9972638967713112,-0.011188622580411645,570.15,2422180096,712.8,578.5377634408602,0.9943025537588354,-0.14912651459083826,3044.31,3380.16,2942.9155053763443,1.0004179959887534
33.86,1101966,41.33,28.447849462365593,1.0090075178334972,-0.060433128365301014,991.9,162704000,1062.6,894.2277419354838,1.0035509090742343,-0.01807573934929052,630.14,3675379968,712.8,579.3204946236558,1.0013529474344773,-0.11726266273072117,3193.93,3380.16,2953.846623655914,1.0037143840044336
29.17,1217396,41.33,28.397827956989246,0.9982416419405439,-0.18658928965482868,908.7,172080992,1062.6,892.1038709677418,0.9976249104471474,-0.05157369270536627,579.51,3538040064,712.8,576.9621075268817,0.9959290459794519,-0.13762839045655828,3041.31,3380.16,2954.71440860215,1.000293781315281
30.74,1397617,41.33,28.456623655913983,1.002070429436145,-0.0932160485288045,939.1,194247008,1062.6,892.229247311828,1.00014054007405,-0.017269630257374935,582.81,2780940032,712.8,575.059311827957,0.9967020439053078,-0.1472908550652764,3097.74,3380.16,2959.393053763441,1.001583450890438
31.06,1570523,41.33,28.542838709677415,1.0030297007405344,-0.0719972631794693,910.1,213239008,1062.6,890.6832258064517,0.9982672373607632,-0.008794118412655538,559.4,2816969984,712.8,571.8696774193548,0.994453381863406,-0.1457657998326688,3009.05,3380.16,2958.376752688172,0.9996565846250208
32.92,929897,41.33,28.75501075268817,1.0074334597609178,-0.10266170856340162,954.8,117606000,1062.6,892.3144086021507,1.0018313837607329,-0.01911896743007324,582.8,1929970048,712.8,570.4678279569893,0.9975486557204928,-0.13939678741744188,3130.01,3380.16,2965.448043010753,1.002390260238543
34.47,1091662,41.33,29.06989247311828,1.0109504991369433,-0.012297744170530533,963.3,134059000,1062.6,894.6941935483871,1.002666980296737,-0.008249722232058554,574.69,1990889984,712.8,568.7543655913979,0.9969963908889872,-0.16765302067046084,3185.04,3380.16,2976.103849462366,1.0035933209070136
39.77,2319550,41.33,29.723333333333333,1.0224782689106713,0.07768319306524174,1031.9,144344992,1062.6,901.656559139785,1.0077818383550528,0.0727400193101525,608.04,2037389952,712.8,569.4323655913978,1.0011920787619712,-0.11729773368315433,3224.73,3380.16,2989.2853763440853,1.004429121948853
40.63,1496405,41.33,30.418236559139782,1.0233790476328288,0.14913087119880664,1044.1,124350000,1062.6,909.4363440860213,1.008628324019135,0.0906304235972214,606.87,1732659968,712.8,570.2068172043012,1.0013600414372286,-0.1146552756038084,3215.63,3380.16,3001.8722580645153,1.0042106658066297
41.56,1895265,41.33,31.15750537634409,1.0243034738640093,0.21643123745101644,1069.0,166783008,1062.6,918.836559139785,1.0103363089840123,0.08913419835251724,605.88,1985549952,712.8,571.0990537634409,1.001564759543764,-0.14471626366523893,3271.12,3380.16,3018.0915913978497,1.0054030724624479
39.87,2257505,41.56,31.767354838709675,1.0195731158512005,0.1535091835102096,1109.2,127624000,1069.0,930.7643010752687,1.01298135323071,0.12086752878950924,634.74,1906200064,712.8,574.0539784946236,1.0051741019560623,-0.11690699504109292,3351.28,3380.16,3039.4045376344084,1.00706172943767
40.55,1487044,41.56,32.407053763440864,1.0201369905671747,0.15428223146022724,1128.2,113158000,1109.2,943.7729032258065,1.0139762581520473,0.16191530236898843,654.39,1943239936,712.8,578.412623655914,1.0075927444536146,-0.09367688757010972,3372.85,3380.16,3061.9243010752693,1.0074092682175135
42.51,1479513,41.56,33.15993548387097,1.0232320323200577,0.2632570047599194,1130.0,101884000,1128.2,956.7466666666666,1.0137467005002112,0.1750883398445543,644.59,1304429952,712.8,582.2625376344087,1.0066559992314152,-0.11593550572058098,3397.16,3380.16,3085.9194838709677,1.0078366348858696
43.07,1446723,42.51,33.9290752688172,1.023194851670334,0.29399308088660137,1141.1,94570000,1130.0,970.2761290322582,1.0141411126236046,0.1871784742156687,664.07,1757319936,712.8,587.498129032258,1.0089918053445792,-0.11688740086647198,3508.01,3397.16,3116.8475913978496,1.0100223313305912
39.0,1521645,43.07,34.41247311827957,1.014247303990234,0.1129898340993909,1123.5,109053000,1141.1,982.4133333333335,1.012509020821919,0.17065521712078924,655.8,1831480064,712.8,592.2432903225806,1.0080768960032926,-0.09987636465462568,3426.96,3508.01,3141.9391612903223,1.0080503037625974
36.04,1458724,43.07,34.692838709677424,1.0081472084390508,-0.019474368135465436,1129.2,97586000,1141.1,994.7466666666667,1.0125541184294458,0.21411459652440834,653.85,1403970048,712.8,596.9688817204301,1.0079791387679133,-0.07110789448016075,3340.97,3508.01,3161.2695483870975,1.0061523747292538
35.5,1810412,43.07,34.935763440860214,1.0070021578002213,-0.0883066672688746,1150.8,138235008,1141.1,1008.3303225806451,1.013655392241219,0.25510333651513606,663.78,2192270080,712.8,602.4618924731183,1.0092015026593306,-0.05181462747396259,3319.47,3508.01,3179.29711827957,1.0057026361139214
34.26,1458990,43.07,35.100903225806455,1.0047269550936189,0.06855862428589088,1129.6,108339000,1150.8,1020.3161290322579,1.0118867856923486,0.266081251637009,646.54,1711869952,712.8,606.9293978494625,1.0074154157004105,-0.07100340096550406,3298.46,3508.01,3196.0085161290317,1.0052563183709313
36.53,1167035,43.07,35.40688172043011,1.0087171117123475,0.16461618387373012,1162.3,122359000,1150.8,1033.9868817204303,1.0133985460968247,0.23479877981454977,655.83,1715660032,712.8,611.9357204301075,1.0082486078255295,-0.0485633537941641,3348.44,3508.01,3215.2041290322577,1.0060061206991011
38.91,1334045,43.07,35.85486021505377,1.0126523001421268,0.6112385098861792,1210.7,105745000,1162.3,1050.3959139784947,1.015869671606241,0.346419312847668,682.05,1819730048,712.8,618.5316559139784,1.0107788044784096,0.007704064893217399,3477.13,3508.01,3241.893569892472,1.0083010097614697
37.25,1725256,43.07,36.16378494623656,1.0086159792376792,1.0298929131561558,1207.7,87414000,1210.7,1065.8724731182797,1.014734024508117,0.44982533445120465,689.55,1491609984,712.8,625.2814623655914,1.0109126289448178,0.08678558875624609,3483.81,3508.01,3267.366430107527,1.0078574017517483
36.26,1290357,43.07,36.3683440860215,1.0056564637824568,0.7346377583180932,1204.5,99667000,1210.7,1080.0032258064514,1.0132574515662565,0.4551096332443494,685.74,1641760000,712.8,631.2303870967742,1.0095139950394123,0.013395015640706331,3465.39,3508.01,3289.1156559139777,1.006656500356385
35.5,1565183,43.07,36.490645161290324,1.0033628442081264,0.8596248854397917,1176.0,131156000,1210.7,1091.3298924731184,1.0104876229959492,0.5034514791335825,641.01,1986370048,712.8,633.8898064516129,1.004213072452152,0.033559604244219,3269.96,3508.01,3296.2695698924726,1.0021750265806653
39.91,2031021,43.07,36.86215053763441,1.0101808388068234,0.5799644531361554,1254.3,138420992,1210.7,1106.6972043010753,1.0140812708732208,0.5192752009894868,687.16,1595160064,712.8,639.1711397849461,1.0083316268530915,0.028413829177349692,3509.44,3508.01,3317.1935698924735,1.0063477818049582
38.0,1712246,43.07,37.07812903225807,1.0058590855789369,0.5379612416523718,1252.6,149335008,1254.3,1121.0316129032258,1.0129524214450358,0.46574226809973474,723.41,2453100032,712.8,646.4622150537634,1.0114070783472333,0.1089483767717232,3585.15,3509.44,3341.454516129033,1.007313696269267
40.15,1659332,43.07,37.40406451612903,1.0087905051408446,0.5963916117753567,1258.3,135983008,1254.3,1134.7793548387097,1.012263473908537,0.48786547439870676,730.99,1907570048,723.41,653.8337634408603,1.0114029067986343,0.151115046050188,3557.54,3585.15,3362.4060215053764,1.0062701752411147
40.26,1086367,43.07,37.704258064516125,1.0080256932574172,0.4250630982932557,1266.5,79360000,1258.3,1148.0391397849462,1.0116849014653788,0.4383842362615322,748.75,1529660032,730.99,661.897806451613,1.012333475971499,0.13759742653986717,3638.35,3585.15,3387.0209677419343,1.0073206347119072
40.44,1733574,43.07,37.98772043010753,1.0075180465056857,0.3550893492393927,1249.4,148068992,1266.5,1159.223010752688,1.0097417157483295,0.36283493611446294,751.94,2127640064,748.75,669.6890752688173,1.0117711053598633,0.14776138564918928,3699.12,3638.35,3413.8196989247317,1.0079121834314075
42.25,1448121,43.07,38.362860215053765,1.0098752907702488,0.5516492976461655,1249.1,107857000,1266.5,1169.517204301075,1.0088802529391674,0.36536237856027376,748.01,1932969984,751.94,676.7563010752688,1.0105529955130514,0.21161627008294492,3663.46,3699.12,3436.663333333334,1.0066915175443498
45.66,1870618,43.07,38.92378494623656,1.01462155657942,0.5599297079288748,1277.3,141998000,1266.5,1180.6952688172041,1.00955784530148,0.36565888035415917,748.53,1696969984,751.94,683.3274193548388,1.0097097260404218,0.13662524193782333,3709.41,3699.12,3460.7515698924735,1.0070091929941172
45.84,871667,45.66,39.45870967741935,1.0137428755174158,0.39974358961303746,1283.4,61019000,1277.3,1191.3821505376343,1.0090513462725534,0.36622353552170117,744.1,1005379968,751.94,689.1596344086021,1.0085350227263963,0.08870785738352338,3703.06,3709.41,3482.808709677419,1.0063735114582728
44.22,945694,45.84,39.85582795698924,1.0100641476322056,0.21224382576576528,1283.7,55568000,1283.4,1201.2840860215056,1.0083113008528815,0.30076498325244916,749.54,854480000,751.94,694.9687311827958,1.008429246990327,0.013479097537566265,3756.07,3709.41,3506.869182795699,1.0069083533216812
45.4,1603312,45.84,40.30679569892473,1.0113149761290159,0.461240951790685,1346.2,140368992,1283.7,1214.590752688172,1.0110770356666725,0.47112992584354596,757.79,1587760000,751.94,701.0533118279569,1.0087551862006878,0.05006270757670239,3824.68,3756.07,3534.1472043010754,1.0077784542517865
45.01,1591865,45.84,40.69769892473118,1.0096981965206646,0.32220179037324304,1344.9,100718000,1346.2,1226.8726881720431,1.0101119948893802,0.3950244796951945,751.1,1361280000,757.79,706.32288172043,1.0075166464569334,0.07230485001562559,3768.25,3824.68,3556.099913978494,1.0062116002555588
49.33,1384074,45.84,41.33662365591398,1.0156992839414452,0.4386289186564132,1369.0,82629000,1346.2,1239.8367741935483,1.010566773673005,0.4093150501248697,748.41,1025350016,757.79,711.0569892473118,1.0067024694362876,0.061241065022909824,3841.47,3824.68,3581.3345376344087,1.0070961514767123
44.06,1622212,49.33,41.59625806451613,1.0062809776328938,0.2732371875807693,1290.8,148795008,1369.0,1246.768817204301,1.00559109324311,0.3167811640085103,717.01,2413400064,757.79,713.358817204301,1.0032371919435399,0.04363047610937709,3714.24,3841.47,3596.570623655914,1.0042543040482248
46.25,1226696,49.33,41.97322580645161,1.0090625397445798,0.2743883009745942,1342.1,96975000,1369.0,1256.2879569892473,1.0076350480165934,0.30626307403291064,752.03,1336400000,757.79,717.631376344086,1.0059893549175287,0.08824429621529406,3886.83,3841.47,3621.6851397849455,1.006982906428653
48.24,1852105,49.33,42.45324731182796,1.0114363739301298,0.16307583060140152,1388.4,120644000,1369.0,1267.9795698924731,1.009306475349207,0.24652351544367423,762.72,1117869952,757.79,722.2122365591397,1.0063833053654796,0.03418667624069416,3934.83,3886.83,3648.3872043010747,1.007372828803587
47.95,1872010,49.33,42.89634408602151,1.0104372881287245,0.10348317786163785,1402.0,89000000,1388.4,1279.781935483871,1.0093080092705269,0.24521889453752266,768.39,935369984,762.72,726.8262580645162,1.006388733493854,0.0512397679011265,3906.71,3934.83,3671.7479784946236,1.0064030413674319
46.2,3193587,49.33,43.21079569892473,1.0073304991276795,0.05201223646485431,1365.2,124878000,1402.0,1288.440430107527,1.0067656015322504,0.24398824329185853,764.55,1815090048,768.39,730.845182795699,1.0055294159870956,0.09679329697531758,3811.15,3934.83,3687.4573978494623,1.0042784579570407
49.02,2138285,49.33,43.69720430107526,1.0112566453425118,0.1328727410176247,1380.6,126880000,1402.0,1297.4554838709676,1.0069968727717495,0.23239790138857663,788.1,1736729984,768.39,736.0422365591398,1.0071110187024297,0.09520100824142697,3841.94,3934.83,3703.9919139784947,1.0044839883814456
54.91,2703422,49.33,44.54393548387097,1.0193772392613885,0.26508624201556774,1449.1,106799000,1402.0,1310.3062365591397,1.0099045808106124,0.19456948513821226,816.2,2026909952,788.1,742.7223870967742,1.0090757706634648,0.07812662479846555,3943.34,3934.83,3726.013182795699,1.0059452799381388
54.71,1467385,54.91,45.346881720430105,1.0180259383872778,0.2120413462156583,1438.5,147478000,1449.1,1321.7830107526884,1.0087588487891859,0.1944072118359348,813.8,1771970048,816.2,748.8997204301074,1.0083171497731203,0.11063403257638726,3913.1,3943.34,3744.856623655914,1.0050572662885955
54.72,1560484,54.91,46.12423655913978,1.0171424100008062,0.22566612514103523,1484.3,133694000,1449.1,1335.551182795699,1.0104163632994272,0.19753490666056872,831.5,1402450048,816.2,755.8550967741935,1.0092874601957276,0.11913710603751726,3974.54,3943.34,3766.5543870967736,1.0057940171337394
56.67,1065626,54.91,47.00234408602151,1.0190378766650334,0.44120131093196724,1488.6,97149000,1484.3,1348.8587096774193,1.0099640710540674,0.20707319853073258,835.29,940310016,831.5,762.6949247311829,1.009049125931915,0.10068284922519855,4019.87,3974.54,3790.1733763440857,1.0062707150408408
60.33,1669221,56.67,48.0785806451613,1.0228975082002318,0.6798506740602357,1530.1,107329000,1488.6,1364.0584946236559,1.0112686264596769,0.21077927035314037,849.97,1081799936,835.29,770.0958494623654,1.0097036501636496,0.06413770877714287,4128.8,4019.87,3819.5450322580646,1.007749422782952
62.91,1378963,60.33,49.269032258064506,1.0247605398688702,0.7959560924264447,1567.2,99817000,1530.1,1380.789677419355,1.0122657370352108,0.18599009782773113,854.96,1143410048,849.97,777.3969462365592,1.0094807636988188,0.02713209330255717,4185.47,4128.8,3850.8785591397855,1.0082034709938206
61.68,1371679,62.91,50.32118279569893,1.0213552101474899,0.7737621972494773,1587.0,111267000,1567.2,1397.9027956989248,1.0123937182899234,0.17883554356839504,858.65,1295539968,854.96,784.5249677419356,1.0091690886359712,0.060759822697173504,4180.17,4185.47,3880.007784946237,1.0075643065235893
61.72,1187723,62.91,51.31694623655913,1.0197881565086206,0.6584474008428438,1579.7,130192000,1587.0,1413.5612903225806,1.0112014187766374,0.17664930810675927,861.51,1342630016,858.65,791.3813548387096,1.0087395396943306,0.06492593010496472,4181.17,4185.47,3907.305376344086,1.0070354475843475
66.0,1907764,62.91,52.53466666666667,1.0237294016774523,0.6741517618138537,1657.9,117628000,1587.0,1433.367311827957,1.0140114345525526,0.21322545946095794,890.44,1158480000,861.51,799.661870967742,1.0104633702555703,0.08826652049537631,4232.6,4185.47,3936.1302150537635,1.0073771655740529
64.45,3217765,66.0,53.59412903225807,1.0201669189663598,0.6914947669723468,1635.3,134408992,1657.9,1450.7535483870965,1.0121296449386494,0.18228284659263094,884.78,1275490048,890.44,807.1290752688172,1.009337952167256,0.0850561735473705,4173.85,4232.6,3959.540064516129,1.0059474275959759
60.24,2360418,66.0,54.323483870967735,1.0136088570125037,0.6132681771842137,1601.4,119254000,1657.9,1465.0331182795696,1.0098428640125325,0.13161605613230432,869.73,1203369984,890.44,813.2054623655915,1.007528395746059,0.06906127327033418,4155.86,4232.6,3980.3053118279568,1.0052443584288786
61.05,1869114,66.0,55.05352688172043,1.0134388105977654,0.6384975961741854,1632.9,121306000,1657.9,1480.4913978494624,1.010551488138402,0.11177776179988697,886.44,1293880064,890.44,819.9642365591399,1.0083112749561314,0.0972038648898157,4204.11,4232.6,4002.6985806451607,1.0056260178712069
59.28,2178653,66.0,55.614430107526886,1.010188325027959,0.41565477968192166,1617.4,85561000,1657.9,1493.9670967741934,1.0091021798196906,0.029268536132415646,888.37,889169984,890.44,826.3197204301075,1.0077509281351555,0.08752473774933045,4229.89,4232.6,4024.7461505376345,1.005508176408557
57.27,2176444,66.0,56.004,1.007004834747383,0.40333510919983917,1611.9,109935000,1657.9,1506.3070967741935,1.0082598874008972,0.06543940369750145,872.96,988590016,890.44,831.2483010752688,1.005964495973297,0.021997778955503255,4247.44,4232.6,4046.376623655914,1.0053743695401485
52.67,2844159,66.0,56.055354838709675,1.0009169851923019,0.2212902557791676,1560.4,147400000,1657.9,1514.5518279569892,1.0054734729727106,0.03173608609451595,840.16,1251779968,890.44,833.7391397849461,1.0029965038201645,-0.021815000315032806,4166.45,4247.44,4061.3576559139788,1.0037023326426122
52.25,2423242,66.0,56.05268817204302,0.99995242797634,0.2073989493209638,1617.4,130251000,1657.9,1525.824301075269,1.0074427780616035,0.0484323576423642,865.68,1100729984,890.44,837.6416559139786,1.0046807399854576,-0.020382864758289543,4280.7,4247.44,4082.4001720430106,1.0051811531787629
53.48,1841124,66.0,56.10359139784946,1.0009081317500814,0.24157427356515715,1643.6,107456000,1657.9,1538.0324731182795,1.008001033955487,0.10355303994790943,873.16,1142470016,890.44,841.7752903225804,1.0049348481888611,-0.01537827425664351,4352.34,4280.7,4106.683225806452,1.005948229654147
54.23,1803252,66.0,56.174838709677424,1.00126992426069,0.2373452833861982,1655.7,85577000,1657.9,1550.1735483870966,1.007893900474157,0.044675646277945624,875.18,943246912,890.44,845.7785591397851,1.0047557452246794,-0.022727462522025066,4369.55,4352.34,4130.67182795699,1.0058413568399414
46.65,3270724,66.0,55.73129032258064,0.9921041448932478,-0.02738617908483243,1645.7,106343000,1657.9,1560.7950537634413,1.00685181693843,0.0018925288039028931,861.83,1184388992,890.44,848.6470537634408,1.0033915433214258,-0.015172579300230638,4327.16,4369.55,4150.40711827957,1.0047777434626999
47.57,1931709,66.0,55.34496774193547,0.9930681206480403,-0.014476326386956728,1688.2,104419000,1657.9,1573.36623655914,1.0080543456140425,0.023611543293111437,875.77,1421620096,890.44,852.1712473118279,1.0041527199473075,-0.014441041536932708,4411.8,4369.55,4174.274559139784,1.0057506264277294
49.0,1399637,66.0,55.047182795698916,0.994619475656304,0.0256918461826543,1704.8,111749000,1688.2,1586.1378494623657,1.0081173808147532,0.05537269663577704,873.59,1215902720,890.44,855.2716344086022,1.003638220729172,-0.004673702135865376,4395.26,4411.8,4195.550731182796,1.0050969747537153
51.14,2683945,66.0,54.87718279569892,0.9969117402314497,0.06905466888134626,1719.8,100548000,1704.8,1598.9716129032256,1.0080912030724252,-0.03758975793534769,875.1,946720448,890.44,858.2026666666666,1.0034270191365473,-0.005166132148757052,4436.52,4411.8,4218.11423655914,1.0053779603256003
53.8,1714191,66.0,54.866451612903234,0.9998044509165924,0.11238716431576345,1743.0,81458000,1719.8,1612.4987096774191,1.0084598729990162,0.004760453727047587,887.01,817517888,890.44,861.6498064516129,1.004016696660167,-0.004748335096274037,4468.0,4436.52,4241.392924731183,1.0055187429421142
51.3,1575371,66.0,54.67552688172043,0.9965201917461362,-0.036587212382907186,1727.0,80785000,1743.0,1624.1374193548388,1.007217810226805,-0.019095260729822483,866.26,819059968,890.44,863.4659569892473,1.0021077594679833,0.0012248918817754362,4441.67,4468.0,4261.46806451613,1.0047331478458152
56.35,1436366,66.0,54.80617204301075,1.0023894632341257,0.18528465013251805,1772.1,74329000,1743.0,1637.9159139784947,1.0084835768571412,0.09472297525223539,885.51,758270016,890.44,866.2706021505378,1.0032481247680798,0.020927599582637235,4509.37,4468.0,4284.620193548388,1.0054328998086455
55.78,1562350,66.0,54.87361290322581,1.0012305340384315,0.10316163379567977,1770.1,88954000,1772.1,1650.5303225806454,1.007701499505863,0.030443301131988676,881.86,784230016,890.44,868.4773978494624,1.0025474669155876,0.0057681858603093605,4535.43,4509.37,4307.743655913979,1.005396852304531
53.13,979462,66.0,54.74959139784946,0.9977398698788965,0.007221153759334076,1731.7,82375000,1772.1,1659.74688172043,1.0055839986783002,0.02271514643482697,859.64,778080000,890.44,868.9714408602152,1.0005688611033243,-0.0060345981907075075,4458.58,4535.43,4324.514215053764,1.0038931191081348
51.88,1672599,66.0,54.534408602150535,0.9960696912944016,-0.03635937098577924,1680.3,138804000,1772.1,1664.9090322580644,1.0031102034861383,-0.03256565752494778,846.2,1102630016,890.44,868.3899569892474,0.9993308366148463,-0.03344813513295253,4432.99,4535.43,4338.507462365591,1.0032357963498226
51.95,1464871,66.0,54.315290322580644,0.9959820178638327,0.07744791276828789,1676.3,126748000,1772.1,1669.2146236559138,1.0025860820708083,-0.009527655855333883,852.92,1065859968,890.44,868.074688172043,0.9996369501804265,-0.05348012495849375,4455.48,4535.43,4352.819892473119,1.0032989294663386
52.6,1098410,66.0,54.12574193548386,0.9965102204927738,0.07820111680509112,1622.8,137904992,1772.1,1669.3995698924732,1.0001107983562678,-0.051010475298564284,838.5,969219968,890.44,866.6390537634408,0.9983461856126397,-0.0701242178913708,4357.05,4535.43,4359.396344086021,1.0015108485476907
52.93,1443464,66.0,53.949784946236555,0.9967491071169604,-0.06932843160703195,1639.5,119635000,1772.1,1670.1410752688168,1.0004441748936064,-0.01993557174834093,853.35,868089984,890.44,866.0530967741937,0.9993238742395666,-0.06809854227872414,4391.36,4535.43,4367.078580645161,1.0017622248478422
56.26,1515410,66.0,53.992924731182804,1.000799628487662,-0.03312846621611665,1685.8,117859000,1772.1,1673.4602150537635,1.0019873409702305,-0.03214771466700861,869.92,865350016,890.44,866.4562795698926,1.0004655405046188,-0.07370650671661472,4471.37,4535.43,4378.959268817204,1.0027205116538773
55.87,1316659,66.0,54.00756989247312,1.000271242229667,-0.0063699077854486585,1732.4,99013000,1772.1,1679.2539784946237,1.0034621459110542,-0.025230539539659036,885.75,821459968,890.44,867.760064516129,1.0015047325260122,-0.07825986335678414,4544.9,4535.43,4394.383247311828,1.0035222932089045
54.23,1498974,66.0,53.913935483870965,0.9982662725097875,-0.15449004761223095,1756.9,126539000,1772.1,1686.0948387096773,1.0040737495951544,-0.010795819986915589,883.3,904259968,890.44,868.78911827957,1.0011858736135948,-0.08817692003323652,4605.38,4544.9,4412.482580645161,1.0041187425662985
66.8,2852120,66.0,54.63651612903226,1.0134024837674382,0.0013191191926769097,1787.9,130355000,1772.1,1694.3587096774193,1.0049011898844706,-0.02618454223716804,899.52,923329984,890.44,870.761376344086,1.0022701228906061,-0.07945086998716633,4697.53,4605.38,4435.267913978494,1.0051638353051586
66.09,1383524,66.8,55.29937634408603,1.0121321830529664,0.008258938389321013,1860.0,99215000,1787.9,1706.7197849462368,1.0072954299453927,0.02313884907234054,903.16,813750016,899.52,872.8619139784947,1.0024122999612453,-0.06245801524311623,4682.85,4697.53,4455.883075268817,1.004648008122655
68.9,1190166,66.8,56.13668817204301,1.0151414334719984,0.09162509083906034,1870.4,111215000,1860.0,1719.1221505376345,1.0072667849173544,0.03875392601814576,892.29,882990016,903.16,874.157505376344,1.0014843028170906,-0.0846903889692141,4697.96,4697.53,4476.403440860216,1.0046052298152282
68.16,948439,68.9,56.910731182795686,1.0137885407201161,0.10619963191241977,1832.0,80590000,1870.4,1728.4376344086024,1.0054187446005827,0.04251174285922166,870.76,796360000,903.16,873.9917204301073,0.999810348884249,-0.08814684340462242,4594.62,4697.96,4489.143182795699,1.0028459771563922
68.27,1890595,68.9,57.67802150537634,1.0134823487000393,0.025474798448041014,1839.4,144166000,1870.4,1737.6879569892474,1.005351840527246,-0.018366998018189307,862.21,1411949952,903.16,873.2544301075269,0.9991564104037306,-0.10395925136247985,4538.43,4697.96,4497.368623655913,1.0018322963927142
66.78,1275326,68.9,58.34430107526882,1.01155170639531,0.040549695019387766,1885.6,110117000,1870.4,1749.5286021505378,1.006814022686677,-0.01726906982823362,888.5,1054320000,903.16,874.2739784946236,1.0011675273001148,-0.12473407500795375,4712.02,4697.96,4516.135720430108,1.0041729060578848
64.29,2508660,68.9,58.8449247311828,1.0085805065222762,0.11842871447573322,1829.8,154104000,1885.6,1757.2309677419353,1.0044025376789665,-0.03581388046784051,863.98,1189520000,903.16,873.7035913978494,0.9993475877004182,-0.1184485082891037,4620.64,4712.02,4527.849978494624,1.002593867587177
68.41,1137362,68.9,59.60264516129032,1.0128765638424888,0.17456292122366135,1850.6,75859000,1885.6,1765.7840860215053,1.0048673842178875,-0.026764847105415157,879.3,737260032,903.16,874.1339569892472,1.0004925761959031,-0.13214040679345718,4725.78,4712.02,4545.347935483872,1.0038645178334873
71.2,1051966,68.9,60.5245376344086,1.0154673080468755,0.2379890162400915,1902.1,68733000,1885.6,1777.1916129032259,1.0064603180943956,0.008613656274484072,894.96,600590016,903.16,875.5899999999999,1.0016656978019338,-0.11936772263612427,4766.18,4725.78,4564.33047311828,1.0041762562302916
69.03,1149536,71.2,61.28079569892473,1.0124950655399338,0.2461997837348966,1801.6,128303000,1902.1,1781.5030107526882,1.0024259611727624,0.02922064525298307,900.75,952899968,903.16,877.4054193548387,1.0020733669352537,-0.0693043489646179,4677.02,4766.18,4576.407440860215,1.002645945076296
70.35,1289383,71.2,62.09692473118279,1.013317859583086,0.3868672565592419,1741.3,123281000,1902.1,1781.5161290322583,1.0000073636022453,0.020067695305248545,895.18,981230016,903.16,878.8017204301075,1.0015913978241615,-0.053654669208672345,4662.85,4766.18,4586.646387096775,1.0022373327482037
68.76,1533389,71.2,62.77245161290323,1.0108785883462796,0.3613699899941575,1639.8,122875000,1902.1,1774.5918279569892,0.9961132537828717,-0.03709623434510134,855.63,938249984,903.16,877.5280860215054,0.998550714707319,-0.03899507861310769,4397.93,4766.18,4578.7261935483875,0.9982732059810261
71.06,2786542,71.2,63.56086021505377,1.0125597866881542,0.32156761649870713,1613.6,175296000,1902.1,1765.9290322580646,0.9951184291720211,-0.06694416489987165,843.04,1351239936,903.16,875.463806451613,0.9976476199419995,-0.05276372984863287,4431.85,4766.18,4572.742279569893,0.9986931050852252
76.67,3582685,71.2,64.67339784946236,1.0175035018507363,0.40811644586426143,1575.5,167068992,1902.1,1754.8726881720431,0.9937390779108015,-0.0678744634996079,846.52,1132739968,903.16,873.688817204301,0.9979725155577748,-0.06272546442159255,4500.54,4766.18,4571.018989247312,0.9996231385419903
79.76,2133990,76.67,65.9370322580645,1.019538704484701,0.7357260491616037,1553.0,150295008,1902.1,1742.5372043010755,0.992970724341367,-0.04117185571049664,840.15,1147890048,903.16,871.564494623656,0.9975685592641066,-0.0462966600437652,4418.64,4766.18,4563.730129032258,0.9984054189597114
82.56,1637634,79.76,67.31010752688172,1.0208240380525966,0.7879296166891333,1550.0,141530000,1902.1,1730.2075268817205,0.9929242960271254,-0.048017354833833625,830.34,1050950016,903.16,868.8538924731183,0.9968899580383801,-0.03761033135031744,4348.87,4766.18,4551.743247311828,0.9973734464173997
76.35,4704699,82.56,68.20729032258065,1.0133290946733462,0.6058804326415523,1562.7,124310000,1902.1,1718.9944086021503,0.9935192061614834,-0.07287157304667291,836.86,1023160000,903.16,866.661634408602,0.997476839220601,-0.03962410553368434,4384.62,4766.18,4542.198150537634,0.9979029799671081
77.84,2193106,82.56,69.14178494623656,1.0137008026449414,0.5423619872228796,1527.8,168120000,1902.1,1705.8352688172047,0.9923448617871617,-0.11123001399755705,846.81,1450409984,903.16,865.1903010752688,0.9983022978346824,-0.008063220345461808,4328.87,4766.18,4529.079161290323,0.997111753205712
76.7,2035162,82.56,69.94531182795698,1.0116214367671479,0.4595911345021888,1469.5,150866000,1902.1,1689.327741935484,0.9903229067991034,-0.13845951949599078,826.0,1628889984,903.16,862.4372258064517,0.9968179540785471,-0.0097641797102207,4204.31,4766.18,4508.155548387097,0.9953801618037373
81.41,2008876,82.56,71.0034623655914,1.0151282553466503,0.6332886409425483,1576.7,159015008,1902.1,1680.3245161290324,0.99467052746311,-0.08951522969827064,867.47,1451469952,903.16,862.4908387096775,1.000062164412228,-0.003425701180106655,4463.09,4766.18,4504.4944946236565,0.9991879042938635
72.8,2109381,82.56,71.44137634408602,1.0061675017513911,0.3574097768889868,1531.4,127854000,1902.1,1668.7219354838708,0.9930950357899374,-0.14532630209695496,877.48,1014899968,903.16,863.1876559139785,1.000807912586461,-0.01653489551917897,4543.04,4766.18,4505.945440860215,1.0003221107803084
70.63,1906021,82.56,71.70391397849463,1.003674868092464,0.3597250233344631,1526.4,133641000,1902.1,1657.3144086021505,0.9931639138677634,-0.1514095738881348,864.37,1116509952,903.16,863.0559354838708,0.9998474023241584,-0.022132751776696713,4545.86,4766.18,4507.505913978494,1.0003463142505298
68.15,1842295,82.56,71.77451612903226,1.0009846345425273,0.3619066194948065,1480.3,155904992,1902.1,1643.4567741935484,0.991638500011419,-0.20790601475667647,841.81,1072310016,903.16,861.5063440860214,0.9982045295859292,-0.02740255421109039,4488.28,4766.18,4505.329118279569,0.99951707313524
71.19,1119435,82.56,72.00894623655913,1.003266202548902,0.4647433087734727,1438.8,103220000,1902.1,1627.4623655913979,0.9902678252003317,-0.18923495865506224,845.44,245080000,903.16,860.2292903225806,0.998517650192355,0.008215354907149752,4392.59,4766.18,4496.914903225807,0.9981323861514084
74.63,1579256,82.56,72.42378494623655,1.0057609329306754,0.47758819945493247,1436.3,127066000,1902.1,1611.8260215053765,0.9903921931366202,-0.2178419134064815,832.24,1106860032,903.16,858.1022580645161,0.9975273659220941,0.016984006384145545,4271.78,4766.18,4480.793376344086,0.9964149806637086
75.58,1577431,82.56,72.85113978494623,1.005900752619142,0.42422962136974895,1423.7,192348992,1902.1,1595.8929032258063,0.9901148647143136,-0.15966558405071563,804.56,1197970048,903.16,854.2338924731183,0.9954919526722572,0.011190944029415006,4131.93,4766.18,4456.044322580645,0.9944766357908621
76.03,1772017,82.56,73.25810752688173,1.0055862920351948,0.45268829230947727,1402.5,198024000,1902.1,1579.0202150537636,0.989427430789411,-0.15007914765956953,807.37,1129420032,903.16,850.6198064516128,0.9957692078793055,0.007151723810212118,4123.34,4766.18,4431.225204301075,0.9944302353201917
79.37,1802472,82.56,73.83088172043011,1.0078185775320254,0.4275495739140106,1404.6,180430000,1902.1,1562.7926881720432,0.9897230404481123,-0.10060033147545189,786.26,1174339968,903.16,845.7426666666664,0.9942663693603708,0.00390694753320342,4023.89,4766.18,4400.566344086023,0.9930811775972718
76.72,1843215,82.56,74.18298924731184,1.0047691090594721,0.3877169873589277,1347.2,156058000,1902.1,1543.466666666667,0.9876336627041803,-0.11112004733744185,757.2,1035470016,903.16,839.1706021505374,0.9922292385436441,-0.003535169986758735,3901.36,4766.18,4362.964645161291,0.9914552591678875
82.57,1932792,82.56,74.86767741935485,1.0092297193600597,0.6002070874153314,1442.5,122376000,1902.1,1531.1174193548388,0.9919990191051563,-0.1166084241719324,805.12,924510016,903.16,835.9666021505375,0.9961819444201345,0.008581793471081678,4158.24,4766.18,4343.319806451613,0.9954973646803522
81.38,1869359,82.57,75.41464516129032,1.0073057928439766,0.347565177029836,1431.0,118915000,1902.1,1518.702365591398,0.9918915077272962,-0.10900026700320198,805.43,854280000,903.16,832.9507311827957,0.9963923547184979,0.020782682765048577,4108.54,4766.18,4321.430107526882,0.9949601457179793
77.2,1648003,82.57,75.66058064516129,1.0032611104029592,0.2807308930538772,1345.6,107352000,1902.1,1501.5451612903225,0.9887027210269774,-0.13031486801766212,765.48,838060032,903.16,827.5597849462366,0.9935278930256728,0.014547652500446207,3900.86,4766.18,4287.408344086021,0.9921271980352978
64.91,3364247,82.57,75.08972043010755,0.9924549850108737,0.11946141405764044,1212.1,194010000,1902.1,1476.8812903225808,0.983574339551301,-0.16004398545359166,720.96,1388889984,903.16,819.5926666666666,0.9903727580478217,0.02576806626392747,3674.84,4766.18,4240.486344086022,0.9890558593363931
59.17,2603370,82.57,74.15711827956989,0.9875801621687257,-0.03826911515616138,1265.0,165551008,1902.1,1457.0460215053763,0.9865694900821229,-0.18753106501860828,751.42,904329984,903.16,813.9591612903226,0.9931264570737856,0.011573312110565892,3911.74,4766.18,4211.0484731182805,0.993057902188791
