126.87,1660760,148.51,116.5583870967742,1.0073247104294465,0.045693938801147915,6101.6,978764992,5856.9,5489.372258064516,1.010428973051869,0.13759762650816287,2836.9,2368130048,2796.1,2685.8470967741932,1.005617248333377,0.04632082598180931,4605.38,4544.9,4412.482580645161,1.0041187425662985
129.37,2064569,148.51,117.53374193548386,1.0083679507155487,0.05044049881494228,6162.8,874942016,6101.6,5546.732688172044,1.010449360584584,0.08394547679098818,2931.7,2399820032,2836.9,2705.983440860215,1.007497204181953,0.03916985569674547,4697.53,4605.38,4435.267913978494,1.0051638353051586
128.26,1718220,148.51,118.40202150537635,1.0073874919286507,-0.017476771498292853,6190.8,1080209024,6162.8,5603.011612903227,1.010146319986033,0.09524121810004194,2936.4,2316699904,2931.7,2725.4752688172043,1.0072032325337485,0.047652981941293415,4682.85,4697.53,4455.883075268817,1.004648008122655
119.51,1573704,148.51,118.68606451612904,1.00239897095625,-0.11858031756174647,6238.1,911392000,6190.8,5659.603870967742,1.0101003285329961,0.13146944332982136,3005.8,2480750080,2936.4,2748.543225806452,1.0084638291358479,0.07571677828137235,4697.96,4697.53,4476.403440860216,1.0046052298152282
110.68,1968738,148.51,118.40159139784947,0.9976031464229661,-0.1581512951910432,5955.1,857326016,6238.1,5695.075268817204,1.0062674700664866,0.13195357972156252,2908.6,2044780032,3005.8,2764.2647311827955,1.0057199411050668,0.08704133541636394,4594.62,4697.96,4489.143182795699,1.0028459771563922
103.43,3012334,148.51,117.66094623655914,0.9937446350801009,-0.13658937984208674,5720.9,1388157056,6238.1,5712.882580645161,1.003126791304315,0.09697945929633,2895.7,3252819968,3005.8,2778.173333333333,1.0050315738552966,0.11431195193096255,4538.43,4697.96,4497.368623655913,1.0018322963927142
105.65,2551167,148.51,117.07221505376343,0.9949963755891266,-0.06314123771015034,6029.1,1093100032,6238.1,5748.315483870968,1.006202281024618,0.13506590408681918,3068.9,2615810048,3005.8,2802.276989247312,1.0086760806551471,0.1572727221790169,4712.02,4697.96,4516.135720430108,1.0041729060578848
103.89,4010287,148.51,116.36791397849463,0.9939840458733495,-0.08443366408686914,5715.1,1311256064,6238.1,5760.456989247313,1.002112184936685,0.05477844674031762,2944.9,3316379904,3068.9,2816.9120430107528,1.005222557876897,0.12075105295958477,4620.64,4712.02,4527.849978494624,1.002593867587177
103.92,1304956,148.51,115.66587096774192,0.9939670396525073,-0.0908717030200411,5874.6,747123008,6238.1,5780.564516129032,1.0034906131439316,0.07826226223221289,3041.1,1755000064,3068.9,2836.558494623656,1.006974463992104,0.12899434486249373,4725.78,4712.02,4545.347935483872,1.0038645178334873
103.54,936185,148.51,114.93941935483872,0.9937193952993636,-0.10727959465931547,5870.4,640998976,6238.1,5797.969462365591,1.0030109423029525,0.0658936297435373,3055.4,1630649984,3068.9,2855.8066666666664,1.0067857483212468,0.11747221953872922,4766.18,4725.78,4564.33047311828,1.0041762562302916
96.21,2363330,148.51,113.73578494623658,0.9895280973633048,-0.21292713626039095,5405.8,1232411008,6238.1,5783.012043010753,0.9974202314358627,0.010072328976971301,2912.0,2609730048,3068.9,2864.513333333334,1.0030487591363564,0.06857422556085258,4677.02,4766.18,4576.407440860215,1.002645945076296
88.96,2746005,148.51,112.08567741935485,0.9854917471430672,-0.31766996346860477,5329.8,1204809984,6238.1,5762.108602150539,0.9963853713765861,-0.02390112429110469,2910.2,2528079872,3068.9,2872.1952688172046,1.0026817593740893,0.048721683573694996,4662.85,4766.18,4586.646387096775,1.0022373327482037
85.31,2448450,148.51,110.24129032258064,0.9835448458782681,-0.34583298495533,5053.5,1131072000,6238.1,5722.609892473119,0.9931450945470416,-0.056651475670211004,2708.3,2292640000,3068.9,2865.9518279569893,0.9978262477736111,0.03448451358022875,4397.93,4766.18,4578.7261935483875,0.9982732059810261
86.88,3179115,148.51,108.55597849462366,0.9847125172154142,-0.33152553179255007,5189.7,1800502016,6238.1,5691.960645161291,0.9946441837050364,-0.05983822755287238,2769.6,3906190080,3068.9,2863.3238709677416,0.9990830421629519,0.03349181504681131,4431.85,4766.18,4572.742279569893,0.9986931050852252
88.3,3134678,148.51,107.02032258064514,0.9858537877390643,-0.29315767824506334,5232.8,1751774976,6238.1,5664.217849462365,0.9951259684617619,-0.02938767976562373,2798.9,3243249920,3068.9,2862.2931182795696,0.9996400153337095,0.02366611416765374,4500.54,4766.18,4571.018989247312,0.9996231385419903
76.73,4331672,148.51,104.79608602150537,0.9792166898257694,-0.370931388408438,5098.5,1543190016,6238.1,5627.92365591398,0.9935923732961948,-0.014255006452716046,2717.5,2838710016,3068.9,2855.7043010752695,0.9976980634295552,0.008137198130121703,4418.64,4766.18,4563.730129032258,0.9984054189597114
72.12,4071820,148.51,102.34589247311828,0.9766194173713293,-0.4184606016319571,4887.5,1515554048,6238.1,5578.348817204302,0.9911912737733065,-0.07148368783304737,2670.9,2940369920,3068.9,2845.9427956989243,0.9965817520488134,-0.0013989866017731778,4348.87,4766.18,4551.743247311828,0.9973734464173997
72.2,4706176,148.51,99.99505376344086,0.9770304537595891,-0.38462752648199516,5056.2,1388835968,6238.1,5540.895268817204,0.993285907781244,-0.05231757493677325,2705.5,2701250048,3068.9,2838.504946236559,0.997386507742318,0.0068386690867501265,4384.62,4766.18,4542.198150537634,0.9979029799671081
69.94,3402706,148.51,97.58913978494624,0.9759396701342217,-0.46038249920362695,4901.5,1443747968,6238.1,5494.189677419356,0.9915707500084515,-0.1074665235054808,2624.0,2960100096,3068.9,2825.7834408602153,0.9955182373759078,-0.010532808523308734,4328.87,4766.18,4529.079161290323,0.997111753205712
67.32,2986919,148.51,95.11021505376344,0.9745983545234078,-0.5120040816664981,4691.9,1502050048,6238.1,5435.236129032259,0.9892698374376496,-0.1323334820559917,2524.1,2983980032,3068.9,2806.8202150537636,0.993289214759968,-0.013209257219907511,4204.31,4766.18,4508.155548387097,0.9953801618037373
74.35,2455136,148.51,93.1811182795699,0.9797172493711315,-0.4734271927057696,5093.2,1663041024,6238.1,5403.964516129032,0.9942465033421106,-0.09916377544494914,2722.7,3298520064,3068.9,2801.0924731182795,0.9979593484809733,-0.008445433675453584,4463.09,4766.18,4504.4944946236565,0.9991879042938635
72.28,2844067,148.51,91.1874193548387,0.9786040459532849,-0.49688224009130055,5097.7,1250657024,6238.1,5374.155483870967,0.9944838586247015,-0.11472588197764166,2786.1,2699249920,3068.9,2799.4763440860215,0.9994230361732903,-0.002271307481712892,4543.04,4766.18,4505.945440860215,1.0003221107803084
73.91,2288747,148.51,89.38010752688173,0.9801802502939122,-0.5293663231393361,5204.7,1141704960,6238.1,5352.538924731182,0.9959776825950308,-0.10583693381106063,2789.4,2801019904,3068.9,2798.042150537635,0.9994876922066456,-0.0046958663957185065,4545.86,4766.18,4507.505913978494,1.0003463142505298
69.53,1627765,148.51,87.3847741935484,0.977675867835209,-0.5794276365568831,4982.2,1115398016,6238.1,5317.703010752687,0.9934917028220874,-0.17659671816533373,2677.0,2637179904,3068.9,2789.370752688172,0.996900905210525,-0.031930757327107706,4488.28,4766.18,4505.329118279569,0.99951707313524
69.59,1739545,148.51,85.5031182795699,0.9784670049062458,-0.6039472145085847,4771.8,785747008,6238.1,5270.669677419353,0.9911553290512408,-0.2021085946576423,2574.9,1943859968,3068.9,2774.261505376344,0.9945832775018283,-0.04690440279421526,4392.59,4766.18,4496.914903225807,0.9981323861514084
65.63,2188064,148.51,83.48060215053763,0.9763457032944782,-0.5873408281887585,4579.4,1142942976,6238.1,5213.1288172043005,0.989082817983914,-0.27088520156436435,2509.6,2356460032,3068.9,2755.2679569892475,0.9931536560809829,-0.047381146917839345,4271.78,4766.18,4480.793376344086,0.9964149806637086
67.05,3216294,148.51,81.67664516129032,0.9783907046334632,-0.586454798704662,4577.9,1338204032,6238.1,5157.895268817205,0.9894049139540126,-0.20000477987254817,2478.0,3027109888,3068.9,2734.7604301075266,0.9925569755095145,-0.01727809666895952,4131.93,4766.18,4456.044322580645,0.9944766357908621
60.94,4115021,148.51,79.59133333333332,0.9744686890133765,-0.6318492041073053,4443.3,1368017024,6238.1,5095.895483870969,0.9879796347705886,-0.19989127388336925,2461.5,3285600000,3068.9,2713.5830107526886,0.9922562067515343,-0.01653818554514963,4123.34,4766.18,4431.225204301075,0.9944302353201917
58.55,5163692,148.51,77.47376344086022,0.9733944664099973,-0.6284160328565078,4286.7,2083979008,6238.1,5026.097849462366,0.9863031660226315,-0.1875164633565083,2375.3,3504839936,3068.9,2687.2894623655916,0.9903103946763715,-0.032360559170075076,4023.89,4766.18,4400.566344086023,0.9930811775972718
72.07,7543925,148.51,76.3678064516129,0.9857247545474985,-0.5268801970393505,4161.1,1349480960,6238.1,4951.331182795699,0.985124311363205,-0.1783083854533336,2285.8,3260610048,3068.9,2656.001505376344,0.9883570573890819,-0.03676481672388765,3901.36,4766.18,4362.964645161291,0.9914552591678875
72.94,4489444,148.51,75.43277419354838,0.9877561985670367,-0.5024629083637795,4462.3,1851694976,6238.1,4899.643655913979,0.9895608827255755,-0.20632409658452022,2470.3,2907089920,3068.9,2637.6838709677418,0.9931033042068977,-0.03213476930395032,4158.24,4766.18,4343.319806451613,0.9954973646803522
75.81,2821566,148.51,74.7988817204301,0.9915965907406267,-0.5095638381661887,4454.4,1395811968,6238.1,4850.971827956989,0.9900662514715244,-0.18659225851281824,2442.4,2374089984,3068.9,2618.3546236559137,0.9926718862997269,-0.041516836998229834,4108.54,4766.18,4321.430107526882,0.9949601457179793
72.77,3279562,148.51,74.0840430107527,0.9904431898815118,-0.4278035786570249,4180.6,1223938944,6238.1,4788.309462365592,0.9870825129863127,-0.1784633589104957,2286.4,2273639936,3068.9,2590.01311827957,0.9891758338919074,-0.05436930020876851,3900.86,4766.18,4287.408344086021,0.9921271980352978
67.73,4754602,148.51,73.16337634408602,0.9875726724777555,-0.48825639477140337,4028.2,1600963968,6238.1,4720.137849462366,0.9857629057939905,-0.16234569296885815,2174.4,3285469952,3068.9,2555.843655913979,0.9868072242088534,-0.05881894407574362,3674.84,4766.18,4240.486344086022,0.9890558593363931
75.19,2491373,148.51,72.83535483870966,0.9955165887392392,-0.3814455737276117,4410.5,1334754944,6238.1,4681.383225806452,0.9917895144396413,-0.13740756623634554,2332.8,2160740096,3068.9,2533.6815053763444,0.9913288316809389,-0.04933865482074096,3911.74,4766.18,4211.0484731182805,0.993057902188791
