15.71,19805084,28.72,16.853354838709677,0.9969101016397196,-0.11423385354789928,106.55,160711008,151.01,105.99397849462365,1.0017815203594342,0.06550794242251312,197.42,144686160,212.74,200.49432258064516,0.9996433745729288,-0.01099990199190981,2723.06,2929.67,2809.6870537634413,0.9987140597275438
16.14,15462160,28.72,16.82741935483871,0.9984611085377852,-0.04924381075142281,110.88,99716000,151.01,106.44098924731182,1.0042173221444919,0.07790200463262198,204.62,144686160,212.74,200.8731397849462,1.0018894161162528,0.038510893995213014,2781.01,2929.67,2809.5529892473123,0.9999522848938107
15.45,15875894,28.72,16.75356989247312,0.9956113613853479,-0.044891785133091,109.04,110260000,151.01,106.73580645161289,1.0027697713670818,0.07429096396015544,206.31,144686160,212.74,201.3263440860215,1.002256171738842,0.08115685330310218,2736.27,2929.67,2806.2642795698926,0.9988294544754962
15.4,11158728,28.72,16.673569892473118,0.9952248983044537,-0.15805991589290902,107.67,81311000,151.01,106.90643010752687,1.0015985606104107,0.0488720212567646,203.3,144686160,212.74,201.54286021505374,1.0010754485709021,0.076606839606428,2632.56,2929.67,2796.142387096774,0.996393107895501
16.5,28066732,28.72,16.663763440860215,0.9994118565084655,-0.056085315440459915,110.24,169164992,151.01,107.21963440860216,1.0029297049836972,0.0443776975800243,208.88,144686160,212.74,202.09361290322576,1.0027326827037404,0.04511381961667249,2760.17,2929.67,2794.333720430108,0.9993531564504681
16.69,14081566,28.72,16.66221505376344,0.9999070805882314,-0.02766502162521367,112.11,164716992,151.01,107.62698924731184,1.0037992559940776,0.06145346535733953,209.45,144686160,212.74,202.64731182795697,1.0027398140731758,0.11222419556803831,2633.08,2929.67,2784.117634408602,0.9963439993058762
16.46,16655022,28.72,16.6412688172043,0.9987428900364355,-0.005196727021961722,109.39,144943008,151.01,107.82944086021506,1.0018810487436196,0.052914099200152664,205.65,144686160,212.74,202.92344086021507,1.0013626089078966,0.13467003665096877,2599.95,2929.67,2771.9676559139784,0.9956359679833698
14.68,17689462,28.72,16.50111827956989,0.9915781339046986,-0.1656476232108467,99.91,169288992,151.01,107.39032258064518,0.9959276587537986,0.010979998011015457,192.56,144686160,212.74,202.31741935483876,0.9970135460802,0.11530570757699388,2416.62,2929.67,2748.2329892473126,0.9914376105305457
14.79,9504161,28.72,16.369225806451613,0.9920070584984793,-0.21021029252603374,101.04,87276000,151.01,107.0210752688172,0.9965616332742582,0.030388934974429405,192.3,144686160,212.74,201.693247311828,0.9969148872845396,0.07650766511439044,2485.74,2929.67,2729.6129677419353,0.9932247296432909
14.47,11941203,28.72,16.21883870967742,0.9908128155508173,-0.2997005772005772,100.41,95616000,151.01,106.60778494623658,0.9961382342539307,0.012550269943114478,190.84,144686160,212.74,200.98096774193547,0.9964685006593637,0.05587624212098008,2531.94,2929.67,2714.508817204301,0.9944665596492498
15.77,15701610,28.72,16.157333333333334,0.9962077817379497,-0.23941276265582745,104.54,114047000,151.01,106.4654623655914,0.9986649888587691,0.003359975961538586,198.42,144686160,212.74,200.77174193548385,0.9989589770175638,0.08351775396990979,2596.26,2929.67,2704.085720430108,0.996160227328004
16.23,10714922,28.72,16.12868817204301,0.998227110829531,-0.2617245798806732,106.12,98399000,151.01,106.42047311827957,0.9995774287143248,-0.020195648210167394,202.59,144686160,212.74,200.8241935483871,1.000261249976703,0.044567770393725836,2670.71,2929.67,2698.860258064516,0.9980675677822962
16.5,7824572,28.72,16.121741935483872,0.9995693241455819,-0.12110409918011111,107.69,71167000,151.01,106.4781935483871,1.0005423808823268,0.005876311443832938,205.63,144686160,212.74,201.06675268817207,1.001207818318596,0.03819586947173803,2664.76,2929.67,2693.4319354838713,0.9979886611155859
17.5,24498932,28.72,16.18131182795699,1.003695003474904,-0.05704158368949086,110.08,149878000,151.01,106.68460215053766,1.001938505859951,-0.0003311953579554494,211.56,144686160,212.74,201.68387096774194,1.003069220899623,0.049098949938290115,2706.53,2929.67,2690.8137419354844,0.9990279340220578
17.78,89964840,28.72,16.258817204301074,1.0047898079691027,-0.016798593996695477,112.72,177152000,151.01,107.05455913978494,1.0034677636865088,0.012893612989024472,214.5,144686160,212.74,202.4775053763441,1.0039350415320476,0.08626801979169663,2707.88,2929.67,2688.397247311828,0.9991019465279234
17.94,22559700,28.72,16.345741935483872,1.0053463133320548,-0.02188944751896127,112.53,110459000,151.01,107.39729032258064,1.0032014627452548,-0.013381675868072485,216.78,144686160,214.5,203.3950537634408,1.0045316065376806,0.09028918809183761,2775.6,2929.67,2690.5507096774195,1.0008010208936737
17.64,18944054,28.72,16.412129032258065,1.0040614306182136,-0.035672283538147775,112.38,91707000,151.01,107.71503225806453,1.0029585656633375,-0.006256202621135687,217.15,144686160,216.78,204.3015698924731,1.0044569231761487,0.0937255930880403,2792.67,2929.67,2693.861870967742,1.001230663030588
17.3,15034548,28.72,16.455354838709678,1.002633772033272,-0.11846566750117238,108.87,101162000,151.01,107.78879569892472,1.0006848017339258,-0.04076329734050688,214.47,144686160,217.15,204.9988172043011,1.003412833842613,0.04964490811956135,2803.69,2929.67,2697.9402365591395,1.001513947554383
17.07,14638006,28.72,16.485225806451613,1.0018152733887977,-0.12536960414028786,108.21,94006000,151.01,107.8209247311828,1.000298073951469,-0.04710693317463388,215.45,144686160,217.15,205.74294623655913,1.003629918662001,0.09290812514980062,2743.07,2929.67,2698.18647311828,1.0000912683519834
17.55,11679851,28.72,16.546731182795696,1.0037309392704838,-0.17215875002932501,109.62,105118000,151.01,107.94081720430107,1.0011119592362725,-0.052917067161766695,220.13,144686160,217.15,206.76234408602153,1.004954715911817,0.06325735666753451,2822.48,2929.67,2703.749935483871,1.0020619265647572
17.95,14587770,28.72,16.63567741935484,1.0053754566733775,-0.14865235711813185,111.19,88993000,151.01,108.16184946236557,1.00204771710822,-0.06841988577660185,222.16,144686160,220.13,207.88864516129033,1.0054473220462243,0.10058133712286899,2800.71,2929.67,2707.9683440860217,1.0015602066399665
18.37,12464323,28.72,16.752451612903226,1.0070195033604419,-0.08536787714537963,113.64,96447000,151.01,108.53941935483871,1.0034907862092772,-0.05313506436794446,224.36,144686160,222.16,209.1236129032258,1.00594052523156,0.09940632849480457,2834.4,2929.67,2714.519397849463,1.002419176641318
18.36,11185044,28.72,16.86825806451613,1.0069128062142085,-0.08770976637068495,114.28,99352000,151.01,108.95275268817204,1.0038081402663677,-0.0612770361493975,226.47,144686160,224.36,210.46051612903224,1.00639288508479,0.09256917926408303,2892.74,2929.67,2724.9786666666664,1.0038530831002679
18.28,12212666,28.72,16.97810752688172,1.0065121995374653,-0.07600909886836926,114.0,82961000,151.01,109.33888172043011,1.0035440043755772,-0.05801528970748837,227.15,144686160,226.47,211.7970537634409,1.0063505386140421,0.10065705600566233,2907.41,2929.67,2736.3390967741934,1.0041689978150998
17.73,8628872,28.72,17.051182795698924,1.0043040879969398,-0.08508616648721579,109.66,76350000,151.01,109.43479569892475,1.0008772174818825,-0.06095830358751608,219.86,144686160,227.15,212.61825806451614,1.0038773169243065,0.07875761422881011,2905.03,2929.67,2747.540752688172,1.0040936651189114
18.05,10230255,28.72,17.144494623655916,1.0054724548481486,-0.05877641144706591,111.08,87406000,151.01,109.62012903225805,1.0016935503205324,-0.06749410258825583,222.81,144686160,227.15,213.59870967741938,1.0046113237020582,0.09489661405723315,2939.88,2929.67,2761.043784946237,1.0049145885260677
18.2,12147793,28.72,17.24632258064516,1.005939396828224,0.01808287289344812,111.35,115470000,151.01,109.81451612903226,1.0017732792187921,-0.07136799563866125,224.97,144686160,227.15,214.67346236559143,1.0050316441040077,0.12494274472817213,2945.64,2939.88,2774.8627311827954,1.0050049717834617
18.25,10774998,28.72,17.346559139784944,1.0058120540579634,0.06399177181202598,109.42,114084000,151.01,109.8678064516129,1.0004852757582434,-0.09503527379676613,223.35,144686160,227.15,215.58215053763445,1.0042328854346025,0.1302844473633562,2881.4,2945.64,2784.407978494624,1.0034398989198863
18.12,13551360,28.72,17.432172043010755,1.00493544007984,0.055756652870109,109.69,97704000,151.01,109.92178494623658,1.0004913040167727,-0.10257082084900127,226.39,144686160,227.15,216.61662365591397,1.0047985100607804,0.11738176589165072,2859.53,2945.64,2792.2965161290326,1.002833111273684
18.02,13024684,28.72,17.505913978494625,1.0042302207264777,-0.019936077579375544,109.09,98234000,151.01,109.92625806451613,1.0000406936466846,-0.13938713240914402,227.0,144686160,227.15,217.62675268817205,1.004663211046363,0.10258501593167835,2826.06,2945.64,2797.828387096774,1.001981118744298
17.15,12205381,28.72,17.51795698924731,1.0006879395595956,-0.10152244716724201,105.12,108780000,151.01,109.66862365591399,0.9976562978387663,-0.15352831441123116,225.08,144686160,227.15,218.44367741935483,1.0037537881767382,0.12945760157076225,2752.06,2945.64,2798.2261290322585,1.0001421609478691
17.83,14945560,28.72,17.570774193548388,1.0030150321943077,-0.10595222042762598,106.95,109492000,151.01,109.53212903225806,0.9987553903832678,-0.16426788480473353,230.98,144686160,227.15,219.58176344086024,1.0052099746486165,0.09562399357682616,2873.34,2945.64,2806.386021505376,1.0029160947317504
18.2,11226126,28.72,17.643827956989245,1.0041576860891923,-0.017050720279520037,107.59,88639000,151.01,109.44537634408603,0.9992079704015753,-0.1390309924024682,232.25,144686160,230.98,220.74509677419354,1.005297950590722,0.07065449112557065,2886.98,2945.64,2815.2273548387097,1.0031504337840849
18.42,13889090,28.72,17.725161290322582,1.0046097328500145,0.041781832667158625,107.74,117851000,151.01,109.3714193548387,0.9993242566135017,-0.15188306749353586,234.31,337745984,232.25,221.98554838709677,1.0056193846705104,0.031776220367103036,2950.46,2945.64,2827.840064516129,1.0044801744540246
17.88,14501606,28.72,17.765161290322578,1.002256679042003,-0.04813990112275035,104.26,121432000,151.01,109.07279569892472,0.9972696371897202,-0.14535022365463968,227.91,303814016,234.31,222.74640860215058,1.0034275213885862,0.025315514622156643,2941.76,2950.46,2839.2078279569896,1.0040199456763852
18.19,7934645,28.72,17.822193548387098,1.0032103428239398,-0.04961604731030178,106.03,77301000,151.01,108.9012258064516,0.9984270148081039,-0.16886601436849735,233.46,176828000,234.31,223.82440860215056,1.0048395842014468,-0.021074428064828066,2990.41,2950.46,2853.323784946237,1.0049717941921161
18.22,12639464,28.72,17.877935483870967,1.0031276697412432,-0.04042378500082555,106.0,103432000,151.01,108.74079569892473,0.9985268291854491,-0.16398298483776275,233.0,231358000,234.31,224.8210967741935,1.0044529914242488,-0.02617165013370837,3013.77,2990.41,2868.1783870967743,1.0052060695771394
17.74,11090350,28.72,17.898924731182795,1.0011740308231207,0.10172679527896111,102.44,92579000,151.01,108.35797849462364,0.9964795438377975,-0.15700998888197537,227.67,211938000,234.31,225.4150967741936,1.002642100801584,-0.04939169528607534,2976.61,3013.77,2879.745634408602,1.004032959513211
18.31,16127848,28.72,17.95010752688172,1.0028595458368377,0.11901550804770178,104.21,110881000,151.01,108.08391397849464,0.9974707490861635,-0.1612939933274291,229.35,217494000,234.31,226.04197849462363,1.002781010364439,-0.024619700663379707,3025.86,3013.77,2893.2860215053765,1.0047019385792229
18.78,15861608,28.72,18.02404301075269,1.0041189437868405,0.12646386582633373,104.96,137242000,151.01,107.8514193548387,0.9978489433339526,-0.18110582599604053,234.05,296059008,234.31,226.89240860215054,1.0037622662533328,0.0683949660437766,2932.05,3025.86,2899.612602150538,1.002186641969766
19.16,12949520,28.72,18.113225806451613,1.004947990617073,0.08535473404211524,104.78,118009000,151.01,107.59752688172043,0.9976459051291393,-0.19808725395132765,238.18,295297984,234.31,227.9163655913978,1.0045129627542662,0.07620825142135179,2918.65,3025.86,2904.214215053764,1.0015869750668807
18.51,16832416,28.72,18.153182795698925,1.0022059565576156,0.009097476280393701,102.65,109168000,151.01,107.20569892473118,0.9963583925361038,-0.21168101227066516,238.85,241863008,238.18,228.89804301075267,1.004307182666798,0.09736717950482077,2888.68,3025.86,2906.1889677419354,1.0006799610985773
18.06,10645331,28.72,18.15920430107527,1.0003317052135767,-0.05518043742902212,101.01,100018000,151.01,106.71552688172045,0.9954277426673476,-0.22022666181370865,238.16,216763008,238.85,229.7572258064516,1.003753561124411,0.08976658359601308,2847.11,3025.86,2905.0130322580644,0.9995953685404069
18.43,11651235,28.72,18.18574193548387,1.0014613875128342,-0.08059164977289646,102.75,91386000,151.01,106.35197849462365,0.9965932943619372,-0.21255125614482884,242.44,217952000,238.85,230.82258064516128,1.0046368719633094,0.06470429100941022,2926.46,3025.86,2908.564301075269,1.0012224622670434
19.25,15170831,28.72,18.263182795698928,1.0042583283371,-0.07065131773042754,105.46,105062000,151.01,106.17903225806451,0.9983738315073482,-0.21074770746168892,245.89,215920992,242.44,232.04410752688167,1.0052920597209605,0.046324816051834805,2978.71,3025.86,2915.0135698924737,1.0022173375416938
19.57,12676329,28.72,18.35810752688172,1.0051976006726029,-0.024526198439241975,106.1,153126000,151.01,106.06298924731182,0.998907100504828,-0.15470466909227076,237.93,321752000,245.89,232.68458064516133,1.0027601352393982,0.01405447921544134,3007.39,3025.86,2922.730731182796,1.0026473843449746
19.81,14076645,28.72,18.465010752688173,1.0058232160177685,0.015315328713204845,107.45,120888000,151.01,106.04787096774194,0.9998574594240917,-0.16208223250962128,242.82,309553984,245.89,233.5950537634409,1.0039129069737027,0.04681201280466962,2992.07,3025.86,2928.961032258065,1.0021316712514081
20.22,12691333,28.72,18.593698924731182,1.0069692985163452,0.06333641516054067,109.29,93607000,151.01,106.16206451612904,1.0010768113244048,-0.13019357040829527,243.22,249888992,245.89,234.47612903225806,1.0037718061860565,0.07766141069055532,2961.79,3025.86,2932.808967741935,1.0013137544137634
20.08,15258802,28.72,18.707075268817206,1.0060975680280175,0.11980988963221773,106.63,104938000,151.01,106.10374193548387,0.9994506269173363,-0.14767155627206852,244.12,267530000,245.89,235.3534408602151,1.0037415827000298,0.056900187392036505,2952.01,3025.86,2935.6859354838707,1.0009809598148327
20.45,16566743,28.72,18.83784946236559,1.006990627432091,0.15501687635697103,106.68,92009000,151.01,106.0520430107527,0.9995127511642087,-0.12916853555535712,242.66,227559008,245.89,236.07490322580645,1.003065442183273,0.049986859398924555,2970.27,3025.86,2939.291634408602,1.001228230472868
20.74,10991470,28.72,18.981096774193546,1.0076042285035847,0.1701510895939865,107.86,78186000,151.01,106.08279569892473,1.000289977329045,-0.14185006877022244,247.02,217976000,245.89,237.0292043010753,1.004042365631539,0.04567169774470248,2986.2,3025.86,2943.607247311829,1.0014682493062976
21.1,13315029,28.72,19.141569892473118,1.0084543648972777,0.1544971875043194,110.12,106487000,151.01,106.26651612903227,1.001731858864551,-0.1198054598605135,244.29,232368992,247.02,237.75391397849464,1.0030574699837358,0.022449559161275,3022.55,3025.86,2949.86911827957,1.0021272780101556
22.16,21313368,28.72,19.364559139784944,1.0116494753860032,0.21690709733139824,110.18,127744000,151.01,106.46167741935486,1.001836526663635,-0.10674710778855945,242.52,333782016,247.02,238.32156989247312,1.0023875775775024,0.010660962261539897,3066.91,3025.86,2958.588301075269,1.002955786323423
21.57,11636241,28.72,19.54131182795699,1.0091276381195222,0.23463761636981095,107.35,108531000,151.01,106.4830752688172,1.0002009910982153,-0.08677269058625003,233.61,311184992,247.02,238.27987096774194,0.9998250308406831,-0.03542160490928259,3093.08,3066.91,2968.621311827956,1.0033911479840032
22.33,7845326,28.72,19.760021505376343,1.0111921696631674,0.3129066402874028,108.4,89795000,151.01,106.58651612903226,1.0009714300601662,-0.09449742851132736,238.11,252239008,247.02,238.51460215053763,1.000985107058529,0.008849786475884969,3120.46,3093.08,2980.0214838709676,1.003840224415822
21.6,11694912,28.72,19.921741935483873,1.0081842233857654,0.22947616137361415,105.37,96006000,151.01,106.49718279569893,0.9991618702198205,-0.10701231028948233,235.2,243356992,247.02,238.5223440860215,1.0000324589581269,-0.002357033891000837,3110.29,3120.46,2990.30223655914,1.0034498921379646
21.94,13781603,28.72,20.097763440860216,1.0088356483055743,0.2457211796105565,107.24,85195000,151.01,106.54077419354837,1.000409319727575,-0.09674084170160979,238.43,239732000,247.02,238.71182795698925,1.0007944072145267,-0.006484760833906034,3140.98,3120.46,3002.1965161290314,1.0039776178556379
21.83,11755920,28.72,20.25864516129032,1.0080049564173406,0.24770181143295833,105.74,105045000,151.01,106.49643010752688,0.9995837829567398,-0.09828376882041245,237.79,264936000,247.02,238.83107526881722,1.0004995450491436,-0.027147233775263624,3145.91,3140.98,3013.9887741935486,1.0039278768065862
20.87,14237768,28.72,20.34989247311828,1.004504117185601,0.1879647425853581,101.54,125003000,151.01,106.18903225806451,0.9971135384617871,-0.09779957201706535,231.71,300516000,247.02,238.52701075268814,0.9987268636805875,-0.08465486604913264,3168.8,3145.91,3026.6889677419354,1.0042137494529273
21.45,15140961,28.72,20.472645161290323,1.0060321050017436,0.2583922912413318,102.5,165043008,151.01,105.96109677419359,0.9978534931619211,-0.10833835215880838,237.88,408328000,247.02,238.60956989247308,1.0003461207161588,-0.09189766447152126,3221.22,3168.8,3042.106,1.0050936955935603
21.5,3462373,28.72,20.591247311827956,1.0057932011033868,0.34065510861283876,103.35,49369000,151.01,105.80217204301076,0.9985001596244185,-0.07917129211490925,239.11,103785000,247.02,238.74808602150543,1.0005805137199433,-0.11497378823121407,3240.02,3221.22,3057.8861290322575,1.0051872383908573
20.65,6942542,28.72,20.645655913978494,1.0026423169673304,0.2686721402185207,102.16,79955000,151.01,105.57027956989249,0.9978082446830676,-0.07976866744704803,239.06,197159008,247.02,238.85320430107524,1.00044028951738,-0.09083386965929674,3234.85,3240.02,3072.2833333333333,1.004708221200386
20.22,11836898,28.72,20.666258064516132,1.0009978927588195,0.23510038539659395,101.53,107898000,151.01,105.3080430107527,0.9975160001450392,-0.08883301045881331,239.8,253160992,247.02,238.98868817204306,1.0005672265162373,-0.09855275853721368,3265.35,3240.02,3087.870838709677,1.005073589797928
20.73,18997110,28.72,20.715419354838705,1.0023788191441867,0.2793288087598469,104.44,105629000,151.01,105.2465806451613,0.9994163563975345,-0.07924010747440491,245.7,262259008,247.02,239.48858064516133,1.0020916993056943,-0.07989796017027717,3329.62,3265.35,3106.7910967741936,1.0061272828601933
21.05,9098379,28.72,20.780258064516133,1.0031299733095813,0.3047679354221905,104.25,65024000,151.01,105.17995698924732,0.9993669755776807,-0.08899065321242083,248.17,196259008,247.02,240.12333333333333,1.0026504507499356,-0.03134280571967807,3295.47,3329.62,3122.692731182796,1.005118346845114
19.96,13509286,28.72,20.76795698924731,0.9994080403029341,0.18953847817662361,99.68,121422000,151.01,104.81851612903226,0.9965635956644097,-0.10340794315893065,243.62,304017984,248.17,240.42096774193547,1.0012395064006085,-0.03510209375597739,3225.52,3329.62,3133.320795698925,1.0034034935330007
20.88,10239685,28.72,20.811204301075268,1.0020824056911495,0.23233552113742295,103.37,125573000,151.01,104.70879569892472,0.9989532342742529,-0.08824479714956679,247.78,270267008,248.17,240.9651397849462,1.002263413412406,-0.04073505670488897,3327.71,3329.62,3150.0361505376345,1.0053347090606408
20.64,21824572,28.72,20.833247311827957,1.001059189580468,0.20054813881782851,103.91,198582000,151.01,104.63956989247313,0.9993388730527412,-0.12638014061845504,259.71,264572000,248.17,242.24720430107527,1.0053205393828888,0.00515631442036657,3380.16,3329.62,3169.4602365591404,1.0061663057480121
20.34,8700225,28.72,20.829698924731186,0.9998296767160847,0.14147185986232458,105.37,99699000,151.01,104.66137634408602,1.0002083958452361,-0.12124273136907404,259.71,250855008,259.71,243.46036559139787,1.0050079475378169,0.029299272406151378,3337.75,3380.16,3185.2803440860216,1.0049914200987282
18.21,17589284,28.72,20.68436559139785,0.993022782813208,0.03300269183091953,92.71,209551008,151.01,103.86391397849464,0.9923805476915415,-0.08958017312461886,227.7,502016000,259.71,242.54307526881718,0.9962322806821041,-0.03469221752200258,2954.22,3380.16,3175.6858494623652,0.9969878649326832
18.29,17931878,28.72,20.54541935483871,0.9932825478284466,-0.0332970345049286,93.7,183216992,151.01,103.15666666666667,0.993190634891976,-0.10717286306697082,238.52,472215008,259.71,242.3375053763441,0.9991524396553262,-0.016978277977913292,2972.37,3380.16,3167.2146451612903,0.9973324803829355
14.55,19017512,28.72,20.16705376344086,0.9815839440965833,-0.18672135564759407,78.56,254344000,151.01,101.49647311827957,0.9839060954368395,-0.14772261264475495,218.08,680665024,259.71,240.8124946236559,0.993707079098962,-0.025456202670220196,2711.02,3380.16,3141.766623655914,0.9919651730758904
10.14,24282252,28.72,19.512688172043013,0.9675527422560805,-0.41524421707988646,50.03,327160000,151.01,98.04744086021505,0.9660182058341558,-0.2099006907958873,167.95,778184000,259.71,236.09795698924728,0.9804223711822904,-0.10436660065528536,2304.92,3380.16,3090.5006666666673,0.9836824426730999
10.17,24879460,28.72,18.877290322580645,0.9674366830515572,-0.40080847004810694,56.39,262364992,151.01,95.11836559139785,0.9701259385954485,-0.25068899682104606,193.83,634564992,259.71,233.20408602150536,0.9877429224519986,-0.06894836945424054,2541.47,3380.16,3055.6620000000003,0.9887271771067945
7.87,32225936,28.72,18.1112688172043,0.9594210031055123,-0.5739002615425892,45.0,277156000,151.01,91.5541505376344,0.9625286343851372,-0.313059614918492,181.9,563251968,259.71,229.64507526881724,0.9847386432484724,-0.0957174347459322,2488.65,3380.16,3018.2435268817203,0.9877543808450411
11.33,25150008,28.72,17.59294623655914,0.9713812110086514,-0.43317039345272756,61.24,250468000,151.01,89.16769892473116,0.9739339877123073,-0.3495518308179014,220.5,449713984,259.71,228.71400000000003,0.9959455900905895,-0.0009117170672314767,2789.82,3380.16,3001.3092688172046,0.9943893665591619
9.38,24411052,28.72,16.966537634408603,0.9643943320392337,-0.51530473117949,53.08,207362000,151.01,86.35126881720431,0.9684142336127316,-0.38900254489966263,214.41,409784992,259.71,227.42750537634407,0.9943750945562757,-0.07772643331551998,2874.56,3380.16,2990.31,0.9963351764739862
9.17,25411180,28.72,16.349010752688173,0.9636032468717679,-0.5133824126987903,49.75,235764000,151.01,83.43692473118281,0.9662501301261615,-0.38797633112979446,205.08,385428000,259.71,225.60017204301073,0.9919652052186498,-0.11459167283466298,2836.74,3380.16,2977.123440860215,0.9955902367514455
11.1,23217408,28.72,15.879763440860215,0.9712981220132354,-0.45151380191201407,56.71,280808000,151.01,81.09965591397851,0.9719875963221977,-0.30295529374761976,203.79,453276992,259.71,223.77163440860215,0.991894786170376,-0.12411498986027625,2830.71,3380.16,2963.816774193548,0.9955303611250926
11.36,24609432,28.72,15.446602150537636,0.9727224343148582,-0.4816120098958425,56.83,210724000,151.01,78.87748387096774,0.9725994886418777,-0.3193417145077255,206.76,410900992,259.71,222.22144086021507,0.9930724305049474,-0.13431860083713965,2929.8,3380.16,2957.1638709677422,0.9977552919992444
9.35,26065406,28.72,14.903311827956989,0.9648278425710772,-0.6145078093003178,50.09,278096992,151.01,76.32767741935484,0.9676738363538064,-0.3118546409000965,191.75,574044992,259.71,219.78006451612902,0.9890137678226029,-0.18272503032205778,2863.7,3380.16,2946.333483870968,0.9963375762827679
10.83,15395367,28.72,14.479999999999997,0.9715961235432983,-0.5195444721636131,54.56,210934000,151.01,74.19049462365592,0.9719998974427462,-0.3333095871938096,202.46,435238016,259.71,218.14851612903226,0.9925764495943306,-0.14903111589387774,2955.45,3380.16,2941.685892473118,0.998422584740223
11.16,14912673,28.72,14.100064516129034,0.9737613616111214,-0.5126969664584167,56.62,240978000,151.01,72.30569892473119,0.9745951862366509,-0.3696283939072965,214.27,503536000,259.71,217.36886021505373,0.996426031550371,-0.10911625782605161,3044.31,3380.16,2942.9155053763443,1.0004179959887534
15.51,20971488,28.72,14.02443010752688,0.9946358820900687,-0.3524666541626642,73.88,296536992,151.01,71.64963440860214,0.9909265171917915,-0.29380520207056904,229.41,535400000,259.71,217.6267311827957,1.0011863289317837,-0.05058372334949324,3193.93,3380.16,2953.846623655914,1.0037143840044336
13.45,20685320,28.72,13.828924731182795,0.9860596562680177,-0.48350857360313027,66.77,309057984,151.01,70.60683870967742,0.9854459034225089,-0.30718535543047254,219.81,494808992,259.71,217.27427956989246,0.9983804764654246,-0.05149038492127289,3041.31,3380.16,2954.71440860215,1.000293781315281
12.66,22225530,28.72,13.601548387096773,0.9835579158534784,-0.46804782258215694,63.47,273931008,151.01,69.44066666666667,0.9834835822659356,-0.3249848242894008,218.11,591840000,259.71,216.85150537634408,0.9980541912536298,-0.06862657110434578,3097.74,3380.16,2959.393053763441,1.001583450890438
12.54,15438260,28.72,13.385655913978495,0.9841273605788082,-0.4501459849864591,61.01,281217984,151.01,68.20589247311828,0.9822182842875684,-0.30954403826235966,209.45,475236992,259.71,215.9067741935484,0.9956434188402054,-0.07954229317050243,3009.05,3380.16,2958.376752688172,0.9996565846250208
13.0,12467902,28.72,13.219655913978494,0.9875986652378649,-0.45132647143407933,64.3,245852000,151.01,67.28279569892474,0.9864660260173657,-0.3221792838892319,221.21,308151008,259.71,215.7830752688172,0.9994270725168619,-0.0646712064863404,3130.01,3380.16,2965.448043010753,1.002390260238543
12.11,14149359,28.72,13.01522580645161,0.9845358979948398,-0.45779051486191447,60.1,162088992,151.01,66.17784946236559,0.9835775813849421,-0.34601153712691624,217.32,340264000,259.71,215.44406451612903,0.998428927976553,-0.06722845987556958,3185.04,3380.16,2976.103849462366,1.0035933209070136
11.87,13439779,28.72,12.814150537634408,0.9845507660176337,-0.49958357860031677,59.96,155554000,151.01,65.15298924731184,0.9845135460976777,-0.3288044474155857,217.37,323656992,259.71,215.13922580645163,0.9985850679601592,-0.08730959209163935,3224.73,3380.16,2989.2853763440853,1.004429121948853
11.18,9946117,28.72,12.58916129032258,0.9824421254728475,-0.5416052758565224,57.81,134728992,151.01,64.08090322580644,0.983545098484493,-0.3438212422833853,215.96,314783008,259.71,214.78752688172042,0.998365249649789,-0.0892896330826567,3215.63,3380.16,3001.8722580645153,1.0042106658066297
11.51,11653063,28.72,12.407655913978495,0.9855824091725944,-0.5415332222360245,59.87,169218000,151.01,63.2396559139785,0.9868721058930213,-0.35439186048515126,224.82,403376000,259.71,215.0572258064516,1.0012556545002713,-0.07077890240208118,3271.12,3380.16,3018.0915913978497,1.0054030724624479
12.18,14031484,28.72,12.289032258064513,0.9904394789204026,-0.5123538773859542,61.59,141694000,151.01,62.60032258064516,0.9898903097416756,-0.3372094567791686,226.33,350924000,259.71,215.45496774193552,1.0018494702235297,-0.08248751872419657,3351.28,3380.16,3039.4045376344084,1.00706172943767
12.43,12054638,28.72,12.203827956989246,0.9930666386672268,-0.6134480126351759,63.04,168546000,151.01,62.14043010752688,0.9926535127270978,-0.3008361512382961,222.22,312833984,259.71,215.6165161290323,1.0007498011709355,-0.10854715914212176,3372.85,3380.16,3061.9243010752693,1.0074092682175135
11.63,8386348,28.72,12.084860215053766,0.9902516044674863,-0.6259838575999342,60.74,119516000,151.01,61.621182795698935,0.9916439697805527,-0.3129578712820532,222.26,269006016,259.71,215.83113978494626,1.0009953952497104,-0.13526174949102765,3397.16,3380.16,3085.9194838709677,1.0078366348858696
11.98,8955750,28.72,12.008731182795698,0.9937004623220022,-0.5440190084810973,63.45,113502000,151.01,61.370344086021504,0.9959293428282759,-0.2931486577588469,226.49,259967008,259.71,216.3743870967742,1.0025170015428229,-0.15789410117843572,3508.01,3397.16,3116.8475913978496,1.0100223313305912
13.04,18675074,28.72,12.018150537634408,1.000784375526051,-0.49709021300233425,64.88,152442000,151.01,61.28967741935484,0.9986855757798327,-0.2781552815488917,224.44,324107008,259.71,216.82221505376347,1.00206969023921,-0.12402177991262142,3426.96,3508.01,3141.9391612903223,1.0080503037625974
11.96,12822201,28.72,11.974752688172044,0.9963889743828332,-0.5198494092327893,61.18,121083000,151.01,61.0530752688172,0.9961396084871069,-0.2597831066143188,220.38,271844000,259.71,217.0583010752688,1.0010888460919318,-0.13984401682174696,3340.97,3508.01,3161.2695483870975,1.0061523747292538
12.57,17286004,28.72,11.989376344086022,1.0012212073430478,-0.49652631526432855,63.1,187759008,151.01,61.0322365591398,0.9996586787875033,-0.2485645476910361,220.08,404430016,259.71,217.35961290322578,1.0013881608142345,-0.14711653380167644,3319.47,3508.01,3179.29711827957,1.0057026361139214
11.4,14434782,28.72,11.945225806451612,0.9963175284212187,-0.4245611000673166,58.68,104266000,151.01,60.81713978494624,0.9964756858617637,-0.31286445466989754,215.36,365492992,259.71,217.44163440860217,1.0003773539356315,-0.17071895072250065,3298.46,3508.01,3196.0085161290317,1.0052563183709313
12.46,12553599,28.72,11.984107526881722,1.0032550008731613,-0.31952927254840846,62.72,85511000,151.01,60.935870967741934,1.0019522651544537,-0.27751043387263075,225.85,325193984,259.71,218.2269677419355,1.0036116971594207,-0.17964116896007398,3348.44,3508.01,3215.2041290322577,1.0060061206991011
12.38,13308189,28.72,12.03036559139785,1.0038599507232695,-0.16476225043045478,62.08,80993000,151.01,61.07993548387098,1.00236419885104,-0.25962006132393334,228.95,302528000,259.71,219.23954838709676,1.0046400344358846,-0.23274696037903797,3477.13,3508.01,3241.893569892472,1.0083010097614697
11.3,13104215,28.72,12.011612903225808,0.9984412204243028,0.04981258775699615,59.07,74908000,151.01,61.065247311827946,0.9997595254165434,-0.15101427979175597,223.66,253260992,259.71,219.88746236559143,1.0029552787499392,-0.17976091057881072,3483.81,3508.01,3267.366430107527,1.0078574017517483
11.93,9076627,28.72,12.031010752688172,1.0016149246249149,0.0549706956786602,60.5,67639000,151.01,61.12337634408602,1.0009519167581724,-0.06610250944602503,220.77,261872992,259.71,220.22911827956992,1.0015537762376394,-0.2245498648758002,3465.39,3508.01,3289.1156559139777,1.006656500356385
10.96,10068958,28.72,11.984043010752687,0.9960961100525166,0.30140020050199934,56.29,83844000,151.01,60.90105376344087,0.9963627241500271,0.08838201698124748,211.46,351683008,259.71,219.91219354838708,0.9985609317529913,-0.15144245805036793,3269.96,3508.01,3296.2695698924726,1.0021750265806653
11.15,18071752,28.72,11.942688172043011,0.9965491747090218,-0.11616826304052041,56.13,100508000,151.01,60.644129032258064,0.9957812760977702,-0.08453063001817307,220.74,379760992,259.71,220.13040860215048,1.0009922826480988,-0.2568565216481673,3509.44,3508.01,3317.1935698924735,1.0063477818049582
15.21,26759200,28.72,12.163655913978495,1.0185023454311362,0.44613803256050266,67.66,207732000,151.01,61.142064516129025,1.0082107780557965,0.19170785239964006,232.2,588574016,259.71,221.08746236559142,1.0043476672283413,-0.16422769510092938,3585.15,3509.44,3341.454516129033,1.007313696269267
16.7,26445824,28.72,12.46821505376344,1.02503845405845,0.6078414017579474,69.51,173035008,151.01,61.728,1.0095831812109715,0.2829378313451403,228.51,402121984,259.71,221.76819354838713,1.0030790130544356,-0.13984639044102076,3557.54,3585.15,3362.4060215053764,1.0062701752411147
16.14,20588412,28.72,12.720451612903226,1.020230366419903,0.26562951278819025,70.82,105817000,151.01,62.355956989247304,1.0101729683328036,0.13167935442099066,227.66,267951008,259.71,222.3436989247312,1.0025950762692148,-0.16818319926012348,3638.35,3585.15,3387.0209677419343,1.0073206347119072
16.47,19018780,28.72,12.983139784946237,1.0206508526612805,0.2685972516045252,74.09,130529000,151.01,63.164537634408596,1.0129671756188543,0.18744275615125527,230.8,397923008,259.71,223.0704516129032,1.0032686003322182,-0.14631440517551586,3699.12,3638.35,3413.8196989247317,1.0079121834314075
15.9,14489287,28.72,13.198064516129033,1.0165541413512313,0.5041316536698086,71.49,100058000,151.01,63.76825806451613,1.0095579015174911,0.258260971190579,224.15,343294016,259.71,223.3164731182796,1.0011028870188656,-0.11030505069093288,3663.46,3699.12,3436.663333333334,1.0066915175443498
16.1,15328642,28.72,13.411806451612902,1.0161949454954293,0.28688967967870793,70.4,108460000,151.01,64.25563440860215,1.0076429301799796,0.18086886139197556,224.62,654913024,259.71,223.52313978494627,1.0009254429992598,-0.1456546398799412,3709.41,3699.12,3460.7515698924735,1.0070091929941172
16.3,6658363,28.72,13.627118279569892,1.0160539021148114,0.2741174576125722,70.66,54598000,151.01,64.72572043010753,1.0073158723874096,0.20293227955755966,223.92,190132000,259.71,223.63698924731185,1.0005093408336834,-0.17135065699551966,3703.06,3709.41,3482.808709677419,1.0063735114582728
16.55,6627759,28.72,13.847505376344087,1.016172685394872,-0.07013989184766589,71.2,51831000,151.01,65.20045161290324,1.007334505968278,-0.02969293869278422,227.9,160008992,259.71,223.98686021505375,1.0015644593004023,-0.1825847068548524,3756.07,3709.41,3506.869182795699,1.0069083533216812
16.45,13018103,28.72,14.059204301075267,1.015287874528854,0.09705720756888181,70.62,99833000,151.01,65.64352688172042,1.0067955858871611,0.04733352535179591,222.08,355628000,259.71,223.9644946236559,0.9999001477525227,-0.24724940418353358,3824.68,3756.07,3534.1472043010754,1.0077784542517865
16.85,11334719,28.72,14.290258064516129,1.016434341410288,0.18019541924821936,72.76,104825000,151.01,66.21638709677418,1.008726834804077,0.10927698709490752,226.2,326383008,259.71,224.20305376344086,1.001065164994951,-0.17935997249114655,3768.25,3824.68,3556.099913978494,1.0062116002555588
17.22,10826862,28.72,14.536172043010756,1.0172085050797823,0.24379014664063114,74.27,71267000,151.01,66.86668817204301,1.0098208480374868,0.12242616520214789,229.33,245619008,259.71,224.62615053763443,1.0018871142345813,-0.18172355203047053,3841.47,3824.68,3581.3345376344087,1.0070961514767123
16.93,14702056,28.72,14.753311827956988,1.0149378931608501,0.20526127880558254,72.92,119313000,151.01,67.40137634408602,1.007996331008159,0.09893410362896637,228.98,436191008,259.71,224.98391397849463,1.0015927061030245,-0.15152936138762163,3714.24,3841.47,3596.570623655914,1.0042543040482248
17.57,8994108,28.72,15.003290322580646,1.016943890127094,0.32836981096999196,75.63,74082000,151.01,68.09236559139786,1.010251856635454,0.17143413655319528,236.22,307750016,259.71,225.79206451612905,1.003592036974304,-0.13337093630835706,3886.83,3841.47,3621.6851397849455,1.006982906428653
19.33,11554534,28.72,15.355075268817204,1.023447186495292,0.5651976170972148,81.76,84463000,151.01,69.14544086021506,1.0154653940962544,0.2646200194863928,238.88,284676000,259.71,226.7311827956989,1.004159217382517,-0.12124878457735155,3934.83,3886.83,3648.3872043010747,1.007372828803587
19.55,8257103,28.72,15.705010752688171,1.0227895648666476,0.7587340760015181,81.35,67899000,151.01,70.12518279569893,1.0141692919055145,0.30963162308241676,237.03,259182000,259.71,227.50468817204302,1.003411552688988,-0.11734842159291925,3906.71,3934.83,3671.7479784946236,1.0064030413674319
19.68,14528833,28.72,16.045333333333332,1.0216696814796455,0.7289837815920283,82.92,104936000,151.01,71.15559139784945,1.0146938455070054,0.3519076939631993,232.26,404191008,259.71,227.92513978494625,1.0018481008733555,-0.13199710314037816,3811.15,3934.83,3687.4573978494623,1.0042784579570407
20.17,11700661,28.72,16.399698924731183,1.0220852745178983,0.6597856199480303,83.05,96089000,151.01,72.14481720430106,1.013902291963545,0.33615023753046214,229.11,369832000,259.71,228.1263655913978,1.0008828591994785,-0.13412678033835368,3841.94,3934.83,3703.9919139784947,1.0044839883814456
20.89,13232368,28.72,16.783333333333335,1.0233927714382378,0.771079208616798,86.95,92603000,151.01,73.33950537634408,1.0165595841577901,0.2894170962648712,242.19,329904992,259.71,229.16548387096773,1.004555011766729,-0.07927592502128378,3943.34,3934.83,3726.013182795699,1.0059452799381388
20.33,14995077,28.72,17.112645161290324,1.019621360156325,0.8548564317002512,84.55,104163000,151.01,74.32793548387096,1.013477458055583,0.3133970451891799,239.73,365302016,259.71,230.00294623655913,1.0036544000930914,-0.07327228049245038,3913.1,3943.34,3744.856623655914,1.0050572662885955
20.52,16283129,28.72,17.43550537634409,1.018866762678168,0.8195735425010165,85.79,85042000,151.01,75.34516129032258,1.0136856459126644,0.24886074290763616,249.87,290219008,259.71,231.45703225806452,1.0063220321534918,-0.029762413199429627,3974.54,3943.34,3766.5543870967736,1.0057940171337394
20.57,9407200,28.72,17.74322580645161,1.0176490685796251,0.6626941756373201,86.28,57312000,151.01,76.34595698924731,1.0132828131466656,0.21194628043689945,250.9,217543008,259.71,232.92729032258066,1.0063521857606679,-0.05511997599900886,4019.87,3974.54,3790.1733763440857,1.0062707150408408
20.43,7962088,28.72,18.02572043010753,1.015921266332146,0.778016195401884,86.76,62569000,151.01,77.3316989247312,1.0129115145628826,0.2738596541662519,252.17,269462016,259.71,234.42258064516133,1.0064195583115652,-0.09155792266685348,4128.8,4019.87,3819.5450322580646,1.007749422782952
21.24,13097774,28.72,18.34225806451613,1.0175603319509994,0.8183594804279211,88.29,91687000,151.01,78.36113978494623,1.0133120166054674,0.22336245975386593,258.78,266851008,259.71,236.27595698924728,1.007906134037878,-0.08503987358232079,4185.47,4128.8,3850.8785591397855,1.0082034709938206
21.7,11386021,28.72,18.66982795698925,1.0178587549755838,0.9697779243186841,90.17,87323000,151.01,79.45769892473119,1.0139936599032933,0.31055284738744704,264.05,266535008,259.71,238.3861075268817,1.0089308728849227,-0.04122304021267831,4180.17,4185.47,3880.007784946237,1.0075643065235893
22.34,11250895,28.72,19.016537634408603,1.0185705877000093,0.84674002003714,92.17,93187000,151.01,80.61556989247312,1.014572168379036,0.28708095522357713,267.06,296096000,264.05,240.58574193548384,1.009227192102015,-0.06622568952750751,4181.17,4185.47,3907.305376344086,1.0070354475843475
22.71,10103734,28.72,19.365870967741934,1.0183699756522053,0.9162132165142886,93.65,83920000,151.01,81.80559139784947,1.0147616832202964,0.35238974064701467,264.7,310403008,267.06,242.5444946236559,1.0081415992170364,-0.061120633857439044,4232.6,4185.47,3936.1302150537635,1.0073771655740529
22.46,9805257,28.72,19.676860215053765,1.0160586243618916,1.0704553044787994,90.9,84110000,151.01,82.75030107526882,1.0115482286879989,0.36707361673678784,262.08,280892992,267.06,244.25733333333332,1.0070619566621586,-0.026291910764361326,4173.85,4232.6,3959.540064516129,1.0059474275959759
21.84,7759907,28.72,19.92384946236559,1.012552269244809,0.8909244050066444,90.81,73268000,151.01,83.62075268817205,1.0105190144518201,0.3030934703743513,264.46,278921984,267.06,246.04109677419356,1.007302804040794,-0.0013491499910109894,4155.86,4232.6,3980.3053118279568,1.0052443584288786
22.71,9847213,28.72,20.205655913978493,1.0141441769144668,1.1652420566766852,94.12,75086000,151.01,84.6395698924731,1.0121837841869268,0.39531278088835387,269.98,302603008,267.06,248.08703225806448,1.0083154217352095,-0.008933631022277622,4204.11,4232.6,4002.6985806451607,1.0056260178712069
23.37,7081697,28.72,20.504774193548386,1.0148036906519307,1.1937513160958484,96.9,58868000,151.01,85.7563870967742,1.0131949773104933,0.46613390738997684,278.18,234148992,269.98,250.5361505376344,1.0098720124839993,0.05492647536413542,4229.89,4232.6,4024.7461505376345,1.005508176408557
24.18,8463786,28.72,20.829870967741932,1.0158546868707208,0.7520668500707314,98.71,69988000,151.01,86.90230107526882,1.013362433018563,0.2375082459976836,283.61,269220992,278.18,253.21206451612903,1.0106807499546564,0.03667250037758052,4247.44,4232.6,4046.376623655914,1.0053743695401485
22.51,10662151,28.72,21.027935483870966,1.009508677054974,0.5073165592286559,92.55,82453000,151.01,87.58402150537634,1.0078446763971998,0.1231133548410015,276.12,335528000,283.61,255.29419354838709,1.0082228666167106,0.037189335396746515,4166.45,4247.44,4061.3576559139788,1.0037023326426122
23.42,9159756,28.72,21.27221505376344,1.0116169069512242,0.6094671050158482,95.52,74510000,151.01,88.40780645161288,1.0094056533609383,0.12014111969019536,279.71,265598000,283.61,257.5055483870968,1.0086619864242645,0.05208060410845783,4280.7,4247.44,4082.4001720430106,1.0051811531787629
22.91,10303498,28.72,21.467935483870967,1.009200754581169,0.5735221934403308,94.39,82886000,151.01,89.10556989247313,1.007892554615549,0.06203268636931081,279.72,272868992,283.61,259.6056129032258,1.0081554146280844,0.03537046030489699,4352.34,4280.7,4106.683225806452,1.005948229654147
23.19,8201835,28.72,21.667870967741937,1.009313214306107,0.6395381787786139,95.25,68474000,151.01,89.81516129032258,1.007963490932225,0.05151545134044411,287.1,246350000,283.61,262.07660215053767,1.0095182427670892,0.08810016543833821,4369.55,4352.34,4130.67182795699,1.0058413568399414
22.43,10863343,28.72,21.80309677419355,1.0062408441813655,0.5758856050781516,93.85,72272000,151.01,90.38333333333334,1.0063260148381203,0.04656823190276893,288.98,247254000,287.1,264.53350537634407,1.0093747522886272,0.11999244089535543,4327.16,4369.55,4150.40711827957,1.0047777434626999
22.32,9981985,28.72,21.917612903225805,1.005252287334146,0.5911158462100746,94.22,80301000,151.01,90.92494623655914,1.0059923979704126,0.04162703876996221,289.26,274329984,288.98,266.87006451612905,1.0088327531004468,0.10040757897227359,4411.8,4369.55,4174.274559139784,1.0057506264277294
23.02,9508801,28.72,22.06434408602151,1.0066946698732009,0.5772741557780924,95.17,82208000,146.51,91.47718279569892,1.0060735428724152,0.0639938544896983,290.04,253316992,289.26,269.11643010752687,1.0084174506251602,0.10248823915389993,4395.26,4411.8,4195.550731182796,1.0050969747537153
23.47,10419177,28.72,22.226193548387098,1.0073353398467042,0.6208185604464259,98.32,118605000,144.19,92.18109677419356,1.0076949678267502,0.07712848712555798,292.06,289416992,290.04,271.3594838709677,1.0083348822758411,0.15514011829404994,4436.52,4411.8,4218.11423655914,1.0053779603256003
23.56,8364948,28.72,22.378752688172042,1.0068639346387773,0.5973850922192461,98.24,63160000,143.8,92.82027956989248,1.0069339899183958,0.05894572906383089,292.08,223516000,292.06,273.4533333333333,1.0077161462444453,0.10555040623695011,4468.0,4436.52,4241.392924731183,1.0055187429421142
22.71,8807238,28.72,22.462043010752684,1.0037218482969634,0.49573951665473104,95.75,69547000,143.8,93.24402150537635,1.0045651870199852,0.008615017534497227,293.68,238956000,292.08,275.5087311827957,1.0075164483255976,0.1243577368824118,4441.67,4468.0,4261.46806451613,1.0047331478458152
23.33,9537647,28.72,22.573526881720433,1.0049632115348717,0.5318733245490481,98.17,69382000,143.8,93.77769892473118,1.0057234491899736,0.0681233217866617,292.67,221778000,293.68,277.36058064516135,1.0067215636122144,0.06407046669741878,4509.37,4468.0,4284.620193548388,1.0054328998086455
23.63,7484262,28.57,22.690602150537632,1.0051863968546273,0.525453842734999,99.52,72173000,142.4,94.34417204301076,1.0060405952030689,0.027420031568874403,304.36,273968000,293.68,279.82965591397846,1.0089020410293124,0.12158870672740152,4535.43,4509.37,4307.743655913979,1.005396852304531
22.52,7646475,28.57,22.723032258064517,1.0014292308027672,0.37108074265146607,94.24,57444000,142.4,94.51862365591397,1.0018490979265118,-0.07190601148477649,292.52,200632000,304.36,281.3883225806452,1.005570055330897,0.09144175850414626,4458.58,4535.43,4324.514215053764,1.0038931191081348
23.1,13902891,28.57,22.786021505376343,1.0027720440914953,0.35484656395124325,95.72,94201000,142.4,94.76172043010752,1.0025719457688944,-0.0544236670240652,291.8,289695008,304.36,282.7851827956989,1.004964172650247,0.09635598098872489,4432.99,4535.43,4338.507462365591,1.0032357963498226
22.91,8519846,27.79,22.82911827956989,1.001891368977396,0.3774015637054181,95.78,72837000,138.46,94.97778494623655,1.0022800822436355,-0.08231711230353023,287.4,262375008,304.36,283.7803870967742,1.0035192943676765,0.06834189933653079,4455.48,4535.43,4352.819892473119,1.0032989294663386
23.08,9891086,26.91,22.876236559139784,1.002063955295727,0.3542470274082554,95.65,80865000,131.52,95.15780645161293,1.0018954064413934,-0.07472561350466655,280.99,266582000,304.36,284.24346236559137,1.0016318085740692,0.09236595422945415,4357.05,4535.43,4359.396344086021,1.0015108485476907
22.96,9996419,26.91,22.909354838709675,1.001447715382916,0.2600964580610511,95.73,67232000,131.52,95.31589247311828,1.001661303758465,-0.05034989685005087,278.84,233703008,304.36,284.4562580645162,1.0007486388504905,0.03771312293955842,4391.36,4535.43,4367.078580645161,1.0017622248478422
23.27,8857986,26.6,22.958021505376344,1.0021243141506735,0.2975033496107853,99.65,70894000,131.35,95.70799999999998,1.004113768614109,-0.025470355312746662,288.65,229264992,304.36,285.2231397849463,1.0026959565792226,0.06139596484512433,4471.37,4535.43,4378.959268817204,1.0027205116538773
23.69,11167722,25.27,23.027462365591397,1.0030246883512497,0.2970692960568163,101.69,64114000,126.35,96.19924731182796,1.0051327716787308,-0.007043751339109949,297.94,207486000,304.36,286.4841720430108,1.0044212130159402,0.04887663848406487,4544.9,4535.43,4394.383247311828,1.0035222932089045
23.44,12697809,25.27,23.073956989247314,1.002019094545363,0.26650113124417607,101.67,129386000,126.35,96.65501075268816,1.004737702774148,-0.012659543861847089,298.83,295719008,304.36,287.69924731182795,1.0042413347311723,0.04537831984424057,4605.38,4544.9,4412.482580645161,1.0041187425662985
25.51,13427023,25.27,23.247827956989248,1.0075353771276838,0.40074084708778424,110.1,89300000,126.35,97.62154838709678,1.0099998709521818,0.0743477185114807,301.26,261527008,304.36,288.9680215053763,1.0044100712998154,0.056923216978467694,4697.53,4605.38,4435.267913978494,1.0051638353051586
24.4,7991099,25.51,23.339161290322583,1.0039286824344327,0.277144747677341,108.01,54559000,126.35,98.40305376344087,1.0080054597499848,0.059663687082677,301.14,196108992,304.36,290.1234838709678,1.003998582125358,0.04485624447653658,4682.85,4697.53,4455.883075268817,1.004648008122655
24.57,9683475,25.51,23.43466666666667,1.0040920654841048,0.2965131772798506,108.66,93379000,126.35,99.18408602150541,1.0079370733752038,0.06523511093113532,300.97,275248992,304.36,291.1768817204301,1.0036308603337014,0.015953835367432667,4697.96,4697.53,4476.403440860216,1.0046052298152282
23.77,6779060,25.51,23.4723870967742,1.0016095996006287,0.1929742825947509,105.4,53897000,126.35,99.71503225806451,1.005353139378065,0.026336985646616018,298.36,173336000,304.36,291.98249462365595,1.002766747478254,0.018318321612194044,4594.62,4697.96,4489.143182795699,1.0028459771563922
23.33,14090514,25.51,23.478645161290324,1.0002666138936072,0.1368098743293923,101.46,104810000,126.35,99.96333333333332,1.0024901067536758,-0.044447218955224965,298.54,365657984,304.36,292.73240860215054,1.0025683525290143,0.055587017108520875,4538.43,4697.96,4497.368623655913,1.0018322963927142
23.94,12644989,25.51,23.522924731182794,1.0018859508113984,0.1826982029984089,103.0,84512000,126.35,100.29419354838709,1.0033098157496458,-0.03721635899853748,306.72,255542000,304.36,293.9372903225807,1.004115983352112,0.0413911603209256,4712.02,4697.96,4516.135720430108,1.0041729060578848
23.76,15873459,25.51,23.552408602150535,1.0012534100799404,0.22697025965724038,102.56,105615000,126.35,100.57064516129033,1.0027564069575958,-0.04904804718577127,311.65,346624000,306.72,295.3642365591398,1.0048545941040454,0.06660182229481926,4620.64,4712.02,4527.849978494624,1.002593867587177
24.49,7368937,25.51,23.624860215053765,1.0030761869890714,0.22262671028668213,105.26,51854000,126.35,100.99602150537635,1.0042296272774607,-0.04172639127980604,313.2,179860000,311.65,296.78969892473117,1.004826117007927,0.03600021617062721,4725.78,4712.02,4545.347935483872,1.0038645178334873
25.41,6692548,25.51,23.752838709677416,1.0054171111895978,0.25136781172775813,108.64,45915000,126.35,101.61550537634409,1.0061337452875285,-0.04625376015900495,324.75,158679008,313.2,298.86737634408604,1.0070005038142573,0.04062378797185695,4766.18,4725.78,4564.33047311828,1.0041762562302916
25.68,12934788,25.51,23.89384946236559,1.0059365852819404,0.1851523962470779,108.95,70555000,123.73,102.22974193548387,1.0060447129290446,0.015271666891390367,308.7,289601984,324.75,299.8094193548387,1.00315204363312,-0.012672011986516907,4677.02,4766.18,4576.407440860215,1.002645945076296
26.52,18630504,25.68,24.08582795698924,1.0080346406687641,0.3205589148730731,107.89,76149000,123.73,102.75356989247311,1.0051240269912822,0.06988412714177095,302.59,242055008,324.75,300.30331182795703,1.0016473547568356,-0.02327807834360307,4662.85,4766.18,4586.646387096775,1.0022373327482037
24.31,11580099,26.52,24.12660215053763,1.0016928707462829,0.17774146386207867,101.43,69587000,123.73,102.82763440860215,1.0007207974983892,0.010926237044864617,293.96,234492992,324.75,300.18350537634404,0.9996010485169686,0.023559914306655383,4397.93,4766.18,4578.7261935483875,0.9982732059810261
25.07,19148834,26.52,24.214494623655913,1.0036429693899656,0.2002803295522081,102.65,105778000,123.73,102.9676989247312,1.0013621291293398,0.038817721358245016,293.34,350472000,324.75,299.99305376344086,0.9993655493739924,0.030423214875715976,4431.85,4766.18,4572.742279569893,0.9986931050852252
24.95,12519181,26.52,24.29,1.0031181892299468,0.23591742313288844,101.23,80178000,123.73,102.9983870967742,1.0002980368830563,0.04334641555385543,292.68,300987008,324.75,299.7307311827957,0.9991255711512174,-0.010542178668857982,4500.54,4766.18,4571.018989247312,0.9996231385419903
25.19,17249216,26.52,24.37720430107527,1.0035901317857254,0.2474022516165022,99.75,98527000,123.67,102.92073118279569,0.9992460472812498,0.07802303422546253,284.6,309852992,324.75,298.9351182795699,0.9973455744758433,-0.036297645116605826,4418.64,4766.18,4563.730129032258,0.9984054189597114
25.35,15870916,26.52,24.46879569892473,1.0037572560297827,0.20152222742879367,99.14,93853000,123.67,102.79103225806452,0.9987398173017172,0.08606319644533766,279.47,328011008,324.75,297.8179569892473,0.9962628636717156,-0.01958096453046243,4348.87,4766.18,4551.743247311828,0.9973734464173997
25.64,10455434,26.52,24.572580645161292,1.0042415224481653,0.17812834553286372,99.69,82944000,119.74,102.68623655913977,0.998980497650207,0.057975271102454484,287.0,279092000,324.75,297.2076559139785,0.9979507579682616,-0.008060523253485052,4384.62,4766.18,4542.198150537634,0.9979029799671081
25.42,21851344,26.52,24.6565376344086,1.0034166940159719,0.162682866855674,98.59,145400000,116.69,102.50075268817206,0.9981936832317261,0.0031570095470090376,291.94,399432992,324.75,296.9226021505376,0.9990408936049636,0.023853639149951422,4328.87,4766.18,4529.079161290323,0.997111753205712
24.87,14655787,26.52,24.700817204301078,1.001795855141911,0.17508864908408228,95.95,84050000,116.69,102.14436559139784,0.9965230782464748,-0.00485641232556866,286.69,291195008,324.75,296.2990967741936,0.9979001080691462,0.04056360921462987,4204.31,4766.18,4508.155548387097,0.9953801618037373
25.0,14398989,26.52,24.750666666666664,1.0020181300866802,0.21868971350719324,96.94,89469000,116.69,101.85677419354838,0.997184461461145,0.009942499713725184,294.41,327436000,324.75,296.185247311828,0.9996157616961879,-0.002336811732454702,4463.09,4766.18,4504.4944946236565,0.9991879042938635
25.49,13548039,26.52,24.827204301075273,1.0030923463775498,0.17637539251502965,97.87,71733000,116.69,101.62662365591399,0.9977404493765231,-0.012554676259771469,295.45,250032992,324.75,296.1369247311828,0.999836850143335,0.002032077915860464,4543.04,4766.18,4505.945440860215,1.0003221107803084
25.94,12042624,26.52,24.928129032258063,1.0040650864253136,0.17574149156626573,100.81,77234000,116.69,101.58679569892475,0.999608095245552,-0.0007715177153133634,308.54,289728992,324.75,296.9271397849463,1.002668411088826,0.011434064668872868,4545.86,4766.18,4507.505913978494,1.0003463142505298
25.32,9413570,26.52,24.984086021505377,1.002244732814681,0.15708203783483077,99.31,65689000,116.69,101.4474193548387,0.9986280072806005,-0.008931941907763807,310.87,245392992,324.75,297.858688172043,1.003137296199234,0.056069439760952244,4488.28,4766.18,4505.329118279569,0.99951707313524
26.01,6690207,26.52,25.078537634408598,1.0037804710095026,0.1351381470515045,100.29,46476000,116.69,101.36036559139785,0.999141882918319,0.0022327945885118883,305.08,187186000,324.75,298.37722580645163,1.0017408847047267,0.05462411145114121,4392.59,4766.18,4496.914903225807,0.9981323861514084
26.0,8415819,26.52,25.166086021505375,1.0034909685872855,0.10385211510646064,100.3,61482000,114.28,101.26412903225808,0.9990505503943453,-0.0274779697674723,308.86,260532000,324.75,299.1110752688171,1.002459468749272,0.11589957584170296,4271.78,4766.18,4480.793376344086,0.9964149806637086
25.38,13334602,26.52,25.206989247311828,1.001625331240285,0.04424237444194423,95.53,86929000,114.28,100.85043010752689,0.9959146547875861,-0.03823097882185533,291.38,316884000,324.75,298.6710322580645,0.9985288307684457,0.08864439122118761,4131.93,4766.18,4456.044322580645,0.9944766357908621
24.19,10982155,26.52,25.166172043010754,0.9983807187799937,0.008944922547332368,93.8,84947000,114.28,100.32537634408602,0.9947937379852416,-0.025683749615990736,280.38,337355008,324.75,297.4989677419355,0.996075734204058,0.06655636443703394,4123.34,4766.18,4431.225204301075,0.9944302353201917
23.71,12925748,26.52,25.091741935483867,0.9970424541563302,-0.061741431394266355,92.84,105585000,114.28,99.7425376344086,0.9941905155912054,-0.0021344409225813044,269.54,403952992,324.75,295.6242365591398,0.9936983607135675,0.03387196403754544,4023.89,4766.18,4400.566344086023,0.9930811775972718
22.24,11708211,26.52,24.921526881720432,0.9932162918700067,-0.1007835724358912,89.35,88484000,114.28,98.94918279569893,0.9920459729867953,-0.01011874946088831,264.8,330036992,324.75,293.4847956989247,0.9927629720583242,0.030365625637407856,3901.36,4766.18,4362.964645161291,0.9914552591678875
24.5,10730122,26.52,24.900236559139778,0.9991457055307366,0.051958085887663374,93.52,79338000,114.28,98.45139784946235,0.9949692869392933,-0.017818167947549868,280.2,321641984,324.75,292.41017204301073,0.9963384009268529,0.034747655571584435,4158.24,4766.18,4343.319806451613,0.9954973646803522
23.87,7169250,26.52,24.836021505376344,0.9974211066786085,-0.07006830430907773,90.71,64038000,114.28,97.78984946236562,0.9932804571438562,-0.08549322636027679,273.96,297905984,324.75,290.9730322580645,0.9950851922321812,0.034763515473294704,4108.54,4766.18,4321.430107526882,0.9949601457179793
21.79,10515880,26.52,24.64113978494624,0.9921532633401885,-0.10420819874885168,85.19,74101000,114.28,96.81387096774192,0.9900196339396217,-0.06503246186849032,257.1,323792992,324.75,288.5068602150538,0.9915243965261239,0.0207459158321478,3900.86,4766.18,4287.408344086021,0.9921271980352978
19.73,14433874,26.52,24.318967741935484,0.986925440713275,-0.1546243320109265,81.12,119954000,114.28,95.62438709677419,0.9877137040480071,-0.06153831674053256,243.21,621803008,324.75,285.23926881720433,0.9886741292896336,0.02586681677973568,3674.84,4766.18,4240.486344086022,0.9890558593363931
20.86,13030968,26.52,24.080107526881722,0.9901780282128557,-0.028358694283041275,85.71,79338000,114.28,94.79025806451614,0.9912770261061764,-0.06484539263724565,261.97,382420992,324.75,283.3062150537634,0.9932230447390478,0.026659250139771218,3911.74,4766.18,4211.0484731182805,0.993057902188791
