26.06,9094532,62.83,30.34236559139785,0.9848611762603587,-0.4953930974284383,3471.0,740612992,3534.9,3163.7926881720427,1.0079159534050686,0.43889827465603415,1694.5,1881289984,1788.5,1577.0924731182797,1.0051535935349816,0.1866445480462149,2955.45,3380.16,2941.685892473118,0.998422584740223
26.49,5481863,62.83,29.94124731182796,0.9867802568536842,-0.4893266034692231,3505.3,908507008,3534.9,3189.2772043010755,1.0080550524768288,0.36507824253403676,1718.5,2068460032,1788.5,1586.212258064516,1.005782657074131,0.16453011443518284,3044.31,3380.16,2942.9155053763443,1.0004179959887534
34.55,16279695,62.83,30.097118279569887,1.0052058942674826,-0.2811534421515629,3560.6,1254112000,3534.9,3216.8286021505373,1.0086387592186423,0.26630459484097146,1781.2,2028979968,1788.5,1598.8752688172044,1.007983175447238,0.1473101683968978,3193.93,3380.16,2953.846623655914,1.0037143840044336
33.42,5477468,62.83,30.19713978494624,1.0033232917665824,-0.3650907081411984,3540.7,1039308032,3560.6,3241.5729032258064,1.0076921415889946,0.28929916196923344,1745.1,2312290048,1788.5,1608.6251612903225,1.006097969405913,0.1664005503287761,3041.31,3380.16,2954.71440860215,1.000293781315281
40.52,9203803,62.83,30.779311827956988,1.0192790458684755,0.01563865150146948,3696.8,1053804992,3560.6,3275.053978494624,1.010328651018615,0.33161811005562825,1793.7,2262739968,1788.5,1621.0466666666666,1.0077218146745763,0.1866683422391151,3097.74,3380.16,2959.393053763441,1.001583450890438
39.36,6651385,62.83,31.27679569892473,1.0161629302743498,-0.06238964543304526,3705.0,1145778048,3696.8,3307.4288172043016,1.0098852840051689,0.3666302976180629,1785.7,2293139968,1793.7,1632.3563440860216,1.006976774729509,0.1992938059830961,3009.05,3380.16,2958.376752688172,0.9996565846250208
42.16,3702801,62.83,31.95193548387096,1.021585963966553,0.12255429905131443,3869.6,701307008,3705.0,3348.8546236559137,1.0125250787669644,0.3819880032484878,1851.3,1454979968,1793.7,1647.3763440860216,1.0092014222595556,0.20970019916012295,3130.01,3380.16,2965.448043010753,1.002390260238543
44.57,5999162,62.83,32.76778494623656,1.0255336476495276,0.19080060123131526,3995.2,913369984,3869.6,3396.4034408602147,1.0141985313033364,0.4001255283400523,1901.3,1743670016,1851.3,1664.9458064516127,1.0106651175541426,0.2082900548520903,3185.04,3380.16,2976.103849462366,1.0035933209070136
39.13,6694647,62.83,33.21206451612903,1.013558425466397,0.07073680137334559,3804.6,903294976,3995.2,3429.4849462365596,1.009740157773473,0.33571910536239,1879.1,1852460032,1901.3,1680.3638709677418,1.0092604002222683,0.17555405768720966,3224.73,3380.16,2989.2853763440853,1.004429121948853
37.81,5033631,62.83,33.55950537634409,1.010461284634875,0.007537588683834251,3785.3,955646976,3995.2,3459.6875268817203,1.0088067395304663,0.33049725227875715,1850.2,2333880064,1901.3,1693.310752688172,1.0077048084311488,0.1533752571664967,3215.63,3380.16,3001.8722580645153,1.0042106658066297
42.06,2750333,62.83,34.171505376344086,1.018236264007377,0.08856029747508054,3876.9,774236992,3995.2,3494.2578494623654,1.0099923251195475,0.32026512714601163,1942.4,2369809920,1901.3,1711.6995698924734,1.0108596825332319,0.18654317540919552,3271.12,3380.16,3018.0915913978497,1.0054030724624479
41.58,2855987,62.83,34.736946236559135,1.0165471451722021,0.019373179358906034,3959.7,981625984,3995.2,3532.446021505376,1.0109288363046494,0.31106817797235775,1999.4,2175269888,1942.4,1733.0761290322578,1.0124884994515289,0.1804684533578016,3351.28,3380.16,3039.4045376344084,1.00706172943767
40.23,2128921,62.83,35.20296774193549,1.0134157303927276,0.02502011129585391,3903.9,754153024,3995.2,3565.3045161290324,1.0093019099014156,0.2969115537616277,2001.5,2091820032,1999.4,1753.8513978494625,1.0119875108018512,0.16036628434043876,3372.85,3380.16,3061.9243010752693,1.0074092682175135
38.89,5572295,62.83,35.57249462365591,1.0104970377619675,0.10580778744630481,4020.6,678257024,3995.2,3604.28494623656,1.010933268092861,0.34717130134423757,2071.2,1831600000,2001.5,1778.4875268817204,1.0140468736761086,0.17959190804138725,3397.16,3380.16,3085.9194838709677,1.0078366348858696
41.16,4485919,62.83,36.07451612903226,1.0141126314217643,0.3074035080033972,4357.6,935972992,4020.6,3663.318279569892,1.016378653245763,0.39893202273717454,2164.4,2001350016,2071.2,1808.3621505376348,1.0167977695678836,0.20544858028771995,3508.01,3397.16,3116.8475913978496,1.0100223313305912
38.7,5581601,62.83,36.39406451612903,1.0088580089599484,0.15440468369041516,4101.6,1243518976,4357.6,3703.517634408602,1.0109734813551143,0.27655449285591505,2074.5,3437110016,2164.4,1831.3819354838708,1.012729632136678,0.15648451485262438,3426.96,3508.01,3141.9391612903223,1.0080503037625974
36.8,3425128,62.83,36.57584946236559,1.0049949064127202,0.07860760045052584,3941.2,961612992,4357.6,3732.0081720430103,1.0076928316392255,0.26637774479543797,1984.0,2410500096,2164.4,1847.8623655913977,1.0089989039359901,0.12090360293740321,3340.97,3508.01,3161.2695483870975,1.0061523747292538
34.66,4631934,62.83,36.61113978494624,1.000964853123014,0.028803603687674206,3905.3,1110301056,4357.6,3757.3088172043017,1.0067793648874679,0.29266042059948716,1963.3,2988819968,2164.4,1862.5868817204303,1.0079684052249855,0.1316741849487908,3319.47,3508.01,3179.29711827957,1.0057026361139214
32.73,10418397,62.83,36.5187311827957,0.9974759430410157,-0.03889133276969248,4041.0,847931008,4357.6,3790.3324731182797,1.0087891779783356,0.3546382162415138,2005.2,2595620096,2164.4,1879.541505376344,1.0091027290175334,0.17782063297014927,3298.46,3508.01,3196.0085161290317,1.0052563183709313
32.6,8456203,62.83,36.41576344086022,0.9971804129387718,-0.1095159711509095,4047.2,768291968,4357.6,3821.748387096774,1.0082884322684886,0.3765986335837951,2021.4,2334060032,2164.4,1896.5606451612905,1.0090549422485557,0.1709939530948319,3348.44,3508.01,3215.2041290322577,1.0060061206991011
33.78,4785927,62.83,36.38870967741936,0.9992570864679304,0.01395578589407065,4252.4,635449984,4357.6,3864.2756989247314,1.0111277110684578,0.4017842258819575,2114.1,2124440064,2164.4,1918.5636559139784,1.0116015329163475,0.1488531870267411,3477.13,3508.01,3241.893569892472,1.0083010097614697
33.57,5208451,62.83,36.33670967741936,0.9985709853286645,0.19073868875798472,4317.4,758828032,4357.6,3908.151397849463,1.011354184417261,0.3401497733253205,2130.5,2361230080,2164.4,1940.2544086021505,1.0113057247912052,0.1906183887571824,3483.81,3508.01,3267.366430107527,1.0078574017517483
38.23,4686756,62.83,36.566860215053765,1.0063338298838167,0.2585179923408836,4246.8,1232258944,4357.6,3943.741075268817,1.0091065247469526,0.37200632099721376,2083.5,2057490048,2164.4,1957.0230107526884,1.0086424759950003,0.14296995452449957,3465.39,3508.01,3289.1156559139777,1.006656500356385
36.59,3089547,62.83,36.667096774193546,1.002741185831933,0.2491364866626844,3956.0,1090397952,4357.6,3957.4808602150533,1.003483947014777,0.25597353255289845,1948.7,2894279936,2164.4,1963.588387096774,1.0033547772857103,0.12356911206028531,3269.96,3508.01,3296.2695698924726,1.0021750265806653
42.38,4493467,62.83,37.118193548387104,1.0123024949853963,0.244326736567964,4355.1,822729024,4357.6,3994.459139784946,1.0093438934706265,0.42850058773509425,2137.7,2440580096,2164.4,1981.0718279569894,1.008903821684373,0.16794885300969997,3509.44,3508.01,3317.1935698924735,1.0063477818049582
41.61,4952095,62.83,37.49290322580645,1.0100950407764557,0.2314829972527177,4195.0,961084992,4357.6,4018.293978494623,1.0059669752213214,0.19970661321585603,2129.2,2489210112,2164.4,1996.6337634408603,1.0078553110817388,0.10811551451985846,3585.15,3509.44,3341.454516129033,1.007313696269267
41.92,3074016,62.83,37.864645161290326,1.0099149946656574,0.2415505627012,4171.5,810352000,4357.6,4038.6245161290326,1.0050594948361709,0.18666252353934887,2109.7,1958790016,2164.4,2009.7372043010753,1.0065627663421024,0.09957891516989781,3557.54,3585.15,3362.4060215053764,1.0062701752411147
38.97,6885570,62.83,38.020817204301075,1.0041244818839714,0.2098645366794587,4279.1,766940992,4357.6,4063.8219354838707,1.0062391091952736,0.21231939854859028,2153.9,1546610048,2164.4,2024.5068817204303,1.0073490590649097,0.09388857292940855,3638.35,3585.15,3387.0209677419343,1.0073206347119072
38.34,5877005,62.83,38.114172043010754,1.0024553611830078,0.18652483953494237,4271.9,1346444032,4357.6,4086.2744086021507,1.0055249647929287,0.12354302338111345,2213.9,2578439936,2164.4,2041.8739784946235,1.008578433064863,0.06676582947664422,3699.12,3638.35,3413.8196989247317,1.0079121834314075
35.55,4726604,62.83,38.00901075268818,0.9972408874524703,0.23862043491103324,4262.8,1006764992,4357.6,4106.362795698925,1.0049160641425563,0.0816314068999946,2182.2,2076589952,2213.9,2056.016344086021,1.0069261696560843,0.05076699149159003,3663.46,3699.12,3436.663333333334,1.0066915175443498
35.82,5930968,62.83,37.901870967741935,0.9971812003831575,0.29713822067972817,4425.9,1165693056,4357.6,4135.136774193548,1.0070071690998081,0.16565431877620052,2252.1,2566830080,2213.9,2073.503870967742,1.0085055388455557,0.07395626169897684,3709.41,3699.12,3460.7515698924735,1.0070091929941172
32.01,4961272,62.83,37.52793548387096,0.9901341154322111,0.11282302119432752,4472.9,739318976,4425.9,4164.8894623655915,1.007195091673321,0.23100250470977723,2270.6,1429090048,2252.1,2090.9858064516134,1.0084311081974071,0.104881255136964,3703.06,3709.41,3482.808709677419,1.0063735114582728
34.35,5853325,62.83,37.29309677419355,0.9937422960616008,-0.0009554592324568789,4431.9,552267008,4472.9,4189.916129032258,1.006008962997172,0.25128805034926127,2291.3,1424579968,2270.6,2108.615913978495,1.0084314812049344,0.11037736361927308,3756.07,3709.41,3506.869182795699,1.0069083533216812
36.41,4725479,62.83,37.191591397849464,0.997278172500431,0.034480172523306374,4404.3,860542016,4472.9,4211.288387096774,1.0051008796850196,0.23357947146889257,2301.2,2472829952,2291.3,2125.7877419354836,1.0081436490368647,0.06108718203334207,3824.68,3756.07,3534.1472043010754,1.0077784542517865
35.64,5561521,62.83,37.03397849462365,0.9957621360823262,-0.18122578907768128,4283.2,788521024,4472.9,4222.990537634409,1.002778757819932,0.12153229861808534,2240.9,2412689920,2301.2,2137.8733333333334,1.0056852296019199,0.03286570573152936,3768.25,3824.68,3556.099913978494,1.0062116002555588
34.8,5830134,62.83,36.83266666666666,0.9945641317476539,-0.17771226743054203,4469.3,589267968,4472.9,4245.438064516129,1.005315552256552,0.11137354468308969,2339.1,1942419968,2301.2,2155.3326881720427,1.0081666928374502,0.03326767298407529,3841.47,3824.68,3581.3345376344087,1.0070961514767123
40.99,14969699,62.83,37.040516129032255,1.0056430739660156,-0.12302215652893156,4464.9,946420992,4472.9,4265.9580645161295,1.0048334234743663,0.11871519585127666,2269.1,2957319936,2339.1,2167.085806451613,1.0054530413536937,0.03902489668033793,3714.24,3841.47,3596.570623655914,1.0042543040482248
48.15,8346499,62.83,37.712817204301075,1.0181504240633912,0.029590717504454522,4746.6,860745024,4472.9,4303.372043010752,1.0087703577786733,0.10110716515257301,2379.9,2065459968,2339.1,2185.088817204301,1.0083074748120686,0.03138304366924727,3886.83,3841.47,3621.6851397849455,1.006982906428653
54.04,6360096,62.83,38.7574193548387,1.0276988628263628,0.36278488146757537,4827.5,658691008,4746.6,4344.3894623655915,1.0095314602002532,0.1699030522759195,2434.5,1929389952,2379.9,2205.5851612903225,1.0093800965547228,0.07536254453241176,3934.83,3886.83,3648.3872043010747,1.007372828803587
52.44,4012247,62.83,39.666731182795694,1.0234616195581006,0.3523844777996892,4754.3,545004032,4827.5,4378.484516129032,1.007848065662344,0.15842591441031728,2387.8,1625479936,2434.5,2221.8741935483868,1.0073853562963466,0.07565039699467624,3906.71,3934.83,3671.7479784946236,1.0064030413674319
45.93,5711301,62.83,40.12458064516129,1.0115424046477561,0.09590932410113495,4510.1,1027969984,4827.5,4394.7408602150535,1.003712778708281,0.13023322782655455,2293.4,2749929984,2434.5,2230.9167741935485,1.0040697986733085,0.015614039040802385,3811.15,3934.83,3687.4573978494623,1.0042784579570407
44.67,4955571,62.83,40.492817204301076,1.009177331032971,0.09280243303422131,4398.2,1039904000,4827.5,4402.416129032258,1.00174646675682,0.09845776300500053,2262.3,2716219904,2434.5,2237.198064516129,1.0028155646123782,-0.014920283179556515,3841.94,3934.83,3703.9919139784947,1.0044839883814456
45.71,3063448,62.83,40.921505376344086,1.0105867707322047,0.12555008699975168,4483.5,941651008,4827.5,4414.651612903226,1.0027792656378574,0.0586010190387003,2304.3,2544179968,2434.5,2245.6236559139784,1.003766135654901,-0.017855288581594353,3943.34,3934.83,3726.013182795699,1.0059452799381388
44.22,2345763,62.83,41.242279569892474,1.0078387681635441,0.1429317978231367,4380.4,845440000,4827.5,4418.989032258065,1.0009825054693242,0.010887493253888936,2273.1,2710459904,2434.5,2251.3851612903227,1.0025656593709151,-0.054394196313690024,3913.1,3943.34,3744.856623655914,1.0050572662885955
35.13,10035913,62.83,40.965139784946246,0.9932802020684486,-0.2424458813083732,4460.0,1109581952,4827.5,4427.688172043011,1.0019685814382981,-0.07972834170643206,2330.6,2324590080,2434.5,2260.4221505376345,1.004013968557087,-0.05620190436827932,3974.54,3943.34,3766.5543870967736,1.0057940171337394
37.96,3738655,62.83,40.88354838709677,0.9980082724414514,-0.12552437193702048,4592.4,862033984,4827.5,4444.709032258064,1.0038441867524739,0.0017671966136063588,2380.0,1728429952,2434.5,2272.2888172043013,1.0052497568491108,-0.025748998570663595,4019.87,3974.54,3790.1733763440857,1.0062707150408408
35.15,3375453,62.83,40.62225806451613,0.9936089128050561,-0.19485661833849088,4819.9,969028992,4827.5,4475.35182795699,1.0068942186038572,0.07870156082506141,2491.0,1936809984,2434.5,2290.659784946237,1.0080847855267527,0.01973559271274028,4128.8,4019.87,3819.5450322580646,1.007749422782952
35.5,3726453,62.83,40.38709677419355,0.9942110236720691,-0.13762338668933505,4917.5,1282023936,4827.5,4510.401720430107,1.0078317624670678,0.08334108687293829,2517.3,2057059968,2491.0,2309.6372043010747,1.008284695736815,0.021292944868531727,4185.47,4128.8,3850.8785591397855,1.0082034709938206
37.01,3472648,62.83,40.24754838709678,0.9965447284345048,0.03158324536836088,4906.9,1019318976,4917.5,4542.590967741935,1.0071366697041695,-0.01180790884886096,2505.7,2049590016,2517.3,2326.6748387096777,1.0073767578634754,-0.017708555658551894,4180.17,4185.47,3880.007784946237,1.0075643065235893
34.71,1681321,62.83,39.95040860215053,0.992617195410553,0.003602140306619317,4767.3,1011310976,4917.5,4563.911612903225,1.0046934987791536,-0.004540759310230014,2452.6,2264250112,2517.3,2339.2103225806454,1.0053877248605652,-0.035374425460594994,4181.17,4185.47,3907.305376344086,1.0070354475843475
32.92,2334745,62.83,39.53324731182796,0.9895580219347213,-0.05740032176965704,4670.8,1094899968,4917.5,4577.457849462365,1.0029681198296745,-0.05775613392036116,2440.4,2120150016,2517.3,2350.031397849463,1.0046259522559218,-0.06292362596404666,4232.6,4185.47,3936.1302150537635,1.0073771655740529
32.26,3109113,62.83,39.07535483870967,0.9884175344993406,-0.0559810251877344,4618.6,1499974016,4917.5,4586.736559139785,1.0020270442639925,-0.10201438256531459,2386.0,2354180096,2517.3,2356.6410752688175,1.0028125911106565,-0.07814560301268902,4173.85,4232.6,3959.540064516129,1.0059474275959759
36.06,4544317,62.83,38.86544086021505,0.9946279699989654,-0.08913516280906764,4634.3,947548032,4917.5,4596.380430107527,1.002102556107899,-0.10665309232682119,2389.2,2013330048,2517.3,2362.9077419354835,1.0026591519312933,-0.0525231530948147,4155.86,4232.6,3980.3053118279568,1.0052443584288786
34.69,4575425,62.83,38.5718064516129,0.9924448455465037,-0.06240353832904699,4743.9,1059716992,4917.5,4612.261935483871,1.0034552199535782,-0.07757682229866658,2426.9,1951810048,2517.3,2370.9492473118275,1.0034032244397986,-0.0402819119112372,4204.11,4232.6,4002.6985806451607,1.0056260178712069
34.53,2857352,62.83,38.27193548387097,0.9922256436675293,-0.1744209439150154,4759.9,827214976,4917.5,4627.48129032258,1.0032997594350879,-0.16726714114326713,2455.6,1412610048,2517.3,2379.813978494624,1.0037388953782318,-0.05657793124575683,4229.89,4232.6,4024.7461505376345,1.005508176408557
37.05,3261836,62.83,38.15152688172043,0.9968538669228975,-0.14077597927237184,4920.9,911868992,4917.5,4652.217204301075,1.0053454379232662,-0.04836462956290011,2489.5,1649369984,2517.3,2390.1821505376342,1.004356715330149,-0.015512975907786997,4247.44,4232.6,4046.376623655914,1.0053743695401485
35.41,1734453,62.83,37.93511827956989,0.9943276555399353,-0.1636991628712554,4972.0,1124103936,4920.9,4678.688817204301,1.0056901068330928,-0.01645234497655812,2491.9,2223960064,2517.3,2399.930322580645,1.0040784222410908,0.010002789962085146,4166.45,4247.44,4061.3576559139788,1.0037023326426122
36.24,3130587,62.83,37.78625806451613,0.9960759259017804,-0.0575582263771105,5082.5,1112032000,4972.0,4710.567956989247,1.00681369097849,-0.04088065331127866,2550.5,1800039936,2517.3,2412.6372043010747,1.0052946877669207,0.007581301341469393,4280.7,4247.44,4082.4001720430106,1.0051811531787629
34.5,2184407,62.83,37.531010752688175,0.9932449698672954,-0.1303242917379721,5248.2,746259968,5082.5,4751.409677419355,1.0086702327199226,0.016581588367788003,2633.3,1771680000,2550.5,2429.8331182795696,1.0071274346378474,0.012851505502002203,4352.34,4280.7,4106.683225806452,1.005948229654147
32.99,4060060,62.83,37.18660215053763,0.9908233592636224,-0.09782232901207522,5285.4,695649024,5248.2,4792.551827956989,1.008658935627706,-0.040949449413547834,2656.4,1567229952,2633.3,2447.617419354839,1.0073191450645227,0.02456507989955825,4369.55,4352.34,4130.67182795699,1.0058413568399414
32.45,1849678,62.83,36.81286021505376,0.9899495540364,-0.1432052815303857,5253.0,764076992,5285.4,4829.404516129032,1.0076895753024655,-0.09965111370028246,2640.2,1878550016,2656.4,2463.3367741935485,1.0064223087784907,0.0057921312651714185,4327.16,4369.55,4150.40711827957,1.0047777434626999
26.52,5216995,62.83,36.06378494623655,0.9796518047106024,-0.12252931163093161,5462.9,961457024,5285.4,4878.020430107527,1.0100666477235711,-0.07046772708154059,2713.4,2061810048,2656.4,2482.9440860215054,1.00795965538832,0.0036214694889098453,4411.8,4369.55,4174.274559139784,1.0057506264277294
24.72,9151741,62.83,35.21038709677419,0.9763364313885912,-0.32911087970376096,5395.0,734212992,5462.9,4920.126666666666,1.0086318286613265,-0.055352588979014516,2693.6,2224369920,2713.4,2500.3217204301077,1.0069988021504128,0.005401973531223847,4395.26,4411.8,4195.550731182796,1.0050969747537153
23.88,3292989,62.83,34.32350537634408,0.9748119292755131,-0.31970732188254847,5494.2,660990016,5462.9,4966.561720430108,1.0094377760796351,-0.06764896456966585,2718.6,2352310016,2713.4,2518.447096774193,1.0072492176490662,0.02141207275860446,4436.52,4411.8,4218.11423655914,1.0053779603256003
22.07,3408145,62.83,33.34679569892473,0.9715439997543927,-0.35101687668216175,5525.0,904336000,5494.2,5012.64,1.0092777019925772,-0.0013232626093779842,2720.6,1946099968,2718.6,2535.803870967742,1.0068918557851705,0.028369499029929468,4468.0,4436.52,4241.392924731183,1.0055187429421142
18.65,6932316,62.83,32.17862365591398,0.9649689867189123,-0.4240804597701149,5638.3,874372992,5525.0,5063.357419354839,1.0101179058050924,-0.019037795399060142,2732.6,2171470080,2720.6,2552.9032258064517,1.0067431693099294,0.011984824052936993,4441.67,4468.0,4261.46806451613,1.0047331478458152
22.78,6904698,62.83,31.31163440860215,0.9730569816601683,-0.4049198133780564,5697.2,864784000,5638.3,5115.360860215054,1.0102705451251437,-0.002149340236459185,2771.7,1973010048,2732.6,2571.6789247311826,1.007354645775419,0.00742141370481586,4509.37,4468.0,4284.620193548388,1.0054328998086455
24.39,5818972,62.83,30.58767741935484,0.9768789779607155,-0.5056440591394138,5732.7,903158976,5697.2,5167.004516129032,1.0100957991674915,-0.0807112059174191,2796.1,1830089984,2771.7,2590.947956989247,1.0074927830503095,0.008010094007757207,4535.43,4509.37,4307.743655913979,1.005396852304531
22.05,2974766,62.83,29.763849462365588,0.9730666717287936,-0.6496666058765795,5622.4,648371968,5732.7,5209.411397849463,1.008207246885126,-0.05988709263981096,2746.4,1463980032,2796.1,2606.1154838709676,1.0058540453662164,-0.004989475252288322,4458.58,4535.43,4324.514215053764,1.0038931191081348
20.27,4000823,62.83,28.893978494623656,0.9707742451512589,-0.6401080679013221,5657.8,1285927936,5732.7,5252.392688172044,1.0082506999428618,-0.04102930585435405,2727.7,2240069888,2796.1,2619.405806451613,1.0050996675561379,0.007636789074330075,4432.99,4535.43,4338.507462365591,1.0032357963498226
17.68,5389929,62.83,27.926193548387097,0.9665056528502423,-0.7348837910326154,5697.3,1041203008,5732.7,5295.97935483871,1.0082984402070354,0.025825058990564642,2753.6,1845880064,2796.1,2633.636129032258,1.0054326529114335,0.031598315820551726,4455.48,4535.43,4352.819892473119,1.0032989294663386
17.11,4210951,62.83,26.982387096774186,0.9662035411314615,-0.7472284649639794,5469.6,991280000,5732.7,5322.322580645161,1.0049741934477865,0.01715820706436877,2661.5,2120470016,2796.1,2640.9348387096775,1.002771343237952,0.042382094300789985,4357.05,4535.43,4359.396344086021,1.0015108485476907
19.35,5283970,62.83,26.242365591397846,0.9725739052396587,-0.710515839205845,5515.3,934145024,5732.7,5349.310107526881,1.005070629687096,0.07880523865318367,2668.5,1831629952,2796.1,2647.826666666667,1.0026096168129452,0.04443798970680346,4391.36,4535.43,4367.078580645161,1.0017622248478422
19.31,5450382,62.83,25.556451612903224,0.9738623419407181,-0.6640312126548596,5744.1,752248000,5732.7,5388.840000000001,1.0073897178661408,0.1072556969405547,2737.9,1791309952,2796.1,2658.4126881720426,1.0039980039625112,0.06181152627633102,4471.37,4535.43,4378.959268817204,1.0027205116538773
19.38,4777516,62.83,24.928623655913977,0.9754336804459872,-0.5020438537572162,5856.9,839547008,5744.1,5432.714623655914,1.0081417566036313,0.12082624040734369,2782.0,1857330048,2796.1,2670.844301075269,1.0046763292089815,0.05018063072805723,4544.9,4535.43,4394.383247311828,1.0035222932089045
17.3,4536547,62.83,24.200473118279575,0.9707905840416642,-0.586538082077496,6101.6,978764992,5856.9,5489.372258064516,1.010428973051869,0.13759762650816287,2836.9,2368130048,2796.1,2685.8470967741932,1.005617248333377,0.04632082598180931,4605.38,4544.9,4412.482580645161,1.0041187425662985
16.82,5416251,62.83,23.485784946236567,0.9704680082678558,-0.5905510102880772,6162.8,874942016,6101.6,5546.732688172044,1.010449360584584,0.08394547679098818,2931.7,2399820032,2836.9,2705.983440860215,1.007497204181953,0.03916985569674547,4697.53,4605.38,4435.267913978494,1.0051638353051586
18.42,5732120,62.83,22.913741935483873,0.9756430107802567,-0.5001082028140371,6190.8,1080209024,6162.8,5603.011612903227,1.010146319986033,0.09524121810004194,2936.4,2316699904,2931.7,2725.4752688172043,1.0072032325337485,0.047652981941293415,4682.85,4697.53,4455.883075268817,1.004648008122655
16.84,6357219,62.83,22.27649462365592,0.9721892952437803,-0.5695738066353744,6238.1,911392000,6190.8,5659.603870967742,1.0101003285329961,0.13146944332982136,3005.8,2480750080,2936.4,2748.543225806452,1.0084638291358479,0.07571677828137235,4697.96,4697.53,4476.403440860216,1.0046052298152282
15.15,6027850,62.83,21.573591397849466,0.9684464168316668,-0.624404174506729,5955.1,857326016,6238.1,5695.075268817204,1.0062674700664866,0.13195357972156252,2908.6,2044780032,3005.8,2764.2647311827955,1.0057199411050668,0.08704133541636394,4594.62,4697.96,4489.143182795699,1.0028459771563922
12.88,20217464,62.83,20.766301075268817,0.96257969720048,-0.6671091935994573,5720.9,1388157056,6238.1,5712.882580645161,1.003126791304315,0.09697945929633,2895.7,3252819968,3005.8,2778.173333333333,1.0050315738552966,0.11431195193096255,4538.43,4697.96,4497.368623655913,1.0018322963927142
14.46,7247554,62.83,20.10404301075269,0.9681090020742871,-0.5464964602555848,6029.1,1093100032,6238.1,5748.315483870968,1.006202281024618,0.13506590408681918,3068.9,2615810048,3005.8,2802.276989247312,1.0086760806551471,0.1572727221790169,4712.02,4697.96,4516.135720430108,1.0041729060578848
13.67,5243241,62.83,19.42909677419355,0.9664273382126101,-0.5934494426590932,5715.1,1311256064,6238.1,5760.456989247313,1.002112184936685,0.05477844674031762,2944.9,3316379904,3068.9,2816.9120430107528,1.005222557876897,0.12075105295958477,4620.64,4712.02,4527.849978494624,1.002593867587177
14.03,4471056,62.83,18.825526881720428,0.9689347425931397,-0.5989874442160825,5874.6,747123008,6238.1,5780.564516129032,1.0034906131439316,0.07826226223221289,3041.1,1755000064,3068.9,2836.558494623656,1.006974463992104,0.12899434486249373,4725.78,4712.02,4545.347935483872,1.0038645178334873
13.9,6566857,62.83,18.258000000000003,0.9698533334399531,-0.6469768362534087,5870.4,640998976,6238.1,5797.969462365591,1.0030109423029525,0.0658936297435373,3055.4,1630649984,3068.9,2855.8066666666664,1.0067857483212468,0.11747221953872922,4766.18,4725.78,4564.33047311828,1.0041762562302916
14.03,5070064,62.83,17.743225806451612,0.9718055540832298,-0.5828952110134518,5405.8,1232411008,6238.1,5783.012043010753,0.9974202314358627,0.010072328976971301,2912.0,2609730048,3068.9,2864.513333333334,1.0030487591363564,0.06857422556085258,4677.02,4766.18,4576.407440860215,1.002645945076296
13.49,4269486,62.83,17.24311827956989,0.9718141710905873,-0.5543640322492077,5329.8,1204809984,6238.1,5762.108602150539,0.9963853713765861,-0.02390112429110469,2910.2,2528079872,3068.9,2872.1952688172046,1.0026817593740893,0.048721683573694996,4662.85,4766.18,4586.646387096775,1.0022373327482037
13.26,4538939,62.83,16.77531182795699,0.9728699621479039,-0.6159161535865174,5053.5,1131072000,6238.1,5722.609892473119,0.9931450945470416,-0.056651475670211004,2708.3,2292640000,3068.9,2865.9518279569893,0.9978262477736111,0.03448451358022875,4397.93,4766.18,4578.7261935483875,0.9982732059810261
11.64,4189653,62.83,16.25240860215054,0.9688290011435134,-0.640602111004799,5189.7,1800502016,6238.1,5691.960645161291,0.9946441837050364,-0.05983822755287238,2769.6,3906190080,3068.9,2863.3238709677416,0.9990830421629519,0.03349181504681131,4431.85,4766.18,4572.742279569893,0.9986931050852252
12.5,4075148,62.83,15.834150537634407,0.9742648566895625,-0.629484511718296,5232.8,1751774976,6238.1,5664.217849462365,0.9951259684617619,-0.02938767976562373,2798.9,3243249920,3068.9,2862.2931182795696,0.9996400153337095,0.02366611416765374,4500.54,4766.18,4571.018989247312,0.9996231385419903
12.46,2030288,62.83,15.457376344086024,0.9762049632752403,-0.6329884753657575,5098.5,1543190016,6238.1,5627.92365591398,0.9935923732961948,-0.014255006452716046,2717.5,2838710016,3068.9,2855.7043010752695,0.9976980634295552,0.008137198130121703,4418.64,4766.18,4563.730129032258,0.9984054189597114
12.49,4051921,62.83,15.12552688172043,0.9785313202591099,-0.6486465586851963,4887.5,1515554048,6238.1,5578.348817204302,0.9911912737733065,-0.07148368783304737,2670.9,2940369920,3068.9,2845.9427956989243,0.9965817520488134,-0.0013989866017731778,4348.87,4766.18,4551.743247311828,0.9973734464173997
11.02,4459624,62.83,14.729010752688174,0.9737849707892519,-0.6671088517036823,5056.2,1388835968,6238.1,5540.895268817204,0.993285907781244,-0.05231757493677325,2705.5,2701250048,3068.9,2838.504946236559,0.997386507742318,0.0068386690867501265,4384.62,4766.18,4542.198150537634,0.9979029799671081
9.28,5423324,62.83,14.249698924731183,0.9674579755555197,-0.7895418665214313,4901.5,1443747968,6238.1,5494.189677419356,0.9915707500084515,-0.1074665235054808,2624.0,2960100096,3068.9,2825.7834408602153,0.9955182373759078,-0.010532808523308734,4328.87,4766.18,4529.079161290323,0.997111753205712
6.49,6548790,62.83,13.62178494623656,0.9559349301475526,-0.832235807854382,4691.9,1502050048,6238.1,5435.236129032259,0.9892698374376496,-0.1323334820559917,2524.1,2983980032,3068.9,2806.8202150537636,0.993289214759968,-0.013209257219907511,4204.31,4766.18,4508.155548387097,0.9953801618037373
7.27,14857247,62.83,13.077698924731186,0.9600576559053889,-0.759236884562559,5093.2,1663041024,6238.1,5403.964516129032,0.9942465033421106,-0.09916377544494914,2722.7,3298520064,3068.9,2801.0924731182795,0.9979593484809733,-0.008445433675453584,4463.09,4766.18,4504.4944946236565,0.9991879042938635
8.12,12912722,62.83,12.612924731182796,0.964460552561777,-0.758194281654427,5097.7,1250657024,6238.1,5374.155483870967,0.9944838586247015,-0.11472588197764166,2786.1,2699249920,3068.9,2799.4763440860215,0.9994230361732903,-0.002271307481712892,4543.04,4766.18,4505.945440860215,1.0003221107803084
9.01,15855997,62.83,12.237096774193548,0.970202949355585,-0.6947964481468966,5204.7,1141704960,6238.1,5352.538924731182,0.9959776825950308,-0.10583693381106063,2789.4,2801019904,3068.9,2798.042150537635,0.9994876922066456,-0.0046958663957185065,4545.86,4766.18,4507.505913978494,1.0003463142505298
8.31,8635791,62.83,11.849182795698923,0.9683001625587627,-0.6480211221217236,4982.2,1115398016,6238.1,5317.703010752687,0.9934917028220874,-0.17659671816533373,2677.0,2637179904,3068.9,2789.370752688172,0.996900905210525,-0.031930757327107706,4488.28,4766.18,4505.329118279569,0.99951707313524
7.97,5116044,62.83,11.468881720430106,0.9679048688989033,-0.6371456620152276,4771.8,785747008,6238.1,5270.669677419353,0.9911553290512408,-0.2021085946576423,2574.9,1943859968,3068.9,2774.261505376344,0.9945832775018283,-0.04690440279421526,4392.59,4766.18,4496.914903225807,0.9981323861514084
6.96,6752335,62.83,11.049870967741937,0.9634654220958819,-0.587115272613234,4579.4,1142942976,6238.1,5213.1288172043005,0.989082817983914,-0.27088520156436435,2509.6,2356460032,3068.9,2755.2679569892475,0.9931536560809829,-0.047381146917839345,4271.78,4766.18,4480.793376344086,0.9964149806637086
7.64,4566848,62.83,10.69778494623656,0.9681366395559525,-0.5605250070373322,4577.9,1338204032,6238.1,5157.895268817205,0.9894049139540126,-0.20000477987254817,2478.0,3027109888,3068.9,2734.7604301075266,0.9925569755095145,-0.01727809666895952,4131.93,4766.18,4456.044322580645,0.9944766357908621
7.42,3595152,62.83,10.351870967741938,0.9676648969638979,-0.5846806228920414,4443.3,1368017024,6238.1,5095.895483870969,0.9879796347705886,-0.19989127388336925,2461.5,3285600000,3068.9,2713.5830107526886,0.9922562067515343,-0.01653818554514963,4123.34,4766.18,4431.225204301075,0.9944302353201917
7.64,7777106,62.83,10.045806451612902,0.9704338938262677,-0.6099741857971417,4286.7,2083979008,6238.1,5026.097849462366,0.9863031660226315,-0.1875164633565083,2375.3,3504839936,3068.9,2687.2894623655916,0.9903103946763715,-0.032360559170075076,4023.89,4766.18,4400.566344086023,0.9930811775972718
8.57,4817859,62.83,9.824838709677422,0.9780039817609663,-0.5202336155475459,4161.1,1349480960,6238.1,4951.331182795699,0.985124311363205,-0.1783083854533336,2285.8,3260610048,3068.9,2656.001505376344,0.9883570573890819,-0.03676481672388765,3901.36,4766.18,4362.964645161291,0.9914552591678875
9.27,5956576,62.83,9.672279569892474,0.9844720972737518,-0.41327167818021293,4462.3,1851694976,6238.1,4899.643655913979,0.9895608827255755,-0.20632409658452022,2470.3,2907089920,3068.9,2637.6838709677418,0.9931033042068977,-0.03213476930395032,4158.24,4766.18,4343.319806451613,0.9954973646803522
9.63,4456747,62.83,9.560215053763441,0.9884138464651225,-0.3867668370549556,4454.4,1395811968,6238.1,4850.971827956989,0.9900662514715244,-0.18659225851281824,2442.4,2374089984,3068.9,2618.3546236559137,0.9926718862997269,-0.041516836998229834,4108.54,4766.18,4321.430107526882,0.9949601457179793
10.29,9825264,62.83,9.506193548387095,0.9943493420312673,-0.457667454475272,4180.6,1223938944,6238.1,4788.309462365592,0.9870825129863127,-0.1784633589104957,2286.4,2273639936,3068.9,2590.01311827957,0.9891758338919074,-0.05436930020876851,3900.86,4766.18,4287.408344086021,0.9921271980352978
10.33,3373682,62.83,9.472236559139784,0.9964279089128084,-0.42515647629591424,4028.2,1600963968,6238.1,4720.137849462366,0.9857629057939905,-0.16234569296885815,2174.4,3285469952,3068.9,2555.843655913979,0.9868072242088534,-0.05881894407574362,3674.84,4766.18,4240.486344086022,0.9890558593363931
11.24,2436428,62.83,9.510989247311826,1.0040911866938806,-0.29758836893199214,4410.5,1334754944,6238.1,4681.383225806452,0.9917895144396413,-0.13740756623634554,2332.8,2160740096,3068.9,2533.6815053763444,0.9913288316809389,-0.04933865482074096,3911.74,4766.18,4211.0484731182805,0.993057902188791
