26.33,2052651,34.9,25.313999999999997,1.007337442780526,0.14203038457350825,816.01,58526984,1001.06,777.9453333333333,1.006529784170348,0.08244220457048201,948.84,1116390016,957.39,901.7958924731183,1.0056012072343798,0.06227628337662083,2950.46,2945.64,2827.840064516129,1.0044801744540246
26.58,1983922,34.9,25.502473118279568,1.0074454103768495,0.17262809684502578,797.45,95873632,1001.06,781.46088172043,1.0045190172579779,0.10091586685013976,945.58,1159369984,957.39,906.2928817204302,1.0049867040700076,0.04197894053238471,2941.76,2950.46,2839.2078279569896,1.0040199456763852
26.44,897955,34.9,25.668989247311828,1.0065294110206475,0.16474757486945735,798.93,39394128,1001.06,784.7956559139786,1.0042673590854694,0.09326761820829521,965.13,676110016,957.39,911.8533333333334,1.0061353804328108,0.04483584109255445,2990.41,2950.46,2853.323784946237,1.0049717941921161
27.49,908765,34.9,25.888860215053768,1.0085656262357492,0.35556804757171645,820.36,58064132,1001.06,789.2172903225804,1.0056341219211418,0.14123391898988413,985.83,910049984,965.13,918.4318494623656,1.007214445447037,0.06134498320938131,3013.77,2990.41,2868.1783870967743,1.0052060695771394
26.33,1447728,34.9,26.014322580645157,1.004846191162886,0.5159045165914118,809.87,49237736,1001.06,792.5824731182795,1.0042639496586847,0.12449933833715221,969.52,968990016,985.83,923.5750752688173,1.0056000081110672,0.08134773941659379,2976.61,3013.77,2879.745634408602,1.004032959513211
27.53,1891286,34.9,26.19664516129032,1.007008546160676,0.6226907819698074,796.41,77773912,1001.06,794.6703440860214,1.002634263358774,0.05570209704118301,977.85,1242029952,985.83,928.7586021505377,1.0056124586084263,0.04762087917790847,3025.86,3013.77,2893.2860215053765,1.0047019385792229
27.2,2309818,34.9,26.335741935483874,1.005309717077784,0.4953613747528689,814.44,75773760,1001.06,797.5806881720429,1.003662328797948,-0.0005737727329817588,933.12,1298189952,985.83,930.6159139784945,1.001999778870049,0.010536767718732243,2932.05,3025.86,2899.612602150538,1.002186641969766
27.5,1165759,34.9,26.47686021505376,1.0053584318951634,0.3229146367672353,833.35,69269200,1001.06,801.3883440860216,1.0047740071574518,-0.03969609869218971,933.03,1186589952,985.83,932.1779569892473,1.0016785045122159,0.0022105262386307167,2918.65,3025.86,2904.214215053764,1.0015869750668807
27.26,890652,34.9,26.590387096774194,1.0042877773572216,0.3347942113368354,829.9,52543924,1001.06,804.7253118279571,1.0041639833753027,0.03936272579866573,915.32,1185910016,985.83,932.3722795698925,1.0002084608192976,-0.0012217103347411662,2888.68,3025.86,2906.1889677419354,1.0006799610985773
27.68,1271640,34.9,26.71729032258065,1.0047725226919262,0.244845378424841,850.21,67536752,1001.06,809.052752688172,1.005377537895987,0.07996713123530874,916.38,1255689984,985.83,932.4885161290323,1.0001246675407311,0.013367506258280093,2847.11,3025.86,2905.0130322580644,0.9995953685404069
28.18,842823,34.9,26.863419354838708,1.0054694555658048,0.24205604958040283,859.91,50657132,1001.06,813.6543010752689,1.0056875752190544,0.05977716617443307,940.47,1063569984,985.83,934.009935483871,1.001631568998999,0.030197433045913824,2926.46,3025.86,2908.564301075269,1.0012224622670434
27.58,1000760,34.9,26.960924731182793,1.0036296710800712,0.27824356321020005,874.18,36658312,1001.06,818.8609462365592,1.006399087615477,0.1025952967130781,965.06,857440000,985.83,936.9149892473118,1.0031103028491188,0.044084737485690306,2978.71,3025.86,2915.0135698924737,1.0022173375416938
29.85,2285948,34.9,27.194881720430104,1.008677632224414,0.3380567525673025,883.49,65881676,1001.06,824.2935268817204,1.0066343140067053,0.11062710203656789,969.05,1230419968,985.83,939.816064516129,1.0030964124836426,0.03668849371075078,3007.39,3025.86,2922.730731182796,1.0026473843449746
29.99,1681903,34.9,27.424580645161292,1.0084464027861033,0.3052554662276188,898.96,86536696,1001.06,830.3967741935484,1.0074042159895595,0.08444103494826827,948.16,1115769984,985.83,941.1457849462366,1.001414873059009,0.0138598214640957,2992.07,3025.86,2928.961032258065,1.0021316712514081
30.5,1983807,34.9,27.67470967741935,1.0091206146593235,0.47598202610865015,907.14,55277320,1001.06,836.7020000000001,1.0075930278180274,0.14449296502969888,939.36,979420032,985.83,941.7475698924733,1.0006394173526167,0.017201122764632704,2961.79,3025.86,2932.808967741935,1.0013137544137634
30.56,1733416,34.9,27.912021505376345,1.0085750430889118,0.39910069552090943,938.19,79323712,1001.06,844.585440860215,1.0094220413722148,0.1525969836655059,937.22,1104870016,985.83,942.0728172043009,1.0003453657033219,0.0227956535573397,2952.01,3025.86,2935.6859354838707,1.0009809598148327
30.09,1600451,34.9,28.104387096774197,1.0068918545136833,0.3834593167891911,922.99,53888668,1001.06,851.039935483871,1.007642204460785,0.16167494300664909,946.48,963960000,985.83,942.8139784946238,1.000786734609881,0.02973778189686649,2970.27,3025.86,2939.291634408602,1.001228230472868
32.83,2544979,34.9,28.4592688172043,1.0126272712942683,0.4388688906917685,971.13,54170412,1001.06,860.1856344086023,1.0107464979531557,0.21407253400960058,958.79,930390016,985.83,944.1949032258063,1.0014646841929384,0.017344796907282856,2986.2,3025.86,2943.607247311829,1.0014682493062976
33.97,1248393,34.9,28.867290322580647,1.0143370340256137,0.3905248025583181,970.54,67702384,1001.06,868.7798494623657,1.009991116696191,0.21181280811904935,950.76,1149260032,985.83,944.8987311827955,1.000745426558208,-0.011387549689134024,3022.55,3025.86,2949.86911827957,1.0021272780101556
30.21,2984076,34.9,29.011225806451613,1.0049861099626096,0.1689431278818131,959.62,71259600,1001.06,876.1870967741935,1.0085260348941238,0.158466093942498,956.17,1141389952,985.83,945.845010752688,1.0010014613615874,-0.03239006952800105,3066.91,3025.86,2958.588301075269,1.002955786323423
26.83,3893827,34.9,28.928129032258063,0.9971357027535503,-0.012750843073532359,913.3,75216680,1001.06,880.2209677419355,1.004603892231001,0.12337923730895595,954.04,1317859968,985.83,946.5982150537635,1.0007963295175348,-0.04484874307307685,3093.08,3066.91,2968.621311827956,1.0033911479840032
28.15,1964369,34.9,28.92787096774194,0.99999107911487,6.811473599355189e-05,944.31,70997976,1001.06,885.9966021505376,1.0065615733097322,0.06867446205253458,951.74,1017169984,985.83,947.164752688172,1.000598498523871,-0.06592638806147466,3120.46,3093.08,2980.0214838709676,1.003840224415822
27.16,1523568,34.9,28.85795698924731,0.9975831619764692,-0.05043505841946461,948.22,48700400,1001.06,891.7570322580644,1.006501639050923,0.12085829219880151,944.15,1367719936,985.83,947.2249032258067,1.0000635058868734,-0.07179421593121216,3110.29,3120.46,2990.30223655914,1.0034498921379646
28.5,964140,34.9,28.86978494623656,1.000409868134243,-0.09916512147424861,968.1,41936212,1001.06,898.4941720430107,1.0075549051381034,0.12138456895781724,960.79,959009984,985.83,948.3870752688171,1.0012269230243553,-0.05949306327896409,3140.98,3120.46,3002.1965161290314,1.0039776178556379
28.29,1376465,34.9,28.8674623655914,0.9999195497767134,-0.09566153336645145,959.74,56302240,1001.06,904.3725591397849,1.006542487730786,0.11507104419760261,953.2,1132000000,985.83,949.0455698924732,1.0006943310815044,-0.06707326001985137,3145.91,3140.98,3013.9887741935486,1.0039278768065862
28.54,980384,34.9,28.8794623655914,1.0004156929295698,-0.013328557504996397,961.73,51732360,1001.06,910.0649032258066,1.006294246799611,0.13551878180867627,963.4,1088850048,985.83,950.3126666666666,1.0013351274315911,-0.06047916223031624,3168.8,3145.91,3026.6889677419354,1.0042137494529273
27.65,3565875,34.9,28.83187096774194,0.9983520677342607,-0.03583376328552279,948.56,79146568,1001.06,914.6238064516131,1.0050094264811742,0.11334027144045233,977.43,1388060032,985.83,952.3906451612902,1.0021866261152894,-0.05279135796535961,3221.22,3168.8,3042.106,1.0050936955935603
27.27,1055228,34.9,28.759440860215058,0.9974878457382139,-0.019695858856877857,937.19,27814146,1001.06,918.1658709677419,1.0038727009849773,0.12942896452863661,991.94,557550016,985.83,955.2364516129032,1.0029880663633892,-0.04822939265422499,3240.02,3221.22,3057.8861290322575,1.0051872383908573
27.81,1355344,34.9,28.72062365591398,0.9986502795902831,-0.035324661699237425,940.28,40520088,1001.06,921.5829892473118,1.0037216786069039,0.08676324489298448,990.5,779640000,991.94,957.7454838709676,1.002626608578251,-0.04164274895059483,3234.85,3240.02,3072.2833333333333,1.004708221200386
28.36,1346206,34.9,28.717526881720424,0.9998921759419066,-0.1044586231479443,963.35,87809768,1001.06,926.2690322580646,1.0050847759403416,0.10488596208129675,994.48,1241350016,991.94,960.3459139784947,1.0027151577859879,-0.06845732063781007,3265.35,3240.02,3087.870838709677,1.005073589797928
29.36,1448358,34.9,28.778043010752686,1.0021072890183584,0.0743215893120206,1006.24,59227940,1001.06,933.4719139784947,1.0077762307381375,0.18451132837837214,1005.68,1113260032,994.48,963.5429247311827,1.0033290199980582,-0.06860404913248197,3329.62,3265.35,3106.7910967741936,1.0061272828601933
30.58,1387867,34.9,28.910752688172046,1.0046114906899601,0.14545809146229494,1050.65,56541376,1006.24,943.1308602150538,1.0103473346031293,0.22861733057082034,990.75,988430016,1005.68,965.6544731182795,1.0021914419512612,-0.0724679219941331,3295.47,3329.62,3122.692731182796,1.005118346845114
29.67,1189652,34.9,28.976150537634407,1.0022620597314686,0.10584369416619199,1045.34,76571936,1050.65,951.9027096774195,1.009300776628564,0.2649057860455051,992.01,1454860032,1005.68,967.7501720430108,1.0021702368529024,-0.05077015586400235,3225.52,3329.62,3133.320795698925,1.0034034935330007
35.64,2900168,34.9,29.419763440860216,1.0153095871948083,0.17136555896123884,1082.41,56650352,1050.65,962.5362580645161,1.0111708352954476,0.2559994554887135,1016.0,1612039936,1005.68,971.3358064516128,1.0037051240208332,-0.07356487932576172,3327.71,3329.62,3150.0361505376345,1.0053347090606408
37.35,3385408,35.64,29.956172043010753,1.01823293389931,0.23644149826437788,1099.26,50940960,1082.41,973.6933548387098,1.0115913522017639,0.21659895007656926,1042.54,1368850048,1016.0,976.5688172043009,1.0053874372981315,-0.06025806943205492,3380.16,3329.62,3169.4602365591404,1.0061663057480121
38.3,1984209,37.35,30.53017204301075,1.0191613267267878,0.1685701614642665,1102.23,37955144,1099.26,984.4197204301075,1.01101616390632,0.2516240911666645,1031.02,1004609984,1042.54,980.901569892473,1.0044367100524219,-0.04870043551274117,3337.75,3380.16,3185.2803440860216,1.0049914200987282
33.33,2432526,38.3,30.760365591397846,1.0075398706585341,-0.059324068851534406,950.53,90929456,1102.23,984.7013118279568,1.000286048107332,0.19422736472721636,915.77,2346099968,1042.54,977.6844946236558,0.9967202873687215,-0.026154798263135937,2954.22,3380.16,3175.6858494623652,0.9969878649326832
33.65,2770527,38.3,30.998021505376343,1.007726043218581,0.004948752570349324,982.19,97429296,1102.23,986.7328172043011,1.0020630676043003,0.17717693609852714,908.3,2276229888,1042.54,974.0227956989248,0.9962547233336859,-0.044910812501137376,2972.37,3380.16,3167.2146451612903,0.9973324803829355
23.98,2856456,38.3,30.59858064516129,0.9871139885445344,-0.3340699107802053,720.15,110267792,1102.23,971.5384301075271,0.9846013157443936,-0.04528650672127765,813.24,3029809920,1042.54,964.2813763440861,0.9899987768275499,-0.050021699272055464,2711.02,3380.16,3141.766623655914,0.9919651730758904
12.02,5651166,38.3,29.434580645161287,0.9619590198153823,-0.7597537662340152,535.84,159173616,1102.23,944.6890967741936,0.9723641057303704,-0.07495389350684512,711.34,3662960128,1042.54,948.1852903225807,0.9833076875522256,-0.03331475946740903,2304.92,3380.16,3090.5006666666673,0.9836824426730999
15.77,3175687,38.3,28.546193548387095,0.9698182519573204,-0.6391276302848978,648.47,121348576,1102.23,925.7822795698924,0.9799862015250712,-0.04538298010187425,790.18,3703180032,1042.54,937.6166021505376,0.9888537733290003,-0.02824822934817639,2541.47,3380.16,3055.6620000000003,0.9887271771067945
11.27,2627709,38.3,27.39417204301075,0.9596436035009847,-0.8649384572537071,539.03,94507640,1102.23,900.2695268817206,0.9724419517945141,-0.1231495426766207,753.09,3480499968,1042.54,924.9782150537634,0.98652073025607,-0.055123491241922506,2488.65,3380.16,3018.2435268817203,0.9877543808450411
18.96,2283578,38.3,26.77335483870968,0.9773376175295115,-0.6128774188568183,703.33,84797880,1102.23,886.0775268817206,0.984235832074471,-0.13066171004772176,856.78,2955419904,1042.54,919.4853548387096,0.9940616328842571,-0.043510611818294076,2789.82,3380.16,3001.3092688172046,0.9943893665591619
16.16,2110385,38.3,25.995311827956986,0.9709396519248392,-0.6599246792641604,682.11,78439360,1102.23,870.9039354838711,0.9828755487668801,-0.12422294414659973,924.09,2314800128,1042.54,918.5765161290323,0.9990115789176036,0.013887802981229824,2874.56,3380.16,2990.31,0.9963351764739862
15.65,1898787,38.3,25.21410752688172,0.9699482619694867,-0.679475105252221,684.48,68919096,1102.23,856.3495913978496,0.9832882324984153,-0.08863997947505875,922.03,2048600064,1042.54,917.5865376344086,0.9989222688831677,0.023772358222787893,2836.74,3380.16,2977.123440860215,0.9955902367514455
20.31,3348574,38.3,24.76548387096774,0.9822074346499996,-0.5065889111821864,761.13,92282096,1102.23,847.219247311828,0.9893380645267573,-0.023519461755453275,911.72,2805240064,1042.54,915.9686666666668,0.9982368191975518,0.013882520551554922,2830.71,3380.16,2963.816774193548,0.9955303611250926
23.76,1890520,38.3,24.561483870967738,0.9917627290844437,-0.438640859562468,817.41,64103964,1102.23,842.1006451612905,0.9939583500176861,0.03355451985080615,952.09,2540950016,1042.54,917.0101505376344,1.0011370300195506,0.019552249074355155,2929.8,3380.16,2957.1638709677422,0.9977552919992444
23.96,2658118,38.3,24.384,0.9927738946107597,-0.44190770921883116,760.68,63889488,1102.23,833.5490967741937,0.9898449806015065,0.007040753810505396,942.3,2390299904,1042.54,917.4079569892473,1.0004338081223851,0.02382327375465476,2863.7,3380.16,2946.333483870968,0.9963375762827679
29.22,2170048,38.3,24.56494623655914,1.0074206953969465,-0.2581522612945022,883.69,74116600,1102.23,833.386258064516,0.9998046441291727,0.08174464869949394,982.39,2783869952,1042.54,920.427677419355,1.00329157863424,0.05546792052788296,2955.45,3380.16,2941.685892473118,0.998422584740223
29.54,2580357,38.3,24.776752688172046,1.0086223047090443,-0.11905677952605409,904.69,83902656,1102.23,834.7650322580645,1.001654423960326,0.05924383027350333,1002.29,2504420096,1042.54,924.663247311828,1.0046017411214192,0.05560308113544876,3044.31,3380.16,2942.9155053763443,1.0004179959887534
31.7,2024986,38.3,25.12935483870968,1.0142311688289143,0.10677779490272732,957.13,76307968,1102.23,839.6451612903226,1.0058461109937213,0.0659694850034529,1049.92,3100219904,1042.54,931.8725376344084,1.0077966658062156,0.06789388993236156,3193.93,3380.16,2953.846623655914,1.0037143840044336
29.96,1955749,38.3,25.359225806451615,1.0091475077341754,0.010928641719552878,889.31,75725168,1102.23,840.0555483870968,1.0004887625340966,0.018611649712117595,1016.5,3217649920,1049.92,936.719505376344,1.0052013205091759,0.09340864352716605,3041.31,3380.16,2954.71440860215,1.000293781315281
29.94,1914365,38.3,25.583913978494625,1.008860214178378,0.05798322428905234,913.33,80545680,1102.23,842.1338924731184,1.0024740555431269,0.0358663061415323,1039.83,2731930112,1049.92,942.932365591398,1.0066325726958765,0.10537482299775291,3097.74,3380.16,2959.393053763441,1.001583450890438
28.74,1566610,38.3,25.725204301075266,1.0055226234226478,-0.06407448839101315,870.72,68972480,1102.23,841.5382365591397,0.9992926826490388,0.020956325428140077,1020.03,2468349952,1049.92,947.6620430107528,1.005015924356768,0.10366040867962278,3009.05,3380.16,2958.376752688172,0.9996565846250208
29.68,1494287,38.3,25.92662365591398,1.0078296503491828,-0.033248577560320625,888.97,41001064,1102.23,842.3294193548386,1.0009401626228345,-0.004013332956229632,1074.07,1553379968,1049.92,955.7507741935482,1.008535459705759,0.13185862963557782,3130.01,3380.16,2965.448043010753,1.002390260238543
31.47,1387745,38.3,26.2405376344086,1.0121077847490187,-0.06986507270486997,951.69,59697480,1102.23,847.3192473118279,1.0059238438576812,0.05166397098573028,1125.92,1789459968,1074.07,966.9247311827957,1.0116912874056272,0.1635692395709738,3185.04,3380.16,2976.103849462366,1.0035933209070136
33.58,1878263,38.3,26.68427956989247,1.0169105504493172,0.09601911263538665,1011.02,66351896,1102.23,856.1584086021505,1.0104319137307047,0.15206712170999004,1107.71,2165929984,1125.92,976.5743440860215,1.0099796939637917,0.132198668058634,3224.73,3380.16,2989.2853763440853,1.004429121948853
35.35,2344853,38.3,27.229462365591395,1.0204308605848234,0.2022208575296911,1061.72,67611312,1102.23,868.1342150537633,1.0139878395531567,0.22969330203633798,1122.55,1699680000,1125.92,986.9012043010753,1.0105745766081113,0.13919900175004474,3215.63,3380.16,3001.8722580645153,1.0042106658066297
35.62,2876949,38.3,27.77468817204301,1.0200233775875278,0.14278265635931087,1097.01,62361276,1102.23,882.1189892473118,1.0161090001419681,0.22625102787423346,1145.81,1842119936,1125.92,998.4478279569893,1.0116998779671076,0.14558732975243727,3271.12,3380.16,3018.0915913978497,1.0054030724624479
36.02,1888887,38.3,28.328924731182795,1.0199547356105931,0.23014748713313127,1112.89,37905796,1102.23,896.7912258064516,1.0166329449178497,0.21140095812616633,1167.41,1707929984,1145.81,1011.0539999999999,1.0126257694093093,0.1475741632112968,3351.28,3380.16,3039.4045376344084,1.00706172943767
37.14,1606067,38.3,28.938946236559143,1.0215335213448773,0.09099249602024906,1146.91,52632052,1112.89,913.3367096774195,1.0184496495893893,0.23536135814916215,1185.62,1733369984,1167.41,1024.46311827957,1.0132625144448961,0.165940249729982,3372.85,3380.16,3061.9243010752693,1.0074092682175135
39.68,1444233,38.3,29.69610752688172,1.0261640933340563,0.09362276568127603,1225.43,55533516,1146.91,934.645483870968,1.0233306884172808,0.2707584007391154,1214.27,1532710016,1185.62,1039.3336559139784,1.014515444596367,0.19474935302592677,3397.16,3380.16,3085.9194838709677,1.0078366348858696
37.57,1401881,39.68,30.29756989247312,1.0202539125724455,0.14404787315977452,1172.06,57158128,1225.43,952.1351612903225,1.0187126324592277,0.19153814078859177,1251.82,1694870016,1214.27,1056.1460860215054,1.0161761624978287,0.17432292471296407,3508.01,3397.16,3116.8475913978496,1.0100223313305912
36.17,1472268,39.68,30.79172043010753,1.0163099066818944,-0.040681636356997064,1117.94,51464072,1225.43,965.8607096774194,1.0144155461799103,0.12702136459738378,1220.14,1754759936,1251.82,1070.3559139784945,1.0134544152035987,0.171099881543471,3426.96,3508.01,3141.9391612903223,1.0080503037625974
39.29,1170810,39.68,31.486021505376343,1.022548304075596,-0.003174551369330869,1170.94,38614428,1225.43,982.9292043010754,1.0176717972401597,0.21664564577305157,1196.89,1404749952,1251.82,1082.6267311827958,1.011464240113077,0.15964599903127696,3340.97,3508.01,3161.2695483870975,1.0061523747292538
38.95,2024738,39.68,32.154215053763444,1.0212219110716483,-0.02916468203829825,1183.45,73110336,1225.43,1000.6506451612903,1.0180292138870937,0.2262802571481748,1169.0,1884419968,1251.82,1092.7662580645163,1.0093656720175779,0.13930537903507423,3319.47,3508.01,3179.29711827957,1.0057026361139214
37.81,1239680,39.68,32.74746236559139,1.0184500635713236,0.10900206871343254,1164.4,56726620,1225.43,1016.9683870967742,1.0163071317790973,0.27919490409716685,1183.4,1603769984,1251.82,1103.5380860215053,1.009857394367271,0.17572103393725724,3298.46,3508.01,3196.0085161290317,1.0052563183709313
44.59,1871511,39.68,33.76849462365592,1.0311789734015346,0.2952459171757307,1257.79,53467728,1225.43,1038.8513548387098,1.0215178446248527,0.3337166756980222,1213.1,1373849984,1251.82,1115.6504946236562,1.010975976955919,0.20905001391858602,3348.44,3508.01,3215.2041290322577,1.0060061206991011
46.69,1759368,44.59,34.90148387096774,1.0335516658334578,0.8821008790993072,1276.56,44584196,1257.79,1061.3526021505377,1.0216597371770493,0.722786608026605,1260.08,1357330048,1251.82,1130.138387096774,1.0129860494329859,0.26686544071809437,3477.13,3508.01,3241.893569892472,1.0083010097614697
45.87,1068061,46.69,35.9327311827957,1.029547377287468,2.8089365316740045,1265.3,35805784,1276.56,1081.930817204301,1.0193886697145391,1.0296333408923277,1257.8,1368419968,1260.08,1143.5182365591397,1.0118391248497782,0.25674533130860944,3483.81,3508.01,3267.366430107527,1.0078574017517483
44.01,1763354,46.69,36.77118279569892,1.0233339238433583,1.760580304104674,1191.04,57759128,1276.56,1096.1493333333335,1.0131417978884942,0.6977047496082875,1249.95,1403180032,1260.08,1155.2164516129033,1.0102300205451586,0.2183171296018276,3465.39,3508.01,3289.1156559139777,1.006656500356385
38.84,2171027,46.69,37.21535483870968,1.0120793515258562,2.484219406040663,1089.47,51791360,1276.56,1102.6481290322579,1.0059287503091954,0.858660781098685,1172.03,1816210048,1260.08,1160.898817204301,1.0049188752319653,0.24234540241129565,3269.96,3508.01,3296.2695698924726,1.0021750265806653
43.05,1710463,46.69,37.871849462365596,1.0176404235966887,1.3051145184205168,1161.08,53055388,1276.56,1112.5831827956988,1.009010176049689,0.6497440330261743,1258.63,1460749952,1260.08,1171.2673333333332,1.0089314555027302,0.2110785962819155,3509.44,3508.01,3317.1935698924735,1.0063477818049582
42.61,2364920,46.69,38.448150537634405,1.0152171357736701,1.6409279298522585,1175.14,69579792,1276.56,1122.4409247311828,1.008860229138745,0.6398294313952291,1244.78,2468260096,1260.08,1179.8781075268819,1.0073516727979113,0.09983372620985742,3585.15,3509.44,3341.454516129033,1.007313696269267
43.56,2207216,46.69,39.02886021505376,1.01510370900288,1.6840326821157494,1185.67,43890304,1276.56,1131.917741935484,1.008443043188728,0.6179719811732898,1243.31,1883619968,1260.08,1187.7043870967743,1.00663312550675,0.09435404329930397,3557.54,3585.15,3362.4060215053764,1.0062701752411147
45.16,990182,46.69,39.65277419354839,1.0159859646184077,1.0794760840633002,1200.51,27777648,1276.56,1141.2741505376343,1.008265979280572,0.460142885439057,1280.15,1367849984,1260.08,1197.216516129032,1.0080088354775798,0.11879075170467912,3638.35,3585.15,3387.0209677419343,1.0073206347119072
43.05,1751270,46.69,40.087118279569886,1.010953687222524,0.6794367037135915,1145.19,66983344,1276.56,1146.1166236559138,1.0042430410922725,0.2847282034588774,1274.78,1764450048,1280.15,1205.589870967742,1.0069940188143942,0.0763435657608964,3699.12,3638.35,3413.8196989247317,1.0079121834314075
43.05,1187076,46.69,40.47997849462365,1.009800161047096,0.7366245903858857,1128.74,65590996,1276.56,1149.1929032258063,1.0026840894778053,0.3148865363653559,1259.81,1547360000,1280.15,1212.3034623655917,1.0055687191469689,0.05767707465606042,3663.46,3699.12,3436.663333333334,1.0066915175443498
47.6,2295021,46.69,41.12533333333333,1.015942568714442,0.6085069161188099,1206.76,68764904,1276.56,1156.5112043010754,1.0063682094230886,0.2561382869933486,1289.04,1660060032,1280.15,1220.2200430107525,1.006530197174982,0.057038547899721515,3709.41,3699.12,3460.7515698924735,1.0070091929941172
47.47,753280,47.6,41.72277419354839,1.01452731958116,0.5222177580615246,1196.81,28429440,1276.56,1162.4927956989247,1.0051720998254092,0.2778584993302555,1277.28,1092999936,1289.04,1226.7184516129034,1.0053256038854408,0.05797441866475772,3703.06,3709.41,3482.808709677419,1.0063735114582728
43.78,1079003,47.6,42.04359139784947,1.0076892586962898,0.3078624749113168,1144.44,24137424,1276.56,1164.4674623655912,1.0016986485197779,0.2022817456401621,1302.56,935129984,1289.04,1234.2564516129032,1.0061448492847636,0.06462525241931272,3756.07,3709.41,3506.869182795699,1.0069083533216812
41.82,2291073,47.6,42.21197849462365,1.0040050597766679,0.4644261059152639,1107.04,62953088,1276.56,1163.6264086021506,0.9992777352819012,0.2345031609856787,1352.53,1794940032,1302.56,1244.4750107526881,1.0082791215119284,0.0729989993196214,3824.68,3756.07,3534.1472043010754,1.0077784542517865
44.17,1713801,47.6,42.506473118279565,1.0069765652821372,0.5832887568911028,1144.89,47659268,1276.56,1164.7590537634408,1.0009733752628138,0.21644239610982852,1327.14,1901990016,1352.53,1252.3328602150536,1.0063141882275426,0.05985343218675121,3768.25,3824.68,3556.099913978494,1.0062116002555588
51.09,2193929,47.6,43.21681720430107,1.0167114331985363,0.8908690157237666,1282.84,52934292,1276.56,1174.2937204301074,1.0081859562592446,0.37839419081967596,1368.13,1554989952,1352.53,1262.2173548387098,1.0078928653377015,0.06462566634579203,3841.47,3824.68,3581.3345376344087,1.0070961514767123
46.94,2449946,51.09,43.61135483870968,1.0091292617071612,0.6792551190203294,1248.39,74366464,1282.84,1180.7195268817204,1.0054720606436176,0.3691856123078818,1307.64,2116349952,1368.13,1267.4506666666666,1.0041461257111504,0.0308081932589932,3714.24,3841.47,3596.570623655914,1.0042543040482248
58.5,3173668,51.09,44.71458064516129,1.0252967560978496,1.0327957768649676,1333.42,49416520,1282.84,1191.8581935483871,1.0094337955907988,0.3141389778173629,1385.96,1778659968,1368.13,1277.2345806451617,1.0077193647341134,0.010618332529928942,3886.83,3841.47,3621.6851397849455,1.006982906428653
61.16,3397799,58.5,45.93129032258064,1.0272105800806837,0.9950839198058563,1358.82,41500632,1333.42,1203.8146451612902,1.0100317736435627,0.24505332293469384,1368.53,1534470016,1385.96,1285.334752688172,1.0063419611132975,0.01525425696497118,3934.83,3886.83,3648.3872043010747,1.007372828803587
58.22,1765391,61.16,46.89901075268816,1.021068870987754,0.785891199422997,1311.68,38605812,1358.82,1211.9818494623657,1.0067844367352594,0.1378649396234235,1361.14,1180199936,1385.96,1292.3972473118279,1.005494673359516,-0.0023699142223905234,3906.71,3934.83,3671.7479784946236,1.0064030413674319
55.33,2784114,61.16,47.63109677419355,1.0156098393069715,0.6870333521172668,1261.26,63339484,1358.82,1216.358602150538,1.003611236166708,0.11663202085172952,1294.47,2253669888,1385.96,1294.6453548387096,1.0017394864710194,-0.03534796593177392,3811.15,3934.83,3687.4573978494623,1.0042784579570407
57.81,2351189,61.16,48.48079569892473,1.0178391635355233,0.6643857450298741,1295.07,58139964,1358.82,1222.5634193548387,1.005101141384893,0.15141696675853633,1257.91,2245149952,1385.96,1294.2150537634411,0.9996676301555014,-0.06888769405366113,3841.94,3934.83,3703.9919139784947,1.0044839883814456
61.61,2391368,61.16,49.52879569892473,1.0216168069209979,0.7517020835102268,1319.23,53665028,1358.82,1229.9351612903229,1.0060297419493986,0.06038128725795544,1330.13,1834659968,1385.96,1298.249483870968,1.0031172795400543,-0.047256227958200725,3943.34,3934.83,3726.013182795699,1.0059452799381388
61.36,2158708,61.61,50.50804301075269,1.0197712724084913,0.621211367152641,1362.3,72762768,1358.82,1239.7150322580646,1.0079515337682368,0.033089768560289334,1328.16,2000370048,1385.96,1301.846043010753,1.0027703143228381,-0.058080939716668833,3913.1,3943.34,3744.856623655914,1.0050572662885955
61.15,1878379,61.61,51.42711827956989,1.0181966121439616,0.6876130593960457,1464.37,47185696,1362.3,1255.7857204301074,1.0129632115073826,0.14617097939399493,1325.34,1773970048,1385.96,1305.0157419354837,1.0024347724846174,-0.0742594403541541,3974.54,3943.34,3766.5543870967736,1.0057940171337394
63.0,2890943,61.61,52.414838709677426,1.0192062177145151,0.7815820299408459,1480.52,34414112,1464.37,1272.2697204301076,1.013126443255267,0.2064352523254136,1354.13,1118850048,1385.96,1309.884752688172,1.0037309977161402,-0.06319813253066342,4019.87,3974.54,3790.1733763440857,1.0062707150408408
65.65,2636506,63.0,53.51582795698925,1.0210052968666017,0.7467290422242427,1517.0,41454844,1480.52,1290.3275268817204,1.0141933790937885,0.15128949565626137,1411.45,1619469952,1385.96,1318.1636774193548,1.006320345903861,-0.056544168052997,4128.8,4019.87,3819.5450322580646,1.007749422782952
67.59,1799541,65.65,54.68529032258064,1.0218526445396918,0.7815093546071668,1535.38,46568400,1517.0,1308.8269247311828,1.0143369783749163,0.12153116779200324,1440.19,1301440000,1411.45,1327.835376344086,1.007337251883367,-0.028900418577390452,4185.47,4128.8,3850.8785591397855,1.0082034709938206
63.77,2214107,67.59,55.54670967741936,1.0157523046829837,0.7254898942793337,1518.19,44748728,1535.38,1325.4604516129032,1.012708729143188,0.07775233423153338,1422.5,1446279936,1440.19,1335.7825806451613,1.0059850825205126,-0.06526463774777325,4180.17,4185.47,3880.007784946237,1.0075643065235893
73.94,3279484,67.59,57.008430107526884,1.0263151577941572,0.7029158776263504,1558.41,49183528,1535.38,1343.9279784946236,1.013932914301025,0.056540272766851585,1435.89,1577309952,1440.19,1344.0794623655913,1.0062112516218191,-0.06503847834222642,4181.17,4185.47,3907.305376344086,1.0070354475843475
79.84,2843147,73.94,58.78767741935484,1.031210249229316,0.8103215768904866,1635.23,37106120,1558.41,1366.7051397849464,1.0169482008372475,0.12481840322860482,1419.11,1450720000,1440.19,1350.8146451612904,1.0050110004536823,-0.09106199172683338,4232.6,4185.47,3936.1302150537635,1.0073771655740529
77.66,3288101,79.84,60.35498924731183,1.0266605502506376,0.7772979934106068,1525.73,61666856,1635.23,1381.6464516129033,1.0109323594336581,0.034046113096931396,1366.7,1605990016,1440.19,1353.8265376344086,1.0022296859779445,-0.11149076086346632,4173.85,4232.6,3959.540064516129,1.0059474275959759
75.24,1845822,79.84,61.697806451612905,1.0222486528627934,0.7991248747615323,1442.98,50598840,1635.23,1390.688989247312,1.0065447550810505,0.01363115450400687,1349.99,1737059968,1440.19,1355.5261720430108,1.0012554299693164,-0.1192122137457936,4155.86,4232.6,3980.3053118279568,1.0052443584288786
81.38,2380693,79.84,63.36959139784946,1.0270963433286346,1.122749028433068,1515.62,50061192,1635.23,1403.876172043011,1.0094824816315229,0.11441085029095799,1380.08,2165120000,1440.19,1358.9519569892475,1.0025272731850492,-0.10816375637510167,4204.11,4232.6,4002.6985806451607,1.0056260178712069
77.19,1925924,81.38,64.67956989247313,1.020672036314694,0.8041952961979247,1480.57,35351744,1635.23,1413.8856129032256,1.007129860210996,0.01495058624204626,1366.39,1437250048,1440.19,1361.0470967741933,1.001541732048856,-0.1196722620273003,4229.89,4232.6,4024.7461505376345,1.005508176408557
66.32,4859016,81.38,65.21483870967741,1.0082757015560577,0.5656731337285748,1419.57,49786200,1635.23,1419.2724946236558,1.003809984111352,-0.013403213254690849,1388.59,1354919936,1440.19,1364.3427526881724,1.002421412103806,-0.06920100654322092,4247.44,4232.6,4046.376623655914,1.0053743695401485
62.9,4662190,81.38,65.47847311827955,1.004042552489868,0.5158348540093275,1448.21,69754080,1635.23,1425.9814623655916,1.004727046967619,0.013077803300236779,1387.66,1598700032,1440.19,1367.2691397849462,1.0021449061029628,-0.05505903404032453,4166.45,4247.44,4061.3576559139788,1.0037023326426122
66.24,3640047,81.38,65.916,1.0066819957901294,0.5773119374234923,1443.02,53589440,1635.23,1431.7909892473117,1.0040740549825118,-0.026624599579293973,1424.04,1658560000,1440.19,1372.232193548387,1.0036299025693078,-0.06414891914582777,4280.7,4247.44,4082.4001720430106,1.0051811531787629
65.92,2204497,81.38,66.28754838709676,1.005636694992062,0.5996317739619287,1501.43,47981424,1635.23,1440.847376344086,1.0063252158763305,0.0991166125733367,1453.51,1362329984,1440.19,1378.7870967741937,1.0047768178422172,-0.03638336092059857,4352.34,4280.7,4106.683225806452,1.005948229654147
63.05,2009485,81.38,66.42475268817205,1.0020698352015383,0.4290521875807354,1462.16,40490496,1635.23,1446.604107526882,1.003995378884197,0.014552597227608821,1474.52,1133549952,1453.51,1386.3131182795698,1.0054584362756107,-0.022308096894072316,4369.55,4352.34,4130.67182795699,1.0058413568399414
59.19,1999603,81.38,66.26991397849463,0.9976689606899358,0.19586918997497071,1405.03,35118872,1635.23,1447.958,1.0009359108453195,-0.12222891255466628,1435.67,1281880064,1474.52,1390.870946236559,1.0032877334109378,-0.0527845993000684,4327.16,4369.55,4150.40711827957,1.0047777434626999
63.13,2093879,81.38,66.3443440860215,1.0011231357196422,0.3013994130395261,1508.07,48311816,1635.23,1455.5332473118278,1.0052316761341336,-0.031725944513108395,1476.62,1599810048,1474.52,1397.755376344086,1.0049497260160298,-0.03532704883206805,4411.8,4369.55,4174.274559139784,1.0057506264277294
69.45,2414013,81.38,66.79283870967741,1.0067601033642657,0.5774768639979793,1539.53,41456532,1635.23,1464.4687956989246,1.0061390204611262,0.07256216364556223,1438.71,1455820032,1476.62,1401.765311827957,1.0028688392487957,-0.06565027421558023,4395.26,4411.8,4195.550731182796,1.0050969747537153
70.06,1963657,81.38,67.22548387096774,1.0064774183826932,0.5331097626385821,1520.5,31864720,1635.23,1471.326946236559,1.004683029476474,0.05837076818916964,1444.09,1632409984,1476.62,1405.8295483870966,1.0028993701904634,-0.09227619706529011,4436.52,4411.8,4218.11423655914,1.0053779603256003
71.17,1822549,81.38,67.66901075268817,1.0065976004363424,0.45180618224513114,1567.12,26198328,1635.23,1480.3036774193547,1.0061011124724908,0.07754857108925428,1444.7,1149760000,1476.62,1409.7362365591398,1.00277892023007,-0.09711481722736792,4468.0,4436.52,4241.392924731183,1.0055187429421142
67.34,1625167,81.38,67.80737634408602,1.002044740862306,0.18841446117352345,1526.07,33503524,1635.23,1485.724,1.0036616288017974,-0.09099725233678457,1412.34,1416249984,1476.62,1411.302365591398,1.0011109376290708,-0.12392809116867975,4441.67,4468.0,4261.46806451613,1.0047331478458152
70.7,1263879,81.38,68.1275698924731,1.0047221049633637,0.3776883195990637,1564.12,32216760,1635.23,1493.0760860215055,1.0049484870820593,-0.025236815263496082,1449.28,1399020032,1476.62,1415.1566451612903,1.0027310090763415,-0.10575882245376045,4509.37,4468.0,4284.620193548388,1.0054328998086455
70.77,1397799,81.38,68.40118279569892,1.004016184690833,0.005686063218390824,1534.54,33327620,1635.23,1497.8407956989245,1.0031912035307693,-0.13762971421589643,1466.71,1241260032,1476.62,1419.8308387096777,1.003302951347732,-0.10860833879661169,4535.43,4509.37,4307.743655913979,1.005396852304531
67.97,1135979,81.38,68.46776344086021,1.0009733844129591,-0.0687512944678017,1457.11,40479748,1635.23,1497.1775053763442,0.9995571690098942,-0.15221307023677122,1461.86,1059699968,1476.62,1424.0184731182794,1.0029493896698338,-0.06490886889351777,4458.58,4535.43,4324.514215053764,1.0038931191081348
65.19,1804382,81.38,68.3403440860215,0.9981389876281154,-0.02015982427563867,1472.55,52056388,1635.23,1497.2989677419353,1.0000811275651382,-0.1084235548270629,1469.69,1621820032,1476.62,1428.5105591397846,1.0031545138678353,-0.05496248856713848,4432.99,4535.43,4338.507462365591,1.0032357963498226
64.62,1384399,81.38,68.16116129032258,0.9973780817451932,0.09782107941362161,1431.65,45672596,1635.23,1494.43576344086,0.9980877537734543,-0.10231129128054972,1474.29,1627149952,1476.62,1433.0659784946236,1.0031889294242124,-0.030150459921155726,4455.48,4535.43,4352.819892473119,1.0032989294663386
62.4,1401134,81.38,67.81877419354839,0.9949768007133001,0.053581976688321875,1363.93,46761084,1635.23,1486.8370967741935,0.9949153607986663,-0.17327057626709963,1438.51,1625580032,1476.62,1434.9263010752688,1.0012981416128512,0.009495986566354642,4357.05,4535.43,4359.396344086021,1.0015108485476907
62.55,1287486,81.38,67.4761935483871,0.9949485868885863,0.027877739881524644,1373.43,38906540,1635.23,1479.703247311828,0.995201996588703,-0.11024289810707488,1451.37,1569560064,1476.62,1437.2279139784946,1.0016039938089512,-0.022465361790978022,4391.36,4535.43,4367.078580645161,1.0017622248478422
61.76,1319446,81.38,67.08062365591398,0.994137637710855,0.06402270892179907,1422.61,37032476,1635.23,1475.625741935484,0.9972443762735863,-0.15979218546284812,1502.87,1307920000,1476.62,1442.591376344086,1.0037318106011066,-0.01112405285609297,4471.37,4535.43,4378.959268817204,1.0027205116538773
64.51,1096984,81.38,66.8616129032258,0.996735111560507,0.09196639716057653,1457.87,32957244,1635.23,1473.693376344086,0.998690477174203,-0.19681880650993822,1525.03,1356080000,1502.87,1449.0087956989246,1.0044485357808681,0.007167372138289219,4544.9,4535.43,4394.383247311828,1.0035222932089045
67.06,1745706,81.38,66.79989247311828,0.9990768928922361,0.1431320992021382,1459.46,45973264,1635.23,1471.8775698924733,0.9987678532856562,-0.20525701562936904,1585.72,1743180032,1525.03,1458.912258064516,1.006834646135336,0.025370974587255013,4605.38,4544.9,4412.482580645161,1.0041187425662985
69.55,1313626,81.38,66.89008602150537,1.0013502049935692,0.13508931696303794,1516.84,38250112,1635.23,1473.8089892473117,1.0013122146803144,-0.19477573344974075,1664.89,2045849984,1585.72,1473.4254193548386,1.0099479329274925,0.04181298177637882,4697.53,4605.38,4435.267913978494,1.0051638353051586
72.35,1195747,81.38,67.15253763440859,1.0039236249870995,0.1730556030805983,1574.6,37318848,1635.23,1479.4672043010753,1.0038391780041003,-0.13814700127917567,1611.82,1871360000,1664.89,1483.969677419355,1.0071562889617673,0.0003368541811705761,4682.85,4697.53,4455.883075268817,1.004648008122655
72.91,1354805,81.38,67.4408817204301,1.0042938673083557,0.19709841023187713,1615.78,37604856,1635.23,1487.6978494623659,1.0055632494842486,-0.07554151150690491,1673.27,1711910016,1664.89,1498.1093548387098,1.0095282792057745,0.052420056915050584,4697.96,4697.53,4476.403440860216,1.0046052298152282
71.67,819762,81.38,67.62956989247311,1.0027978307404877,-0.031414187175081376,1580.38,24988832,1635.23,1493.4347526881725,1.003856228754972,-0.10310442471774217,1612.87,1441170048,1673.27,1507.8129677419354,1.0064772393763406,0.02437076160332352,4594.62,4697.96,4489.143182795699,1.0028459771563922
77.13,2561879,81.38,68.17539784946236,1.0080708476759068,-0.009817906794472253,1634.21,50064672,1635.23,1502.597311827957,1.0061352256088134,-0.12846660641620677,1574.74,2259919872,1673.27,1514.6759784946232,1.0045516326623491,0.037411502861265156,4538.43,4697.96,4497.368623655913,1.0018322963927142
84.95,2132592,81.38,69.23156989247312,1.015491982098042,0.04434024184222851,1737.92,51277112,1635.23,1518.453032258064,1.0105522087024221,-0.03125526004737944,1614.44,1766800000,1673.27,1523.7655913978492,1.0060010279639213,0.05233023953394911,4712.02,4697.96,4516.135720430108,1.0041729060578848
74.95,2821793,84.95,69.62690322580644,1.0057103043300526,-0.004757308937331839,1615.73,75644192,1737.92,1525.9692043010757,1.0049498877366227,-0.058721554412780375,1545.06,2143299968,1673.27,1527.846301075269,1.0026780429355122,0.032660105526718164,4620.64,4712.02,4527.849978494624,1.002593867587177
79.51,1097251,84.95,70.31705376344085,1.0099121245619123,0.020270589162491026,1675.02,33422276,1737.92,1536.9390322580646,1.0071887610353272,-0.05491445131319894,1604.1,1289059968,1673.27,1535.3165376344082,1.0048893900871323,0.03823820713017256,4725.78,4712.02,4545.347935483872,1.0038645178334873
81.79,979903,84.95,71.15832258064516,1.011963937226871,0.10478873830282032,1726.89,28448818,1737.92,1550.9125161290317,1.0090917619877462,-0.0010412327800179977,1610.76,1123879936,1673.27,1542.7346881720432,1.0048316750036868,0.05205771904077694,4766.18,4725.78,4564.33047311828,1.0041762562302916
70.88,1662276,84.95,71.28582795698925,1.001791854722258,0.11453231112256113,1542.94,57601724,1737.92,1552.4885376344084,1.0010161898166317,-0.0015599577093083905,1569.02,2226520064,1673.27,1546.9344086021506,1.0027222570817302,0.028798994390634824,4677.02,4766.18,4576.407440860215,1.002645945076296
73.28,1507469,84.95,71.55836559139784,1.0038231671318039,0.18127313390646904,1608.78,55306780,1737.92,1558.046989247312,1.0035803495344147,0.015010687017912971,1545.9,1967440000,1673.27,1549.2544946236558,1.0014997959891536,-0.005108498379041704,4662.85,4766.18,4586.646387096775,1.0022373327482037
64.79,1805641,84.95,71.26083870967742,0.9958421789086223,-0.02189009661835728,1442.41,56138376,1737.92,1552.5265806451612,0.9964568407498302,-0.05136834681537983,1414.67,1682109952,1673.27,1542.7678279569893,0.9958130399562002,-0.0339655792968907,4397.93,4766.18,4578.7261935483875,0.9982732059810261
63.15,2369206,84.95,70.86062365591398,0.9943838009626306,-0.07264145112468579,1422.08,75455904,1737.92,1545.695870967742,0.9956002623320106,-0.10154116539029578,1401.07,2257880064,1673.27,1535.4238924731183,0.9952397662494711,-0.054346516972467174,4431.85,4766.18,4572.742279569893,0.9986931050852252
60.89,2746643,84.95,70.32055913978495,0.9923784961482771,-0.004368488325725894,1392.19,68006688,1737.92,1537.1074193548384,0.994443634239945,-0.0672895967197924,1456.33,2030189952,1673.27,1531.7578924731185,0.9976123857275043,-0.04231413323382893,4500.54,4766.18,4571.018989247312,0.9996231385419903
61.67,2391853,84.95,69.83546236559141,0.9931016365608065,0.040040955468514605,1383.34,61071672,1737.92,1528.0984731182793,0.994139026249486,-0.0002806345427170953,1423.52,1828649984,1673.27,1526.0142365591396,0.9962502847596199,-0.02960383447674908,4418.64,4766.18,4563.730129032258,0.9984054189597114
62.5,2135392,84.95,69.3985806451613,0.9937441279024829,0.009716250393160042,1368.92,46808648,1737.92,1518.2058494623654,0.9935261870684768,-0.0584252689554603,1417.74,1549820032,1673.27,1519.9238064516128,0.9960089296930417,-0.025610830096857495,4348.87,4766.18,4551.743247311828,0.9973734464173997
63.23,2018320,84.95,69.0101505376344,0.99440290991666,-0.1252873542809595,1377.64,62182784,1737.92,1509.175053763441,0.9940516658514242,-0.0946741566040582,1387.08,1654019968,1673.27,1511.981935483871,0.9947748229654467,-0.033465525154825704,4384.62,4766.18,4542.198150537634,0.9979029799671081
65.03,2118075,84.95,68.75122580645161,0.9962480196150045,-0.15003139273587085,1369.0,51216936,1737.92,1499.9349892473122,0.9938774070687911,-0.09922740240475736,1350.6,2032390016,1673.27,1501.7975483870966,0.9932642137728219,-0.040475218660355305,4328.87,4766.18,4529.079161290323,0.997111753205712
60.46,1664216,84.95,68.20827956989247,0.9921027410029365,-0.27873414204616964,1317.65,46333932,1737.92,1487.7078279569894,0.9918482058369352,-0.14073625843178095,1315.58,1975840000,1673.27,1489.5548602150538,0.9918479769891813,-0.030357499263042986,4204.31,4766.18,4508.155548387097,0.9953801618037373
64.3,2125268,84.95,67.93610752688173,0.9960096920091372,-0.18132375047710192,1395.26,62090240,1737.92,1481.0242580645163,0.9955074714491142,-0.08820260554572534,1437.52,1846499968,1673.27,1485.4569462365591,0.9972489002668199,0.01300605773964536,4463.09,4766.18,4504.4944946236565,0.9991879042938635
56.02,2465338,84.95,67.13627956989247,0.9882267620841718,-0.3159181614248777,1259.36,60990116,1737.92,1465.8542580645164,0.9897570887732623,-0.20434313820286276,1452.85,1489810048,1673.27,1482.2939139784942,0.9978706671599749,-0.005003382828258962,4543.04,4766.18,4505.945440860215,1.0003221107803084
53.93,3119940,84.95,66.23318279569894,0.986548304732118,-0.3580510042814705,1232.46,65139128,1737.92,1449.604172043011,0.9889142553346595,-0.2105875166507799,1465.81,1485650048,1673.27,1479.9593333333332,0.9984250217698764,-0.0029132899299649795,4545.86,4766.18,4507.505913978494,1.0003463142505298
47.41,3548184,84.95,64.9456559139785,0.9805606974121731,-0.4509227754615599,1150.2,76657568,1737.92,1428.6966236559138,0.9855770638700418,-0.27336001273997457,1417.79,1734560000,1673.27,1474.5286236559139,0.9963305007407279,-0.036807839350895044,4488.28,4766.18,4505.329118279569,0.99951707313524
50.83,2837358,84.95,63.92298924731183,0.9842535016041535,-0.4051707375691931,1174.08,49207268,1737.92,1409.989741935484,0.98690633027986,-0.24819983630527742,1406.28,1057670016,1673.27,1468.4501075268818,0.9958776547084172,-0.03403166532322055,4392.59,4766.18,4496.914903225807,0.9981323861514084
49.75,2443498,84.95,62.86152688172043,0.9833946694594536,-0.40715918419164254,1167.11,42462904,1737.92,1391.4750537634409,0.986868919949284,-0.2594492497755718,1381.16,1287859968,1673.27,1460.8873118279569,0.994849810926391,-0.02193926441332328,4271.78,4766.18,4480.793376344086,0.9964149806637086
52.72,2544100,84.95,62.023655913978494,0.9866711642350262,-0.318618858401826,1164.74,56586384,1737.92,1373.3763655913976,0.9869931637487191,-0.1830176239784137,1272.15,1632809984,1673.27,1446.4918924731182,0.9901461124083375,-0.06397945438774721,4131.93,4766.18,4456.044322580645,0.9944766357908621
54.84,2011298,84.95,61.343376344086025,0.9890319337054888,-0.3016539059896918,1189.54,59820808,1737.92,1357.3060430107525,0.9882986754517762,-0.13941394157103926,1229.22,1777069952,1673.27,1429.6845591397846,0.9883806238937174,-0.0920287951559492,4123.34,4766.18,4431.225204301075,0.9944302353201917
53.41,1739657,84.95,60.587419354838715,0.9876766321924145,-0.35313649846061435,1169.83,64190360,1737.92,1340.3595698924732,0.9875146263397686,-0.11148274366287192,1187.3,2108349952,1673.27,1410.6504516129032,0.9866864984970294,-0.10990153136100589,4023.89,4766.18,4400.566344086023,0.9930811775972718
52.53,1377062,84.95,59.792645161290324,0.9868821910223031,-0.44811002650186316,1156.77,51679556,1737.92,1323.1141290322578,0.9871337204974043,-0.09530374120760732,1098.91,2051049984,1673.27,1386.5924086021507,0.982945425648682,-0.13782137936175454,3901.36,4766.18,4362.964645161291,0.9914552591678875
54.72,1407215,84.95,59.16492473118279,0.9895017116500824,-0.4491848824308774,1243.57,54094312,1737.92,1312.1162150537632,0.991687856899738,-0.0855814366036175,1200.5,1755660032,1673.27,1370.0049462365591,0.9880372470938927,-0.14583986229502677,4158.24,4766.18,4343.319806451613,0.9954973646803522
54.34,1090969,84.95,58.539225806451626,0.9894244955508007,-0.5185856259683626,1240.26,38461992,1737.92,1301.3690322580646,0.9918092752209009,-0.09172020222273536,1200.56,1249660032,1673.27,1354.2497849462366,0.9884999237896166,-0.15351238839286552,4108.54,4766.18,4321.430107526882,0.9949601457179793
50.12,1126005,84.95,57.673978494623654,0.9852193584744571,-0.6029447948228821,1157.36,46796900,1737.92,1285.8682580645163,0.9880888711738804,-0.11873731085687433,1127.72,1849910016,1673.27,1334.7938279569892,0.9856334058860347,-0.13335352323676564,3900.86,4766.18,4287.408344086021,0.9921271980352978
40.36,3161647,84.95,56.22686021505376,0.9749086448110252,-0.7115873972507267,1003.88,89784784,1737.92,1261.3628387096774,0.9809425116444476,-0.18678973090795303,1065.21,2729169920,1673.27,1312.346043010753,0.983182582601094,-0.14561659214938882,3674.84,4766.18,4240.486344086022,0.9890558593363931
44.84,2024483,84.95,55.138774193548386,0.9806482877161606,-0.6155505122253432,1107.39,60685344,1737.92,1244.8513978494625,0.9869098404095166,-0.17732202707289502,1153.04,1700300032,1673.27,1296.8723655913977,0.9882091484164833,-0.13647447135469581,3911.74,4766.18,4211.0484731182805,0.993057902188791
