8.6,792039,43.49,14.449892473118279,0.9763979993083025,-0.38932281296200655,1899.5,521384000,2271.4,2062.8653763440857,0.9959191742123786,0.22725997404763287,990.69,1692722048,1217.69,1123.6983870967742,0.9927955219679294,0.0780076441375317,2541.47,3380.16,3055.6620000000003,0.9887271771067945
8.33,409419,43.49,14.090881720430106,0.9751547803309918,-0.4301140291073118,1957.9,477103008,2271.4,2058.0739784946236,0.9976773094820401,0.31542559900336864,1010.87,1319353984,1217.69,1116.9664516129035,0.9940091259708367,0.12383722309520873,2488.65,3380.16,3018.2435268817203,0.9877543808450411
9.7,517765,43.49,13.828817204301078,0.9814018369234435,-0.3809175676720491,2082.1,412070016,2271.4,2061.0752688172042,1.0014583005052013,0.18046237069116222,1106.01,1028777024,1217.69,1116.4647741935485,0.9995508572181102,0.11999078344645053,2789.82,3380.16,3001.3092688172046,0.9943893665591619
12.85,1052039,43.49,13.776365591397848,0.9962070788753419,-0.03572148359502503,2261.8,521422016,2271.4,2075.2365591397847,1.0068708263772954,0.3041098886228837,1173.93,1168333952,1217.69,1120.2368602150539,1.0033785983299206,0.14031489425380161,2874.56,3380.16,2990.31,0.9963351764739862
12.06,1064552,43.49,13.670172043010755,0.9922916136565509,0.07015077265112502,2250.3,600233984,2271.4,2087.889247311828,1.0060969859635125,0.3800013254610999,1168.43,1090572032,1217.69,1123.422430107527,1.0028436574492483,0.17211055944613518,2836.74,3380.16,2977.123440860215,0.9955902367514455
12.06,726510,43.49,13.560301075268816,0.9919627223859181,0.07149678170422069,2192.4,579296000,2271.4,2095.9234408602147,1.0038479979523487,0.3527259485643779,1137.89,1176935040,1217.69,1124.3488172043012,1.000824611536985,0.13159809795537258,2830.71,3380.16,2963.816774193548,0.9955303611250926
15.08,381280,43.49,13.641268817204299,1.005970939840204,0.4195231303532194,2273.2,572185024,2271.4,2108.4260215053764,1.0059651895681982,0.3722663479357534,1157.47,969673984,1217.69,1126.3353333333332,1.0017668147986063,0.1260528224288373,2929.8,3380.16,2957.1638709677422,0.9977552919992444
19.32,1363227,43.49,13.984516129032258,1.0251624182785004,0.81200491197765,2350.9,556371968,2273.2,2125.0458064516124,1.0078825554118185,0.4705781443042917,1167.63,1077079040,1217.69,1128.7257634408602,1.0021223076616559,0.14086849720810968,2863.7,3380.16,2946.333483870968,0.9963375762827679
21.02,1497014,43.49,14.41772043010753,1.0309774251091839,0.8156144281155007,2347.2,629673024,2350.9,2140.4260215053764,1.0072375922472212,0.38444226467452247,1158.51,921249984,1217.69,1130.2998494623657,1.0013945690552035,0.10999240107001085,2955.45,3380.16,2941.685892473118,0.998422584740223
18.47,1107543,43.49,14.664559139784947,1.0171205088123336,0.3525814421003377,2399.6,559038976,2350.9,2158.2997849462363,1.008350563514589,0.3110292447028228,1198.14,927134016,1217.69,1134.2296344086021,1.0034767632218173,0.09915782879305002,3044.31,3380.16,2942.9155053763443,1.0004179959887534
16.37,1376276,42.14,14.7627311827957,1.0066945103548606,0.08762376936324134,2360.4,453580000,2399.6,2172.8040860215056,1.0067202439514817,0.18113839266432907,1200.89,1037033984,1217.69,1138.1202150537636,1.0034301525256744,0.05893452532271892,3193.93,3380.16,2953.846623655914,1.0037143840044336
16.01,1343091,42.14,14.830580645161291,1.0045959966028957,0.038050677337652994,2292.1,410532000,2399.6,2182.1898924731186,1.0043196745219671,0.19066057051165763,1134.51,1083065984,1217.69,1137.5116344086023,0.9994652756034805,0.0322519146203889,3041.31,3380.16,2954.71440860215,1.000293781315281
17.44,1175709,42.14,14.985354838709675,1.01043615197891,0.21329528209011395,2447.8,416281984,2399.6,2201.117204301075,1.0086735402327915,0.2403936512588053,1169.95,1136642944,1217.69,1139.172817204301,1.0014603655430412,0.03402935912350458,3097.74,3380.16,2959.393053763441,1.001583450890438
18.1,1174843,42.14,15.173913978494623,1.012582894553679,0.2066594512001021,2385.5,499049984,2447.8,2215.2690322580647,1.006429384100645,0.23273385361936283,1137.37,1059713024,1217.69,1138.658795698925,0.9995487765353832,0.03214811035405829,3009.05,3380.16,2958.376752688172,0.9996565846250208
18.65,480612,42.14,15.388924731182797,1.014169762198,0.15361233164253751,2472.2,340732000,2447.8,2234.501075268817,1.0086815834694123,0.22146077112927232,1184.43,706768000,1217.69,1141.205247311828,1.0022363605520126,0.026898527554131246,3130.01,3380.16,2965.448043010753,1.002390260238543
16.92,1121943,42.14,15.483784946236561,1.0061641873432228,-0.07059542093396676,2471.7,334863008,2472.2,2253.000430107527,1.0082789643931964,0.2167797504260628,1173.97,762638976,1217.69,1143.0224086021506,1.0015923176787023,0.003700330174169375,3185.04,3380.16,2976.103849462366,1.0035933209070136
17.07,917556,42.14,15.586236559139786,1.0066167034261302,-0.1638613145875646,2565.8,581196032,2472.2,2276.8587096774195,1.0105895583733884,0.26173650488448597,1233.67,842268032,1217.69,1148.6690967741936,1.0049401377694323,0.035215949459849405,3224.73,3380.16,2989.2853763440853,1.004429121948853
16.42,778863,42.14,15.64898924731183,1.0040261603841272,-0.20322870043605512,2455.8,438787008,2565.8,2292.7963440860217,1.0069998346146214,0.2270640506963445,1224.52,842203008,1233.67,1153.6325161290324,1.0043210175748416,0.03438749533347896,3215.63,3380.16,3001.8722580645153,1.0042106658066297
15.7,544700,42.14,15.668430107526882,1.0012423077240207,-0.399872629882454,2432.8,416480000,2565.8,2306.6415053763444,1.0060385482234542,0.19729286710914262,1228.58,863617024,1233.67,1158.7889892473117,1.004469770959284,0.02966613200288637,3271.12,3380.16,3018.0915913978497,1.0054030724624479
17.49,763559,42.14,15.806623655913981,1.0088198720253865,-0.4026126302612154,2420.3,333948992,2565.8,2319.04688172043,1.0053781119932035,0.16614658626895962,1239.1,821912000,1233.67,1164.5204086021506,1.0049460422976246,0.007879244920347528,3351.28,3380.16,3039.4045376344084,1.00706172943767
17.12,459830,42.14,15.922688172043012,1.0073427772214723,-0.4773210537192326,2391.9,351950016,2565.8,2329.1043010752687,1.0043368762546867,0.19665470509276595,1243.21,673443968,1239.1,1170.4288817204301,1.0050737394335336,0.007974251439353264,3372.85,3380.16,3061.9243010752693,1.0074092682175135
18.29,1011836,42.14,16.116645161290325,1.0121811711158084,-0.21993649442475705,2352.9,365310016,2565.8,2336.1733333333336,1.0030350861723116,0.23202812477684598,1243.13,649537024,1243.21,1176.2773118279572,1.004996826546975,0.01094429134047159,3397.16,3380.16,3085.9194838709677,1.0078366348858696
18.16,568756,42.14,16.298129032258064,1.0112606481778004,-0.1858214235625233,2371.5,319270016,2565.8,2343.8696774193545,1.0032944233958185,0.24368536072178448,1255.85,771142976,1243.21,1182.8391182795701,1.0055784519395479,0.0007162777238021167,3508.01,3397.16,3116.8475913978496,1.0100223313305912
16.3,760733,42.14,16.353827956989246,1.0034175042191003,-0.39993354299819506,2322.4,376940000,2565.8,2347.644731182796,1.001610607364313,0.16093662353271176,1229.65,952924032,1255.85,1187.4914838709678,1.0039332192514605,-0.004493238293406199,3426.96,3508.01,3141.9391612903223,1.0080503037625974
17.45,540321,42.14,16.4854623655914,1.0080491496515893,-0.376978930331639,2281.7,274929984,2565.8,2348.4815053763446,1.0003564313554065,0.1908896481697736,1216.07,633918976,1255.85,1191.2023870967741,1.0031249935483406,0.01700118466210887,3340.97,3508.01,3161.2695483870975,1.0061523747292538
20.84,920363,42.14,16.83584946236559,1.0212543081294172,-0.2313724723925279,2342.5,576380032,2565.8,2353.054623655914,1.0019472660393962,0.21235621595138388,1226.34,901916032,1255.85,1195.561806451613,1.0036596798344768,0.024530930998440503,3319.47,3508.01,3179.29711827957,1.0057026361139214
17.85,872962,42.14,16.988989247311828,1.009096053352613,-0.21746024064846003,2317.5,420200000,2565.8,2355.7307526881727,1.0011373000037291,0.1918407696216302,1201.81,817011968,1255.85,1198.2893333333334,1.0022813767276622,0.0007519990287201406,3298.46,3508.01,3196.0085161290317,1.0052563183709313
17.27,733243,42.14,17.099913978494627,1.0065292131019714,-0.08967282865331283,2322.5,355120000,2565.8,2358.126451612903,1.0010169663583144,0.14760556893175536,1214.11,733280000,1255.85,1201.53911827957,1.0027120202574085,-0.051155686842284,3348.44,3508.01,3215.2041290322577,1.0060061206991011
20.06,856547,42.14,17.385182795698924,1.0166824708921378,0.7162382858585388,2414.7,322920000,2565.8,2366.0393548387096,1.003355589018729,0.19132784132466663,1263.33,721617984,1255.85,1207.7813978494623,1.0051952362390253,-0.08389475855550788,3477.13,3508.01,3241.893569892472,1.0083010097614697
19.68,1161080,42.14,17.62488172043011,1.013787541238306,1.205208125690883,2356.9,358700000,2565.8,2369.2141935483874,1.0013418368139926,-0.017791270125596448,1257.6,774230976,1263.33,1213.2036559139783,1.0044894366432293,-0.13942475008650956,3483.81,3508.01,3267.366430107527,1.0078574017517483
19.41,1139917,42.14,17.821913978494624,1.011179210231869,0.9893617037799822,2302.8,369580000,2565.8,2367.6877419354832,0.9993557139674999,0.07333125853344291,1255.97,759193024,1263.33,1217.7873978494622,1.0037782130915445,-0.09576467134998423,3465.39,3508.01,3289.1156559139777,1.006656500356385
15.91,761123,42.14,17.76989247311828,0.9970810371187337,0.6407408059586395,2214.4,373700000,2565.8,2359.590752688172,0.9965802123718002,-0.031499159562782264,1184.32,967664000,1263.33,1217.1780645161289,0.9994996389891951,-0.14236445752139537,3269.96,3508.01,3296.2695698924726,1.0021750265806653
17.06,1243933,35.83,17.775763440860214,1.0003303884787607,0.5556329566427416,2387.0,418049984,2565.8,2362.0776344086025,1.0010539462055432,0.14535025633134002,1282.04,1057603968,1263.33,1222.5002365591397,1.0043725500797014,-0.09878726405389893,3509.44,3508.01,3317.1935698924735,1.0063477818049582
19.12,743527,34.12,17.898709677419355,1.0069165094915997,0.29331076213151963,2414.1,431510016,2565.8,2365.6572043010756,1.0015154327869369,-0.015636126024357377,1305.4,1303024000,1282.04,1228.9509462365593,1.005276653111803,-0.13520822610247096,3585.15,3509.44,3341.454516129033,1.007313696269267
21.15,884886,34.12,18.139139784946234,1.0134328178879957,0.5144679430862784,2358.6,444070016,2565.8,2365.3286021505382,0.9998610947731819,-0.06612118189195604,1266.25,1240445056,1305.4,1232.5931182795698,1.0029636431414648,-0.17037531001711215,3557.54,3585.15,3362.4060215053764,1.0062701752411147
24.21,478438,34.07,18.557440860215053,1.0230606897696422,0.7462310831589536,2431.8,312289984,2565.8,2369.4896774193553,1.0017591954306195,-0.00793497701318624,1272.68,714640000,1305.4,1236.4397634408604,1.003120774490985,-0.16685748879195317,3638.35,3585.15,3387.0209677419343,1.0073206347119072
29.44,1419917,34.07,19.287032258064514,1.0393153023277912,0.6905899139790919,2495.9,656550016,2565.8,2377.271397849462,1.003284133501093,-0.018302448846105213,1308.88,1225150976,1305.4,1242.3320215053764,1.0047655035358283,-0.1317733110239352,3699.12,3638.35,3413.8196989247317,1.0079121834314075
29.51,2457335,34.07,19.990258064516127,1.036461068610365,0.2842916865742955,2482.3,427270016,2565.8,2383.696774193548,1.0027028366849062,-0.11307652543731628,1298.49,1061934976,1308.88,1247.2283440860213,1.0039412351093646,-0.1672018898637342,3663.46,3699.12,3436.663333333334,1.0066915175443498
26.7,3612061,34.07,20.490279569892472,1.0250132591466596,0.08549067793014409,2551.1,585960000,2565.8,2394.278279569892,1.004439115533025,-0.022584257767159777,1312.65,1324295936,1308.88,1252.7567956989246,1.0044325897812678,-0.12205814808617865,3709.41,3699.12,3460.7515698924735,1.0070091929941172
30.4,2886158,34.07,21.21679569892473,1.03545662354455,0.3943755901882724,2508.6,332660000,2565.8,2401.67935483871,1.0030911508206755,0.00038760135292070785,1299.88,555259008,1312.65,1257.1298924731184,1.0034907787283276,-0.13147234150732334,3703.06,3709.41,3482.808709677419,1.0063735114582728
27.06,1912185,34.07,21.70217204301075,1.0228769862788762,0.5000991469223883,2500.6,299340000,2565.8,2408.329892473118,1.0027691197082613,0.0659788143352279,1324.01,491950016,1312.65,1262.8409677419356,1.004542947632549,-0.07347864354594957,3756.07,3709.41,3506.869182795699,1.0069083533216812
29.58,2199496,34.07,22.327139784946233,1.0287974743125656,0.7129364992576965,2580.8,465380000,2565.8,2419.8531182795705,1.0047847372747674,0.11562726431494319,1368.54,995977984,1324.01,1271.1601720430108,1.0065876895932118,-0.051293616213429205,3824.68,3756.07,3534.1472043010754,1.0077784542517865
30.91,2125127,34.07,23.0087311827957,1.0305274837894383,0.5807816805330737,2641.3,454520000,2580.8,2434.6587096774197,1.0061183843292008,0.0419592001162159,1363.26,1006081024,1368.54,1278.6354408602153,1.0058806663248347,-0.05122206509967864,3768.25,3824.68,3556.099913978494,1.0062116002555588
31.27,1774087,34.07,23.68458064516129,1.029373608522618,0.5743146098513805,2703.8,308209984,2641.3,2453.080430107527,1.0075664487826912,0.03851589227287744,1370.9,696924032,1368.54,1286.1878924731184,1.0059066496763316,-0.07131424170213774,3841.47,3824.68,3581.3345376344087,1.0070961514767123
27.34,1345018,34.07,24.078559139784947,1.016634387601207,0.2942310703001929,2633.6,535560000,2703.8,2466.2886021505374,1.005384320824096,0.03016098574943671,1340.92,1089232000,1370.9,1291.3039354838709,1.0039776793427244,-0.05453173135215739,3714.24,3841.47,3596.570623655914,1.0042543040482248
26.49,4299518,34.07,24.399010752688174,1.013308587571328,0.4225623515218311,2712.2,416950016,2703.8,2484.2206451612906,1.0072708615671,0.010332926765217465,1347.65,1092056960,1370.9,1296.5176344086024,1.0040375459111242,-0.0723970103037308,3886.83,3841.47,3621.6851397849455,1.006982906428653
27.17,1730285,34.07,24.74275268817204,1.0140883554242457,0.3862243360648012,2732.2,321640000,2712.2,2502.925806451613,1.007529589340929,-0.034102630388903155,1365.94,835689984,1370.9,1302.5378279569888,1.0046433564716861,-0.11298780354531068,3934.83,3886.83,3648.3872043010747,1.007372828803587
25.09,1746810,34.07,24.930580645161292,1.0075912312326931,0.2934755264732507,2666.8,299900000,2732.2,2517.05376344086,1.0056445768199882,-0.011645314988594446,1332.52,734072000,1370.9,1306.117440860215,1.0027481834511023,-0.12671496091032441,3906.71,3934.83,3671.7479784946236,1.0064030413674319
21.5,2070260,34.07,24.86815053763441,0.9974958422182196,0.2336462217983879,2587.6,421140000,2732.2,2525.6182795698924,1.003402595627248,0.03053724356225085,1311.27,1092728064,1370.9,1308.0938279569891,1.0015131771730055,-0.09778489993867012,3811.15,3934.83,3687.4573978494623,1.0042784579570407
18.19,2263848,34.07,24.579698924731186,0.9884007613486699,-0.050847208106227226,2515.9,448160000,2732.2,2529.224086021505,1.001427692569689,0.027216285956693342,1315.13,1039792000,1370.9,1310.1414193548387,1.0015653245616545,-0.08505067908954866,3841.94,3934.83,3703.9919139784947,1.0044839883814456
19.95,2666706,34.07,24.403290322580645,0.9928229958108622,0.05408924540549154,2545.0,410020000,2732.2,2534.5017204301075,1.0020866614539101,-0.02585820602969613,1332.42,881809024,1370.9,1313.1409892473116,1.0022895008494197,-0.09738403537419171,3943.34,3934.83,3726.013182795699,1.0059452799381388
21.43,1748426,34.07,24.31627956989247,0.9964344663552331,0.040348518413381385,2580.2,418600000,2732.2,2541.7210752688175,1.0028484316189317,0.018002552851747566,1337.41,1078305024,1370.9,1316.2706451612905,1.0023833357877077,-0.07603309706098038,3913.1,3943.34,3744.856623655914,1.0050572662885955
19.14,1552563,34.07,24.074774193548386,0.9900681608940248,-0.09862290657607375,2573.3,331470016,2732.2,2548.006451612903,1.0024728820188977,-0.018133693088374425,1365.45,823524992,1370.9,1321.0065806451614,1.0035979952157108,-0.045718359706216516,3974.54,3943.34,3766.5543870967736,1.0057940171337394
19.74,1283523,34.07,23.869870967741935,0.9914888827550723,0.08972726772419093,2598.4,293080000,2732.2,2555.4772043010753,1.0029319991256078,0.0009491530126990444,1357.4,653168000,1370.9,1324.9874623655917,1.003013521490927,-0.06912204843366476,4019.87,3974.54,3790.1733763440857,1.0062707150408408
19.92,3506039,34.07,23.669182795698926,0.9915924064979563,0.06519786463839705,2599.9,345089984,2732.2,2562.451182795699,1.002729031776486,-0.0047934173615569176,1375.56,746526976,1370.9,1329.8652258064517,1.0036813657331907,-0.10465677252010797,4128.8,4019.87,3819.5450322580646,1.007749422782952
19.4,830320,34.07,23.42963440860215,0.9898793131488973,-0.161106161465569,2686.2,451520000,2732.2,2574.308602150538,1.0046273737562104,-0.02912156130670618,1415.24,855958976,1375.56,1336.9599999999998,1.005334957299335,-0.10684943523796675,4185.47,4128.8,3850.8785591397855,1.0082034709938206
19.09,941366,34.07,23.173182795698928,0.9890543911855036,-0.04741333248324686,2720.3,333889984,2732.2,2587.62688172043,1.0051735365211327,-0.052278570008863934,1440.34,829728000,1415.24,1345.267892473118,1.0062140172279785,-0.06883396037404999,4180.17,4185.47,3880.007784946237,1.0075643065235893
18.61,812569,34.07,22.883096774193547,0.9874818222398339,-0.02960172708795694,2684.9,347369984,2732.2,2597.7950537634406,1.003929535635466,-0.026427487308441133,1412.92,862056000,1440.34,1351.2937849462364,1.0044793252755333,-0.08494235030138797,4181.17,4185.47,3907.305376344086,1.0070354475843475
16.3,1325519,34.07,22.441096774193547,0.9806844325153374,-0.3367609137935409,2675.8,453449984,2732.2,2606.5967741935488,1.0033881504306343,-0.048018256237616574,1444.6,1011828992,1440.34,1358.936,1.0056554800583706,-0.07378239762711858,4232.6,4185.47,3936.1302150537635,1.0073771655740529
15.49,1618791,34.07,21.954924731182796,0.9783356380526895,-0.31902525473128107,2678.7,387950016,2732.2,2615.0240860215054,1.0032330707654482,-0.035243313114060815,1436.47,855516992,1444.6,1365.6638709677418,1.004950837248952,-0.05583926917415205,4173.85,4232.6,3959.540064516129,1.0059474275959759
15.78,750619,34.07,21.496473118279567,0.9791185067352071,-0.2793773808922758,2697.9,312240000,2732.2,2623.998064516129,1.0034317001294917,-0.026324528841838557,1447.14,769729024,1444.6,1372.6954623655915,1.0051488448565802,-0.04703836557464025,4155.86,4232.6,3980.3053118279568,1.0052443584288786
15.67,770859,34.07,21.0387311827957,0.9787061843603254,-0.016328633388682068,2680.6,378190016,2732.2,2631.0062365591402,1.0026707992424924,-0.06621157699921665,1437.44,892344000,1447.14,1378.690129032258,1.004367076916198,-0.07195025739105998,4204.11,4232.6,4002.6985806451607,1.0056260178712069
14.54,1524435,34.07,20.508602150537634,0.9748022336683698,-0.18170115311174895,2698.6,270100992,2732.2,2638.1731182795697,1.002724007879891,-0.12967521099289026,1420.85,697768000,1447.14,1383.0701290322581,1.0031769285264083,-0.09701641014315121,4229.89,4232.6,4024.7461505376345,1.005508176408557
15.18,1104020,34.07,20.025182795698925,0.9764284590782782,-0.21933340734427764,2836.3,426083008,2732.2,2653.55376344086,1.0058300363439836,-0.04651476944184618,1448.24,958392000,1447.14,1388.9187096774192,1.0042286942089143,-0.075309062459463,4247.44,4232.6,4046.376623655914,1.0053743695401485
14.85,1253156,34.07,19.528946236559136,0.9752193743147068,-0.3421858786094729,2796.3,406942016,2836.3,2665.4458064516125,1.004481553445268,-0.022773554728880097,1437.17,929857024,1448.24,1393.7459139784946,1.0034755124741581,-0.03617916476674443,4166.45,4247.44,4061.3576559139788,1.0037023326426122
15.62,829497,34.07,19.09593548387097,0.9778272341250268,-0.35772930356996424,2835.1,464038016,2836.3,2678.899784946236,1.0050475528191416,-0.06278618316385765,1466.12,896588992,1448.24,1400.0732903225805,1.004539834901488,-0.024555592738412457,4280.7,4247.44,4082.4001720430106,1.0051811531787629
15.16,1616924,34.07,18.651720430107524,0.9767377170844211,-0.37861578817849195,2883.0,359827008,2836.3,2694.576774193548,1.0058520252737362,-0.05686405080415091,1495.32,706662016,1466.12,1407.8685376344083,1.0055677423215692,-0.03414555174430056,4352.34,4280.7,4106.683225806452,1.005948229654147
15.78,828807,34.07,18.278215053763443,0.9799747493672932,-0.3831745352156346,2876.7,258156000,2883.0,2709.0148387096774,1.0053581937818235,-0.1219538189403957,1501.46,580069696,1495.32,1415.6589677419356,1.0055334925806476,-0.03642622661394679,4369.55,4352.34,4130.67182795699,1.0058413568399414
14.15,1049930,34.07,17.829075268817206,0.9754275905155323,-0.38140179266995955,2883.8,381179008,2883.0,2723.0627956989247,1.005185633090123,-0.1561140279334512,1498.96,694866688,1501.46,1422.8516129032257,1.0050807753316202,-0.02460166297821975,4327.16,4369.55,4150.40711827957,1.0047777434626999
13.75,675636,34.07,17.381118279569893,0.9748749173755084,-0.414800604168356,2969.6,585568000,2883.8,2741.930752688172,1.0069289467062785,-0.10803280445172136,1531.58,944710912,1501.46,1431.7481075268818,1.0062525807631504,-0.013145841293975336,4411.8,4369.55,4174.274559139784,1.0057506264277294
12.95,830364,34.07,16.917354838709677,0.9733179745169025,-0.44033907117857524,2950.0,328552000,2969.6,2758.5427956989247,1.006058520257839,-0.09294658092939656,1538.58,868772096,1531.58,1440.597935483871,1.0061811347334524,-0.008114500215930853,4395.26,4411.8,4195.550731182796,1.0050969747537153
14.28,817030,34.07,16.56974193548387,0.9794522898798331,-0.5050545494552268,3010.9,429252000,2969.6,2778.1174193548386,1.0070960014419332,-0.14845792069478714,1548.95,956175104,1538.58,1449.6553548387096,1.0062872638726894,-0.02814493502788351,4436.52,4411.8,4218.11423655914,1.0053779603256003
12.52,1252235,34.07,16.141483870967743,0.9741542103562267,-0.5508177813684141,3021.1,494710016,3010.9,2797.425161290323,1.0069499373212125,-0.14745385506152497,1557.13,1000698624,1548.95,1458.8525376344087,1.0063443926620217,-0.0434856946588158,4468.0,4436.52,4241.392924731183,1.0055187429421142
12.47,912166,34.07,15.749548387096775,0.9757187451287606,-0.52557904185967,3028.9,375649984,3021.1,2816.4193548387098,1.0067898844305903,-0.16036182542347577,1584.73,977025984,1557.13,1469.4134408602151,1.0072391848753484,-0.00026444705200878715,4441.67,4468.0,4261.46806451613,1.0047331478458152
14.27,603197,34.07,15.514172043010753,0.9850550416874899,-0.41091423370022295,3060.9,313118016,3028.9,2836.778924731183,1.0072288843838169,-0.11589717055201865,1566.06,839281024,1584.73,1478.309978494624,1.0060544822764113,-0.046176445335295524,4509.37,4468.0,4284.620193548388,1.0054328998086455
15.24,625095,34.07,15.369483870967741,0.9906738063983122,-0.4038148248631823,3082.3,361760000,3060.9,2857.600215053764,1.0073397648794764,-0.15200242186734148,1592.61,839248000,1584.73,1488.4352473118277,1.0068492190166465,0.014897059747352337,4535.43,4509.37,4307.743655913979,1.005396852304531
14.26,349803,34.07,15.185763440860214,0.9880464151138759,-0.41431052848844696,3017.9,301398016,3082.3,2873.470752688172,1.0055537991461516,-0.11998014255138778,1549.18,651900992,1592.61,1495.2317849462365,1.0045662299698181,0.0010432453359059402,4458.58,4535.43,4324.514215053764,1.0038931191081348
14.43,460639,34.07,15.040774193548387,0.9904522911952055,-0.3210499509496386,3015.9,462012992,3082.3,2888.5978494623655,1.0052643990755925,-0.10016184262296823,1545.73,1104976000,1592.61,1501.4116774193546,1.0041330665488364,0.025293286776390644,4432.99,4535.43,4338.507462365591,1.0032357963498226
13.41,543788,34.07,14.85290322580645,0.9875092222431926,-0.27824464770602975,2985.5,394942016,3082.3,2901.0129032258064,1.00429795160505,-0.0836345200421107,1539.56,794862976,1592.61,1506.7349892473121,1.0035455377815545,0.005033937550317669,4455.48,4535.43,4352.819892473119,1.0032989294663386
12.69,623940,34.07,14.635978494623657,0.985395129296615,-0.24291271671650216,2819.4,472923008,3082.3,2901.856129032258,1.0002906659965263,-0.105808671792188,1485.0,987523968,1592.61,1508.0473548387097,1.0008709996122498,-0.004909555142142086,4357.05,4535.43,4359.396344086021,1.0015108485476907
9.11,3038610,34.07,14.199913978494624,0.9702059881893639,-0.4825299469922899,2771.3,434720000,3082.3,2898.9434408602156,0.9989962672019119,-0.06240802026628156,1480.1,924926016,1592.61,1508.6782795698925,1.0004183719623647,-0.002778424621505682,4391.36,4535.43,4367.078580645161,1.0017622248478422
10.83,1896018,34.07,13.898129032258062,0.9787474102523714,-0.3556764849879003,2788.9,412529984,3082.3,2896.679569892473,0.9992190703220236,-0.1231777014029809,1491.56,763875008,1592.61,1509.7309677419357,1.000697755238011,-0.02740684698743112,4471.37,4535.43,4378.959268817204,1.0027205116538773
10.77,760186,34.07,13.6152688172043,0.9796476047677185,-0.2339920335980148,2801.2,350480000,3082.3,2894.760430107527,0.9993374690784259,-0.10381671426045136,1534.41,738278016,1592.61,1513.216666666667,1.0023088212398163,-0.019763972572825583,4544.9,4535.43,4394.383247311828,1.0035222932089045
10.76,480347,34.07,13.349763440860215,0.9804994392759554,-0.26624721377912863,2859.9,355209984,3082.3,2896.1382795698923,1.0004759804811598,-0.09039342909859482,1559.32,893368000,1592.61,1517.9461075268819,1.0031254221318042,0.003101008807849359,4605.38,4544.9,4412.482580645161,1.0041187425662985
12.23,1161287,34.07,13.198408602150536,0.9886623579975642,-0.1547829721911046,2782.0,579859968,3082.3,2891.927956989248,0.9985462287452415,-0.12462910669570215,1548.87,1305160960,1592.61,1521.5671182795697,1.002385467267074,-0.011754722019708286,4697.53,4605.38,4435.267913978494,1.0051638353051586
10.56,1116744,34.07,12.955849462365592,0.9816220919433103,-0.2020764744991549,2761.8,410630016,3082.3,2886.0227956989247,0.9979580538041927,-0.1355473199159305,1558.37,897025024,1592.61,1525.428322580645,1.0025376496736083,-0.017700131906094763,4682.85,4697.53,4455.883075268817,1.004648008122655
8.91,851683,34.07,12.625849462365592,0.9745288797188798,-0.24235606688048827,2794.7,414520000,3082.3,2882.0776344086016,0.998633011043363,-0.11247207876778087,1547.73,910998016,1592.61,1528.2952688172045,1.0018794368729889,-0.04930938330962986,4697.96,4697.53,4476.403440860216,1.0046052298152282
8.69,824213,34.07,12.303548387096777,0.9744729195267604,-0.30600866588052783,2813.4,357540000,3082.3,2879.1789247311826,0.9989942291481632,-0.06934187135987901,1534.35,772281984,1592.61,1530.0680430107527,1.0011599683841985,-0.012941218267697785,4594.62,4697.96,4489.143182795699,1.0028459771563922
8.24,1148454,34.07,11.973548387096773,0.9731784693636766,-0.24457274279485008,2739.0,609950016,3082.3,2871.2038709677427,0.9972300944220809,-0.10422373638516302,1517.43,1426366976,1592.61,1530.488064516129,1.0002745116514882,-0.021840483957026535,4538.43,4697.96,4497.368623655913,1.0018322963927142
8.49,947529,34.07,11.67701075268817,0.975233938610198,-0.22422652840378965,2782.4,447110016,3082.3,2865.8929032258065,0.9981502644950997,-0.13161686187780952,1565.37,1024244992,1592.61,1533.8443655913977,1.0021929612867186,-0.03920464852886729,4712.02,4697.96,4516.135720430108,1.0041729060578848
9.07,1426575,34.07,11.432946236559141,0.9790987161613393,-0.19761363884360605,2875.8,600449984,3082.3,2866.384731182796,1.000171614213649,-0.11249890772305626,1603.75,1519144960,1592.61,1539.3995913978492,1.0036217662828586,-0.003616909254002154,4620.64,4712.02,4527.849978494624,1.002593867587177
8.55,580262,34.07,11.169763440860216,0.9769803172119059,-0.2654480148930912,2893.7,363740000,3082.3,2867.648817204301,1.0004410036125833,-0.08058880478251407,1625.57,894587008,1603.75,1546.02576344086,1.0043043872949153,0.0067927901126501045,4725.78,4712.02,4545.347935483872,1.0038645178334873
8.12,819134,34.07,10.89415053763441,0.9753250903938051,-0.24736385051769882,2899.3,457289984,3082.3,2868.8159139784943,1.000406987343496,-0.0930376943734128,1643.92,643782976,1625.57,1553.4312258064517,1.004789999326473,0.030211768935487937,4766.18,4725.78,4564.33047311828,1.0041762562302916
7.72,1139378,34.07,10.606537634408602,0.9735993272506898,-0.3663096963848791,2709.1,501820000,3082.3,2857.280430107527,0.9959790086862109,-0.13331371621874877,1567.5,1083789952,1643.92,1555.4266451612903,1.0012845237830228,-0.01879033859762047,4677.02,4766.18,4576.407440860215,1.002645945076296
7.29,1741221,34.07,10.307225806451612,0.971780439736904,-0.3666475713533342,2707.3,585409984,3082.3,2845.9023655913975,0.9960178691610955,-0.12769188946410415,1563.07,1043144000,1643.92,1556.8797849462362,1.0009342387115885,-0.03153947616122377,4662.85,4766.18,4586.646387096775,1.0022373327482037
6.62,1005111,34.07,9.98094623655914,0.9683445792282688,-0.45075061700903707,2556.5,463640000,3082.3,2824.9866666666667,0.9926505915390444,-0.1492137609416111,1509.42,858723968,1643.92,1554.60088172043,0.9985362368707967,0.0021480273563772023,4397.93,4766.18,4578.7261935483875,0.9982732059810261
6.0,1477129,34.07,9.634021505376344,0.9652412984740818,-0.6097246453422025,2585.7,609880000,3082.3,2806.553978494623,0.9934751238334895,-0.1518132968705288,1520.3,1277963008,1643.92,1552.9307956989248,0.9989257139622506,-0.0015628794649242828,4431.85,4766.18,4572.742279569893,0.9986931050852252
5.79,2105738,34.07,9.293247311827956,0.964628043091017,-0.5599940662110878,2627.8,505020000,3082.3,2791.4767741935484,0.9946278587846147,-0.10595848844128997,1540.71,1097234944,1643.92,1552.52376344086,0.9997378941423583,-0.0038366928025828084,4500.54,4766.18,4571.018989247312,0.9996231385419903
5.36,1042693,34.07,8.94621505376344,0.9626575892774497,-0.533337198434634,2596.1,509680000,3082.3,2774.8896774193554,0.9940579492089864,-0.08460744176070434,1518.33,1089154944,1643.92,1550.5884516129029,0.9987534414135679,-0.008218594073772012,4418.64,4766.18,4563.730129032258,0.9984054189597114
4.76,1260064,34.07,8.579376344086022,0.9589950937382061,-0.5420900609829975,2516.9,558680000,3082.3,2753.811612903225,0.9924039990895304,-0.11859978995525444,1484.43,1004057024,1643.92,1546.4243870967741,0.9973145262936808,-0.016521182988303296,4348.87,4766.18,4551.743247311828,0.9973734464173997
4.4,1381998,34.07,8.208645161290322,0.9567880964854452,-0.5511307225592941,2582.7,481080000,3082.3,2737.9522580645166,0.9942409441646632,-0.11402716165391558,1524.66,897788992,1643.92,1544.9572043010755,0.9990512418143812,-0.006626513688770763,4384.62,4766.18,4542.198150537634,0.9979029799671081
3.53,1279089,34.07,7.800172043010752,0.9502386678613158,-0.6461083321393791,2555.8,480820000,3082.3,2721.147311827957,0.9938622208670507,-0.1507399442142383,1542.57,1171026944,1643.92,1544.6754408602153,0.9998176237891406,0.02014559435990726,4328.87,4766.18,4529.079161290323,0.997111753205712
4.4,3817251,34.07,7.470946236559139,0.957792494237789,-0.5469499037118036,2494.6,517080000,3082.3,2701.372688172043,0.9927329830436008,-0.15582042270015783,1499.91,1038068992,1643.92,1541.6551397849462,0.9980447018219004,0.022270365068195352,4204.31,4766.18,4508.155548387097,0.9953801618037373
4.06,1683041,34.07,7.137247311827959,0.9553337804656897,-0.559612673556527,2695.4,651289984,3082.3,2695.6851612903224,0.9978945789647524,-0.11259167778800372,1593.48,1215836032,1643.92,1544.7946666666667,1.0020364650956624,0.0006989348413701801,4463.09,4766.18,4504.4944946236565,0.9991879042938635
4.39,1057599,34.07,6.842924731182795,0.9587624517147657,-0.5224186681443437,2671.4,411940000,3082.3,2689.166451612903,0.997581798582777,-0.13674890804470075,1589.78,882424000,1643.92,1547.6766666666667,1.001865620112619,0.00767961574556475,4543.04,4766.18,4505.945440860215,1.0003221107803084
4.85,1029258,34.07,6.599526881720431,0.9644307282303991,-0.4796214439184156,2738.9,467280000,3082.3,2687.840215053764,0.9995068224362447,-0.1251440468472631,1609.25,917030976,1643.92,1551.7637849462362,1.0026408088766836,0.008148586195176444,4545.86,4766.18,4507.505913978494,1.0003463142505298
4.37,694301,34.07,6.3475053763440865,0.961812185950117,-0.5590878395927483,2809.4,480910016,3082.3,2691.800860215054,1.0014735418940113,-0.13181852972102148,1664.58,977635968,1643.92,1559.3847956989246,1.0049111925581846,0.06782970736449734,4488.28,4766.18,4505.329118279569,0.99951707313524
4.13,354521,34.07,6.101268817204302,0.9612073492592128,-0.6379095036880216,2709.9,100753696,3082.3,2689.7905376344092,0.9992531681632333,-0.14697287378947765,1615.79,188436992,1664.58,1563.6098924731182,1.0027094638769387,0.054438350422507,4392.59,4766.18,4496.914903225807,0.9981323861514084
3.78,635182,34.07,5.854602150537634,0.9595712508239074,-0.6221160349457524,2577.5,461520000,3082.3,2679.896344086022,0.9963215747063008,-0.21132997611862603,1557.49,876480000,1664.58,1563.9230322580647,1.0002002672063242,0.0528763102223182,4271.78,4766.18,4480.793376344086,0.9964149806637086
3.5,1101065,34.07,5.610580645161289,0.9583197117238896,-0.6185301244063002,2448.0,555089984,3082.3,2662.524731182796,0.9935178041712093,-0.1687065602064678,1518.45,1095500032,1664.58,1561.6789032258064,0.9985650642736439,0.0741932388921751,4131.93,4766.18,4456.044322580645,0.9944766357908621
3.44,898866,34.07,5.3824516129032265,0.9593394968032752,-0.5387449781094273,2425.6,560710016,3082.3,2644.5066666666667,0.9932327146842594,-0.13026578094878427,1511.65,1065182016,1664.58,1558.924129032258,0.9982360175399321,0.08234961122078155,4123.34,4766.18,4431.225204301075,0.9944302353201917
3.17,637865,34.07,5.1490967741935485,0.9566452509948697,-0.728374243686608,2432.7,691129984,3082.3,2627.6901075268815,0.9936409465887329,-0.06151586045834878,1497.4,1088742016,1664.58,1555.1821505376342,0.9975996404026752,0.10399207405021016,4023.89,4766.18,4400.566344086023,0.9930811775972718
3.78,645248,34.07,4.971569892473117,0.9655227140786773,-0.6983183348712836,2457.5,492680000,3082.3,2613.2395698924734,0.9945006690122951,-0.011466966309694682,1510.91,913745024,1664.58,1552.2992258064517,0.9981462462579153,0.12628074179184667,3901.36,4766.18,4362.964645161291,0.9914552591678875
3.98,476809,34.07,4.821978494623656,0.9699106316344984,-0.6640943860018128,2544.6,459940000,3082.3,2605.1475268817208,0.9969034438694476,-0.047905471852129344,1559.34,867961984,1664.58,1552.5913548387095,1.0001881911859527,0.0971036199144033,4158.24,4766.18,4343.319806451613,0.9954973646803522
3.28,412510,34.07,4.641806451612903,0.9626352454264077,-0.8272312093752472,2475.6,425740000,3082.3,2593.2819354838707,0.9954453284217448,-0.01951719385339301,1510.43,833420032,1664.58,1549.7279569892473,0.9981557298766747,0.10056482080896534,4108.54,4766.18,4321.430107526882,0.9949601457179793
2.83,647923,34.07,4.451849462365591,0.959076925927985,-0.844499443031486,2351.5,495449984,3082.3,2574.0688172043006,0.9925911957289807,-0.0023182599149521588,1459.09,750729984,1664.58,1543.6349677419353,0.9960683491448723,0.10328259569250353,3900.86,4766.18,4287.408344086021,0.9921271980352978
2.69,933426,34.07,4.269483870967742,0.959035993256397,-0.7951856944456248,2299.1,665580032,3082.3,2552.3574193548384,0.9915653390055659,0.014577144139044651,1393.22,1165408000,1664.58,1533.5058064516131,0.993438111015884,0.11794955828962106,3674.84,4766.18,4240.486344086022,0.9890558593363931
3.12,830580,34.07,4.1282365591397845,0.9669170054046975,-0.738244854114852,2494.5,553680000,3082.3,2544.3182795698926,0.9968503079843035,0.008616357034864408,1506.72,843795968,1664.58,1531.031505376344,0.9983865068753836,0.13061837633622453,3911.74,4766.18,4211.0484731182805,0.993057902188791
