35.73,6939532,114.39,26.034150537634407,1.0375869735518122,1.288190712749168,1682.0,98948600,2178.7,1675.8030107526881,1.0003762731956505,0.021444722182552,803.93,0,889.61,825.3560215053765,0.9981496066483708,-0.07561815581875464,2181.9,2184.05,2144.6436344086023,1.0017018275883363
37.38,3830406,114.39,27.03909677419355,1.038601076501667,1.5804756909276583,1679.8,65546900,2178.7,1676.4464516129028,1.000383959723241,0.06420646642915018,801.37,0,889.61,823.7187526881719,0.9980162877903062,-0.07784815409059287,2213.35,2184.05,2150.122043010753,1.0025544610369084
36.03,8367926,114.39,27.90647311827957,1.0320785990497232,1.601778182031299,1621.0,114142896,2178.7,1673.232258064516,0.9980827341396472,0.09314522682657012,788.57,0,889.61,821.2663655913979,0.9970227858856305,-0.07914208633911668,2191.95,2213.35,2153.9014193548387,1.0017577496851267
36.46,7276382,114.39,28.752301075268814,1.030309382106591,1.7694868209032453,1621.1,421389888,2178.7,1670.0055913978495,0.9980715966650088,0.05053254638580773,793.7,0,889.61,819.1683440860214,0.9974453824078554,-0.1102085251350946,2259.53,2213.35,2161.7508817204302,1.003644299732131
37.2,6749468,114.39,29.594344086021504,1.029286108563915,1.4704506227260876,1648.1,444280288,2178.7,1668.4746236559138,0.9990832559185301,0.03658295628472319,805.54,0,889.61,817.8447956989246,0.9983842779122849,-0.09790062723782222,2258.07,2259.53,2169.048258064516,1.0033756786712993
45.35,23014496,114.39,30.913376344086018,1.0445704170442331,1.6047127028031993,1650.1,312956704,2178.7,1667.0019354838712,0.9991173445785974,0.015392242368039488,803.78,0,889.61,816.4036344086021,0.9982378547887061,-0.09969084461432831,2263.79,2259.53,2176.272193548387,1.0033304632375109
44.42,4827096,114.39,32.11079569892473,1.0387346675274371,1.612156179383096,1615.6,226466496,2178.7,1663.383010752688,0.9978290818659832,-0.02793725643282441,796.91,0,889.61,814.5567096774193,0.9977377308804846,-0.11054235948045865,2238.83,2263.79,2181.531548387097,1.0024166806221673
46.03,15811317,114.39,33.351612903225806,1.0386417457834165,2.1707820081921225,1701.0,306720192,2178.7,1665.4898924731183,1.0012666245277309,0.05808358910518596,820.25,0,889.61,814.2944516129035,0.9996780358428086,-0.0944831649369019,2276.98,2263.79,2188.9517634408603,1.0034013787512033
55.46,17939418,114.39,35.13217204301076,1.0533874971789667,3.0004277622150353,1683.9,376944800,2178.7,1666.3275268817204,1.0005029357502484,0.1123693346842648,819.5,0,889.61,813.9983440860215,0.999636363079356,-0.0862718699242282,2274.64,2276.98,2195.831956989247,1.0031431453462325
58.29,9862531,114.39,37.004989247311826,1.0533077545563723,3.336222625730434,1649.1,249669696,2178.7,1664.6767741935482,0.9990093468051499,0.1089435689662619,807.33,0,889.61,812.8962795698926,0.9986461096338393,-0.10840770306157799,2271.31,2276.98,2202.059849462366,1.002836233644062
62.5,12500527,114.39,39.05204301075269,1.0553183180181458,3.0897321213642748,1652.3,308716896,2178.7,1662.9778494623654,0.9989794266625689,0.10787837613744733,806.11,0,889.61,811.7044731182795,0.9985338763609009,-0.1248728276768385,2294.69,2276.98,2209.2931182795696,1.0032847739442547
64.29,10749573,114.39,41.111763440860216,1.0527429622450328,3.2193164170455963,1696.0,341491904,2178.7,1664.012688172043,1.0006222805132445,0.10350216536576673,825.74,0,889.61,811.8395698924732,1.000166435911921,-0.1081632446921621,2297.42,2294.69,2216.2901720430104,1.0031671006918672
63.13,12154863,114.39,42.990064516129046,1.0456876795852066,3.2940025980841066,1684.9,390432992,2178.7,1664.2643010752686,1.0001512085244386,0.08978693653275904,829.52,0,889.61,812.2725376344086,1.0005333168744077,-0.1026229601607086,2316.1,2297.42,2224.132129032258,1.0035383259323027
65.8,7315288,114.39,44.935806451612905,1.0452602701899611,3.541569535817398,1740.3,429001216,2178.7,1668.0529032258064,1.0022764425987447,0.10615616185497334,850.54,0,889.61,814.1191182795699,1.002273351073199,-0.09986135313245903,2351.16,2316.1,2233.9040645161294,1.0043935948572098
57.9,8474126,114.39,46.26088172043011,1.0294881826643982,2.9377982130795806,1731.7,253536704,2178.7,1671.2227956989248,1.0019003548790257,0.05987367018842826,863.34,0,889.61,816.8267096774193,1.0033257926721721,-0.09653740635558794,2367.34,2351.16,2244.3410967741934,1.0046721040638442
62.17,7683546,114.39,47.76763440860214,1.0325707732351026,2.439525775582286,1796.2,444418112,2178.7,1678.5875268817206,1.0044067919619992,0.06303891217316593,875.04,0,889.61,820.3029892473118,1.0042558348407402,-0.08536554724830592,2383.12,2367.34,2255.3795483870967,1.004918348475982
62.4,5705565,114.39,49.19296774193548,1.0298388930283024,2.59243926178216,1800.8,343423392,2178.7,1686.230107526882,1.0045529831020243,0.10866182007227954,876.38,0,889.61,823.8538064516131,1.0043286654453856,-0.07203695597299098,2372.6,2383.12,2265.3086451612903,1.0044024061410393
71.32,18366100,114.39,51.095870967741924,1.038682423792543,3.0129195341714725,1763.3,400893792,2178.7,1691.3802150537635,1.0030542139556713,0.05607656547821116,869.94,0,889.61,826.9625806451612,1.0037734536991918,-0.07536276847654566,2378.25,2383.12,2275.196774193548,1.004365025072137
70.32,8872600,114.39,52.81797849462366,1.0337034577210542,1.725977817761177,1733.3,286637408,2178.7,1694.5913978494623,1.0018985576200539,0.04104204327802219,858.59,0,889.61,829.3139139784947,1.0028433370364824,-0.06188175989499789,2343.98,2383.12,2282.4559139784947,1.0031905547103808
63.67,10212400,114.39,54.0096129032258,1.0225611513837742,1.362589835760923,1747.0,268109600,2178.7,1698.6965591397848,1.0024225080426656,0.0719984972018679,859.75,0,889.61,831.7060645161289,1.0028844934316345,-0.05784731680984834,2362.72,2383.12,2290.547870967742,1.0035452851201592
55.46,9709200,114.39,54.58496774193548,1.010652822854713,0.5898690734975436,1739.7,327384096,2178.7,1702.2509677419357,1.0020924329204215,0.032195926650947726,859.9,0,889.61,834.0610752688173,1.0028315421194607,-0.06396391272225843,2355.54,2383.12,2297.783612903226,1.0031589568710595
56.17,5871100,114.39,55.146322580645155,1.0102840555180619,0.3951098856540425,1734.7,215163600,2178.7,1705.3864516129033,1.0018419633358335,-0.013441030188055314,854.9,0,889.61,836.0171612903225,1.002345255137191,-0.06415318899111067,2328.95,2383.12,2302.8141290322583,1.002189290628057
54.39,5610700,114.39,55.54182795698925,1.0071719265734487,0.10475244237008052,1718.5,256971808,2178.7,1707.491612903226,1.0012344189132802,-0.005545498108793345,851.57,0,889.61,837.7143225806451,1.0020300555645332,-0.07838100356478961,2348.69,2383.12,2308.710043010752,1.0025603082351122
57.89,5420100,114.39,56.12604301075268,1.01051847004776,0.2532324361317069,1770.5,309532992,2178.7,1713.0681720430107,1.003265936475262,0.05459884450160135,872.26,0,889.61,840.7342795698925,1.0036049962473415,-0.053447590149820146,2384.2,2383.12,2316.501225806451,1.0033746909098809
50.37,10995500,114.39,56.17812903225806,1.000928018771881,0.3368486503249175,1768.2,279567616,2178.7,1718.3944086021506,1.0031091795680191,0.012110958308814368,877.59,0,889.61,844.0153763440861,1.0039026561113604,-0.058657183384028366,2399.29,2384.2,2324.8015913978493,1.0035831475066492
47.6,7465200,114.39,56.00643010752687,0.9969436695794442,0.1576796873992219,1731.4,363996288,2178.7,1721.1944086021506,1.0016294280207054,0.07762215817827967,869.16,0,889.61,846.6536129032257,1.003125815752987,-0.040385951445274904,2390.9,2399.29,2332.032602150538,1.003110377582089
52.24,10134400,114.39,56.10012903225807,1.0016730029846805,0.16547500891177291,1713.1,344027296,2178.7,1722.5309677419352,1.0007765300265354,0.05348065325621576,865.83,0,889.61,848.9376989247314,1.00269778098941,-0.037404025448190215,2381.73,2399.29,2338.1173333333336,1.0026091964482762
52.17,5204600,114.39,56.15060215053763,1.0008996970087278,0.4366993671816737,1704.5,308818304,2178.7,1723.0881720430107,1.0003234799904968,0.030508062232484257,875.05,0,889.61,851.6867956989247,1.0032382785894363,-0.018684678792151077,2415.82,2399.29,2345.884064516129,1.0033217884629095
57.59,6477100,114.39,56.504322580645166,1.0062994948684472,0.888068608835576,1750.5,263570704,2178.7,1726.3264516129034,1.001879346409797,0.06332496860258785,893.13,0,889.61,855.4046021505378,1.004365227299975,-0.008480545045828514,2439.07,2415.82,2354.528408602151,1.0036848982508457
60.43,7071800,114.39,56.97569892473118,1.008342305907893,0.5050177633055419,1758.6,314703008,2178.7,1729.60688172043,1.001900237411332,-0.06275102527613186,894.13,0,893.13,858.9202365591399,1.0041099082232707,-0.024943550478436993,2431.77,2439.07,2361.9407311827954,1.0031481134623663
59.97,8436900,114.39,57.36051612903226,1.0067540585120238,0.4108064541363372,1763.8,324025984,2178.7,1733.105376344086,1.0020227108602713,-0.05742802579901274,898.6,0,894.13,862.551741935484,1.004227989074855,0.002607077066374197,2433.15,2439.07,2368.867204301075,1.0029325346850728
95.0,31512700,114.39,59.953204301075274,1.045199875227949,1.2722428449764935,1904.8,466948000,2178.7,1745.5247311827957,1.0071659548278062,0.03985439965980553,931.36,0,898.6,868.0932043010753,1.0064244984922954,0.06057644502778281,2438.3,2439.07,2375.585612903226,1.0028361271539208
93.63,8205100,114.39,62.33359139784947,1.0397040846194021,1.395537846897426,1861.0,311233984,2178.7,1754.6344086021502,1.0052188761675016,0.05753124684242383,916.93,0,931.36,872.4241505376343,1.0049890336833658,0.057180182852953676,2423.41,2439.07,2380.8596129032258,1.0022200841642388
95.65,3491900,114.39,64.72043010752688,1.038291371572724,1.428795948178379,1866.3,185616992,2178.7,1763.569892473118,1.0050925046420847,0.11558821346009407,916.54,0,931.36,876.4538924731182,1.0046190169460583,0.08145709791731015,2425.18,2439.07,2385.7500430107525,1.002054060676666
91.55,8258200,114.39,66.7154623655914,1.0308253862767902,1.2217581051790405,1896.8,238810000,2178.7,1773.9458064516127,1.0058834719410776,0.096740995163064,925.82,0,931.36,880.8181720430103,1.0049794742283331,0.06021334604073969,2459.27,2439.07,2392.4835913978495,1.0028224031292898
86.64,7121300,114.39,68.27683870967742,1.0234035152979963,0.6492424869997275,1956.2,342688000,2178.7,1787.6191397849464,1.007707864176913,0.11961016849342831,936.04,0,931.36,885.5831397849463,1.0054097064447296,0.07233489610639321,2472.54,2459.27,2399.640580645161,1.0029914475790114
98.02,8085000,114.39,70.48361290322582,1.0323209778784854,0.9449989370850358,1925.0,372915008,2178.7,1798.621290322581,1.0061546390351124,0.1323688618839678,924.28,0,936.04,889.3049677419356,1.0042026861056694,0.055637027770571335,2472.1,2472.54,2406.320258064516,1.0027836157936447
78.5,12844100,114.39,71.31576344086022,1.0118062979940734,0.46226848989232217,1917.4,288552992,2178.7,1808.467741935484,1.0054744440454928,0.09222365722803172,918.6,0,936.04,892.3864301075268,1.0034650232230407,0.032132703544195396,2476.83,2472.54,2412.803440860215,1.0026942310666966
70.99,7929500,114.39,71.59356989247311,1.0038954424409026,0.09529347594539428,1876.6,299568000,2178.7,1815.2165591397852,1.0037317874396137,0.07605618304749306,908.0,0,936.04,894.5725161290325,1.0024497078258374,0.03471514883141458,2441.32,2476.83,2416.5658709677423,1.0015593603870965
71.96,8386600,114.39,71.90055913978495,1.0042879444030086,-0.017019630188755297,1855.9,224056000,2178.7,1820.2154838709673,1.0027538999167962,0.0926731307345765,900.71,0,936.04,896.0979569892471,1.0017052176684518,0.047757270049162415,2425.55,2476.83,2418.9524301075267,1.00098758290368
73.16,4328300,114.39,72.25556989247313,1.004937524227009,0.017635322853970736,1897.8,207694000,2178.7,1827.4729032258065,1.0039871209860303,0.08222380057094103,910.4,0,936.04,898.047741935484,1.0021758613899623,0.06472078965500239,2443.05,2476.83,2422.136322580645,1.001316227815599
78.26,7259400,114.39,72.91668817204301,1.0091497206451172,0.08263787096026776,2045.7,467776000,2178.7,1843.7443010752688,1.0089037696924208,0.1455833924919021,937.49,0,936.04,901.5209892473117,1.0038675530816903,0.05736308493983078,2476.55,2476.83,2427.162451612903,1.002075080987557
67.17,6693000,114.39,72.83227956989248,0.9988423966547771,-0.12758577369346047,2080.7,288615008,2178.7,1861.5217204301077,1.0096420199614833,0.1765038288302483,951.83,0,937.49,905.6790752688172,1.0046123008461256,0.08469899370872103,2461.43,2476.83,2430.827870967742,1.001510166471306
69.46,8957700,114.39,72.88692473118279,1.0007502876693275,-0.09768659923693312,2082.7,404131008,2178.7,1878.576989247312,1.0091620036607811,0.14216940500343012,955.98,0,951.83,909.841870967742,1.0045963253569585,0.06056555661155261,2500.23,2476.83,2436.6839784946233,1.0024091000423447
78.56,12061000,114.39,73.52079569892473,1.0086966348227717,0.18510143475402163,2078.8,369259008,2178.7,1894.644301075269,1.0085529163403597,0.1972572176017926,944.95,0,955.98,913.0663010752688,1.0035439456134254,0.03755288817077673,2502.22,2500.23,2442.347892473119,1.002324435186706
82.4,8315600,114.39,74.35797849462367,1.0113870203354067,0.18235761662084493,2087.3,367239008,2178.7,1910.5135483870963,1.0083758451667266,0.14796264246541346,946.31,0,955.98,916.2029677419354,1.0034353109549357,0.024278951681007133,2519.36,2502.22,2448.827548387097,1.0026530437919787
84.39,5999300,114.39,75.28004301075268,1.0124003440491014,0.14694686997494477,2107.8,296345984,2178.7,1927.0793548387094,1.0086708657290593,0.11306073863931188,959.6,0,955.98,920.0437849462365,1.0041921029941294,0.020470904257382072,2549.33,2519.36,2456.94776344086,1.0033159603497237
84.27,5282900,114.39,76.14707526881719,1.0115174251154542,-0.052963094335128025,2095.0,253026000,2178.7,1942.159139784946,1.0078252018570864,0.129827482561107,953.06,0,959.6,923.2836989247312,1.0035214780334438,0.02199694020807952,2553.17,2549.33,2464.9356559139783,1.003251144607947
77.5,5929900,114.39,76.54948387096775,1.005284623220655,-0.033675865402615024,2088.1,365472992,2178.7,1956.080430107527,1.0071679452200413,0.1624557985450492,970.4,0,959.6,927.4635698924731,1.0045271794277424,0.03157668392925772,2575.21,2553.17,2473.969311827957,1.0036648647977098
76.99,6896600,114.39,76.90354838709676,1.0046253024609,0.11833362829444227,1970.0,472297984,2178.7,1961.6193548387096,1.0028316446736691,0.11024808127288277,950.09,0,970.4,930.0926666666666,1.0028347170277516,0.012662382671782879,2581.07,2575.21,2482.8837634408605,1.0036032991881847
73.59,6359200,114.39,77.00961290322579,1.0013791888456842,0.2156877789954159,1964.2,401289984,2178.7,1966.3045161290324,1.002388415101414,0.1018395422867433,943.75,0,970.4,932.1184516129033,1.0021780463590761,-0.0011072372553120324,2587.84,2581.07,2491.7654193548387,1.0035771533266098
66.95,7039300,114.39,76.64830107526882,0.9953082243328374,0.06058739919132128,1963.5,368060992,2178.7,1970.4617204301073,1.0021142220174823,0.07934148164804444,938.63,0,970.4,933.6335913978496,1.0016254798757869,-0.01084164824706102,2582.3,2587.84,2499.7900860215054,1.0032204743690296
63.21,5572600,114.39,76.02251612903225,0.9918356318736662,0.009574497876837285,1952.3,373424992,2178.7,1973.404301075269,1.0014933457547803,0.09959681405287135,938.86,0,970.4,934.9835053763442,1.0014458712614158,0.004509732717740356,2578.85,2587.84,2507.0473333333334,1.002903142688824
60.94,3563000,114.39,75.23131182795697,0.9895925004674618,-0.0686295481959962,1956.2,184198000,2178.7,1976.095698924731,1.0013638349972156,0.04377081772892799,944.77,0,970.4,936.5269892473118,1.001650814011255,-0.008398672823297426,2602.42,2587.84,2515.3302580645163,1.0033038565411407
61.33,7022400,114.39,74.45870967741936,0.9897303113322756,0.14124042192081077,1989.0,336896992,2178.7,1980.5038709677417,1.0022307482605266,0.07172796943122672,961.86,0,970.4,939.0171182795699,1.0026588972457264,-0.005226447307068005,2642.22,2602.42,2525.7116344086025,1.0041272418644835
62.15,5664800,114.39,73.71544086021505,0.990017704840382,0.21366399611761788,1990.0,295423008,2178.7,1984.5017204301075,1.0020186021956181,0.09295315116495195,957.88,0,970.4,941.0692473118279,1.00218540108834,-0.006921044940096932,2651.5,2642.22,2536.1692903225808,1.0041404789729398
64.13,6245600,114.39,73.06862365591398,0.9912254855054368,0.1107222494677571,2012.3,404225984,2178.7,1989.3821505376345,1.0024592722985743,0.12245535136537611,969.66,0,970.4,943.6905806451613,1.0027854840021828,-0.0035536589238678307,2675.81,2651.5,2547.6349032258067,1.004520838946744
65.9,5703900,114.39,72.51043010752687,0.9923606943656734,0.15598514599044622,2000.7,273467008,2178.7,1992.870752688172,1.00175361086335,0.15272640637563817,960.14,0,970.4,945.4744301075269,1.0018902906301619,-0.013496569368762978,2683.34,2675.81,2558.9538924731182,1.0044429400904265
68.0,3929000,114.39,72.0581935483871,0.9937631516118557,0.03143732185201409,1985.8,169812992,2178.7,1994.7610752688172,1.0009485424873115,0.10829501474724057,956.32,0,970.4,946.8288387096773,1.0014325174314829,-0.025408423375577138,2673.61,2683.34,2569.0698279569892,1.0039531526979153
66.49,3567000,114.39,71.4861505376344,0.9920613745282336,-0.005837433439697337,2055.3,239151008,2178.7,2000.6292473118276,1.0029417919347656,0.15932313009556198,987.31,0,970.4,950.0467096774195,1.0033985772678065,-0.023833615249688744,2743.15,2683.34,2583.167827956989,1.0054875892615232
59.01,6740100,114.39,70.41849462365592,0.9850648565358627,-0.10836838334868171,2081.9,352936000,2178.7,2007.575483870968,1.0034720258980887,0.21885484993130855,1004.45,0,987.31,954.17,1.004340092208709,-0.027322066118793176,2786.24,2743.15,2599.3761935483876,1.0062746080281657
56.76,7861600,114.39,69.20774193548388,0.9828063253177625,-0.4037700968840011,2107.7,376076992,2178.7,2015.5021505376342,1.0039483778967964,0.13835324698629126,1023.13,0,1004.45,959.2708172043012,1.0053458159492557,-0.054031984290693114,2810.3,2786.24,2616.3774838709674,1.0065405270559824
61.75,8333400,114.39,68.40116129032258,0.9883455142068758,-0.37447636180717137,2271.4,504734016,2178.7,2033.5537634408602,1.0089563848385925,0.22027535494680395,1059.33,0,1023.13,966.5097634408603,1.0075463009055734,-0.030165093515856833,2872.87,2810.3,2636.615548387097,1.0077351470270977
56.82,5413000,114.39,67.3450752688172,0.984560408016716,-0.41922568808363636,2155.3,434471008,2271.4,2043.2324731182796,1.0047595051832032,0.1641885805921791,1005.72,0,1059.33,969.9837634408603,1.0035943765199353,-0.04163742275670934,2762.13,2872.87,2648.7425161290316,1.0045994448259068
50.92,6814400,114.39,65.9918494623656,0.9799060911128242,-0.48811473971316,2036.2,496375008,2271.4,2044.6058064516128,1.0006721375817003,0.1374877734960691,949.09,0,1059.33,969.612430107527,0.9996171757225955,-0.04003933635689849,2619.55,2872.87,2650.9461505376344,1.0008319549352889
54.15,4408800,114.39,64.93438709677419,0.983975864077056,-0.37791724243820046,2121.4,350748992,2271.4,2051.176129032258,1.0032134911090993,0.1392343943988965,987.19,0,1059.33,971.6491182795698,1.0021005178036104,-0.05038050056689558,2732.22,2872.87,2660.074129032258,1.0034432908012003
56.84,7532500,114.39,64.12034408602149,0.9874636067706392,-0.3136797835476711,2126.7,274363008,2271.4,2057.7331182795697,1.0031966973262336,0.16458664583381655,986.16,0,1059.33,973.5093548387098,1.0019145147400883,-0.044372948239891574,2747.3,2872.87,2669.616559139785,1.0035872797691539
59.96,8875300,114.39,63.596150537634415,0.9918248481685651,-0.15408686764316104,2084.8,454345984,2271.4,2061.15311827957,1.0016620231115587,0.17094154769702408,966.5,0,1059.33,973.9681290322582,1.0004712581253257,-0.03442576603356384,2691.25,2872.87,2674.9510322580645,1.0019982169724024
62.12,4640300,114.39,63.251182795698924,0.994575650585465,-0.03631151514498243,2169.0,377060000,2271.4,2069.645376344086,1.0041201490511311,0.18704627674772734,999.36,0,1059.33,976.4438924731182,1.0025419347585018,-0.04080265597631838,2786.57,2872.87,2685.9740645161287,1.0041208351574045
58.72,3428700,114.39,62.70593548387097,0.9913796503444195,-0.05109434191739781,2127.7,388644992,2271.4,2074.844301075269,1.0025119881843558,0.1668031952793626,989.91,0,1059.33,978.1135053763442,1.0017098912862235,-0.03555916926720348,2752.01,2872.87,2694.024946236559,1.0029973788007818
57.27,3940800,114.39,62.09561290322581,0.99026690893078,-0.13610040910409715,1932.9,346143008,2271.4,2066.890967741935,0.9961667806450768,0.09710896097513644,922.73,0,1059.33,975.2570967741937,0.9970796757365583,-0.04589450022118968,2588.26,2872.87,2690.809247311828,0.9988063588909141
52.8,4057100,114.39,61.23107526881721,0.986077315385292,-0.3131390070986261,1948.8,289975008,2271.4,2059.8879569892474,0.9966118141392148,0.0057336228484713425,940.73,0,1059.33,973.5354623655915,0.9982346866131026,-0.06289432957278751,2640.87,2872.87,2690.6754623655916,0.999950280776547
55.52,7504400,114.39,60.596774193548384,0.9896408633608978,-0.12930521579687448,1855.5,390180992,2271.4,2047.0739784946234,0.9937792837464067,-0.04179770035253827,924.95,0,1059.33,970.7887956989247,0.9971786680887899,-0.08635289761967557,2604.47,2872.87,2687.839913978495,0.9989461574140928
60.64,7871400,114.39,60.31784946236561,0.9953970366427117,-0.051343376181241074,1915.8,357104992,2271.4,2038.6346236559139,0.9958773571803616,-0.0022612941936950293,946.91,0,1059.33,969.5167096774193,0.9986896366880815,-0.07190990333740876,2656.3,2872.87,2688.040623655914,1.0000746732260262
50.17,12795800,114.39,59.382408602150534,0.984491475267222,-0.2942399376291738,1904.6,295652992,2271.4,2029.8316129032257,0.9956819085428357,-0.022934470853603894,949.72,0,1059.33,968.4454193548386,0.9988950264478297,-0.06206052160239106,2670.14,2872.87,2688.798602150537,1.0002819817855255
45.61,7021100,114.39,58.213827956989256,0.9803210972294755,-0.42560684566605,1948.8,354827008,2271.4,2024.2548387096776,0.9972525926987748,-0.026795429694632666,966.38,0,1059.33,968.4387096774195,0.9999930717030769,-0.03854854510878836,2669.91,2872.87,2689.180623655914,1.0001420788842539
42.81,6459600,114.39,56.94372043010752,0.9781820304306368,-0.4318665126468597,1888.2,405315008,2271.4,2015.0662365591397,0.9954607483332508,-0.06906606428253859,936.97,0,1059.33,966.4914193548386,0.9979892477416258,-0.06833567789440875,2663.42,2872.87,2688.8201720430106,0.9998659622898765
51.19,8984800,114.39,56.303677419354834,0.9887600773901264,-0.28872724777067593,1954.0,381136992,2271.4,2010.595053763441,0.9977811236600671,-0.021455861313694147,960.18,0,1059.33,966.0902150537636,0.9995848858116683,-0.060895318670574294,2727.72,2872.87,2692.3627526881723,1.0013175223400939
50.09,5915300,114.39,55.6638064516129,0.9886353610089068,-0.25564299729342654,1961.2,398516992,2271.4,2006.8916129032257,0.9981580374161951,0.008160144316644469,961.78,0,1059.33,965.7769247311827,0.9996757131811304,-0.06237760132660375,2712.97,2872.87,2694.5783440860214,1.0008229171182959
48.63,3929000,114.39,54.98868817204301,0.9878715035387178,-0.308908307699131,1938.1,332732000,2271.4,2001.9707526881723,0.9975480189446132,0.018463311015261663,958.6,0,1059.33,965.2770107526882,0.9994823711711339,-0.04538475780594675,2721.33,2872.87,2697.037032258064,1.0009124574824253
47.7,2687500,114.39,54.314559139784954,0.9877405871158644,-0.2909856561796489,1961.2,344644992,2271.4,1998.6088172043007,0.9983206870133556,0.03248256161528995,962.68,0,1059.33,965.0220215053764,0.999735838267698,-0.036660838955825614,2734.62,2872.87,2700.0515053763443,1.00111769808209
43.74,3755800,114.39,53.440623655913974,0.9839097380571238,-0.20771941824716667,1982.4,367232000,2271.4,1996.6210752688175,0.9990054372229461,0.0630095237899817,982.32,0,1059.33,965.9934193548385,1.0010066069248313,-0.029637459452613868,2779.03,2872.87,2705.615483870967,1.0020606934658631
45.56,7268000,114.39,52.73402150537633,0.9867778086744045,-0.07591592862077567,1995.8,385220000,2271.4,1995.457204301075,0.99941707969421,0.07893082388830719,989.86,0,1059.33,967.3573118279571,1.0014119065883798,-0.02354684390798889,2779.66,2872.87,2710.797032258065,1.0019151089347273
48.65,6160900,114.39,52.264731182795714,0.9911008053400067,-0.013007110819385215,1971.3,458212000,2271.4,1992.6191397849461,0.9985777372173096,0.04399322589829424,983.37,0,1059.33,968.1928172043009,1.000863698827856,-0.017727428658048883,2754.88,2872.87,2713.948021505376,1.0011623847930387
45.47,4376400,114.39,51.61670967741935,0.9876011702210825,-0.027339806408783973,1949.0,421599008,2271.4,1988.3098924731182,0.9978373954029705,0.0011701129687515799,965.78,0,1059.33,967.8104731182796,0.9996050951016913,-0.024745024407739846,2718.37,2872.87,2714.415655913979,1.0001723077984168
48.47,3202000,114.39,51.19634408602151,0.9918560172853921,0.033480997861528805,2057.9,217868000,2271.4,1991.1124731182797,1.0014095290959275,0.02868821423222423,995.69,0,1059.33,969.3493763440861,1.0015900873864778,-0.0013797624351803428,2759.82,2872.87,2717.393720430108,1.0010971291407196
48.53,4280700,114.39,50.80926881720431,0.9924393962942584,0.047651535376484366,2099.4,323323008,2271.4,1996.4464516129033,1.0026788936168283,0.054399769846105284,1011.6,0,1059.33,971.8334193548386,1.002562587928948,-0.0036494118517140794,2801.31,2872.87,2722.815612903226,1.00199525465609
47.87,3171300,114.39,50.41316129032258,0.9922040301680624,-0.04655827493924369,2070.6,294868992,2271.4,1999.7350537634406,1.0016472278271629,0.0387130437484825,1003.27,0,1059.33,973.6898494623656,1.001910234892683,0.0007628781556576758,2801.83,2872.87,2728.0011612903227,1.0019044801868047
45.21,2871500,114.39,49.884215053763434,0.9895077748940795,-0.08524127401101744,2058.7,365473984,2271.4,2002.1055913978494,1.0011854258542638,0.05446792999451411,1017.08,0,1059.33,976.344494623656,1.002726376538439,0.009222884077286997,2818.82,2872.87,2734.0280215053763,1.002209258669158
37.68,9281800,114.39,48.91847311827958,0.980640330123607,-0.2056203142539167,2109.0,357247008,2271.4,2007.5645161290327,1.0027265918214494,-0.008584576635102037,1038.48,0,1059.33,980.24911827957,1.0039992274012044,0.016393976717083536,2840.35,2872.87,2741.1316344086026,1.0025982224203083
34.77,8365200,114.39,47.826946236559145,0.9776868162037429,-0.18316967336247025,2095.2,335692992,2271.4,2012.0176344086021,1.0022181694504921,-0.04557513187972928,1036.36,0,1059.33,983.9069247311826,1.0037315070051094,0.01488566187117124,2833.28,2872.87,2747.570086021505,1.002348829779673
35.25,4277500,114.39,46.81851612903226,0.978915022035088,-0.19004066375148276,2094.3,297190016,2271.4,2016.3840860215055,1.0021701855581335,-0.07977146070684915,1052.91,0,1059.33,988.5638494623655,1.0047330947817603,0.014933896519669476,2850.13,2872.87,2754.9944731182795,1.0027021647726282
35.15,3249900,114.39,45.84989247311828,0.9793110987703146,-0.23659250357028583,2108.9,272388000,2271.4,2021.7212903225802,1.0026469184804991,-0.10987193211280466,1060.95,0,1059.33,993.6754408602152,1.0051707245825645,0.0008957556712663184,2874.69,2872.87,2763.9177204301077,1.0032389347415744
35.75,2818500,114.39,44.97718279569892,0.980965938405831,-0.24569373000884664,2165.3,249244000,2271.4,2031.0466666666669,1.0046125924422544,-0.06895557775666505,1071.38,0,1060.95,999.4564516129032,1.0058178058095946,0.014821883249833245,2901.52,2874.69,2774.5680215053767,1.0038533350673013
35.19,2622400,114.39,44.1136559139785,0.980800778793931,-0.16647260884530024,2102.0,210524000,2271.4,2036.2666666666664,1.0025701034277892,-0.07354450903019694,1068.04,0,1071.38,1004.8807741935484,1.0054272725658948,0.029081224013176588,2871.68,2901.52,2782.9933978494623,1.0030366443636565
31.77,3614800,114.39,43.06331182795698,0.9761900467268075,-0.28786263689972347,2113.7,255160000,2271.4,2042.1000000000004,1.0028647197485598,-0.09220653662229694,1078.92,0,1071.38,1010.7512258064517,1.005841938430571,0.029689676195209458,2904.98,2901.52,2793.0249462365587,1.0036045893586554
32.38,4898500,114.39,42.10045161290323,0.9776408229143989,-0.43583376244914906,2124.4,352144992,2271.4,2048.6402150537638,1.0032026908837781,-0.08543982592338761,1091.93,0,1078.92,1017.2637634408604,1.0064432646413193,0.040872862671032406,2929.67,2904.98,2804.277870967742,1.0040289381397562
29.37,7684000,114.39,40.996,0.9737662763559352,-0.43708766726832,2179.7,339515008,2271.4,2058.7531182795697,1.0049363978855315,-0.049818914135921766,1101.36,0,1091.93,1024.1572258064516,1.0067764749058536,0.05677360359791028,2913.98,2929.67,2814.126344086021,1.0035119462376532
30.69,12945000,114.39,40.04249462365592,0.976741502186943,-0.41809199878685316,2117.5,324412000,2271.4,2064.6490322580644,1.0028638275887212,-0.05137751214116959,1092.32,0,1101.36,1030.177440860215,1.0058782137176476,0.05749198429637725,2885.57,2929.67,2821.662924731183,1.0026781244776022
26.73,6691200,114.39,38.901096774193554,0.9714953361375227,-0.43306070750269027,2030.8,328148000,2271.4,2065.0621505376344,1.0002000912857902,-0.03071085982992483,1054.06,0,1101.36,1033.5293548387097,1.0032537248881084,0.05930970497673971,2767.13,2929.67,2821.3453118279567,0.9998874376877399
26.36,15101500,114.39,37.80462365591397,0.9718138250794264,-0.430623176174325,2016.0,291076992,2271.4,2064.728817204301,0.9998385843577412,-0.014228752799558597,1058.82,0,1101.36,1037.0504086021504,1.0034068251152772,0.07812692565380575,2767.78,2929.67,2821.0371182795698,0.9998907636200735
17.98,22722300,114.39,36.23397849462366,0.9584536226154283,-0.5527769086608968,1874.8,444904000,2271.4,2055.1070967741935,0.9953399592479484,-0.052082994003425975,1011.7,0,1101.36,1037.2387956989246,1.0001816566438928,0.06869363621907243,2658.69,2929.67,2813.304795698925,0.9972590496840537
14.51,34107300,114.39,34.51434408602151,0.9525408337685769,-0.6370403411444763,1928.6,462839008,2271.4,2049.1154838709676,0.997084525223707,0.004863034819048595,1033.3,0,1101.36,1038.6681075268818,1.0013779968835375,0.07160821082002222,2723.06,2929.67,2809.6870537634413,0.9987140597275438
15.65,11258800,114.39,32.95645161290322,0.954862463292494,-0.6271135939713272,1975.8,381839008,2271.4,2046.0118279569892,0.9984853679851585,-0.054141148073649115,1074.78,0,1101.36,1042.5405376344086,1.0037282651498245,0.08809046955584399,2781.01,2929.67,2809.5529892473123,0.9999522848938107
16.75,9906800,114.39,31.566279569892473,0.9578179089381557,-0.49619221090903476,1943.7,393612992,2271.4,2040.7081720430106,0.9974078077939195,-0.08539409996191116,1063.52,0,1101.36,1045.4115268817204,1.0027538394370987,0.09505829881992511,2736.27,2929.67,2806.2642795698926,0.9988294544754962
16.62,7550200,114.39,30.239591397849466,0.9579713482196874,-0.4334691404393585,1893.8,233926000,2271.4,2032.1010752688176,0.9957822990606363,-0.09084009990912667,1035.74,0,1101.36,1046.2455268817205,1.000797771957315,0.08576224413957323,2632.56,2929.67,2796.142387096774,0.996393107895501
17.21,6670100,114.39,29.013311827956986,0.959447878982264,-0.46353057606523373,2036.6,347772000,2271.4,2032.8251612903223,1.0003563238218398,-0.0028459265375604392,1096.84,0,1101.36,1050.8723010752688,1.004422264253151,0.1342989834271917,2760.17,2929.67,2794.333720430108,0.9993531564504681
21.24,30978700,114.39,28.102086021505382,0.9685928372515696,-0.5091939998992613,1915.8,340457984,2271.4,2025.4365591397852,0.9963653528639683,-0.09707819408068896,1046.01,0,1101.36,1051.8759139784945,1.0009550284103965,0.12408513271856503,2633.08,2929.67,2784.117634408602,0.9963439993058762
20.76,17960200,114.39,27.224301075268816,0.9687644203506873,-0.4895412467457204,1892.9,328110016,2271.4,2016.6526881720429,0.9956632208853419,-0.12783651253125394,1026.67,0,1101.36,1051.4472043010753,0.9995924332217118,0.10912779296356656,2599.95,2929.67,2771.9676559139784,0.9956359679833698
17.11,14356500,114.39,26.174107526881723,0.9614244073526974,-0.5424974193030188,1739.7,517436000,2271.4,1998.1318279569894,0.9908160387142114,-0.10570302165055578,958.02,0,1101.36,1046.4499139784944,0.9952472265824295,0.1113659357459913,2416.62,2929.67,2748.2329892473126,0.9914376105305457
17.97,6880900,114.39,25.247182795698926,0.9645861953370974,-0.5396224436079811,1820.1,269415008,2271.4,1985.2247311827957,0.9935404178074724,-0.057442595756539316,987.48,0,1101.36,1043.3545161290324,0.997042000951872,0.11677223290625016,2485.74,2929.67,2729.6129677419353,0.9932247296432909
18.34,8619400,114.39,24.40806451612903,0.9667638846535842,-0.6017838524677841,1926.4,436152992,2271.4,1979.4791397849463,0.9971058231808213,0.004787488635296766,994.77,0,1101.36,1040.6761075268817,0.9974328873256926,0.10158639602052144,2531.94,2929.67,2714.508817204301,0.9944665596492498
24.08,16691400,114.39,23.993892473118276,0.9830313443027379,-0.520759463653067,2011.9,461609984,2271.4,1979.3701075268818,0.9999449187132751,-0.009471520963253433,1017.28,0,1101.36,1039.423182795699,0.9987960473752393,0.09368017942556872,2596.26,2929.67,2704.085720430108,0.996160227328004
24.0,7890600,114.39,23.620752688172047,0.9844485514234809,-0.5406632318279665,2050.4,419855008,2271.4,1981.7103225806447,1.001182302917915,0.0261110898549195,1042.81,0,1101.36,1039.7583870967742,1.0003224906915908,0.09099825868066758,2670.71,2929.67,2698.860258064516,0.9980675677822962
24.48,8740300,114.39,23.331591397849458,0.9877581678221717,-0.5570472256500734,2005.6,313368992,2271.4,1980.9901075268815,0.9996365689548282,0.010566041284045813,1029.15,0,1101.36,1039.0844731182794,0.9993518552128476,0.08533673468364833,2664.76,2929.67,2693.4319354838713,0.9979886611155859
25.75,9179900,114.39,23.169505376344084,0.9930529375925762,-0.5812354199869287,2011.2,366230016,2271.4,1980.5094623655916,0.9997573712460938,-0.0524827562168676,1050.21,0,1101.36,1039.6329892473118,1.0005278840587293,0.07406522866502274,2706.53,2929.67,2690.8137419354844,0.9990279340220578
25.32,8447200,114.39,23.028537634408604,0.9939158070210939,-0.5753545325854775,1965.0,384600000,2271.4,1977.1486021505382,0.9983030324878938,-0.1169340576789295,1040.39,0,1101.36,1039.4307096774196,0.999805431751412,0.06181211861254565,2707.88,2929.67,2688.397247311828,0.9991019465279234
25.49,7358000,114.39,22.948451612903227,0.9965223140619353,-0.5647944154868358,2025.8,342356992,2271.4,1977.9993548387097,1.0004302927393753,-0.10256369021701461,1073.62,0,1101.36,1041.310387096774,1.0018083720269704,0.07948244387169046,2775.6,2929.67,2690.5507096774195,1.0008010208936737
25.32,5406400,114.39,22.905526881720427,0.9981295151452106,-0.5532421477097751,2003.7,263972992,2271.4,1977.5206451612903,0.999757982895066,-0.11116455027367833,1070.06,0,1101.36,1042.8090967741934,1.001439253555895,0.06136722919699489,2792.67,2929.67,2693.861870967742,1.001230663030588
29.99,16609200,114.39,23.206666666666667,1.0131470359316015,-0.27914320056673636,2051.1,440624000,2271.4,1980.2182795698925,1.0013641498080958,-0.06419181760853243,1073.74,0,1101.36,1044.4312903225807,1.0015555997290446,0.0468603305268831,2803.69,2929.67,2697.9402365591395,1.001513947554383
27.47,10503700,114.39,23.361763440860212,1.006683285299923,-0.26996109853403727,1941.2,385408000,2271.4,1975.9501075268815,0.9978445951706203,-0.13457003867801043,1032.22,0,1101.36,1043.2989462365592,0.9989158271142262,0.027844672000949533,2743.07,2929.67,2698.18647311828,1.0000912683519834
27.44,7403800,114.39,23.530623655913974,1.0072280594519856,-0.24255581655329117,2045.0,375454016,2271.4,1978.7098924731188,1.0013966875660092,-0.07709612979014868,1065.44,0,1101.36,1044.3187311827958,1.0009774618769771,0.021601664226786443,2822.48,2929.67,2703.749935483871,1.0020619265647572
24.84,6681800,114.39,23.548537634408607,1.000761304874728,-0.30596701713076946,1946.0,345785984,2271.4,1975.1886021505372,0.9982204110183225,-0.1520904491958186,1049.44,0,1101.36,1044.279311827957,0.9999622535212078,0.01488618119794094,2800.71,2929.67,2707.9683440860217,1.0015602066399665
24.82,7310900,114.39,23.587333333333333,1.0016474780526514,-0.261568308805199,2000.0,356958016,2271.4,1975.501505376344,1.0001584168850843,-0.1526140865417237,1062.47,0,1101.36,1045.1052903225805,1.0007909555281504,0.014816325850099843,2834.4,2929.67,2714.519397849463,1.002419176641318
25.67,5215000,114.39,23.704473118279573,1.0049662156925852,-0.1754795491143315,2053.5,328065984,2271.4,1979.621505376344,1.002085546373307,-0.12297612902718968,1065.28,0,1101.36,1046.1317204301076,1.000982130812112,-0.00991785908201126,2892.74,2929.67,2724.9786666666664,1.0038530831002679
23.48,4250600,114.39,23.700795698924733,0.9998448639066352,-0.25521970496823854,2003.8,298140000,2271.4,1980.6393548387098,1.0005141636719956,-0.1534876840870123,1039.31,0,1101.36,1045.4886021505376,0.9993852415838174,-0.03754913313588182,2907.41,2929.67,2736.3390967741934,1.0041689978150998
20.88,8483700,114.39,23.547204301075265,0.9935195678744053,-0.31405380472940514,1890.1,342371008,2271.4,1974.558064516129,0.9969296326927342,-0.1806370748819286,993.64,0,1101.36,1041.9842150537636,0.9966480867514331,-0.08160442412475577,2905.03,2929.67,2747.540752688172,1.0040936651189114
19.07,6848900,114.39,23.301569892473122,0.9895684258113424,-0.3687585972080355,1933.9,355604000,2271.4,1971.8064516129032,0.9986064664530896,-0.21655261343170018,1030.02,0,1101.36,1041.038301075269,0.999092199320461,-0.07366264795704724,2939.88,2929.67,2761.043784946237,1.0049145885260677
18.95,9081700,114.39,23.070344086021507,0.9900768142439061,-0.38799340754993417,1943.4,340451008,2271.4,1970.1963440860216,0.9991834353084885,-0.22797972081394546,1043.06,0,1101.36,1041.0870967741937,1.0000468721456977,-0.06591405246958104,2945.64,2939.88,2774.8627311827954,1.0050049717834617
19.28,7619100,114.39,22.885655913978493,0.9919945636114323,-0.292153916705888,1884.3,362912000,2271.4,1965.1477419354837,0.9974375131871033,-0.24371899974963818,1027.08,0,1101.36,1040.2108602150538,0.9991583446170307,-0.06689175975438655,2881.4,2945.64,2784.407978494624,1.0034398989198863
17.07,6006200,114.39,22.574408602150537,0.9863998955066939,-0.3727969156443227,1874.8,367855008,2271.4,1959.8012903225806,0.9972793640402643,-0.22057075943148496,1021.94,0,1101.36,1039.0610322580644,0.998894620311163,-0.06798053821535344,2859.53,2945.64,2792.2965161290326,1.002833111273684
16.74,8442500,114.39,22.261849462365596,0.9861542711796594,-0.04703439282670341,1885.7,284385984,2271.4,1955.4617204301078,0.9977857092380226,-0.15972311777882853,1033.95,0,1101.36,1038.7653548387098,0.9997154378711401,-0.04095936975679337,2826.06,2945.64,2797.828387096774,1.001981118744298
14.78,5795900,114.39,21.825505376344083,0.9803994683029742,0.07717087745356932,1819.5,273609984,2271.4,1946.8277419354843,0.9955846854968224,-0.19667691757320815,1007.0,0,1101.36,1036.6831182795697,0.9979954697666411,-0.03610221764870292,2752.06,2945.64,2798.2261290322585,1.0001421609478691
14.84,4588100,114.39,21.39245161290323,0.9801583626141265,-0.0992999893359442,1889.3,339776000,2271.4,1942.9316129032256,0.9979987294467125,-0.1726038966519814,1050.52,0,1101.36,1037.4651827956989,1.0007543910982433,-0.0557722295432328,2873.34,2945.64,2806.386021505376,1.0029160947317504
12.95,5633000,114.39,20.83920430107527,0.974138199686554,-0.29886719952567187,1894.9,246936000,2271.4,1939.5827956989247,0.9982764101515148,-0.15083987521973152,1052.28,0,1101.36,1038.4129677419357,1.0009135583168998,-0.06564730653538875,2886.98,2945.64,2815.2273548387097,1.0031504337840849
15.04,13455800,114.39,20.428967741935484,0.9803141927487788,-0.17241641723892953,1989.6,360868992,2271.4,1942.4486021505377,1.0014775375704343,-0.10194707902562605,1085.15,914767872,1101.36,1041.505569892473,1.002978200625963,-0.0730519593011929,2950.46,2945.64,2827.840064516129,1.0044801744540246
14.87,14865800,114.39,20.011161290322583,0.9795483326964558,-0.16064963132125287,1951.7,562072000,2271.4,1942.6632258064517,1.0001104912921126,-0.13279206623726436,1072.47,1264445312,1101.36,1043.6738494623655,1.0020818703543912,-0.08800779879360121,2941.76,2950.46,2839.2078279569896,1.0040199456763852
14.2,8004900,114.39,19.55516129032258,0.9772127167741872,-0.35019108407065624,1958.6,241774000,2271.4,1943.50559139785,1.000433613804085,-0.09229302750598478,1085.09,577807552,1101.36,1046.7087311827959,1.002907883264483,-0.09834697266814985,2990.41,2950.46,2853.323784946237,1.0049717941921161
13.25,6599300,114.39,19.05301075268817,0.9743213297922061,-0.37212756232232513,1876.0,326972992,2271.4,1938.9268817204302,0.997644097502119,-0.14192104892664725,1069.57,932012160,1101.36,1048.6582795698923,1.00186255099343,-0.11737902070096662,3013.77,2990.41,2868.1783870967743,1.0052060695771394
10.95,11739700,114.39,18.41862365591398,0.9667041023065247,-0.3773857071488037,1863.7,313440000,2271.4,1933.5909677419356,0.9972480066015899,-0.11105612249856889,1061.01,825691904,1101.36,1049.9633118279569,1.0012444780949994,-0.12422149979380936,2976.61,3013.77,2879.745634408602,1.004032959513211
10.79,10267000,114.39,17.787161290322583,0.9657160938087443,-0.3906267531420845,1863.4,335124992,2271.4,1927.9690322580645,0.9970924897883463,-0.16887780505451278,1064.81,899301248,1101.36,1051.2920215053764,1.0012654820053724,-0.13897696057778886,3025.86,3013.77,2893.2860215053765,1.0047019385792229
9.26,13250000,114.39,17.072430107526884,0.9598175801562804,-0.5000160459213525,1863.7,414972000,2271.4,1922.2733333333333,0.9970457518614496,-0.2589677952030228,1052.76,1223475712,1101.36,1051.6770107526881,1.0003662058109797,-0.09973018945007883,2932.05,3025.86,2899.612602150538,1.002186641969766
5.68,40191900,114.39,16.14625806451613,0.9457504270231322,-0.7833634319831938,1876.1,418228000,2271.4,1917.5124731182793,0.9975233177652221,-0.2678814105162082,1057.12,1048724672,1101.36,1052.2185806451612,1.0005149583825983,-0.08501151559685294,2918.65,3025.86,2904.214215053764,1.0015869750668807
5.6,32193300,114.39,15.254494623655912,0.9447696526776068,-0.7675748803239296,1866.1,384014016,2271.4,1912.398494623656,0.9973330142221672,-0.2688670812663869,1045.86,906450432,1101.36,1051.9480215053763,0.9997428679318522,-0.07869021150357836,2888.68,3025.86,2906.1889677419354,1.0006799610985773
5.95,15094800,114.39,14.42488172043011,0.9456151826924977,-0.7542401866768955,1834.2,335592000,2271.4,1905.6227956989248,0.9964569628433719,-0.24365747118494707,1025.47,802831872,1101.36,1050.3554193548387,0.9984860448254291,-0.07200594398614024,2847.11,3025.86,2905.0130322580644,0.9995953685404069
5.61,12894900,114.39,13.613182795698927,0.9437292491915851,-0.8038330976035047,1850.0,323175008,2271.4,1900.2350537634409,0.9971727133262447,-0.22611447363849224,1046.74,788636416,1101.36,1050.1429892473118,0.9997977540710388,-0.08456313017345207,2926.46,3025.86,2908.564301075269,1.0012224622670434
5.27,8637400,114.39,12.822860215053764,0.9419443202588255,-0.8182963769106781,1855.5,278228000,2271.4,1895.548817204301,0.9975338647974845,-0.20206551718002086,1053.74,628475712,1101.36,1050.3896344086022,1.0002348681692073,-0.08718378372441449,2978.71,3025.86,2915.0135698924737,1.0022173375416938
5.41,19411800,114.39,12.08468817204301,0.9424331209550149,-0.7837980317067066,1880.5,437472000,2271.4,1892.7109677419357,0.998502887693206,-0.1692891016706517,1055.71,917624320,1101.36,1050.7346666666667,1.0003284802579557,-0.10019175173422767,3007.39,3025.86,2922.730731182796,1.0026473843449746
4.74,30810800,114.39,11.34647311827957,0.9389131897113205,-0.7822213791744566,1905.3,434415008,2271.4,1891.7855913978492,0.9995110841751023,-0.16732236474656348,1066.2,861253888,1101.36,1051.7949892473118,1.0010091249620694,-0.07500847822428158,2992.07,3025.86,2928.961032258065,1.0021316712514081
4.0,19021500,114.39,10.604774193548387,0.9346317646902736,-0.8941307675556798,1839.7,358791008,2271.4,1886.8395698924728,0.9973855274467326,-0.2371180296426717,1034.11,798872768,1101.36,1050.7932903225806,0.9990476291150159,-0.09329834811664584,2961.79,3025.86,2932.808967741935,1.0013137544137634
3.71,14702200,114.39,9.900258064516128,0.9335661357635635,-0.9065930593449648,1846.2,389824992,2271.4,1882.7675268817206,0.9978418710971891,-0.18200911868100644,1043.45,855209984,1101.36,1050.4793978494622,0.999701280474467,-0.06529066686693752,2952.01,3025.86,2935.6859354838707,1.0009809598148327
3.275,17646300,114.39,9.218774193548386,0.9311650396861599,-0.9628413250864621,1856.7,271087008,2271.4,1879.577204301075,0.9983055143372217,-0.1944268517925115,1040.49,726030016,1101.36,1049.9503870967742,0.9994964101592368,-0.07577930797325183,2970.27,3025.86,2939.291634408602,1.001228230472868
3.34,15310900,114.39,8.593451612903225,0.9321685760474768,-0.9304365743956449,1885.5,271587008,2271.4,1878.6498924731184,0.9995066380748635,-0.14299074655600374,1061.63,756080000,1101.36,1050.8389032258065,1.0008462458226137,-0.05461391576877972,2986.2,3025.86,2943.607247311829,1.0014682493062976
3.0,11593800,114.39,7.992430107526881,0.9300605237045964,-0.9639693471200381,1934.7,324311008,2271.4,1881.02688172043,1.0012652646226607,-0.12148045106079508,1065.01,894400000,1101.36,1051.9192688172043,1.0010280982061868,-0.0639902361633582,3022.55,3025.86,2949.86911827957,1.0021272780101556
3.585,30516900,114.39,7.476075268817206,0.9353945130876531,-1.0066331668879938,2008.8,365836992,2271.4,1888.324946236559,1.0038798299944836,-0.09263802760847317,1097.41,894590016,1101.36,1055.084494623656,1.003009000690719,-0.030048267277594798,3066.91,3025.86,2958.588301075269,1.002955786323423
5.88,59325400,114.39,7.155279569892474,0.9570903599295242,-0.7816163591429325,2029.3,384179008,2271.4,1897.041720430107,1.0046161409935936,-0.015713536312703003,1100.18,924840000,1101.36,1058.3593333333336,1.003103863933519,-0.005293258589636585,3093.08,3066.91,2968.621311827956,1.0033911479840032
6.38,77347200,114.39,6.904591397849463,0.9649645873939237,-0.7430770247060376,2057.9,328716000,2271.4,1907.548817204301,1.0055386745905681,0.005771003189436907,1126.75,801459968,1101.36,1063.2174623655915,1.0045902453724833,0.05980441645983392,3120.46,3093.08,2980.0214838709676,1.003840224415822
8.66,56758200,114.39,6.832182795698924,0.9895129779623033,-0.6798281039899561,2096.2,598977984,2271.4,1920.1660215053762,1.006614354603814,0.028315760483411,1135.88,1338060032,1126.75,1068.3783655913978,1.0048540429483952,0.04480975245343877,3110.29,3120.46,2990.30223655914,1.0034498921379646
14.93,92211600,114.39,7.186677419354838,1.0518859981145527,-0.3601939582556778,2146.8,317435008,2271.4,1935.6987096774194,1.0080892422832615,0.04483173311310984,1148.69,642070016,1135.88,1074.1380645161291,1.0053910666017118,0.03495438171189713,3140.98,3120.46,3002.1965161290314,1.0039776178556379
9.61,124802896,114.39,7.206591397849463,1.0027709576112311,-0.6528113370589255,2146.5,362571008,2271.4,1950.7746236559142,1.007788357714516,0.07449792525825893,1159.11,782380032,1148.69,1080.3428602150539,1.0057765346037892,0.03674977047391326,3145.91,3140.98,3013.9887741935486,1.0039278768065862
12.86,65557200,114.39,7.456978494623655,1.0347441783433027,-0.39753255484018146,2140.6,343486016,2271.4,1964.9060215053764,1.007243993067215,0.1182758515105311,1163.7,976540032,1159.11,1086.5598494623657,1.0057546446376053,0.030562421483722346,3168.8,3145.91,3026.6889677419354,1.0042137494529273
10.98,37818000,114.39,7.595129032258065,1.0185263425037383,-0.5295899303593852,2182.7,439062016,2271.4,1981.181935483871,1.008283304036101,0.10957167777235521,1190.45,1261619968,1163.7,1094.1977849462364,1.0070294659678893,0.011534104504773213,3221.22,3168.8,3042.106,1.0050936955935603
11.15,16348000,114.39,7.7566344086021495,1.0212643360841058,-0.43710996404809543,2172.8,161707008,2271.4,1996.1804301075272,1.0075704781852823,0.1318408311162962,1192.49,351809984,1190.45,1101.6307741935482,1.006793094767302,0.006893415026451466,3240.02,3221.22,3057.8861290322575,1.0051872383908573
9.91,13637800,114.39,7.845946236559139,1.0115142500280718,-0.4594295253624394,2138.3,212762000,2271.4,2008.193333333333,1.0060179445928936,0.09681346098187649,1180.33,471340000,1192.49,1107.8803440860215,1.0056730168027925,-0.0022478771723084545,3234.85,3240.02,3072.2833333333333,1.004708221200386
9.19,51140200,114.39,7.899408602150537,1.0068140112077602,-0.40478421461852765,2180.5,328408992,2271.4,2022.3933333333334,1.0070710323375243,0.11821228143914242,1198.13,768230016,1192.49,1114.9991397849462,1.0064255997833391,0.007542961932885284,3265.35,3240.02,3087.870838709677,1.005073589797928
9.85,67945904,114.39,8.003537634408604,1.0131818769609815,-0.47048152151334643,2172.3,393240992,2271.4,2035.4501075268815,1.0064561002938177,0.043216688283062465,1217.69,901840000,1198.13,1123.0662150537635,1.0072350506659342,-0.006368978561376748,3329.62,3265.35,3106.7910967741936,1.0061272828601933
8.925,33756100,114.39,8.059150537634409,1.0069485402288503,-0.5483790177177978,2086.6,302569984,2271.4,2042.584946236559,1.003505287937687,-0.019775509761656762,1193.25,758192000,1217.69,1129.2714838709678,1.005525292038909,-0.007619010086907796,3295.47,3329.62,3122.692731182796,1.005118346845114
8.29,27409000,114.39,8.086580645161291,1.0034035978604432,-0.6223882208344407,2021.1,322556000,2271.4,2045.203870967742,1.0012821619663888,-0.011608684065825159,1153.96,1004976000,1217.69,1132.682172043011,1.003020255289146,-0.015151936536782484,3225.52,3329.62,3133.320795698925,1.0034034935330007
9.3,37341400,114.39,8.191881720430107,1.0130217059458653,-0.5330232912316613,2177.1,431692000,2271.4,2057.7529032258067,1.006135834395877,0.09706758970323115,1199.27,1036518976,1217.69,1138.867978494624,1.0054612022721745,0.017095152306545902,3327.71,3329.62,3150.0361505376345,1.0053347090606408
9.44,22323400,114.39,8.314709677419353,1.0149938635811746,-0.3346472305593665,2195.1,380860992,2271.4,2070.8156989247314,1.006348087604905,0.03708831444579408,1209.53,886390016,1217.69,1145.4367956989247,1.0057678478351666,0.004406141006102926,3380.16,3329.62,3169.4602365591404,1.0061663057480121
11.0,32843600,114.39,8.54143010752688,1.02726738983121,-0.18097640984824048,2210.4,251560000,2271.4,2084.1529032258068,1.0064405559162029,0.05384463921832383,1203.41,684537024,1217.69,1151.291376344086,1.0051112210356303,0.027089238515551006,3337.75,3380.16,3185.2803440860216,1.0049914200987282
7.53,47742600,114.39,8.543827956989247,1.0002807316142825,-0.34888941208498003,2037.1,824065024,2271.4,2085.5632258064516,1.0006766886337668,0.12017168036280501,1075.66,1603106048,1217.69,1148.6059569892473,0.9976674720144554,0.01419108361592114,2954.22,3380.16,3175.6858494623652,0.9969878649326832
7.86,26100800,114.39,8.571236559139784,1.0032080002416381,0.2133230301399689,2122.0,573827008,2271.4,2092.0780645161285,1.0031237790487784,0.12964228058727723,1129.02,1582723968,1217.69,1149.313870967742,1.0006163244881217,0.049609214316936656,2972.37,3380.16,3167.2146451612903,0.9973324803829355
5.02,32016200,114.39,8.410731182795699,0.9812739532695626,-0.2916846254182498,1945.5,650163968,2271.4,2086.676989247312,0.9974183203961533,0.12950697289004398,1053.92,1870640000,1217.69,1145.022,0.9962657102849299,0.06920871579148324,2711.02,3380.16,3141.766623655914,0.9919651730758904
4.43,32530100,114.39,8.213408602150537,0.9765391882873645,-0.46015842903249127,1793.8,843921024,2271.4,2071.318064516129,0.9926395293520138,0.2727758625381733,916.59,1988199040,1217.69,1131.8527956989249,0.9884987325124975,0.08425950845255692,2304.92,3380.16,3090.5006666666673,0.9836824426730999
7.13,54513300,114.39,8.193548387096774,0.997581976495293,0.14329734599777355,1899.5,521384000,2271.4,2062.8653763440857,0.9959191742123786,0.22725997404763287,990.69,1692722048,1217.69,1123.6983870967742,0.9927955219679294,0.0780076441375317,2541.47,3380.16,3055.6620000000003,0.9887271771067945
6.1,28523400,114.39,8.103967741935485,0.9890669291338584,0.028450018482324646,1957.9,477103008,2271.4,2058.0739784946236,0.9976773094820401,0.31542559900336864,1010.87,1319353984,1217.69,1116.9664516129035,0.9940091259708367,0.12383722309520873,2488.65,3380.16,3018.2435268817203,0.9877543808450411
6.7,19692600,114.39,8.051311827956988,0.9935024526682136,0.10655131470526524,2082.1,412070016,2271.4,2061.0752688172042,1.0014583005052013,0.18046237069116222,1106.01,1028777024,1217.69,1116.4647741935485,0.9995508572181102,0.11999078344645053,2789.82,3380.16,3001.3092688172046,0.9943893665591619
8.16,21348100,114.39,8.090075268817206,1.0048145496893583,0.5854701075047049,2261.8,521422016,2271.4,2075.2365591397847,1.0068708263772954,0.3041098886228837,1173.93,1168333952,1217.69,1120.2368602150539,1.0033785983299206,0.14031489425380161,2874.56,3380.16,2990.31,0.9963351764739862
9.03,33938100,114.39,8.177612903225805,1.0108203732968974,1.1526143744704884,2250.3,600233984,2271.4,2087.889247311828,1.0060969859635125,0.3800013254610999,1168.43,1090572032,1217.69,1123.422430107527,1.0028436574492483,0.17211055944613518,2836.74,3380.16,2977.123440860215,0.9955902367514455
7.16,25649300,114.39,8.133688172043012,0.9946286609915876,0.8050463855151706,2192.4,579296000,2271.4,2095.9234408602147,1.0038479979523487,0.3527259485643779,1137.89,1176935040,1217.69,1124.3488172043012,1.000824611536985,0.13159809795537258,2830.71,3380.16,2963.816774193548,0.9955303611250926
9.02,41615400,114.39,8.202344086021505,1.0084409326404318,1.6048395729705565,2273.2,572185024,2271.4,2108.4260215053764,1.0059651895681982,0.3722663479357534,1157.47,969673984,1217.69,1126.3353333333332,1.0017668147986063,0.1260528224288373,2929.8,3380.16,2957.1638709677422,0.9977552919992444
9.69,64347400,114.39,8.301870967741936,1.012133955937065,1.7265434690131733,2350.9,556371968,2273.2,2125.0458064516124,1.0078825554118185,0.4705781443042917,1167.63,1077079040,1217.69,1128.7257634408602,1.0021223076616559,0.14086849720810968,2863.7,3380.16,2946.333483870968,0.9963375762827679
7.01,69851200,114.39,8.214838709677421,0.9895165489318384,1.1628913659919817,2347.2,629673024,2350.9,2140.4260215053764,1.0072375922472212,0.38444226467452247,1158.51,921249984,1217.69,1130.2998494623657,1.0013945690552035,0.10999240107001085,2955.45,3380.16,2941.685892473118,0.998422584740223
6.92,34203000,114.39,8.11337634408602,0.9876488913322335,0.7958462555229289,2399.6,559038976,2350.9,2158.2997849462363,1.008350563514589,0.3110292447028228,1198.14,927134016,1217.69,1134.2296344086021,1.0034767632218173,0.09915782879305002,3044.31,3380.16,2942.9155053763443,1.0004179959887534
6.68,24861200,114.39,7.989258064516129,0.9847020187026867,-0.03265932780481706,2360.4,453580000,2399.6,2172.8040860215056,1.0067202439514817,0.18113839266432907,1200.89,1037033984,1217.69,1138.1202150537636,1.0034301525256744,0.05893452532271892,3193.93,3380.16,2953.846623655914,1.0037143840044336
6.76,24084900,114.39,7.86858064516129,0.984895040518115,-0.12078811741960682,2292.1,410532000,2399.6,2182.1898924731186,1.0043196745219671,0.19066057051165763,1134.51,1083065984,1217.69,1137.5116344086023,0.9994652756034805,0.0322519146203889,3041.31,3380.16,2954.71440860215,1.000293781315281
6.67,24585800,114.39,7.741279569892473,0.9838215961671436,-0.3363125173986127,2447.8,416281984,2399.6,2201.117204301075,1.0086735402327915,0.2403936512588053,1169.95,1136642944,1217.69,1139.172817204301,1.0014603655430412,0.03402935912350458,3097.74,3380.16,2959.393053763441,1.001583450890438
7.02,24485900,114.39,7.640838709677419,0.9870252896425946,-0.7503323588172353,2385.5,499049984,2447.8,2215.2690322580647,1.006429384100645,0.23273385361936283,1137.37,1059713024,1217.69,1138.658795698925,0.9995487765353832,0.03214811035405829,3009.05,3380.16,2958.376752688172,0.9996565846250208
6.61,18055600,114.39,7.5309569892473105,0.9856191545712202,-0.4670266637963243,2472.2,340732000,2447.8,2234.501075268817,1.0086815834694123,0.22146077112927232,1184.43,706768000,1217.69,1141.205247311828,1.0022363605520126,0.026898527554131246,3130.01,3380.16,2965.448043010753,1.002390260238543
6.62,13685900,114.39,7.428172043010752,0.9863516753072267,-0.5587177028283046,2471.7,334863008,2472.2,2253.000430107527,1.0082789643931964,0.2167797504260628,1173.97,762638976,1217.69,1143.0224086021506,1.0015923176787023,0.003700330174169375,3185.04,3380.16,2976.103849462366,1.0035933209070136
6.54,18068000,114.39,7.333645161290321,0.9872745432963723,-0.4888210274967135,2565.8,581196032,2472.2,2276.8587096774195,1.0105895583733884,0.26173650488448597,1233.67,842268032,1217.69,1148.6690967741936,1.0049401377694323,0.035215949459849405,3224.73,3380.16,2989.2853763440853,1.004429121948853
6.15,20974100,114.39,7.223505376344086,0.9849815770297159,-0.5532097140527632,2455.8,438787008,2565.8,2292.7963440860217,1.0069998346146214,0.2270640506963445,1224.52,842203008,1233.67,1153.6325161290324,1.0043210175748416,0.03438749533347896,3215.63,3380.16,3001.8722580645153,1.0042106658066297
5.79,17426100,114.39,7.100892473118279,0.9830258445397789,-0.5030474015803229,2432.8,416480000,2565.8,2306.6415053763444,1.0060385482234542,0.19729286710914262,1228.58,863617024,1233.67,1158.7889892473117,1.004469770959284,0.02966613200288637,3271.12,3380.16,3018.0915913978497,1.0054030724624479
5.42,25396500,114.39,6.9632688172043,0.9806188227134859,-0.5660422148870395,2420.3,333948992,2565.8,2319.04688172043,1.0053781119932035,0.16614658626895962,1239.1,821912000,1233.67,1164.5204086021506,1.0049460422976246,0.007879244920347528,3351.28,3380.16,3039.4045376344084,1.00706172943767
4.82,23624800,114.39,6.795043010752687,0.9758409719820131,-0.6571117547194116,2391.9,351950016,2565.8,2329.1043010752687,1.0043368762546867,0.19665470509276595,1243.21,673443968,1239.1,1170.4288817204301,1.0050737394335336,0.007974251439353264,3372.85,3380.16,3061.9243010752693,1.0074092682175135
5.29,32222400,114.39,6.667956989247312,0.981297245461983,-0.42577801275426397,2352.9,365310016,2565.8,2336.1733333333336,1.0030350861723116,0.23202812477684598,1243.13,649537024,1243.21,1176.2773118279572,1.004996826546975,0.01094429134047159,3397.16,3380.16,3085.9194838709677,1.0078366348858696
5.19,26811400,114.39,6.542236559139785,0.981145584725537,-0.32657686224416216,2371.5,319270016,2565.8,2343.8696774193545,1.0032944233958185,0.24368536072178448,1255.85,771142976,1243.21,1182.8391182795701,1.0055784519395479,0.0007162777238021167,3508.01,3397.16,3116.8475913978496,1.0100223313305912
5.15,19965400,114.39,6.420602150537635,0.9814078247549424,-0.3380037528726634,2322.4,376940000,2565.8,2347.644731182796,1.001610607364313,0.16093662353271176,1229.65,952924032,1255.85,1187.4914838709678,1.0039332192514605,-0.004493238293406199,3426.96,3508.01,3141.9391612903223,1.0080503037625974
6.04,21249500,114.39,6.36531182795699,0.9913886079086811,-0.28003313007154174,2281.7,274929984,2565.8,2348.4815053763446,1.0003564313554065,0.1908896481697736,1216.07,633918976,1255.85,1191.2023870967741,1.0031249935483406,0.01700118466210887,3340.97,3508.01,3161.2695483870975,1.0061523747292538
6.965,43016600,99.91,6.377010752688171,1.0018379185572335,-0.2830198366190283,2342.5,576380032,2565.8,2353.054623655914,1.0019472660393962,0.21235621595138388,1226.34,901916032,1255.85,1195.561806451613,1.0036596798344768,0.024530930998440503,3319.47,3508.01,3179.29711827957,1.0057026361139214
5.88,23212900,99.91,6.327387096774194,0.992218351538288,-0.1527698433497361,2317.5,420200000,2565.8,2355.7307526881727,1.0011373000037291,0.1918407696216302,1201.81,817011968,1255.85,1198.2893333333334,1.0022813767276622,0.0007519990287201406,3298.46,3508.01,3196.0085161290317,1.0052563183709313
5.75,15299100,99.91,6.272924731182797,0.9913925978040504,-0.1642633794216899,2322.5,355120000,2565.8,2358.126451612903,1.0010169663583144,0.14760556893175536,1214.11,733280000,1255.85,1201.53911827957,1.0027120202574085,-0.051155686842284,3348.44,3508.01,3215.2041290322577,1.0060061206991011
5.68,13897500,99.91,6.2184838709677415,0.9913212954804911,0.19877720621095585,2414.7,322920000,2565.8,2366.0393548387096,1.003355589018729,0.19132784132466663,1263.33,721617984,1255.85,1207.7813978494623,1.0051952362390253,-0.08389475855550788,3477.13,3508.01,3241.893569892472,1.0083010097614697
5.995,28238400,99.91,6.182946236559139,0.9942851609578796,0.4140460891845148,2356.9,358700000,2565.8,2369.2141935483874,1.0013418368139926,-0.017791270125596448,1257.6,774230976,1263.33,1213.2036559139783,1.0044894366432293,-0.13942475008650956,3483.81,3508.01,3267.366430107527,1.0078574017517483
5.58,16543400,99.91,6.117268817204302,0.98937764993548,-0.2011984109468108,2302.8,369580000,2565.8,2367.6877419354832,0.9993557139674999,0.07333125853344291,1255.97,759193024,1263.33,1217.7873978494622,1.0037782130915445,-0.09576467134998423,3465.39,3508.01,3289.1156559139777,1.006656500356385
4.93,14770000,99.43,6.01298924731183,0.9829532471093645,-0.19027593931371545,2214.4,373700000,2565.8,2359.590752688172,0.9965802123718002,-0.031499159562782264,1184.32,967664000,1263.33,1217.1780645161289,0.9994996389891951,-0.14236445752139537,3269.96,3508.01,3296.2695698924726,1.0021750265806653
4.26,35348400,99.43,5.8679999999999986,0.9758873263615679,-0.37380477292681,2387.0,418049984,2565.8,2362.0776344086025,1.0010539462055432,0.14535025633134002,1282.04,1057603968,1263.33,1222.5002365591397,1.0043725500797014,-0.09878726405389893,3509.44,3508.01,3317.1935698924735,1.0063477818049582
4.26,22686700,98.02,5.728258064516129,0.9761857642324694,-0.5002225881388771,2414.1,431510016,2565.8,2365.6572043010756,1.0015154327869369,-0.015636126024357377,1305.4,1303024000,1282.04,1228.9509462365593,1.005276653111803,-0.13520822610247096,3585.15,3509.44,3341.454516129033,1.007313696269267
4.23,18343300,98.02,5.594967741935484,0.9767310897869083,-0.5392805089262149,2358.6,444070016,2565.8,2365.3286021505382,0.9998610947731819,-0.06612118189195604,1266.25,1240445056,1305.4,1232.5931182795698,1.0029636431414648,-0.17037531001711215,3557.54,3585.15,3362.4060215053764,1.0062701752411147
4.76,19609100,98.02,5.506193548387097,0.9841332072599802,-0.31508492238035457,2431.8,312289984,2565.8,2369.4896774193553,1.0017591954306195,-0.00793497701318624,1272.68,714640000,1305.4,1236.4397634408604,1.003120774490985,-0.16685748879195317,3638.35,3585.15,3387.0209677419343,1.0073206347119072
5.3,26851100,98.02,5.45741935483871,0.9911419398683008,-0.446537454456317,2495.9,656550016,2565.8,2377.271397849462,1.003284133501093,-0.018302448846105213,1308.88,1225150976,1305.4,1242.3320215053764,1.0047655035358283,-0.1317733110239352,3699.12,3638.35,3413.8196989247317,1.0079121834314075
4.85,19189200,98.02,5.387612903225806,0.987208889939709,-0.5427678087296667,2482.3,427270016,2565.8,2383.696774193548,1.0027028366849062,-0.11307652543731628,1298.49,1061934976,1308.88,1247.2283440860213,1.0039412351093646,-0.1672018898637342,3663.46,3699.12,3436.663333333334,1.0066915175443498
4.9,25824800,98.02,5.331440860215054,0.9895738532036852,-0.3359363452463533,2551.1,585960000,2565.8,2394.278279569892,1.004439115533025,-0.022584257767159777,1312.65,1324295936,1308.88,1252.7567956989246,1.0044325897812678,-0.12205814808617865,3709.41,3699.12,3460.7515698924735,1.0070091929941172
4.88,28290000,98.02,5.2785161290322575,0.9900730904514504,-0.3315083334449156,2508.6,332660000,2565.8,2401.67935483871,1.0030911508206755,0.00038760135292070785,1299.88,555259008,1312.65,1257.1298924731184,1.0034907787283276,-0.13147234150732334,3703.06,3709.41,3482.808709677419,1.0063735114582728
4.8,25208400,98.02,5.224817204301075,0.9898268900921163,-0.30756469836563916,2500.6,299340000,2565.8,2408.329892473118,1.0027691197082613,0.0659788143352279,1324.01,491950016,1312.65,1262.8409677419356,1.004542947632549,-0.07347864354594957,3756.07,3709.41,3506.869182795699,1.0069083533216812
5.05,17062700,98.02,5.191290322580644,0.9935831474270848,-0.2593469750975653,2580.8,465380000,2565.8,2419.8531182795705,1.0047847372747674,0.11562726431494319,1368.54,995977984,1324.01,1271.1601720430108,1.0065876895932118,-0.051293616213429205,3824.68,3756.07,3534.1472043010754,1.0077784542517865
5.58,33557400,98.02,5.19563440860215,1.0008368027506784,-0.15706064982406565,2641.3,454520000,2580.8,2434.6587096774197,1.0061183843292008,0.0419592001162159,1363.26,1006081024,1368.54,1278.6354408602153,1.0058806663248347,-0.05122206509967864,3768.25,3824.68,3556.099913978494,1.0062116002555588
6.68,31466500,98.02,5.273290322580646,1.014946377645418,0.023108731966705043,2703.8,308209984,2641.3,2453.080430107527,1.0075664487826912,0.03851589227287744,1370.9,696924032,1368.54,1286.1878924731184,1.0059066496763316,-0.07131424170213774,3841.47,3824.68,3581.3345376344087,1.0070961514767123
7.9,89114600,98.02,5.430387096774193,1.029791034550259,0.19051912489866818,2633.6,535560000,2703.8,2466.2886021505374,1.005384320824096,0.03016098574943671,1340.92,1089232000,1370.9,1291.3039354838709,1.0039776793427244,-0.05453173135215739,3714.24,3841.47,3596.570623655914,1.0042543040482248
9.36,45072800,98.02,5.678903225806451,1.0457639804683323,0.38158218421792145,2712.2,416950016,2703.8,2484.2206451612906,1.0072708615671,0.010332926765217465,1347.65,1092056960,1370.9,1296.5176344086024,1.0040375459111242,-0.0723970103037308,3886.83,3841.47,3621.6851397849455,1.006982906428653
7.9,56235600,98.02,5.827333333333333,1.0261371081043213,0.2115807488505802,2732.2,321640000,2712.2,2502.925806451613,1.007529589340929,-0.034102630388903155,1365.94,835689984,1370.9,1302.5378279569888,1.0046433564716861,-0.11298780354531068,3934.83,3886.83,3648.3872043010747,1.007372828803587
6.65,40890600,98.02,5.892193548387096,1.0111303423613598,0.08238230075910569,2666.8,299900000,2732.2,2517.05376344086,1.0056445768199882,-0.011645314988594446,1332.52,734072000,1370.9,1306.117440860215,1.0027481834511023,-0.12671496091032441,3906.71,3934.83,3671.7479784946236,1.0064030413674319
5.99,42815900,98.02,5.913397849462364,1.0035987108877427,-0.010977639617356871,2587.6,421140000,2732.2,2525.6182795698924,1.003402595627248,0.03053724356225085,1311.27,1092728064,1370.9,1308.0938279569891,1.0015131771730055,-0.09778489993867012,3811.15,3934.83,3687.4573978494623,1.0042784579570407
5.58,42997600,98.02,5.907720430107526,0.9990399057361996,0.053263955876073354,2515.9,448160000,2732.2,2529.224086021505,1.001427692569689,0.027216285956693342,1315.13,1039792000,1370.9,1310.1414193548387,1.0015653245616545,-0.08505067908954866,3841.94,3934.83,3703.9919139784947,1.0044839883814456
5.94,28980300,98.02,5.924924731182795,1.0029121725171,0.2779072799276565,2545.0,410020000,2732.2,2534.5017204301075,1.0020866614539101,-0.02585820602969613,1332.42,881809024,1370.9,1313.1409892473116,1.0022895008494197,-0.09738403537419171,3943.34,3934.83,3726.013182795699,1.0059452799381388
7.86,349807104,98.02,6.063591397849463,1.0234039541357998,0.4428299113910643,2580.2,418600000,2732.2,2541.7210752688175,1.0028484316189317,0.018002552851747566,1337.41,1078305024,1370.9,1316.2706451612905,1.0023833357877077,-0.07603309706098038,3913.1,3943.34,3744.856623655914,1.0050572662885955
6.44,74382704,98.02,6.105118279569893,1.0068485620147751,0.2788198695862638,2573.3,331470016,2732.2,2548.006451612903,1.0024728820188977,-0.018133693088374425,1365.45,823524992,1370.9,1321.0065806451614,1.0035979952157108,-0.045718359706216516,3974.54,3943.34,3766.5543870967736,1.0057940171337394
6.99,20302500,98.02,6.1794408602150535,1.0121738150256439,0.31788516428461167,2598.4,293080000,2732.2,2555.4772043010753,1.0029319991256078,0.0009491530126990444,1357.4,653168000,1370.9,1324.9874623655917,1.003013521490927,-0.06912204843366476,4019.87,3974.54,3790.1733763440857,1.0062707150408408
6.23,20979900,98.02,6.200774193548386,1.0034523080349684,0.0001384444034238097,2599.9,345089984,2732.2,2562.451182795699,1.002729031776486,-0.0047934173615569176,1375.56,746526976,1370.9,1329.8652258064517,1.0036813657331907,-0.10465677252010797,4128.8,4019.87,3819.5450322580646,1.007749422782952
5.98,17821000,98.02,6.205569892473118,1.000773403251762,-0.16195063766349782,2686.2,451520000,2732.2,2574.308602150538,1.0046273737562104,-0.02912156130670618,1415.24,855958976,1375.56,1336.9599999999998,1.005334957299335,-0.10684943523796675,4185.47,4128.8,3850.8785591397855,1.0082034709938206
6.09,18873700,98.02,6.21958064516129,1.0022577705079376,0.06393678160919547,2720.3,333889984,2732.2,2587.62688172043,1.0051735365211327,-0.052278570008863934,1440.34,829728000,1415.24,1345.267892473118,1.0062140172279785,-0.06883396037404999,4180.17,4185.47,3880.007784946237,1.0075643065235893
5.94,12036900,98.02,6.223462365591398,1.0006241128866344,-0.045549891085597816,2684.9,347369984,2732.2,2597.7950537634406,1.003929535635466,-0.026427487308441133,1412.92,862056000,1440.34,1351.2937849462364,1.0044793252755333,-0.08494235030138797,4181.17,4185.47,3907.305376344086,1.0070354475843475
5.64,29713100,98.02,6.207580645161291,0.9974480892633151,0.012507388239364592,2675.8,453449984,2732.2,2606.5967741935488,1.0033881504306343,-0.048018256237616574,1444.6,1011828992,1440.34,1358.936,1.0056554800583706,-0.07378239762711858,4232.6,4185.47,3936.1302150537635,1.0073771655740529
5.87,19122800,98.02,6.206623655913979,0.9998458353903049,0.013974908045099044,2678.7,387950016,2732.2,2615.0240860215054,1.0032330707654482,-0.035243313114060815,1436.47,855516992,1444.6,1365.6638709677418,1.004950837248952,-0.05583926917415205,4173.85,4232.6,3959.540064516129,1.0059474275959759
5.18,17890500,98.02,6.161419354838711,0.9927167646080498,0.03068371103576839,2697.9,312240000,2732.2,2623.998064516129,1.0034317001294917,-0.026324528841838557,1447.14,769729024,1444.6,1372.6954623655915,1.0051488448565802,-0.04703836557464025,4155.86,4232.6,3980.3053118279568,1.0052443584288786
5.13,21965700,98.02,6.113849462365591,0.9922793937997806,0.11251369881998818,2680.6,378190016,2732.2,2631.0062365591402,1.0026707992424924,-0.06621157699921665,1437.44,892344000,1447.14,1378.690129032258,1.004367076916198,-0.07195025739105998,4204.11,4232.6,4002.6985806451607,1.0056260178712069
5.36,26258600,98.02,6.08068817204301,0.9945760374823246,0.28646455001193616,2698.6,270100992,2732.2,2638.1731182795697,1.002724007879891,-0.12967521099289026,1420.85,697768000,1447.14,1383.0701290322581,1.0031769285264083,-0.09701641014315121,4229.89,4232.6,4024.7461505376345,1.005508176408557
5.78,84433104,98.02,6.07225806451613,0.9986136260751474,0.3487405711618812,2836.3,426083008,2732.2,2653.55376344086,1.0058300363439836,-0.04651476944184618,1448.24,958392000,1447.14,1388.9187096774192,1.0042286942089143,-0.075309062459463,4247.44,4232.6,4046.376623655914,1.0053743695401485
5.97,39642900,98.02,6.0728172043010735,1.0000920810313072,0.37122171242435287,2796.3,406942016,2836.3,2665.4458064516125,1.004481553445268,-0.022773554728880097,1437.17,929857024,1448.24,1393.7459139784946,1.0034755124741581,-0.03617916476674443,4166.45,4247.44,4061.3576559139788,1.0037023326426122
6.54,27335200,98.02,6.1064086021505375,1.0055314356944043,0.3449090462249549,2835.1,464038016,2836.3,2678.899784946236,1.0050475528191416,-0.06278618316385765,1466.12,896588992,1448.24,1400.0732903225805,1.004539834901488,-0.024555592738412457,4280.7,4247.44,4082.4001720430106,1.0051811531787629
5.69,21767200,98.02,6.081333333333332,0.9958936143237492,0.09627794225107678,2883.0,359827008,2836.3,2694.576774193548,1.0058520252737362,-0.05686405080415091,1495.32,706662016,1466.12,1407.8685376344083,1.0055677423215692,-0.03414555174430056,4352.34,4280.7,4106.683225806452,1.005948229654147
5.42,15336900,98.02,6.038000000000001,0.9928743696557776,0.181544064136145,2876.7,258156000,2883.0,2709.0148387096774,1.0053581937818235,-0.1219538189403957,1501.46,580069696,1495.32,1415.6589677419356,1.0055334925806476,-0.03642622661394679,4369.55,4352.34,4130.67182795699,1.0058413568399414
5.05,41654100,98.02,5.969569892473118,0.988666759270142,0.05224848560113693,2883.8,381179008,2883.0,2723.0627956989247,1.005185633090123,-0.1561140279334512,1498.96,694866688,1501.46,1422.8516129032257,1.0050807753316202,-0.02460166297821975,4327.16,4369.55,4150.40711827957,1.0047777434626999
4.86,15038000,98.02,5.888559139784947,0.986429381991102,0.022617528011868004,2969.6,585568000,2883.8,2741.930752688172,1.0069289467062785,-0.10803280445172136,1531.58,944710912,1501.46,1431.7481075268818,1.0062525807631504,-0.013145841293975336,4411.8,4369.55,4174.274559139784,1.0057506264277294
4.83,14072900,98.02,5.8056559139784945,0.9859213053926329,0.03370376955903287,2950.0,328552000,2969.6,2758.5427956989247,1.006058520257839,-0.09294658092939656,1538.58,868772096,1531.58,1440.597935483871,1.0061811347334524,-0.008114500215930853,4395.26,4411.8,4195.550731182796,1.0050969747537153
4.97,16415700,98.02,5.731720430107527,0.987264921489241,0.05765975222951836,3010.9,429252000,2969.6,2778.1174193548386,1.0070960014419332,-0.14845792069478714,1548.95,956175104,1538.58,1449.6553548387096,1.0062872638726894,-0.02814493502788351,4436.52,4411.8,4218.11423655914,1.0053779603256003
4.78,11107900,98.02,5.6456989247311835,0.9849920270143515,-0.11982909063464109,3021.1,494710016,3010.9,2797.425161290323,1.0069499373212125,-0.14745385506152497,1557.13,1000698624,1548.95,1458.8525376344087,1.0063443926620217,-0.0434856946588158,4468.0,4436.52,4241.392924731183,1.0055187429421142
4.24,16775000,98.02,5.526559139784945,0.9788972478811538,-0.2880254001930228,3028.9,375649984,3021.1,2816.4193548387098,1.0067898844305903,-0.16036182542347577,1584.73,977025984,1557.13,1469.4134408602151,1.0072391848753484,-0.00026444705200878715,4441.67,4468.0,4261.46806451613,1.0047331478458152
4.68,13332400,98.02,5.441053763440861,0.9845282798606926,-0.3312544758027507,3060.9,313118016,3028.9,2836.778924731183,1.0072288843838169,-0.11589717055201865,1566.06,839281024,1584.73,1478.309978494624,1.0060544822764113,-0.046176445335295524,4509.37,4468.0,4284.620193548388,1.0054328998086455
4.62,16816400,98.02,5.358602150537633,0.984846388863637,-0.4833369928517407,3082.3,361760000,3060.9,2857.600215053764,1.0073397648794764,-0.15200242186734148,1592.61,839248000,1584.73,1488.4352473118277,1.0068492190166465,0.014897059747352337,4535.43,4509.37,4307.743655913979,1.005396852304531
4.36,10789100,98.02,5.269569892473119,0.9833851710645133,-0.396107132312826,3017.9,301398016,3082.3,2873.470752688172,1.0055537991461516,-0.11998014255138778,1549.18,651900992,1592.61,1495.2317849462365,1.0045662299698181,0.0010432453359059402,4458.58,4535.43,4324.514215053764,1.0038931191081348
4.84,26645900,98.02,5.2191182795698925,0.9904258575305567,-0.16189048690262653,3015.9,462012992,3082.3,2888.5978494623655,1.0052643990755925,-0.10016184262296823,1545.73,1104976000,1592.61,1501.4116774193546,1.0041330665488364,0.025293286776390644,4432.99,4535.43,4338.507462365591,1.0032357963498226
4.67,13515100,98.02,5.161591397849463,0.9889776627700474,-0.10759946671376497,2985.5,394942016,3082.3,2901.0129032258064,1.00429795160505,-0.0836345200421107,1539.56,794862976,1592.61,1506.7349892473121,1.0035455377815545,0.005033937550317669,4455.48,4535.43,4352.819892473119,1.0032989294663386
4.47,10602800,98.02,5.094,0.986904930545718,-0.11670513259956083,2819.4,472923008,3082.3,2901.856129032258,1.0002906659965263,-0.105808671792188,1485.0,987523968,1592.61,1508.0473548387097,1.0008709996122498,-0.004909555142142086,4357.05,4535.43,4359.396344086021,1.0015108485476907
4.36,9942000,98.02,5.021698924731184,0.9858066204811903,-0.1938542074941524,2771.3,434720000,3082.3,2898.9434408602156,0.9989962672019119,-0.06240802026628156,1480.1,924926016,1592.61,1508.6782795698925,1.0004183719623647,-0.002778424621505682,4391.36,4535.43,4367.078580645161,1.0017622248478422
4.34,9350700,98.02,4.951505376344086,0.9860219520446747,-0.37779746758754396,2788.9,412529984,3082.3,2896.679569892473,0.9992190703220236,-0.1231777014029809,1491.56,763875008,1592.61,1509.7309677419357,1.000697755238011,-0.02740684698743112,4471.37,4535.43,4378.959268817204,1.0027205116538773
4.33,11105500,98.02,4.888236559139785,0.9872223066733263,-0.3334537050411671,2801.2,350480000,3082.3,2894.760430107527,0.9993374690784259,-0.10381671426045136,1534.41,738278016,1592.61,1513.216666666667,1.0023088212398163,-0.019763972572825583,4544.9,4535.43,4394.383247311828,1.0035222932089045
4.33,10622300,98.02,4.829505376344087,0.9879852003713107,-0.32397410145929273,2859.9,355209984,3082.3,2896.1382795698923,1.0004759804811598,-0.09039342909859482,1559.32,893368000,1592.61,1517.9461075268819,1.0031254221318042,0.003101008807849359,4605.38,4544.9,4412.482580645161,1.0041187425662985
4.42,15638100,98.02,4.782301075268818,0.9902258518426162,-0.24674996023310636,2782.0,579859968,3082.3,2891.927956989248,0.9985462287452415,-0.12462910669570215,1548.87,1305160960,1592.61,1521.5671182795697,1.002385467267074,-0.011754722019708286,4697.53,4605.38,4435.267913978494,1.0051638353051586
3.94,18491400,98.02,4.708021505376343,0.9844678181646479,-0.3160303685881306,2761.8,410630016,3082.3,2886.0227956989247,0.9979580538041927,-0.1355473199159305,1558.37,897025024,1592.61,1525.428322580645,1.0025376496736083,-0.017700131906094763,4682.85,4697.53,4455.883075268817,1.004648008122655
3.38,20696000,98.02,4.601999999999999,0.9774806667184354,-0.4955779129580391,2794.7,414520000,3082.3,2882.0776344086016,0.998633011043363,-0.11247207876778087,1547.73,910998016,1592.61,1528.2952688172045,1.0018794368729889,-0.04930938330962986,4697.96,4697.53,4476.403440860216,1.0046052298152282
3.2,18377700,98.02,4.490193548387096,0.9757048127742496,-0.4195923356779687,2813.4,357540000,3082.3,2879.1789247311826,0.9989942291481632,-0.06934187135987901,1534.35,772281984,1592.61,1530.0680430107527,1.0011599683841985,-0.012941218267697785,4594.62,4697.96,4489.143182795699,1.0028459771563922
2.76,23861200,98.02,4.3558924731182795,0.9700901366897517,-0.5329788344627988,2739.0,609950016,3082.3,2871.2038709677427,0.9972300944220809,-0.10422373638516302,1517.43,1426366976,1592.61,1530.488064516129,1.0002745116514882,-0.021840483957026535,4538.43,4697.96,4497.368623655913,1.0018322963927142
2.77,19579100,98.02,4.228430107526882,0.9707379448923471,-0.5191809292196798,2782.4,447110016,3082.3,2865.8929032258065,0.9981502644950997,-0.13161686187780952,1565.37,1024244992,1592.61,1533.8443655913977,1.0021929612867186,-0.03920464852886729,4712.02,4697.96,4516.135720430108,1.0041729060578848
3.17,22188500,98.02,4.133440860215054,0.977535575876555,-0.4593075449257549,2875.8,600449984,3082.3,2866.384731182796,1.000171614213649,-0.11249890772305626,1603.75,1519144960,1592.61,1539.3995913978492,1.0036217662828586,-0.003616909254002154,4620.64,4712.02,4527.849978494624,1.002593867587177
3.17,11561300,98.02,4.042774193548387,0.9780650867563278,-0.4058561784568744,2893.7,363740000,3082.3,2867.648817204301,1.0004410036125833,-0.08058880478251407,1625.57,894587008,1603.75,1546.02576344086,1.0043043872949153,0.0067927901126501045,4725.78,4712.02,4545.347935483872,1.0038645178334873
2.71,19801700,98.02,3.926645161290322,0.9712749150216236,-0.4618552275995438,2899.3,457289984,3082.3,2868.8159139784943,1.000406987343496,-0.0930376943734128,1643.92,643782976,1625.57,1553.4312258064517,1.004789999326473,0.030211768935487937,4766.18,4725.78,4564.33047311828,1.0041762562302916
2.55,19718400,98.02,3.8058924731182793,0.9692478736397045,-0.49132514480020345,2709.1,501820000,3082.3,2857.280430107527,0.9959790086862109,-0.13331371621874877,1567.5,1083789952,1643.92,1555.4266451612903,1.0012845237830228,-0.01879033859762047,4677.02,4766.18,4576.407440860215,1.002645945076296
2.71,19837800,98.02,3.7024086021505376,0.9728095652468725,-0.4561787510840716,2707.3,585409984,3082.3,2845.9023655913975,0.9960178691610955,-0.12769188946410415,1563.07,1043144000,1643.92,1556.8797849462362,1.0009342387115885,-0.03153947616122377,4662.85,4766.18,4586.646387096775,1.0022373327482037
2.19,21154700,98.02,3.5723870967741935,0.9648819135465434,-0.5796769046669327,2556.5,463640000,3082.3,2824.9866666666667,0.9926505915390444,-0.1492137609416111,1509.42,858723968,1643.92,1554.60088172043,0.9985362368707967,0.0021480273563772023,4397.93,4766.18,4578.7261935483875,0.9982732059810261
1.93,26677500,98.02,3.4349462365591403,0.9615268848274702,-0.5806572823121976,2585.7,609880000,3082.3,2806.553978494623,0.9934751238334895,-0.1518132968705288,1520.3,1277963008,1643.92,1552.9307956989248,0.9989257139622506,-0.0015628794649242828,4431.85,4766.18,4572.742279569893,0.9986931050852252
1.8,23983000,98.02,3.297204301075269,0.9598998278290811,-0.612171488127095,2627.8,505020000,3082.3,2791.4767741935484,0.9946278587846147,-0.10595848844128997,1540.71,1097234944,1643.92,1552.52376344086,0.9997378941423583,-0.0038366928025828084,4500.54,4766.18,4571.018989247312,0.9996231385419903
1.9,25070600,98.02,3.173698924731183,0.9625423949908688,-0.5520376255218572,2596.1,509680000,3082.3,2774.8896774193554,0.9940579492089864,-0.08460744176070434,1518.33,1089154944,1643.92,1550.5884516129029,0.9987534414135679,-0.008218594073772012,4418.64,4766.18,4563.730129032258,0.9984054189597114
1.71,18733200,98.02,3.044709677419355,0.9593568103430751,-0.5990390000720889,2516.9,558680000,3082.3,2753.811612903225,0.9924039990895304,-0.11859978995525444,1484.43,1004057024,1643.92,1546.4243870967741,0.9973145262936808,-0.016521182988303296,4348.87,4766.18,4551.743247311828,0.9973734464173997
2.04,19767200,98.02,2.9437849462365593,0.9668524286793946,-0.47457310438785916,2582.7,481080000,3082.3,2737.9522580645166,0.9942409441646632,-0.11402716165391558,1524.66,897788992,1643.92,1544.9572043010755,0.9990512418143812,-0.006626513688770763,4384.62,4766.18,4542.198150537634,0.9979029799671081
1.52,20125500,98.02,2.8153118279569895,0.9563578452142659,-0.6452261891978286,2555.8,480820000,3082.3,2721.147311827957,0.9938622208670507,-0.1507399442142383,1542.57,1171026944,1643.92,1544.6754408602153,0.9998176237891406,0.02014559435990726,4328.87,4766.18,4529.079161290323,0.997111753205712
1.58,18427900,98.02,2.698129032258065,0.9583766194084576,-0.5773778273368049,2494.6,517080000,3082.3,2701.372688172043,0.9927329830436008,-0.15582042270015783,1499.91,1038068992,1643.92,1541.6551397849462,0.9980447018219004,0.022270365068195352,4204.31,4766.18,4508.155548387097,0.9953801618037373
1.66,58181300,98.02,2.5929892473118277,0.9610323362266163,-0.5774011518547966,2695.4,651289984,3082.3,2695.6851612903224,0.9978945789647524,-0.11259167778800372,1593.48,1215836032,1643.92,1544.7946666666667,1.0020364650956624,0.0006989348413701801,4463.09,4766.18,4504.4944946236565,0.9991879042938635
1.6,19359000,98.02,2.48952688172043,0.9600991921973229,-0.6254696581196582,2671.4,411940000,3082.3,2689.166451612903,0.997581798582777,-0.13674890804470075,1589.78,882424000,1643.92,1547.6766666666667,1.001865620112619,0.00767961574556475,4543.04,4766.18,4505.945440860215,1.0003221107803084
2.5,276655392,98.02,2.450752688172043,0.9844250753695049,-0.43710674521485327,2738.9,467280000,3082.3,2687.840215053764,0.9995068224362447,-0.1251440468472631,1609.25,917030976,1643.92,1551.7637849462362,1.0026408088766836,0.008148586195176444,4545.86,4766.18,4507.505913978494,1.0003463142505298
2.59,155262592,98.02,2.4223440860215057,0.9884082134082136,-0.4186891236925073,2809.4,480910016,3082.3,2691.800860215054,1.0014735418940113,-0.13181852972102148,1664.58,977635968,1643.92,1559.3847956989246,1.0049111925581846,0.06782970736449734,4488.28,4766.18,4505.329118279569,0.99951707313524
2.28,26505000,98.02,2.377741935483871,0.9815871944885873,-0.6177039913494455,2709.9,100753696,3082.3,2689.7905376344092,0.9992531681632333,-0.14697287378947765,1615.79,188436992,1664.58,1563.6098924731182,1.0027094638769387,0.054438350422507,4392.59,4766.18,4496.914903225807,0.9981323861514084
2.16,21458400,98.02,2.330903225806452,0.9803011803011804,-0.6213969109474998,2577.5,461520000,3082.3,2679.896344086022,0.9963215747063008,-0.21132997611862603,1557.49,876480000,1664.58,1563.9230322580647,1.0002002672063242,0.0528763102223182,4271.78,4766.18,4480.793376344086,0.9964149806637086
2.0,24951700,98.02,2.2791397849462363,0.9777925396957197,-0.6572346396303994,2448.0,555089984,3082.3,2662.524731182796,0.9935178041712093,-0.1687065602064678,1518.45,1095500032,1664.58,1561.6789032258064,0.9985650642736439,0.0741932388921751,4131.93,4766.18,4456.044322580645,0.9944766357908621
0.991,66781500,98.02,2.167591397849462,0.9510568031704095,-0.9118562389264844,2425.6,560710016,3082.3,2644.5066666666667,0.9932327146842594,-0.13026578094878427,1511.65,1065182016,1664.58,1558.924129032258,0.9982360175399321,0.08234961122078155,4123.34,4766.18,4431.225204301075,0.9944302353201917
0.781,39266800,98.02,2.0497397849462367,0.9456301528876014,-0.9618212056290614,2432.7,691129984,3082.3,2627.6901075268815,0.9936409465887329,-0.06151586045834878,1497.4,1088742016,1664.58,1555.1821505376342,0.9975996404026752,0.10399207405021016,4023.89,4766.18,4400.566344086023,0.9930811775972718
0.713,22277200,98.02,1.9351548387096775,0.9440978083764108,-0.9928360661700723,2457.5,492680000,3082.3,2613.2395698924734,0.9945006690122951,-0.011466966309694682,1510.91,913745024,1664.58,1552.2992258064517,0.9981462462579153,0.12628074179184667,3901.36,4766.18,4362.964645161291,0.9914552591678875
0.69,16442600,98.02,1.8268645161290324,0.9440404868827701,-1.0348208749580343,2544.6,459940000,3082.3,2605.1475268817208,0.9969034438694476,-0.047905471852129344,1559.34,867961984,1664.58,1552.5913548387095,1.0001881911859527,0.0971036199144033,4158.24,4766.18,4343.319806451613,0.9954973646803522
0.753,19542500,98.02,1.7304666666666668,0.947233169941565,-0.961432853701232,2475.6,425740000,3082.3,2593.2819354838707,0.9954453284217448,-0.01951719385339301,1510.43,833420032,1664.58,1549.7279569892473,0.9981557298766747,0.10056482080896534,4108.54,4766.18,4321.430107526882,0.9949601457179793
0.663,20382700,98.02,1.6361483870967741,0.9454954658262361,-0.9824462429610015,2351.5,495449984,3082.3,2574.0688172043006,0.9925911957289807,-0.0023182599149521588,1459.09,750729984,1664.58,1543.6349677419353,0.9960683491448723,0.10328259569250353,3900.86,4766.18,4287.408344086021,0.9921271980352978
1.18,122678800,98.02,1.582232258064516,0.9670469197919583,-0.7427150769801787,2299.1,665580032,3082.3,2552.3574193548384,0.9915653390055659,0.014577144139044651,1393.22,1165408000,1664.58,1533.5058064516131,0.993438111015884,0.11794955828962106,3674.84,4766.18,4240.486344086022,0.9890558593363931
1.7,187714000,98.02,1.5665956989247314,0.9901174059243917,-0.5378692293897627,2494.5,553680000,3082.3,2544.3182795698926,0.9968503079843035,0.008616357034864408,1506.72,843795968,1664.58,1531.031505376344,0.9983865068753836,0.13061837633622453,3911.74,4766.18,4211.0484731182805,0.993057902188791
