14.5,36065384,32.45,16.941870967741934,0.9869285958575901,-0.14537006275228603,521.26,143492000,568.19,528.7631397849462,0.9979336318862938,0.03390807848672761,530.12,634588416,605.24,537.0308387096774,0.9972169538831066,-0.13788896505543258,2779.66,2872.87,2710.797032258065,1.0019151089347273
14.77,30221596,32.45,16.740387096774196,0.9881073423737335,-0.11935291442634366,513.95,123232000,568.19,527.2227311827958,0.9970867700748259,-0.007379642338829928,530.4,634588416,605.24,535.6229462365592,0.9973783768609994,-0.11839178253128846,2754.88,2872.87,2713.948021505376,1.0011623847930387
14.1,20707532,32.45,16.50047311827957,0.9856685525186656,-0.1798158853672056,510.42,86755000,568.19,525.5050322580645,0.9967419862173285,-0.0422547341481474,529.08,634588416,605.24,534.2024516129032,0.9973479578617072,-0.11263288798592641,2718.37,2872.87,2714.415655913979,1.0001723077984168
14.16,12894768,32.45,16.270774193548387,0.9860792522078221,-0.23435461451296502,516.01,59489000,568.19,524.2224516129031,0.9975593370825581,-0.06408314768536127,536.62,634588416,605.24,533.3724946236559,0.9984463624479044,-0.11733326191900684,2759.82,2872.87,2717.393720430108,1.0010971291407196
14.24,19191570,32.45,16.054021505376348,0.9866784035231719,-0.29074659050407736,513.54,138310000,568.19,522.8496559139785,0.9973812725977286,-0.06466915128578432,541.73,634588416,605.24,532.9677849462365,0.9992412250697236,-0.12612458416875838,2801.31,2872.87,2722.815612903226,1.00199525465609
13.95,16591987,32.45,15.830473118279572,0.9860752405855499,-0.2799760496004272,512.77,79781000,568.19,521.5177419354839,0.9974525870612531,-0.08294506429755766,542.14,634588416,605.24,532.6897634408602,0.9994783521382924,-0.12103619808661603,2801.83,2872.87,2728.0011612903227,1.0019044801868047
13.41,23677252,32.45,15.584946236559142,0.9844902372856489,-0.2800092615343037,514.36,100571000,568.19,520.3931182795699,0.9978435562868097,-0.06541265605471025,547.5,634588416,605.24,532.8546451612904,1.0003095267297142,-0.12222292177392935,2818.82,2872.87,2734.0280215053763,1.002209258669158
13.94,24647656,32.45,15.387548387096777,0.9873340692700427,-0.2739490018453279,530.65,125736000,568.19,520.4198064516129,1.0000512846367593,-0.08919961428439982,557.13,634588416,605.24,533.7266021505376,1.001636388079123,-0.08793371671253847,2840.35,2872.87,2741.1316344086026,1.0025982224203083
12.05,31839424,32.45,15.082107526881721,0.9801501283680003,-0.40783012586057243,510.07,112043000,568.19,519.1845161290323,0.9976263579762593,-0.12727035619590799,546.42,634588416,605.24,533.9739784946237,1.000463488878181,-0.08243234780407227,2833.28,2872.87,2747.570086021505,1.002348829779673
12.22,53824952,32.45,14.806408602150537,0.9817201326644973,-0.42202660435067685,532.12,152816000,568.19,519.4611397849462,1.0005328041328667,-0.13689610553142584,564.08,634588416,605.24,535.4431397849463,1.0027513724441488,-0.07184075585444549,2850.13,2872.87,2754.9944731182795,1.0027021647726282
11.98,77632352,32.45,14.533096774193547,0.9815409776063256,-0.42231228440474067,525.25,144291008,568.19,519.3721075268817,0.9998286065092349,-0.11245319066951154,553.97,634588416,605.24,536.3342795698925,1.0016643033008212,-0.08534371043619537,2874.69,2872.87,2763.9177204301077,1.0032389347415744
12.36,59800348,32.45,14.302021505376343,0.9841000667368069,-0.34944855579293965,527.19,130531000,568.19,519.4986666666666,1.000243677197814,-0.11039211670742033,551.48,634588416,605.24,537.1750322580644,1.0015675908108022,-0.10363662371177329,2901.52,2874.69,2774.5680215053767,1.0038533350673013
12.39,25841710,32.45,14.08511827956989,0.9848340861657273,-0.3692442482382169,527.98,80751000,568.19,519.719505376344,1.0004250996659807,-0.11894420707254916,556.93,634588416,605.24,538.434,1.0023436825361063,-0.08866893824921163,2871.68,2901.52,2782.9933978494623,1.0030366443636565
11.91,21592096,32.45,13.853311827956992,0.9835424561574944,-0.45359765431184895,533.06,67854000,568.19,520.2831397849462,1.0010844973159012,-0.12966338446176895,560.42,634588416,605.24,539.9091182795698,1.002739645489642,-0.08284122023312279,2904.98,2901.52,2793.0249462365587,1.0036045893586554
13.07,42731800,32.45,13.716860215053764,0.9901502532681132,-0.3667824296553901,542.25,128033000,568.19,521.4887956989247,1.002317307292481,-0.09713893787747507,567.05,634588416,605.24,541.8360860215054,1.0035690594522202,-0.05161775870998331,2929.67,2904.98,2804.277870967742,1.0040289381397562
12.56,42624964,32.45,13.564043010752686,0.9888591702543293,-0.3481051287680895,531.39,73519000,568.19,522.0089032258064,1.000997351297231,-0.1123573109008219,554.91,634588416,605.24,542.9620860215053,1.0020781192486972,-0.07666887612215412,2913.98,2929.67,2814.126344086021,1.0035119462376532
11.62,28086770,32.45,13.365397849462365,0.9853550183280274,-0.39069181326591784,515.01,66900000,568.19,521.4920215053763,0.9990098220217395,-0.09099658675949152,549.89,634588416,605.24,543.7569892473118,1.0014640123984182,-0.05477203703940925,2885.57,2929.67,2821.662924731183,1.0026781244776022
11.03,28274598,32.45,13.14541935483871,0.9835411936777846,-0.38520226951784753,489.8,85383000,568.19,519.4236129032258,0.996033671625158,-0.08604068474498616,539.23,634588416,605.24,543.8873548387096,1.0002397497300737,-0.022896403773123297,2767.13,2929.67,2821.3453118279567,0.9998874376877399
10.53,45219736,32.45,12.909935483870965,0.9820862412517053,-0.42575106092951853,496.39,96596000,568.19,517.8985376344086,0.9970639084729069,-0.11444594442552936,562.26,634588416,605.24,545.524064516129,1.0030092806219124,0.004885981134042261,2767.78,2929.67,2821.0371182795698,0.9998907636200735
9.96,28079220,32.45,12.65389247311828,0.9801669798371515,-0.47363619668848156,469.76,91798000,568.19,514.720193548387,0.9938629985314512,-0.16045192880690218,554.62,634588416,605.24,546.5843010752689,1.0019435193204176,0.01704636469175358,2658.69,2929.67,2813.304795698925,0.9972590496840537
10.99,40011796,32.45,12.482236559139787,0.9864345366974506,-0.4212252257812642,493.6,110312000,568.19,513.2530967741936,0.9971497198039202,-0.1340006242352868,567.86,634588416,605.24,548.4710107526881,1.0034518182715964,0.005631084167581291,2723.06,2929.67,2809.6870537634413,0.9987140597275438
8.49,71559536,32.45,12.164989247311828,0.9745840971427783,-0.5008581348809528,502.34,128390000,568.19,512.4671182795698,0.9984686337022345,-0.15837651622190174,584.21,634588416,605.24,551.3531182795699,1.0052548037551274,0.03192473622092318,2781.01,2929.67,2809.5529892473123,0.9999522848938107
9.09,112689136,32.45,11.906172043010754,0.9787244198051168,-0.4631393508384348,507.05,168590000,568.19,512.0699784946237,0.9992250433817502,-0.12906132514270274,574.05,634588416,605.24,553.4878924731182,1.0038718819623431,0.08369492798925915,2736.27,2929.67,2806.2642795698926,0.9988294544754962
8.58,36680680,32.45,11.630946236559138,0.9768837704127431,-0.5074489312293098,500.37,65856000,568.19,511.2676989247313,0.9984332618517279,-0.10553950680873114,560.44,634588416,605.24,554.623806451613,1.0020522833361705,0.09119914583112554,2632.56,2929.67,2796.142387096774,0.996393107895501
8.34,40356592,32.45,11.358387096774194,0.9765660390615324,-0.49245963460798425,510.68,85797000,568.19,511.17883870967745,0.9998261963053001,-0.0613034588884227,576.42,634588416,605.24,556.7043010752689,1.003751181610769,0.09468600219825807,2760.17,2929.67,2794.333720430108,0.9993531564504681
7.5,43714792,32.45,11.048258064516128,0.9726960324898468,-0.475565119322232,498.86,90442000,568.19,510.30572043010756,0.9982919514395905,-0.07962893038824992,558.64,634588416,605.24,557.4941075268817,1.0014187180700551,0.13581126590720127,2633.08,2929.67,2784.117634408602,0.9963439993058762
7.31,45196136,32.45,10.740494623655916,0.9721437136005484,-0.5024566155807283,509.57,93104000,568.19,510.12582795698927,0.9996474809787226,-0.07606749331091378,555.59,634588416,605.24,557.976817204301,1.0008658561066424,0.13723809676015897,2599.95,2929.67,2771.9676559139784,0.9956359679833698
6.16,70506632,32.45,10.372924731182795,0.9657771913349736,-0.5701505994122356,478.63,134302000,568.19,507.93154838709665,0.9956985522989876,-0.06830961975168404,515.96,634588416,605.24,555.7985161290322,0.9960960724386669,0.12260699049537305,2416.62,2929.67,2748.2329892473126,0.9914376105305457
6.49,30737626,32.45,10.042795698924733,0.9681739682092132,-0.5022865426768202,477.94,68818000,568.19,505.76427956989244,0.995733147854103,-0.030380940980828886,519.79,634588416,605.24,553.8556344086022,0.9965043416561066,0.11446123821875709,2485.74,2929.67,2729.6129677419353,0.9932247296432909
7.16,38637220,32.45,9.770129032258065,0.9728495256857748,-0.4798910518908337,478.7,81868000,568.19,503.6943440860216,0.9959073118298684,-0.030631405456673533,526.98,634588416,605.24,552.3510107526881,0.9972833649015402,0.10212106263098786,2531.94,2929.67,2714.508817204301,0.9944665596492498
7.24,51323088,32.45,9.517096774193549,0.9741014415235378,-0.4922544376430394,488.94,106130000,568.19,502.35505376344094,0.9973410653935159,-0.07954206818389753,530.26,634588416,605.24,551.0432258064516,0.9976323299482073,0.0662433835806221,2596.26,2929.67,2704.085720430108,0.996160227328004
7.53,34128952,32.45,9.298387096774194,0.9770192861742873,-0.45872959263066515,492.62,81759000,568.19,501.32268817204306,0.997944948331536,-0.05551680709437978,538.36,634588416,605.24,550.2577204301075,0.9985745122350529,0.04556059642063193,2670.71,2929.67,2698.860258064516,0.9980675677822962
7.31,46184312,32.45,9.08105376344086,0.9766267707429892,-0.4299535461416525,478.97,97206000,568.19,499.4555483870968,0.9962755729413437,-0.08009041646383563,530.87,634588416,605.24,548.971870967742,0.9976631868765777,0.023104608418179073,2664.76,2929.67,2693.4319354838713,0.9979886611155859
7.54,55861676,32.45,8.89316129032258,0.979309397564112,-0.4536971985597611,501.84,120143000,568.19,499.1315268817205,0.9993512505638936,-0.05725042775197986,546.48,634588416,605.24,548.6892688172043,0.9994852156085164,0.037683498882059574,2706.53,2929.67,2690.8137419354844,0.9990279340220578
9.33,91938624,32.45,8.834989247311826,0.9934587891626282,-0.3528675657608308,526.78,149080992,568.19,500.44701075268813,1.0026355455428473,-0.02713393864347835,552.62,634588416,605.24,548.7815913978496,1.0001682602264927,0.05345451801897816,2707.88,2929.67,2688.397247311828,0.9991019465279234
11.04,113460872,32.45,8.897698924731184,1.007097878182301,-0.2403115120570668,535.58,159183008,568.19,502.30176344086016,1.003706191961028,-0.03644356785149294,558.54,634588416,605.24,549.2324301075267,1.0008215266633285,0.03961222738163095,2775.6,2929.67,2690.5507096774195,1.0008010208936737
11.27,37098432,32.45,8.981505376344087,1.0094188904706545,-0.23619573395833537,541.92,70751000,568.19,504.51649462365594,1.0044091646575646,-0.03086751221654005,560.87,634588416,605.24,549.7983225806453,1.0010303333199166,0.0336970228061686,2792.67,2929.67,2693.861870967742,1.001230663030588
11.08,55744656,32.45,9.057655913978493,1.0084785940044054,-0.24837993194695906,531.0,93408000,568.19,505.96744086021494,1.0028759143695418,-0.03607847959571653,558.61,634588416,605.24,550.1896559139785,1.0007117761500188,0.015563331629661725,2803.69,2929.67,2697.9402365591395,1.001513947554383
11.0,27912212,32.45,9.134795698924732,1.0085165285233666,-0.11552796387076725,527.81,68127000,568.19,507.2118279569892,1.0024594212913358,-0.02628916222694766,554.75,634588416,605.24,550.3287741935484,1.000252855134724,0.04708410643646033,2743.07,2929.67,2698.18647311828,1.0000912683519834
10.89,64475764,32.45,9.207096774193547,1.007914908844357,-0.15219998908801358,545.09,105460000,568.19,509.5329032258065,1.0045761457854134,-0.029181843489573867,567.16,634588416,605.24,551.250623655914,1.001675088611742,0.015161530278721136,2822.48,2929.67,2703.749935483871,1.0020619265647572
11.22,120301224,32.45,9.303548387096773,1.0104757900637658,-0.09731074235353399,538.92,156888992,568.19,511.42802150537636,1.0037193246355085,-0.048820686264352764,571.22,634588416,605.24,552.4277849462366,1.0021354375665203,0.056873819147810645,2800.71,2929.67,2707.9683440860217,1.0015602066399665
11.5,172496480,32.45,9.419698924731183,1.0124845416825585,-0.1162921634722246,554.97,207687008,568.19,514.3292258064515,1.0056727519398243,-0.023579151157721467,580.11,634588416,605.24,554.1413978494625,1.0031019672614634,0.07504755017913012,2834.4,2929.67,2714.519397849463,1.002419176641318
11.26,62205028,32.45,9.522215053763441,1.0108831640853302,-0.15139663353867916,549.08,94112000,568.19,516.790688172043,1.0047857719182338,-0.05993923048250016,574.07,634588416,605.24,555.4037634408602,1.002278056821412,0.023442174316480102,2892.74,2929.67,2724.9786666666664,1.0038530831002679
11.2,45268068,32.45,9.623290322580646,1.010614680328739,-0.10769433966015896,556.74,74546000,568.19,519.7009677419355,1.005631447385762,-0.057070783909136225,579.79,634588416,605.24,556.9983010752688,1.0028709521601549,0.03372686862050056,2907.41,2929.67,2736.3390967741934,1.0041689978150998
11.26,50327948,32.45,9.729763440860216,1.0110641074633004,-0.19738150748277672,560.87,75927000,568.19,522.8267741935483,1.0060146250356128,-0.03600870586189919,585.35,634588416,605.24,558.9098924731182,1.0034319519362251,0.0406827899665726,2905.03,2929.67,2747.540752688172,1.0040936651189114
11.26,36947432,32.45,9.840129032258064,1.011343090925969,-0.15486493722965755,573.54,87102000,568.19,526.7299569892473,1.007465537322031,-0.02446452810182964,585.93,634588416,605.24,560.8195483870968,1.0034167509641465,0.047012769621696204,2939.88,2929.67,2761.043784946237,1.0049145885260677
11.48,160114224,32.45,9.967483870967742,1.0129423951954473,-0.07189137988699867,581.84,206711008,573.54,531.0779784946237,1.0082547450504418,-0.015995651637906505,590.44,634588416,605.24,562.9534623655913,1.0038049921487788,0.052924643628960766,2945.64,2939.88,2774.8627311827954,1.0050049717834617
11.73,150382992,32.45,10.111268817204301,1.014425400441867,-0.02513336105952746,569.57,194563008,581.84,534.4906666666666,1.0064259643785576,-0.00871754843713135,588.24,634588416,605.24,564.85823655914,1.0033835375761693,0.04959336615400134,2881.4,2945.64,2784.407978494624,1.0034398989198863
13.5,89499344,32.45,10.36774193548387,1.0253650776095657,0.23614065197462586,576.57,129593000,581.84,538.1834193548386,1.006908918936231,0.01099514241156796,593.5,634588416,605.24,566.9969677419355,1.0037863149448323,0.022412173010804004,2859.53,2945.64,2792.2965161290326,1.002833111273684
13.08,36477376,32.45,10.590731182795698,1.0215079858950424,0.30774015212402017,573.02,74562000,581.84,541.4747096774194,1.0061155550398158,0.05427730202980219,590.84,634588416,605.24,568.8969032258065,1.0033508741527093,0.0023539199268196587,2826.06,2945.64,2797.828387096774,1.001981118744298
12.34,27985740,32.45,10.759268817204301,1.0159136920293461,0.14496867751702358,559.12,58296000,581.84,543.6471612903225,1.0040121017179129,-0.007368325302397949,569.93,634588416,605.24,569.3699139784948,1.0008314525004551,-0.007004519021307276,2752.06,2945.64,2798.2261290322585,1.0001421609478691
13.52,29303616,32.45,11.001032258064518,1.0224702482080967,0.5968082086502104,596.93,70044000,581.84,548.118064516129,1.0082239061364637,0.05947459993378956,599.31,634588416,605.24,571.7339569892473,1.00415203359488,-0.0073532981518691365,2873.34,2945.64,2806.386021505376,1.0029160947317504
13.58,15980783,32.45,11.235849462365591,1.021345015521515,0.4973744689129851,599.38,48317000,596.93,552.5436129032258,1.0080740786950775,0.05635937574704908,602.85,634588416,605.24,574.2939139784947,1.0044775318274397,-0.004908783104227377,2886.98,2945.64,2815.2273548387097,1.0031504337840849
13.08,30174706,32.45,11.428752688172043,1.017168548444208,0.5541527129942491,597.53,72826000,599.38,556.6512473118279,1.0074340455896673,0.04164310736665788,603.48,741235200,605.24,576.8325806451612,1.0044205007312015,-0.0439601792848745,2950.46,2945.64,2827.840064516129,1.0044801744540246
13.4,26767504,32.45,11.632623655913976,1.0178384267561347,0.6350990388904723,591.65,69749000,599.38,560.1705806451613,1.0063223308136449,0.06744836084460726,597.34,750381632,605.24,578.8825591397848,1.0035538535155744,-0.029496445201013133,2941.76,2950.46,2839.2078279569896,1.0040199456763852
11.55,48918992,32.45,11.706258064516131,1.006329991477436,0.5490022353180248,600.86,74693000,599.38,564.1099784946236,1.0070324968600195,0.08983261880056204,610.37,442023040,605.24,581.728193548387,1.0049157369896078,-0.04310810672521215,2990.41,2950.46,2853.323784946237,1.0049717941921161
11.12,27970680,32.45,11.743440860215053,1.0031763177860933,0.543510502578054,608.72,61824000,600.86,568.33711827957,1.0074934674905536,0.06158286964212967,615.88,512478496,610.37,584.8180645161291,1.005311537247137,-0.050649327266085065,3013.77,2990.41,2868.1783870967743,1.0052060695771394
11.07,21330356,32.45,11.76920430107527,1.0021938579303022,0.8416562118465515,602.0,61856000,608.72,571.9174838709678,1.0062997215494847,0.07542373398850866,617.25,507999904,615.88,587.8666666666667,1.0052129069457865,-0.035410806953330765,2976.61,3013.77,2879.745634408602,1.004032959513211
11.1,19780470,32.45,11.786344086021504,1.001456324871909,0.7120427151601394,607.61,65576000,608.72,575.5944731182796,1.006429230354044,0.078642499593778,620.94,561348608,617.25,590.935505376344,1.0052202971926922,-0.022689589021929635,3025.86,3013.77,2893.2860215053765,1.0047019385792229
10.7,22547240,32.45,11.767763440860213,0.9984235446525502,0.47492046595771975,589.71,71246000,608.72,577.8377634408602,1.0038973451402817,0.005478855106821223,608.99,690475840,620.94,593.0158494623657,1.0035204249314766,-0.002402467410756115,2932.05,3025.86,2899.612602150538,1.002186641969766
10.37,21412312,32.45,11.720279569892476,0.9959649196547525,0.42967827541235715,595.0,70725000,608.72,580.1836129032258,1.0040597025857168,0.016535205371174255,609.05,793552064,620.94,594.9236989247312,1.0032171980969735,0.024412710901233314,2918.65,3025.86,2904.214215053764,1.0015869750668807
9.11,28479608,32.45,11.584774193548387,0.9884383836122663,0.22916340367728016,595.18,67409000,608.72,582.3129892473119,1.0036701766418923,0.029210746852377678,618.62,613917120,620.94,597.2795268817204,1.0039598825214848,0.06746739714077798,2888.68,3025.86,2906.1889677419354,1.0006799610985773
8.68,26503022,32.45,11.418129032258062,0.9856151567129265,0.21193480130959796,606.24,66304000,608.72,584.9353548387098,1.0045033609756628,0.10751925444386368,611.45,538213184,620.94,599.0001720430108,1.0028808038512111,0.0833583958967643,2847.11,3025.86,2905.0130322580644,0.9995953685404069
9.55,32194170,32.45,11.304666666666666,0.990062963444287,0.3637862127807172,617.94,62231000,608.72,588.0388602150538,1.0053057237020657,0.08538531691746476,621.27,709776128,620.94,601.1810752688172,1.0036409058420934,0.05559867842097432,2926.46,3025.86,2908.564301075269,1.0012224622670434
10.02,26134284,32.45,11.217204301075268,0.9922631628007845,0.18899241454285443,624.41,57435000,617.94,591.3101075268818,1.0055629781178606,0.038993209481079205,628.52,477026528,621.27,603.66888172043,1.0041381982134092,0.03733022457452462,2978.71,3025.86,2915.0135698924737,1.0022173375416938
10.66,23867804,32.45,11.169548387096775,0.9957515337423314,0.06010253829965173,596.15,70872000,624.41,592.5481720430107,1.0020937651840707,0.015527997527134296,622.72,727142080,628.52,605.6192688172042,1.003230888912504,0.031396849354837775,3007.39,3025.86,2922.730731182796,1.0026473843449746
10.17,19378460,32.45,11.09109677419355,0.9929762949956104,-0.008039024495769542,597.08,63754000,624.41,593.7159784946238,1.0019708211192124,-0.016426975158841728,618.9,744617728,628.52,607.1851827956989,1.0025856409449339,0.03206305701458345,2992.07,3025.86,2928.961032258065,1.0021316712514081
10.53,12160816,32.45,11.038236559139786,0.9952339956877161,0.010109438503280832,617.53,46623000,624.41,596.0845161290324,1.0039893446028085,0.028905303021322437,626.39,571550656,628.52,609.1095268817204,1.0031692869663933,0.06494691799280905,2961.79,3025.86,2932.808967741935,1.0013137544137634
10.33,15592849,32.45,10.973655913978495,0.9941493693476049,-0.05131102280169075,614.72,47247000,624.41,598.0856774193547,1.0033571771052163,0.03159120798869375,629.91,588520000,628.52,611.1152043010753,1.0032928025762835,0.059314321908900514,2952.01,3025.86,2935.6859354838707,1.0009809598148327
10.57,13644549,32.45,10.926,0.9956572436431336,-0.009145326804825493,600.83,43135000,624.41,599.003806451613,1.0015351128892098,-9.026952469914917e-05,624.47,511740000,629.91,612.6082795698924,1.0024431977118369,0.048685570721809235,2970.27,3025.86,2939.291634408602,1.001228230472868
10.12,14501863,32.45,10.85,0.9930441149551528,-0.11313363176537328,585.52,52193000,624.41,598.8143225806452,0.999683668335782,-0.025432097607236415,623.45,528800000,629.91,613.9123010752687,1.002128638395635,0.025206239465682456,2986.2,3025.86,2943.607247311829,1.0014682493062976
11.76,34439144,32.45,10.882172043010751,1.0029651652544471,0.044641845710367,587.12,77939000,624.41,598.6278494623655,0.9996885960952367,-0.030899391724254377,627.09,525249984,629.91,615.3388387096776,1.0023236830926996,0.014603748944457706,3022.55,3025.86,2949.86911827957,1.0021272780101556
11.67,17537116,32.45,10.907978494623656,1.0023714430824018,0.06143867016110183,577.23,60651000,624.41,597.7341720430107,0.998507123549034,-0.0196027390963871,627.3,608819968,629.91,616.6778924731184,1.0021761242411558,0.03251453215958988,3066.91,3025.86,2958.588301075269,1.002955786323423
12.84,49030112,32.45,11.008387096774193,1.0092050605160274,0.19427353765565425,577.34,92661000,624.41,596.7870537634409,0.9984154858064536,0.008561756372833296,623.97,665670016,629.91,617.687634408602,1.0016373895477817,0.012339041287325658,3093.08,3066.91,2968.621311827956,1.0033911479840032
11.91,19095252,32.45,11.045268817204299,1.003350329172283,0.09238022530699252,578.17,50041000,624.41,595.8491827956988,0.9984284662982755,-0.052162430995791986,629.27,542449984,629.91,618.9443010752686,1.0020344695225603,0.0008744502681234945,3120.46,3093.08,2980.0214838709676,1.003840224415822
11.53,31521544,32.45,11.056236559139785,1.0009929809873348,0.03526164452351033,583.05,64254000,624.41,595.1889462365591,0.9988919401449174,-0.03902668471289816,627.97,540769984,629.91,620.0226451612903,1.001742231222015,0.013784234105856719,3110.29,3120.46,2990.30223655914,1.0034498921379646
11.54,15492181,32.45,11.067268817204303,1.0009978312245316,0.021941800546717904,592.79,37982000,624.41,595.1366451612904,0.9999121269378415,-0.04101059281742048,634.09,382820000,629.91,621.4054193548386,1.0022301995005176,0.0076129577466534926,3140.98,3120.46,3002.1965161290314,1.0039776178556379
11.87,20561770,32.45,11.0994623655914,1.0029088973005744,0.05062142727340346,597.78,54026000,624.41,595.3827311827956,1.0004134949906143,-0.015123299905227539,639.92,571409984,634.09,623.0704516129033,1.0026794620809605,-0.003943828267517713,3145.91,3140.98,3013.9887741935486,1.0039278768065862
11.08,22690408,32.45,11.080387096774192,0.9982814240736253,-0.1589998594936326,601.59,54940000,624.41,595.8139569892473,1.0007242833623928,0.019895286299949744,641.18,505580000,639.92,624.7056344086021,1.0026243947076385,-0.027817153225093927,3168.8,3145.91,3026.6889677419354,1.0042137494529273
11.48,41188608,32.45,11.092322580645158,1.0010771721029892,-0.15177548789797612,609.75,82713000,624.41,596.7178279569893,1.0015170355731666,0.016169468910142593,648.97,768080000,641.18,626.7408602150538,1.0032578957101586,-0.04144183021836967,3221.22,3168.8,3042.106,1.0050936955935603
10.97,8948782,32.45,11.074795698924731,0.9984199087618486,-0.15630291335446878,611.36,25425000,624.41,597.6465806451612,1.0015564352943027,0.03109914427208116,649.97,272800000,648.97,628.7155913978494,1.0031507937461075,-0.036868881362462025,3240.02,3221.22,3057.8861290322575,1.0051872383908573
11.06,13043605,32.45,11.066021505376344,0.999207733145882,-0.16755898852548878,602.22,32891000,624.41,597.8733118279571,1.000379373345617,-0.026119373048570926,640.55,368929984,649.97,629.9104516129032,1.0019004781039345,-0.05700278565772332,3234.85,3240.02,3072.2833333333333,1.004708221200386
10.6,18031444,32.45,11.032860215053763,0.9970033231630292,-0.19534176277095916,620.87,57212000,624.41,599.2918924731182,1.0023727111029992,0.0033456423090370002,644.13,583600000,649.97,631.2475913978494,1.002122745830812,-0.06258608677276656,3265.35,3240.02,3087.870838709677,1.005073589797928
11.03,31822400,32.45,11.033849462365591,1.0000896637220582,-0.15791598812341812,636.8,68820000,624.41,601.692,1.0040049057179419,0.017109734863216985,656.56,601390016,649.97,633.2978924731183,1.0032480140965427,-0.0405522560456022,3329.62,3265.35,3106.7910967741936,1.0061272828601933
10.54,17519190,32.45,11.007634408602149,0.9976241243953112,-0.2482914031585005,618.66,55194000,636.8,602.8373333333333,1.0019035209597822,-0.04324274895451241,653.43,457060000,656.56,635.0321075268819,1.002738387533537,-0.02633792321508932,3295.47,3329.62,3122.692731182796,1.005118346845114
10.26,31142024,32.45,10.969505376344085,0.9965361283957371,-0.14498951947226402,620.54,78233000,636.8,604.045870967742,1.0020047491546786,-0.010766178460691611,648.25,627859968,656.56,636.311505376344,1.0020146978936935,-0.016560608902812746,3225.52,3329.62,3133.320795698925,1.0034034935330007
12.03,38605628,32.45,11.048344086021505,1.0071870797244364,0.07284595030267793,644.23,85725000,636.8,606.7404731182796,1.0044609230524506,-0.0050979526729415525,660.01,619889984,656.56,638.2681505376344,1.0030749800133396,-0.03251496422268496,3327.71,3329.62,3150.0361505376345,1.0053347090606408
11.41,17464586,32.45,11.085225806451612,1.0033382125088566,-0.009436514581673494,650.6,55336000,644.23,609.7696774193547,1.004992586509858,-0.05999910694312316,665.35,546150016,660.01,640.4744086021504,1.003456631922896,-0.05764740358699627,3380.16,3329.62,3169.4602365591404,1.0061663057480121
11.24,14017115,32.45,11.110408602150539,1.0022717440437046,-0.005689716228573616,638.37,45749000,650.6,611.9053333333333,1.0035023976971387,-0.08174952245376055,664.57,460510016,665.35,642.5269032258063,1.0032046473615324,-0.03281039052540291,3337.75,3380.16,3185.2803440860216,1.0049914200987282
9.23,36028120,32.45,11.005612903225806,0.9905677907377368,-0.16282414780336807,570.28,103824000,650.6,609.5819354838709,0.9962030109513742,-0.0058174434411366605,595.21,978369984,665.35,640.0107311827957,0.9960839428973662,-0.030188891951360652,2954.22,3380.16,3175.6858494623652,0.9969878649326832
8.6,30530008,32.45,10.863333333333333,0.9870720902921482,-0.2120294198599051,611.14,102100000,650.6,609.9364516129034,1.000581572563746,0.02569855860725334,632.29,995390016,665.35,639.9164516129033,0.9998526906420488,0.01975201692619044,2972.37,3380.16,3167.2146451612903,0.9973324803829355
7.77,33605072,32.45,10.671311827956988,0.9823238872007046,-0.2731680819818101,564.21,117308000,650.6,607.2285161290322,0.995560298984082,0.03492366347105369,582.16,1266589952,665.35,636.538,0.994720480143325,0.0025645040034839583,2711.02,3380.16,3141.766623655914,0.9919651730758904
4.48,65849800,32.45,10.269913978494623,0.9623853321940447,-0.6198198335793218,497.53,161738000,650.6,600.285247311828,0.9885656410514674,0.11548339215945447,516.28,1574439936,665.35,628.9876344086023,0.9881383898661231,0.03478879899014953,2304.92,3380.16,3090.5006666666673,0.9836824426730999
6.31,53843976,32.45,9.995612903225808,0.9732908108243938,-0.5420854245544696,529.64,130271000,650.6,595.647376344086,0.9922738881414941,0.05760908517448926,550.05,1308400000,665.35,623.8206451612904,0.9917852292085677,0.016918699302181817,2541.47,3380.16,3055.6620000000003,0.9887271771067945
4.6,39635024,32.45,9.617956989247311,0.9622178331999413,-0.7458597970454202,534.94,90379000,650.6,591.5413333333335,0.9931065875989344,0.11695105477061096,569.07,943590016,665.35,620.0339139784946,0.9939297757902568,0.06993359878693806,2488.65,3380.16,3018.2435268817203,0.9877543808450411
6.02,29224914,32.45,9.343569892473118,0.9714713741098081,-0.6180969235679947,556.42,70103000,650.6,589.013505376344,0.9957267095052427,0.006612539316157795,597.14,748880000,665.35,618.1860000000001,0.9970196566077536,0.03126727117578898,2789.82,3380.16,3001.3092688172046,0.9943893665591619
5.75,23471116,32.45,9.061741935483871,0.9698372292140418,-0.561179298973336,588.84,74060000,650.6,588.6627311827957,0.9994044717305349,0.10319975135065096,622.12,775190016,665.35,618.0047096774193,0.9997067382267136,0.044476592905347556,2874.56,3380.16,2990.31,0.9963351764739862
6.27,28936704,32.45,8.822967741935482,0.9736502986679195,-0.5282399070024488,576.74,69357000,650.6,587.5490322580645,0.9981080865736252,0.09075929102195435,602.26,715120000,665.35,616.5352043010752,0.9976221777062003,0.0036987629275102574,2836.74,3380.16,2977.123440860215,0.9955902367514455
5.18,84166704,32.45,8.523032258064516,0.9660051478545733,-0.5872347664983033,567.63,133673000,650.6,585.935311827957,0.9972534710441006,0.08860165427129263,590.51,834840000,665.35,614.3595268817203,0.9964711221611079,-0.02145797134464633,2830.71,3380.16,2963.816774193548,0.9955303611250926
5.2,43275992,32.45,8.235462365591397,0.966259673345596,-0.5840106511736942,574.96,85540000,650.6,584.8957634408602,0.9982258307937548,0.10488652048586022,595.63,672860032,665.35,612.5989032258065,0.9971342128202192,-0.032558139334779246,2929.8,3380.16,2957.1638709677422,0.9977552919992444
3.29,107503168,32.45,7.836215053763441,0.9515209597100398,-0.7028048204287418,567.82,151772000,650.6,583.4512043010752,0.9975302280678411,0.1935175254603947,586.53,814369984,665.35,610.3132043010753,0.9962688491397957,-0.01819682808677303,2863.7,3380.16,2946.333483870968,0.9963375762827679
3.75,114018424,32.45,7.481333333333334,0.9547126108720471,-0.7524044581719752,584.0,154578000,650.6,583.0885806451613,0.9993784850331258,0.16591683859040718,587.98,783340032,665.35,608.2004516129033,0.9965382484382073,-0.04016764508605308,2955.45,3380.16,2941.685892473118,0.998422584740223
3.63,148522800,32.45,7.135935483870967,0.9538320464985253,-0.7798270364204594,608.42,186942000,650.6,584.3081505376343,1.0020915688163943,0.1705191589517555,605.78,814019968,665.35,607.3201935483872,0.9985526842964656,-0.026936774317446344,3044.31,3380.16,2942.9155053763443,1.0004179959887534
5.08,214144160,32.45,6.901376344086021,0.9671298682120782,-0.7269650359474882,614.43,252608992,650.6,585.8483870967742,1.002636000469483,0.08222158954520076,617.24,892060032,665.35,607.2255698924731,0.9998441947807445,-0.043390815887205614,3193.93,3380.16,2953.846623655914,1.0037143840044336
4.87,138783952,32.45,6.669956989247312,0.966467651769633,-0.6837929666266778,598.36,181718000,650.6,586.2720860215054,1.0007232228236231,0.1117757600805046,592.04,870889984,665.35,605.5196129032258,0.9971905712245461,-0.03379894291229457,3041.31,3380.16,2954.71440860215,1.000293781315281
4.72,87879560,32.45,6.444,0.9661231714669857,-0.6584118128178726,610.34,126431000,650.6,587.4252688172043,1.0019669754422804,0.11946715591304702,606.01,848480000,665.35,604.7950107526882,0.9988033382650259,-0.030934829877702574,3097.74,3380.16,2959.393053763441,1.001583450890438
4.18,64476396,32.36,6.197849462365593,0.9618015925458709,-0.7456347341630902,589.29,101784000,650.6,587.1616989247312,0.9995513133219418,0.1156408244430639,585.69,731550016,665.35,602.8066666666666,0.9967123669166069,-0.03432704412918963,3009.05,3380.16,2958.376752688172,0.9996565846250208
4.45,84162544,30.59,5.984946236559138,0.9656488549618316,-0.7598689543840682,612.27,111173000,650.6,588.3882365591397,1.0020889265029627,0.09396507478866123,604.43,558320000,665.35,602.1314408602151,0.9988798634059817,-0.05040587604618041,3130.01,3380.16,2965.448043010753,1.002390260238543
4.22,53992732,30.59,5.77316129032258,0.964613726194754,-0.7396963489580587,612.44,89382000,650.6,589.5945806451612,1.0020502518763394,0.08013903058783078,619.33,687249984,665.35,602.4938279569892,1.0006018405155133,-0.039202762509500944,3185.04,3380.16,2976.103849462366,1.0035933209070136
4.2,49599848,30.59,5.574838709677419,0.9656474900540879,-0.7195172654571586,625.18,79901000,650.6,591.5995268817205,1.0034005506535788,0.11152539588284727,631.38,635539968,665.35,603.6806236559141,1.0019698055712027,-0.028194137914569928,3224.73,3380.16,2989.2853763440853,1.004429121948853
4.01,48986032,30.59,5.379913978494624,0.9650349110828224,-0.71023324429044,619.96,80231000,650.6,593.2345161290324,1.0027636757181497,0.110884362560976,636.52,569870016,665.35,605.2368602150536,1.002577913714896,-0.01316553145567334,3215.63,3380.16,3001.8722580645153,1.0042106658066297
3.71,51249708,30.59,5.180602150537634,0.9629525994739492,-0.8028237178334396,639.96,88253000,650.6,596.1413333333334,1.0048999461853105,0.1222347639176361,642.01,622560000,665.35,607.1762150537635,1.0032042906937637,-0.008932975177020852,3271.12,3380.16,3018.0915913978497,1.0054030724624479
4.0,37621152,30.59,5.015806451612904,0.9681898562877236,-0.7579878460181083,647.54,68589000,650.6,599.4560215053763,1.005560238800267,0.09912766211334667,651.18,522060000,665.35,609.7040430107527,1.0041632526016608,-0.015370713307234718,3351.28,3380.16,3039.4045376344084,1.00706172943767
4.19,35583808,30.59,4.877462365591397,0.9724183763157327,-0.7234355018508848,662.74,66869000,650.6,603.6940000000001,1.0070697071054207,0.13629862018681116,656.81,496400000,665.35,612.5799354838709,1.0047168663322568,-0.012602691067155503,3372.85,3380.16,3061.9243010752693,1.0074092682175135
3.79,32589928,30.59,4.7280215053763435,0.9693609403797145,-0.7166452847427427,661.75,66113000,662.74,607.8123225806453,1.0068218709820624,0.17405477405701453,658.05,529190016,665.35,615.5352903225806,1.0048244395017203,-0.02378712801791627,3397.16,3380.16,3085.9194838709677,1.0078366348858696
3.71,67759552,30.59,4.587935483870968,0.9703711116063918,-0.7149628501608647,676.58,95412000,662.74,612.7947526881721,1.0081973167085072,0.1606228651383389,673.67,566000000,665.35,619.4884516129031,1.0064223146137579,-0.04836641058862945,3508.01,3397.16,3116.8475913978496,1.0100223313305912
3.87,66975580,30.59,4.4722580645161285,0.9747866072307453,-0.7171485411671463,657.7,102060000,676.58,616.4386021505377,1.0059462804574957,0.11510514628770674,670.48,748579968,673.67,623.1811397849464,1.0059608668449411,-0.013961919297771352,3426.96,3508.01,3141.9391612903223,1.0080503037625974
3.51,49215744,30.59,4.3509032258064515,0.972864974033468,-0.7108514943011801,650.0,77995000,676.58,619.5567096774193,1.005058261302916,0.15051591690573352,662.06,601539968,673.67,626.3080860215053,1.0050177164181158,0.0066493598091816875,3340.97,3508.01,3161.2695483870975,1.0061523747292538
3.05,166452240,30.59,4.216860215053763,0.9691919117029215,-0.7768650978016114,641.75,193596992,676.58,622.1438494623657,1.0041757917306606,0.157888012145059,650.71,901080000,673.67,628.7098494623656,1.0038347955175175,-0.015378847518062844,3319.47,3508.01,3179.29711827957,1.0057026361139214
2.7,93704360,30.59,4.077849462365592,0.9670345362191716,-0.7398747369048227,643.91,117462000,676.58,624.8630752688173,1.0043707348530433,0.18330613021413256,647.9,606600000,673.67,630.960129032258,1.0035792020306613,-0.028001457355364634,3298.46,3508.01,3196.0085161290317,1.0052563183709313
2.91,56500296,30.59,3.9664301075268815,0.9726769328129943,-0.6735522963789911,654.58,84025000,676.58,628.1123440860216,1.005199969314568,0.12419951148937802,658.43,566969984,673.67,633.7764516129033,1.0044635507872184,-0.08518014430701881,3348.44,3508.01,3215.2041290322577,1.0060061206991011
3.55,91459016,30.59,3.908537634408602,0.9854043884427914,-0.5183839235395657,674.43,116048000,676.58,632.5488387096775,1.0070632183325605,0.1455087002618911,676.06,468310016,673.67,637.6739784946236,1.0061496871204372,-0.1212951906094415,3477.13,3508.01,3241.893569892472,1.0083010097614697
3.26,36540360,30.59,3.841010752688172,0.9827232361469516,-0.24803330550150082,676.15,62939000,676.58,636.8592688172043,1.0068143830859284,0.0273076619817767,681.08,509960000,676.06,641.6934408602151,1.006303318782241,-0.19226014335941466,3483.81,3508.01,3267.366430107527,1.0078574017517483
3.39,29390308,30.59,3.7844946236559145,0.9852861310027043,-0.40540175137308543,662.58,62804000,676.58,639.9100860215055,1.0047904103051954,0.1120129069163811,671.61,452009984,681.08,644.7475268817202,1.0047594159875017,-0.1425395465837609,3465.39,3508.01,3289.1156559139777,1.006656500356385
2.9,42758296,30.59,3.702645161290322,0.9783724194364097,-0.27885483487764307,639.95,83738000,676.58,641.2150107526883,1.0020392313852964,0.03379551714533635,639.46,619489984,681.08,645.4659999999999,1.001114348001852,-0.19025628692288188,3269.96,3508.01,3296.2695698924726,1.0021750265806653
4.08,83954336,30.59,3.7005806451612906,0.9994424212855677,-0.2199241746969347,677.48,123083000,676.58,644.7153978494623,1.0054589911933989,0.2164810265431072,668.93,570840000,681.08,647.9343870967743,1.003824193833253,-0.13772189375407162,3509.44,3508.01,3317.1935698924735,1.0063477818049582
4.79,98643456,30.59,3.748494623655914,1.012947692021595,-0.09259804209413725,704.17,140446000,677.48,649.6773763440859,1.0076963858955053,0.1128877799616117,692.85,702259968,681.08,651.7916129032258,1.0059531117398084,-0.13350767917322903,3585.15,3509.44,3341.454516129033,1.007313696269267
6.05,136531888,30.59,3.8797634408602155,1.0350190757580104,0.03495215630513515,691.85,177634000,704.17,653.5964946236558,1.0060324068872828,0.08533923741143234,682.83,612889984,692.85,654.8502795698926,1.004692706389766,-0.12031505793350838,3557.54,3585.15,3362.4060215053764,1.0062701752411147
6.89,91932944,30.59,4.065698924731183,1.0479244383595054,0.4306719445273549,699.28,116694000,704.17,657.7474193548388,1.006350898092826,0.11479887037525938,686.83,410710016,692.85,657.993741935484,1.0048002764351815,-0.1222003374754812,3638.35,3585.15,3387.0209677419343,1.0073206347119072
7.75,71606456,30.59,4.303440860215054,1.058475046944011,0.5725168245036645,694.6,113572000,704.17,661.3132903225807,1.0054213378309251,0.09181396904833661,692.93,794089984,692.85,661.3236129032259,1.0050606423063344,-0.09922803064021535,3699.12,3638.35,3413.8196989247317,1.0079121834314075
6.91,50566708,30.59,4.481505376344086,1.041377242516616,1.1654120117184679,692.6,78915000,704.17,664.4928387096775,1.0048079305733382,0.05078272550609486,690.72,590300032,692.93,664.3016559139784,1.004503155418387,-0.10163709124651654,3663.46,3699.12,3436.663333333334,1.0066915175443498
6.99,52081176,30.59,4.65694623655914,1.0391477518115073,0.9426822447806935,709.33,90450000,704.17,668.4833978494624,1.0060054208372418,0.10515244513037603,696.03,749059968,692.93,667.3982150537636,1.004661375012719,-0.071343605229933,3709.41,3699.12,3460.7515698924735,1.0070091929941172
7.18,62654892,30.59,4.837677419354839,1.0388089476698008,1.0813485444985844,705.21,80519000,709.33,671.9386236559141,1.0051687533565787,0.11404754924678184,687.75,350830016,696.03,669.7282150537633,1.0034911690613557,-0.08107414302704963,3703.06,3709.41,3482.808709677419,1.0063735114582728
7.02,26174512,30.59,5.000451612903225,1.0336471780646534,0.4602407445773309,712.05,40523000,709.33,675.6269892473119,1.005489140617234,0.16546106290183749,696.32,312569984,696.03,672.4348387096774,1.0040413761807792,-0.04788388288823775,3756.07,3709.41,3506.869182795699,1.0069083533216812
6.81,43269536,30.59,5.145505376344087,1.0290081325987763,0.49198799453176356,692.05,85926000,712.05,677.8150967741935,1.0032386325024099,0.14625087913362633,689.47,775470016,696.32,674.5294623655913,1.003114983839822,-0.09300992152242804,3824.68,3756.07,3534.1472043010754,1.0077784542517865
6.9,42601652,30.59,5.292193548387097,1.0285080203622745,0.5246930282838903,680.65,83348000,712.05,679.0662365591398,1.0018458423114218,0.07810671040130979,675.75,738230016,696.32,675.5293978494624,1.0014824192858298,-0.10137073917151307,3768.25,3824.68,3556.099913978494,1.0062116002555588
6.33,49278568,30.59,5.397419354838709,1.019883212034768,0.6163143474452476,671.14,84328000,712.05,679.5526236559141,1.000716258695527,0.04398070530724851,669.71,512760000,696.32,675.9896774193547,1.0006813612721484,-0.1331840776570603,3841.47,3824.68,3581.3345376344087,1.0070961514767123
6.37,69012784,30.59,5.500602150537634,1.0191170611204081,0.5281620092878109,659.97,130041000,712.05,679.1423440860215,0.9993962504806686,0.04278181147170046,659.25,855809984,696.32,675.5944301075269,0.9994153056991393,-0.09595733540367601,3714.24,3841.47,3596.570623655914,1.0042543040482248
7.64,82168440,30.59,5.681591397849463,1.032903533532986,0.8970314539870052,697.28,122431000,712.05,681.0365806451613,1.0027891598508543,0.051559330113532864,675.92,613480000,696.32,676.1567741935484,1.0008323693342644,-0.12896652671602093,3886.83,3841.47,3621.6851397849455,1.006982906428653
6.78,144055792,30.59,5.799741935483871,1.0207953246477965,0.647411706150146,706.43,178263008,712.05,683.338688172043,1.0033802993734946,0.03100687312124495,675.23,610540032,696.32,676.5529032258065,1.0005858538247001,-0.15075343849027556,3934.83,3886.83,3648.3872043010747,1.007372828803587
7.69,74259048,30.59,5.97105376344086,1.0295378363145562,0.9299285528171044,697.34,102758000,712.05,684.8796129032258,1.0022549941308092,0.02725014039049012,667.53,538940032,696.32,676.3579569892472,0.9997118536693438,-0.16619475607975476,3906.71,3934.83,3671.7479784946236,1.0064030413674319
7.67,72646928,30.59,6.133161290322581,1.027148897548748,1.08548316509194,687.14,110170000,712.05,685.596064516129,1.0010460986126688,0.040630216530246566,649.39,685260032,696.32,674.926,0.9978828415124715,-0.1535950962693351,3811.15,3934.83,3687.4573978494623,1.0042784579570407
7.82,56052732,30.59,6.296430107526881,1.0266206625711798,0.965296789824349,701.25,107514000,712.05,687.121376344086,1.0022247966505373,0.07066173327869585,661.44,756380032,696.32,674.2555913978495,0.9990066931750287,-0.13065371785107072,3841.94,3934.83,3703.9919139784947,1.0044839883814456
8.97,53871744,30.59,6.52567741935484,1.0364090933930818,1.1422208991171636,700.1,100360000,712.05,688.4569892473119,1.001943780166369,-0.03349386739484084,675.66,740560000,696.32,674.4805376344086,1.000333621610898,-0.14044250424238114,3943.34,3934.83,3726.013182795699,1.0059452799381388
8.8,40320336,30.59,6.733677419354839,1.0318740854984774,1.330630775733403,688.94,94499000,712.05,688.9922580645161,1.0007774905703106,-0.037513613543272095,677.2,834460032,696.32,674.7643010752689,1.0004207140533001,-0.12277278608122089,3913.1,3943.34,3744.856623655914,1.0050572662885955
8.78,39951232,30.59,6.929612903225806,1.0290978423331927,1.3847154026066981,718.09,85693000,712.05,691.3496989247312,1.0034215781565348,-0.041874829997962104,703.6,674659968,696.32,676.7101075268818,1.002883683159456,-0.08856164785398013,3974.54,3943.34,3766.5543870967736,1.0057940171337394
8.97,25303436,30.59,7.126903225806452,1.0284706123323,1.291562461072623,715.79,59044000,718.09,693.4694838709678,1.0030661544360742,-0.02957048004084828,697.77,555630016,703.6,678.2154193548387,1.0022244559542022,-0.13231121612083907,4019.87,3974.54,3790.1733763440857,1.0062707150408408
8.67,27568708,30.59,7.293870967741936,1.0234278110204857,1.440774527590381,727.63,61314000,718.09,696.2282150537634,1.0039781580112166,-0.024820070228346758,707.92,567820032,703.6,680.31688172043,1.0030985175294163,-0.16654011577971684,4128.8,4019.87,3819.5450322580646,1.007749422782952
9.0,37603732,30.4,7.471032258064516,1.0242890628455175,1.9569729410552636,744.72,78700000,727.63,699.9225806451612,1.0053062566433228,-0.015393257854175335,717.35,576780032,707.92,682.9281075268817,1.0038382493167717,-0.1584738084334849,4185.47,4128.8,3850.8785591397855,1.0082034709938206
9.91,49234944,30.4,7.694107526881721,1.0298586943693637,2.6841397977636943,734.6,90833000,744.72,702.7426021505377,1.0040290477595066,-0.08524388840138353,714.11,629400000,717.35,685.1869892473119,1.003307642042455,-0.1651178967121425,4180.17,4185.47,3880.007784946237,1.0075643065235893
10.01,33121228,28.97,7.908129032258065,1.0278162872858996,2.435846174358782,737.8,80476000,744.72,705.5740430107527,1.0040291293733299,-0.05533128188780334,713.69,589689984,717.35,687.2763870967742,1.003049383427081,-0.16476501112120157,4181.17,4185.47,3907.305376344086,1.0070354475843475
10.34,30133528,28.97,8.128172043010753,1.0278249140669191,1.9018769616972948,737.98,66618000,744.72,708.2381290322581,1.0037757710163735,-0.061919912265693045,724.97,573809984,717.35,689.974688172043,1.0039260785412214,-0.14492261455004796,4232.6,4185.47,3936.1302150537635,1.0073771655740529
8.95,53859952,28.97,8.243935483870969,1.0142422478569162,1.7048170367291695,732.95,94110000,744.72,710.4410322580645,1.003110399081191,-0.08777356403646874,727.74,574590016,724.97,692.7465161290322,1.0040172893361243,-0.12956166436792538,4173.85,4232.6,3959.540064516129,1.0059474275959759
8.43,28165636,28.97,8.313913978494623,1.0084884815948119,1.4196066863323498,732.42,62228000,744.72,712.4875913978494,1.002880688258222,-0.09249212552687047,728.27,549409984,727.74,695.452193548387,1.0039057250471264,-0.11488297745935472,4155.86,4232.6,3980.3053118279568,1.0052443584288786
8.91,22931172,28.97,8.404021505376344,1.010838159633934,1.9460896405610755,736.67,64745000,744.72,714.6581505376342,1.0030464518484123,-0.12560583880028764,725.46,648969984,728.27,697.8547311827957,1.0034546409612288,-0.15118780273516963,4204.11,4232.6,4002.6985806451607,1.0056260178712069
8.73,17174020,28.97,8.469591397849463,1.0078022042698453,1.0128225218813538,733.88,50608000,744.72,716.4407096774195,1.002494282250114,-0.1769659482797612,732.67,421449984,728.27,700.5374838709678,1.003844285305088,-0.11000266061876784,4229.89,4232.6,4024.7461505376345,1.005508176408557
9.04,31689022,28.97,8.54516129032258,1.0089224956580911,0.7383156609620047,731.28,66542000,744.72,717.93423655914,1.0020846482640455,-0.18290473606246982,727.42,520660000,732.67,702.7444516129032,1.0031503920814349,-0.1348361019780795,4247.44,4232.6,4046.376623655914,1.0053743695401485
8.41,39424508,28.97,8.57094623655914,1.0030174908770606,0.2541834201399782,716.02,76805000,744.72,718.3849462365591,1.0006277868563271,-0.17341442564434528,706.19,692710016,732.67,703.5073978494623,1.0010856666812638,-0.13694984374186348,4166.45,4247.44,4061.3576559139788,1.0037023326426122
9.44,36356760,28.97,8.65810752688172,1.010169389460267,0.22483581753844706,742.37,77241000,744.72,720.4836774193549,1.0029214576304675,-0.16700988980741815,719.22,572680000,732.67,705.060752688172,1.0022080149312689,-0.1293911241110921,4280.7,4247.44,4082.4001720430106,1.0051811531787629
8.89,37636296,28.97,8.704301075268818,1.0053352939130955,0.040236179167272956,746.52,70429000,744.72,722.7574838709676,1.0031559444341016,-0.13721034911056895,721.8,526000000,732.67,706.7109032258066,1.002340437375564,-0.13492428513106258,4352.34,4280.7,4106.683225806452,1.005948229654147
8.9,22051588,28.97,8.74868817204301,1.005099444101297,0.18822935640225502,748.42,48910000,746.52,725.0422150537634,1.0031611311315092,-0.20024386412068207,724.85,414340384,732.67,708.4957419354838,1.0025255570580986,-0.1433263510788254,4369.55,4352.34,4130.67182795699,1.0058413568399414
8.44,23242518,28.97,8.759118279569892,1.001192191025874,0.09245437493966224,764.7,59364000,748.42,728.2572258064516,1.0044342393945294,-0.20846878165868388,733.88,551543616,732.67,710.7897634408605,1.003237876206722,-0.11215607816153894,4327.16,4369.55,4150.40711827957,1.0047777434626999
8.72,29567776,28.97,8.784494623655915,1.0028971345375266,0.09774505511821752,766.52,68164000,764.7,731.4705806451611,1.0044123899150483,-0.20486200069660687,737.09,561096320,733.88,713.2094838709678,1.003404270228082,-0.11965187909091535,4411.8,4369.55,4174.274559139784,1.0057506264277294
8.73,15749416,28.97,8.80720430107527,1.002585200218371,0.17547424517121524,754.54,57093000,766.52,733.779182795699,1.0031561107331228,-0.212990673092871,738.72,499268960,737.09,715.628258064516,1.0033913937605263,-0.10928366560954128,4395.26,4411.8,4195.550731182796,1.0050969747537153
8.6,24267936,28.97,8.817849462365592,1.001208687902133,0.17753400848518952,744.31,55818000,766.52,735.3364086021505,1.002122199488569,-0.2395968965257338,734.67,503544448,738.72,717.6945591397849,1.0028873944705,-0.09441395095949567,4436.52,4411.8,4218.11423655914,1.0053779603256003
8.25,24507044,28.67,8.802064516129033,0.998209887081433,0.12334660819364673,749.86,48691000,766.52,737.1393118279569,1.0024518073696822,-0.1895644688208591,749.91,434151648,738.72,720.6468817204301,1.0041136198443301,-0.07595155003327148,4468.0,4436.52,4241.392924731183,1.0055187429421142
7.86,26120556,27.53,8.758215053763442,0.9950182752824362,0.1606670620714854,752.05,60473000,766.52,738.9346666666667,1.0024355706036863,-0.1600439399425606,753.12,501740000,749.91,723.6468172043011,1.0041628369732332,-0.03169582636224488,4441.67,4468.0,4261.46806451613,1.0047331478458152
9.51,76017344,26.43,8.817526881720429,1.006772136513307,0.418427650633882,756.92,99314000,766.52,740.8702150537634,1.0026193768873073,-0.13124594632390618,742.89,432289984,753.12,725.807376344086,1.002985654173305,-0.08720465149752243,4509.37,4468.0,4284.620193548388,1.0054328998086455
9.48,32784224,24.48,8.868150537634408,1.0057412533687793,0.19474662338560655,765.24,58839000,766.52,743.1340430107529,1.0030556336467449,-0.19099547702690334,754.28,504790016,753.12,728.5229032258065,1.0037413878257875,-0.05094032413174121,4535.43,4509.37,4307.743655913979,1.005396852304531
8.23,93272616,24.48,8.834172043010751,0.9961684801718848,0.20477082503765565,750.47,120814000,766.52,744.298817204301,1.0015673810189467,-0.1622062568712075,744.81,465870016,754.28,730.4589462365591,1.0026574909343,-0.030059762264659673,4458.58,4535.43,4324.514215053764,1.0038931191081348
8.35,43029388,23.61,8.804817204301076,0.9966771262132142,0.10705978948210704,731.6,83959000,766.52,744.1514623655916,0.9998020219362125,-0.18193824789453927,738.16,697929984,754.28,731.8163225806451,1.0018582513789165,-0.028903837668882826,4432.99,4535.43,4338.507462365591,1.0032357963498226
8.01,60594208,23.61,8.752107526881721,0.9940135409746376,0.053936747808362995,729.78,91424000,766.52,743.8130107526881,0.9995451845087725,-0.17535204287090034,735.86,519449984,754.28,732.8734193548387,1.0014444837339318,-0.03590872484779539,4455.48,4535.43,4352.819892473119,1.0032989294663386
8.18,53124248,23.61,8.709634408602152,0.9951470982104466,0.06736290773705422,716.6,86667000,766.52,742.5325376344085,0.998278501317174,-0.2045519642737521,716.41,586659968,754.28,732.4897204301075,0.9994764458437189,-0.05096893771596056,4357.05,4535.43,4359.396344086021,1.0015108485476907
7.97,40222304,23.34,8.65283870967742,0.9934789801431116,-0.12223560804376621,718.27,73668000,766.52,741.3267956989249,0.9983761762961595,-0.12537403494451027,726.43,557169984,754.28,732.6342580645162,1.0001973237717574,-0.03847300394932729,4391.36,4535.43,4367.078580645161,1.0017622248478422
7.83,41845568,23.0,8.589161290322581,0.9926408637105854,-0.08277709731486704,728.76,69861000,766.52,740.7587526881721,0.999233748174154,-0.1462639666022607,734.91,532980000,754.28,733.2167096774193,1.0007950100701568,-0.05744839229725951,4471.37,4535.43,4378.959268817204,1.0027205116538773
8.08,42765660,22.9,8.543698924731183,0.994707007581448,-0.045426454353068024,732.51,87746000,766.52,740.347010752688,0.9994441619029274,-0.1722989892830027,740.73,487310016,754.28,734.0505376344086,1.001137218977669,-0.09073193807807822,4544.9,4535.43,4394.383247311828,1.0035222932089045
8.48,34754008,21.89,8.525548387096775,0.9978755644605092,-0.025625478987974626,727.51,81952000,766.52,739.5816774193548,0.998966250525473,-0.174658766405984,741.09,568390016,754.28,734.8277419354838,1.0010587885455133,-0.08357046937291202,4605.38,4544.9,4412.482580645161,1.0041187425662985
9.29,38057800,21.45,8.560709677419354,1.004124226234619,0.07070643704271107,760.5,71048000,766.52,740.9195268817205,1.0018089272668758,-0.14949620388086937,759.16,500689984,754.28,736.6775913978494,1.0025173919774628,-0.06536598513950898,4697.53,4605.38,4435.267913978494,1.0051638353051586
10.81,97757816,21.45,8.692602150537635,1.01540672188267,0.19427795710088036,763.87,124582000,766.52,742.4041075268818,1.0020037002552888,-0.13797680379664956,757.39,434380000,759.16,738.303053763441,1.0022064772765888,-0.06301837475174588,4682.85,4697.53,4455.883075268817,1.004648008122655
10.35,52909752,21.45,8.790924731182795,1.0113110641603538,0.027713696142178446,766.76,82500000,766.52,744.0339569892473,1.0021953669784975,-0.09604307610106733,750.13,580720000,759.16,739.3740215053764,1.0014505801330176,-0.07342775970056103,4697.96,4697.53,4476.403440860216,1.0046052298152282
9.64,26413676,21.45,8.842494623655915,1.005866264818557,-0.06543688404583548,749.8,46706000,766.76,744.5004516129031,1.000626980286684,-0.10093755651861058,748.44,442500000,759.16,740.2584946236559,1.001196245868199,-0.05019319728363869,4594.62,4697.96,4489.143182795699,1.0028459771563922
9.4,42128628,21.45,8.87937634408602,1.0041709632857947,-0.1311201086140834,749.16,85870000,766.76,744.8998494623658,1.0005364642138193,-0.1126933789069795,744.85,839480000,759.16,740.8366236559141,1.000780982638439,-0.04483399949214806,4538.43,4697.96,4497.368623655913,1.0018322963927142
10.15,24988478,21.45,8.966666666666667,1.0098306817053413,0.09724366917692029,783.09,60021000,766.76,747.4642365591399,1.0034425931199005,-0.10192118407549233,771.24,671020032,759.16,743.0745806451614,1.0030208509106953,-0.0691644148648749,4712.02,4697.96,4516.135720430108,1.0041729060578848
9.73,29175422,21.45,9.024279569892473,1.0064252308430266,0.11950978876680085,782.63,84408000,783.09,749.8911182795699,1.0032468198500064,-0.10988552125147555,780.14,938729984,771.24,745.793182795699,1.0036585858557794,-0.04061367646090641,4620.64,4712.02,4527.849978494624,1.002593867587177
10.52,20148964,21.45,9.130064516129034,1.0117222594243964,0.16599129491989428,801.9,47186000,783.09,753.453247311828,1.004750194988881,-0.07153882164472236,785.12,445600000,780.14,748.7215268817204,1.0039264827750827,-0.041848239209452354,4725.78,4712.02,4545.347935483872,1.0038645178334873
10.5,16838728,21.45,9.23109677419355,1.0110658865428643,0.17622782324124753,818.84,38484000,801.9,757.968,1.0059920807353073,-0.05164134542263299,804.6,355929984,785.12,752.7783440860214,1.0054183258509968,-0.028610635402592566,4766.18,4725.78,4564.33047311828,1.0041762562302916
10.04,22999582,21.45,9.298645161290322,1.0073174822828865,0.1099119475287802,801.82,59795000,818.84,761.2019784946236,1.0042666425160742,0.007994443704290921,807.65,701510016,804.6,756.8772473118279,1.0054450333992844,0.009155347309286022,4677.02,4766.18,4576.407440860215,1.002645945076296
8.93,66634824,21.45,9.292430107526883,0.9993316172780404,0.035587610420213744,767.42,103549000,818.84,762.0649032258065,1.0011336343776844,-0.024078412740622168,804.27,662259968,807.65,760.5855483870968,1.0048994748995819,0.019743940065134913,4662.85,4766.18,4586.646387096775,1.0022373327482037
8.39,42680704,21.45,9.250258064516128,0.9954616776749716,-0.15649994285012936,743.64,84354000,818.84,761.2830967741936,0.9989740946626678,-0.049234885018162755,792.02,587619968,807.65,763.2926021505376,1.003559170653691,0.07383505899700249,4397.93,4766.18,4578.7261935483875,0.9982732059810261
8.13,48635100,21.45,9.19356989247312,0.9938717199403914,-0.10855516553393307,741.47,105781000,818.84,760.358559139785,0.9987855534448011,-0.05545627033329947,788.58,807969984,807.65,765.6211612903227,1.0030506769399106,0.074250369426063,4431.85,4766.18,4572.742279569893,0.9986931050852252
8.47,55524808,21.45,9.160451612903227,0.9963976692452181,-0.05868307451244692,735.72,93306000,818.84,759.0739139784946,0.9983104745177804,-0.03640481820887598,791.72,682630016,807.65,768.008688172043,1.0031184180929593,0.062275654358102894,4500.54,4766.18,4571.018989247312,0.9996231385419903
9.32,99199992,21.45,9.18309677419355,1.0024720573010204,0.06777667388941366,720.24,135011008,818.84,756.8178709677418,0.9970279007495748,-0.04298368898104321,784.66,631779968,807.65,769.7969247311827,1.002328406679091,0.04805298679437908,4418.64,4766.18,4563.730129032258,0.9984054189597114
9.17,27544268,21.45,9.194172043010752,1.0012060494503692,0.016477449256699694,723.09,62380000,818.84,754.841311827957,0.9973883291930496,-0.022813681384296958,793.39,675500032,807.65,772.0391827956988,1.002912791662943,0.09064546517757566,4348.87,4766.18,4551.743247311828,0.9973734464173997
9.13,30972604,21.45,9.201698924731183,1.0008186579156033,0.013035261571729295,714.7,62156000,818.84,752.4168602150537,0.9967881307303754,-0.042319068767150414,790.89,616430016,807.65,773.9990752688173,1.0025385919740775,0.07304294691383473,4384.62,4766.18,4542.198150537634,0.9979029799671081
8.12,49974888,21.45,9.143204301075267,0.993643062641541,-0.10695140330676245,694.48,82571000,818.84,748.7735698924731,0.9951578831958401,-0.0665370370106455,790.3,764209984,807.65,775.8087096774193,1.0023380317450297,0.09998558567375115,4328.87,4766.18,4529.079161290323,0.997111753205712
8.21,63963264,21.45,9.091548387096775,0.9943503489282837,-0.03753032974242043,649.39,111338000,818.84,742.3284086021505,0.9913923760807314,-0.11553116227454951,744.6,828889984,807.65,774.5503225806452,0.9983779672990558,0.05193660777341613,4204.31,4766.18,4508.155548387097,0.9953801618037373
9.06,45792512,21.45,9.094817204301076,1.0003595446083684,0.15720930393664057,660.89,100199000,818.84,736.841247311828,0.9926081755369499,-0.12370104344411492,773.04,791640000,807.65,775.1381935483872,1.0007589835684056,0.021627457680418738,4463.09,4766.18,4504.4944946236565,0.9991879042938635
8.92,26931972,21.45,9.08647311827957,0.9990825449446571,-0.09473085815857718,665.09,80299000,818.84,731.8210967741935,0.9931869306231847,-0.13081936798603622,783.16,581980032,807.65,776.3361290322579,1.0015454476296501,0.046740542811951835,4543.04,4766.18,4505.945440860215,1.0003221107803084
8.97,30244412,21.45,9.082623655913979,0.9995763524179863,-0.09162834653067142,676.42,79416000,818.84,727.7293978494623,0.9944088808825449,-0.12980189798732866,801.38,589150016,807.65,778.6229462365592,1.0029456534596064,0.06014398318021508,4545.86,4766.18,4507.505913978494,1.0003463142505298
8.59,42727388,21.45,9.055354838709677,0.9969976938121238,0.03069250585662564,682.14,102572000,818.84,724.197741935484,0.995147020411138,-0.1537803623645042,823.24,624329984,807.65,782.2187956989249,1.004618216660254,0.09864070964300709,4488.28,4766.18,4505.329118279569,0.99951707313524
8.56,35079332,21.45,9.025376344086022,0.9966894180120359,0.03387723721817115,683.07,76469000,818.84,720.8730322580644,0.9954091134438862,-0.11184468604401454,824.51,129982496,823.24,785.7279139784947,1.0044861083610686,0.12609354626016556,4392.59,4766.18,4496.914903225807,0.9981323861514084
8.07,48223384,21.45,8.963333333333335,0.9931257148303471,0.020721545314591583,698.46,107550000,818.84,718.6455913978494,0.9969100788064748,-0.11758649373612251,827.69,132725104,824.51,789.256494623656,1.0044908429271584,0.1660228850904346,4271.78,4766.18,4480.793376344086,0.9964149806637086
8.11,28997300,21.45,8.90374193548387,0.9933516476925105,0.04283343189514632,686.82,96014000,818.84,715.7345376344088,0.9959492498134187,-0.0785337590267462,810.5,695939968,827.69,791.478559139785,1.0028153895866116,0.18300339486205797,4131.93,4766.18,4456.044322580645,0.9944766357908621
6.58,74871456,21.45,8.634086021505377,0.9821782420432028,-0.12109451837305552,667.7,143035008,818.84,707.2861505376345,0.9944348931419901,-0.0175814110758431,802.0,740950016,827.69,792.9498924731183,1.0018589680242664,0.16506277787644286,4023.89,4766.18,4400.566344086023,0.9930811775972718
6.27,51996932,21.45,8.460107526881721,0.9798498075893246,-0.21916912179961734,638.42,110594000,818.84,701.5702795698924,0.9919185877407648,-0.01721830929501722,732.76,880089984,827.69,789.7916129032258,0.9960170502576875,0.09715118197402495,3901.36,4766.18,4362.964645161291,0.9914552591678875
7.08,46592780,21.45,8.342279569892474,0.9860725225282477,-0.13495576030293988,671.6,95826000,818.84,698.1973978494623,0.9951923822621194,-0.014508039064272116,777.86,644499968,827.69,789.5476344086021,0.9996910849765461,0.19172230155140502,4158.24,4766.18,4343.319806451613,0.9954973646803522
7.27,29304722,21.45,8.239720430107527,0.9877061013209044,-0.17320636557090918,679.71,69075000,818.84,695.4679784946237,0.9960907626364041,-0.015613343091166909,764.48,598739968,827.69,788.3605806451612,0.9984965393958403,0.12865241250750148,4108.54,4766.18,4321.430107526882,0.9949601457179793
7.05,26067348,21.45,8.127311827956989,0.9863577164900156,-0.32508475322323105,653.05,67302000,818.84,691.1923010752689,0.9938520858593523,0.0011672298622479316,744.53,584700032,827.69,785.8361290322582,0.9967978464742148,0.1061116141417473,3900.86,4766.18,4287.408344086021,0.9921271980352978
7.04,54037912,21.45,8.022344086021505,0.9870845681625741,-0.276152942180095,625.4,117145000,818.84,685.3710752688172,0.9915779938558404,0.007552650381257409,711.82,859390016,827.69,781.232817204301,0.9941421478882294,0.10682303461351994,3674.84,4766.18,4240.486344086022,0.9890558593363931
8.05,39577568,21.45,7.989655913978495,0.9959253590107201,-0.10140230387329807,692.97,84181000,818.84,684.2132043010753,0.9983105925979036,0.046173206629959496,758.61,694220032,827.69,779.7462150537635,0.998097107395133,0.22908433919457782,3911.74,4766.18,4211.0484731182805,0.993057902188791
