45.21,12636035,98.46,48.555204301075264,0.9954811720646577,0.12459874525311299,262.19,199718000,370.98,285.9839784946236,0.9928645481880977,-0.08442748168623715,658.82,16521938,667.72,638.8494623655914,1.0024548019648543,-0.03176280128314546,2258.07,2259.53,2169.048258064516,1.0033756786712993
42.84,10820817,98.46,48.17402150537636,0.9921494966155365,0.058145716079318954,255.76,140271008,370.98,283.57694623655914,0.9915833317980444,-0.0963396641772466,656.73,16521938,667.72,640.1882150537634,1.0020955683099657,-0.035121986400710625,2263.79,2259.53,2176.272193548387,1.0033304632375109
42.98,6161408,98.46,47.79961290322582,0.9922279977786627,-0.1082308177766631,258.14,124492000,370.98,281.4083225806452,0.9923526094603441,-0.10654918047909567,647.82,16521938,667.72,640.8934408602149,1.0011015913599601,-0.0343005123949629,2238.83,2263.79,2181.531548387097,1.0024166806221673
42.47,10335382,98.46,47.404064516129026,0.9917248621260257,-0.12401674474364444,261.72,150648992,370.98,279.5589247311828,0.993428062707945,-0.1215146604290459,662.91,16521938,667.72,642.5286881720431,1.0025515120105353,-0.020486029999601696,2276.98,2263.79,2188.9517634408603,1.0034013787512033
42.39,9870679,98.46,47.01920430107527,0.9918812823545372,-0.09153715955641994,256.87,128805000,370.98,277.48225806451615,0.9925716316563189,-0.11168052119618288,668.41,16521938,667.72,644.4307311827956,1.0029602460493456,-0.019279297067069878,2274.64,2276.98,2195.831956989247,1.0031431453462325
42.46,8764806,98.46,46.655161290322575,0.992257567601067,-0.08004717991493882,257.52,122214000,370.98,275.54658064516127,0.9930241398752607,-0.09323249133100497,667.96,16521938,668.41,646.1985806451613,1.0027432730576349,-0.011994249731500872,2271.31,2276.98,2202.059849462366,1.002836233644062
41.53,8628248,98.46,46.24219354838709,0.9911485089641917,-0.11053449634285983,255.68,143323008,370.98,273.5711827956989,0.9928309839852224,-0.08034617671290578,677.34,16521938,668.41,648.4376774193548,1.003465028926492,-0.00907747117555191,2294.69,2276.98,2209.2931182795696,1.0032847739442547
41.02,10190114,98.46,45.81470967741936,0.9907555451382205,-0.15890710603600755,237.92,405708992,370.98,270.55748387096776,0.9889838582633838,-0.15235685449130687,672.5,16521938,677.34,650.254,1.0028010750206153,-0.02811654903423544,2297.42,2294.69,2216.2901720430104,1.0031671006918672
38.38,41881440,98.46,45.23670967741936,0.9873839645810334,-0.2755623925138254,244.18,279700992,370.98,268.10668817204294,0.9909416821007485,-0.14920832484145286,681.97,16521938,677.34,652.6117204301075,1.0036258453313744,-0.011293519014973885,2316.1,2297.42,2224.132129032258,1.0035383259323027
38.3,14684255,98.46,44.68206451612904,0.9877390472197145,-0.3378187137639058,248.56,254044992,370.98,266.0941075268817,0.992493359047165,-0.12636246648930438,689.08,16521938,681.97,655.3449892473119,1.0041882006277836,-0.017796424314694193,2351.16,2316.1,2233.9040645161294,1.0043935948572098
37.3,10956219,98.46,44.09116129032258,0.9867753821985294,-0.3275917083817953,249.57,155550000,370.98,264.29322580645163,0.993232162345992,-0.1314482213077911,691.43,16521938,689.08,658.1418064516129,1.0042677021266513,-0.021798677213622053,2367.34,2351.16,2244.3410967741934,1.0046721040638442
36.41,19572224,98.46,43.47384946236559,0.9859991932647852,-0.3175664007732697,245.16,197350000,370.98,262.3422150537634,0.9926180069627779,-0.14217149654964267,691.63,16521938,691.43,660.8577204301074,1.004126639505151,-0.023269057674685678,2383.12,2367.34,2255.3795483870967,1.004918348475982
36.85,13225495,98.46,42.91503225806452,0.9871459000936913,-0.2725402943505274,245.3,157620992,370.98,260.53227956989247,0.9931008607078352,-0.12812587023113342,689.82,16521938,691.63,663.3615483870967,1.0037887549461626,-0.026487461756096398,2372.6,2383.12,2265.3086451612903,1.0044024061410393
37.83,13034145,98.46,42.4451182795699,0.9890501310666889,-0.2583000427331015,248.88,158475008,370.98,259.0999784946236,0.9945024045479761,-0.1684645520689978,695.82,16521938,691.63,666.1687096774194,1.0042317214453387,-0.012403023156681403,2378.25,2383.12,2275.196774193548,1.004365025072137
37.56,8443629,98.46,41.98412903225806,0.9891391692143375,-0.22026638683505906,249.21,168376000,370.98,257.84313978494623,0.9951492133770924,-0.16185760064707488,688.82,16521938,695.82,668.4177849462366,1.0033761346580001,-0.007490820338834414,2343.98,2383.12,2282.4559139784947,1.0031905547103808
38.11,8296760,98.46,41.58449462365592,0.9904812981044555,-0.1917235840931062,250.0,242807008,370.98,256.77597849462364,0.9958611995990561,-0.11262642199439521,700.24,16521938,695.82,671.3026451612905,1.0043159537044424,0.009086093016229091,2362.72,2383.12,2290.547870967742,1.0035452851201592
37.55,8963029,98.46,41.17260215053763,0.9900950467993909,-0.1594450820703921,244.95,208250000,370.98,255.48765591397853,0.9949826981939742,-0.15086074313562625,694.52,16521938,700.24,673.6904516129033,1.0035569745908555,0.01116609137716229,2355.54,2383.12,2297.783612903226,1.0031589568710595
37.56,5064925,98.46,40.78324731182796,0.9905433512002451,-0.12744795828900612,244.93,118974000,370.98,254.2958709677419,0.9953352542925288,-0.1604428277076796,689.29,16521938,700.24,675.5829677419356,1.0028091776044938,0.015785765926443096,2328.95,2383.12,2302.8141290322583,1.002189290628057
36.76,8040608,98.46,40.36440860215054,0.9897301284894019,-0.23210215848638216,245.15,162168000,370.98,253.211935483871,0.9957375026195042,-0.13472526156845732,702.34,16521938,700.24,678.1771612903226,1.0038399333201928,0.024383508152126643,2348.69,2383.12,2308.710043010752,1.0025603082351122
37.33,9726043,98.46,40.011913978494626,0.9912671921659931,-0.18571401942697563,247.88,211415008,370.98,252.4043655913978,0.9968106957875821,-0.10281950539502072,716.73,16521938,702.34,681.5508172043011,1.0049745938178745,0.027418536938430105,2384.2,2383.12,2316.501225806451,1.0033746909098809
38.1,7514606,98.46,39.72944086021506,0.9929402747783725,-0.2168775740530524,250.6,184816000,370.98,251.85187096774192,0.997811073424339,-0.14524479673787183,717.5,16521938,716.73,684.8004516129031,1.0047680001645833,0.018406953037670926,2399.29,2384.2,2324.8015913978493,1.0035831475066492
36.74,10412645,98.46,39.37827956989248,0.9911611821682034,-0.23496838880148663,249.39,342516992,370.98,251.29182795698924,0.9977762999790285,-0.11233048744799012,715.16,16521938,717.5,687.718688172043,1.0042614407631691,0.020796794408807884,2390.9,2399.29,2332.032602150538,1.003110377582089
36.41,10381493,98.46,39.027139784946236,0.9910829069024459,-0.3131009385812602,241.26,193099008,370.98,250.27204301075267,0.9959418300446637,-0.14789236255519111,709.57,16521938,717.5,690.085376344086,1.003441360854005,0.010062680706424354,2381.73,2399.29,2338.1173333333336,1.0026091964482762
36.76,8107768,98.46,38.72554838709678,0.9922722649030563,-0.355862883850249,244.56,146275008,370.98,249.54716129032258,0.9971036248727192,-0.15511472541698623,721.91,16521938,717.5,693.0817634408603,1.0043420527365012,0.02892601212653112,2415.82,2399.29,2345.884064516129,1.0033217884629095
33.05,28692742,98.46,38.21333333333334,0.9867732007654639,-0.4008785747852702,247.25,177912992,370.98,249.0547741935484,0.9980268775880752,-0.15327935445479457,732.96,16521938,721.91,696.5711397849462,1.005034581095833,0.03396838958358073,2439.07,2415.82,2354.528408602151,1.0036848982508457
35.7,23174816,98.46,37.90658064516129,0.9919726267924273,-0.3465635115882194,253.46,180146000,370.98,249.00324731182795,0.9997931102429684,-0.18847846795552214,718.11,16521938,732.96,698.8357204301076,1.0032510400098695,0.010573925183612554,2431.77,2439.07,2361.9407311827954,1.0031481134623663
34.6,12696506,98.46,37.55896774193548,0.9908297478350852,-0.3288144078780668,254.05,200324992,370.98,249.04612903225802,1.0001722134987918,-0.17571307612322717,717.76,16521938,732.96,700.8951397849462,1.0029469291489153,-0.0006869917367229306,2433.15,2439.07,2368.867204301075,1.0029325346850728
35.34,10004737,98.46,37.28698924731183,0.992758627007739,-0.3504977903467922,257.27,153932992,370.98,249.3376559139785,1.0011705738324594,-0.1737567126651789,713.32,16521938,732.96,702.5095698924731,1.0023033832250887,-0.018465705728648807,2438.3,2439.07,2375.585612903226,1.0028361271539208
36.25,7404836,98.46,37.10290322580645,0.9950629958271933,-0.28262080310248283,263.85,147478000,370.98,250.10159139784943,1.003063859251707,-0.10590036364128763,714.05,16521938,732.96,704.053311827957,1.0021974674817884,0.0006526859059940993,2423.41,2439.07,2380.8596129032258,1.0022200841642388
36.04,5953992,98.46,36.92666666666667,0.9952500601349923,-0.3403619571112193,259.82,95368000,370.98,250.61438709677424,1.0020503496041697,-0.12366598376077198,709.49,16521938,732.96,705.1553763440861,1.001565314014741,-0.010755545151619916,2425.18,2439.07,2385.7500430107525,1.002054060676666
34.03,14055731,98.46,36.64939784946237,0.99249136620678,-0.29375207269386205,257.99,132488000,370.98,251.0630322580645,1.0017901811882692,-0.07017895997419155,717.53,16521938,732.96,706.6863225806453,1.0021710764576404,1.1229502146603565e-05,2459.27,2439.07,2392.4835913978495,1.0028224031292898
35.18,5882866,98.46,36.47036559139786,0.9951150013760148,-0.22917932032537225,266.62,106942000,370.98,252.0774838709678,1.004040625191926,-0.02343205753292965,724.96,16521938,732.96,708.5703655913977,1.0026660244447245,0.011680916216343151,2472.54,2459.27,2399.640580645161,1.0029914475790114
36.55,11974389,98.46,36.396193548387096,0.9979662380179634,-0.18120995564250175,269.34,142702000,370.98,253.24406451612901,1.0046278653184209,-0.015751627864115658,727.11,16521938,732.96,710.4463870967742,1.0026476149673726,0.018202294755589987,2472.1,2472.54,2406.320258064516,1.0027836157936447
36.8,10510743,98.46,36.35197849462365,0.9987851736829385,-0.18991873326432263,271.41,200916000,370.98,254.52010752688173,1.0050387874368973,0.002028675232652155,724.33,16521938,732.96,711.9725376344087,1.0021481572224908,0.00488232933747601,2476.83,2472.54,2412.803440860215,1.0026942310666966
44.69,30480560,98.46,36.82898924731183,1.0131220025000491,-0.05313314433954086,273.76,182723008,370.98,255.92692473118282,1.0055273322723726,0.02737256345975858,714.66,16521938,732.96,712.7427311827956,1.0010817742366103,-0.004083472091528373,2441.32,2476.83,2416.5658709677423,1.0015593603870965
41.96,12370712,98.46,37.124924731182794,1.00803539521228,-0.08548820338691188,262.67,171623008,370.98,256.5819354838709,1.0025593663244932,-0.012730156822142513,701.68,16521938,732.96,712.5760430107526,0.9997661313616396,-0.017425882601697307,2425.55,2476.83,2418.9524301075267,1.00098758290368
42.29,8620292,98.46,37.44322580645161,1.008573783720064,-0.09566373410588458,269.7,129033000,370.98,257.67941935483867,1.00427732322191,-0.011522797924106376,704.38,16521938,732.96,712.5110322580643,0.999908766575405,-0.024732746421506135,2443.05,2476.83,2422.136322580645,1.001316227815599
42.81,7801280,98.46,37.79344086021505,1.0093532286874465,-0.005479943858437641,271.4,136348000,370.98,258.8564301075269,1.004567732866036,0.08011192435928094,715.39,16521938,732.96,713.0981935483871,1.0008240732616616,-0.014193119102180907,2476.55,2476.83,2427.162451612903,1.002075080987557
42.15,6625035,98.46,38.09722580645162,1.0080380335667283,0.03755429068437044,271.12,113561000,370.98,259.943376344086,1.0041990312394697,0.051922191373949156,707.77,16521938,732.96,713.1015053763441,1.0000046442803907,-0.02491614629544814,2461.43,2476.83,2430.827870967742,1.001510166471306
44.92,12313932,98.46,38.571612903225805,1.0124520115764926,0.11617976991832268,274.18,133488000,370.98,261.1698064516128,1.0047180663911337,0.04849542236119886,714.22,16521938,732.96,713.4654623655913,1.0005103859499709,-0.02691931870036357,2500.23,2476.83,2436.6839784946233,1.0024091000423447
46.16,10966818,98.46,39.111763440860216,1.0140038359036119,0.17938409385161713,268.96,110660000,370.98,262.00436559139786,1.003195465628756,0.07451197555679823,713.19,16521938,732.96,713.7089032258065,1.0003412090326111,-0.025504330053058633,2502.22,2500.23,2442.347892473119,1.002324435186706
47.85,9557646,98.46,39.74189247311828,1.0161109849524137,0.2751366717046575,273.9,122190000,370.98,263.1159354838709,1.004242562485415,0.10312784874224179,717.47,16521938,732.96,714.1816774193546,1.0006624187976516,-0.019807736838155066,2519.36,2502.22,2448.827548387097,1.0026530437919787
47.48,6824948,98.46,40.32354838709678,1.0146358383504746,0.22145111055191324,274.68,117581000,370.98,264.2160215053763,1.004180993520907,0.06235265999038764,730.37,16521938,732.96,715.4311397849461,1.001749502129635,-0.015704452810439085,2549.33,2519.36,2456.94776344086,1.0033159603497237
47.77,8746198,98.46,40.901053763440856,1.0143217896103824,0.21530854025699409,269.24,103685000,370.98,264.9019569892473,1.002596116162687,0.023520778803324704,725.85,16521938,732.96,716.3017849462365,1.001216951727251,-0.030392165911103053,2553.17,2549.33,2464.9356559139783,1.003251144607947
49.95,10549877,98.46,41.59782795698925,1.0170356049401152,0.26284957843667733,278.5,116896000,370.98,266.1415268817204,1.0046793534731169,0.07529095360804772,727.03,16521938,732.96,717.1839784946237,1.001231594792764,-0.043176776431970376,2575.21,2553.17,2473.969311827957,1.0036648647977098
49.02,6443536,98.46,42.20795698924731,1.014667329094416,0.2590051706097758,280.1,165628000,370.98,267.42133333333334,1.004808743928871,0.10300068573767973,735.17,16521938,732.96,718.5091612903225,1.001847758504701,-0.0425317773199545,2581.07,2575.21,2482.8837634408605,1.0036032991881847
47.62,14304243,98.46,42.704301075268816,1.0117594908976038,0.20248987853677503,268.88,328887008,370.98,267.9125376344086,1.0018368179342783,0.07048771141980303,729.51,16521938,735.17,719.394064516129,1.001231582384026,-0.048238457139956115,2587.84,2581.07,2491.7654193548387,1.0035771533266098
54.71,29994590,98.46,43.63640860215054,1.0218270174996853,0.38958783891638005,274.58,207262000,370.98,268.7200215053764,1.0030139831382945,0.06850047187990205,734.96,16521938,735.17,720.5553333333332,1.0016142318577306,-0.042526345068270466,2582.3,2587.84,2499.7900860215054,1.0032204743690296
56.29,9899677,98.46,44.63356989247312,1.022851589355441,0.49841707967259286,281.49,136612992,370.98,269.9095483870967,1.0044266403190076,0.1117837082317128,744.25,16521938,735.17,722.217741935484,1.0023071213621588,-0.03832309880662321,2578.85,2587.84,2507.0473333333334,1.002903142688824
56.61,6443811,98.46,45.609376344086016,1.0218626126918307,0.5384221532946518,286.12,92784000,370.98,271.3196344086022,1.0052242909890805,0.09315338648697513,752.31,16521938,744.25,724.3100215053763,1.0028970204529801,-0.041885431763603265,2602.42,2587.84,2515.3302580645163,1.0033038565411407
57.98,12976939,98.46,46.63210752688172,1.0224237046145954,0.5228105682276231,288.23,156274000,370.98,272.78361290322584,1.0053957705560628,0.09701483439948344,767.92,16521938,752.31,727.33288172043,1.0041734341998625,-0.030979009687578607,2642.22,2602.42,2525.7116344086025,1.0041272418644835
61.81,14689745,98.46,47.85918279569893,1.026313956925705,0.7073934766535008,296.77,154079008,370.98,274.7176344086021,1.0070899475404427,0.13357781073918784,771.92,16521938,767.92,730.5053763440859,1.0043618193311317,-0.029629757184901573,2651.5,2642.22,2536.1692903225808,1.0041404789729398
61.65,13101720,98.46,49.02202150537635,1.0242970866143148,0.7316604444106238,300.49,154692992,370.98,276.78976344086027,1.0075427594472373,0.19330399267509035,780.76,16521938,771.92,734.1261290322581,1.0049565038197155,-0.023144905744057587,2675.81,2651.5,2547.6349032258067,1.004520838946744
63.4,8113144,98.46,50.24348387096774,1.024916605396565,0.7877697000415641,304.12,142952992,370.98,278.9687096774194,1.0078722067227919,0.22249052343075393,788.32,16521938,780.76,738.0815268817204,1.0053878995625403,-0.018744650499394444,2683.34,2675.81,2558.9538924731182,1.0044429400904265
62.95,4582762,98.46,51.37862365591398,1.022592776166984,0.9519183627407575,304.67,90731000,370.98,281.05505376344087,1.0074787745494251,0.20611085762789672,785.33,16521938,788.32,741.7012043010753,1.0049041701865207,-0.024709590900798606,2673.61,2683.34,2569.0698279569892,1.0039531526979153
63.92,7197592,98.46,52.512043010752684,1.0220601346277645,0.8523453702007205,312.38,111617000,370.98,283.51533333333333,1.0087537282711994,0.2230720965324533,810.9,16521938,788.32,746.8579354838711,1.0069525722122226,0.0011675380929463408,2743.15,2683.34,2583.167827956989,1.0054875892615232
65.24,7429303,98.46,53.669935483870965,1.0220500366531384,0.9503141681857269,317.12,132058000,370.98,286.15470967741936,1.009309465957465,0.28676382087149555,836.2,16521938,810.9,753.4473763440859,1.008822883907561,0.019896962063848722,2786.24,2743.15,2599.3761935483876,1.0062746080281657
65.86,6806411,98.46,54.80193548387097,1.0210918830029188,0.9356641790943994,323.69,131469000,370.98,289.08232258064515,1.0102308744333655,0.29000522551044783,840.83,16521938,836.2,760.0808172043011,1.0088041196618167,0.02619036577858469,2810.3,2786.24,2616.3774838709674,1.0065405270559824
68.14,6604426,98.46,56.015397849462374,1.022142691765851,0.9370354651842239,329.66,124603000,370.98,292.2522580645161,1.010965511331073,0.24917077643107288,868.0,16521938,840.83,768.1929462365591,1.0106727190696587,0.0301352140137523,2872.87,2810.3,2636.615548387097,1.0077351470270977
65.27,10399774,98.46,56.975118279569884,1.017133153863991,0.8674420530907662,318.57,133914000,370.98,294.56518279569895,1.0079141381028174,0.23545481644278066,841.07,16521938,868.0,774.2365806451613,1.0078673391082416,0.0465190186939024,2762.13,2872.87,2648.7425161290316,1.0045994448259068
59.8,28418828,98.46,57.51907526881721,1.0095472726634493,0.7750325177441432,311.99,256548992,370.98,296.32724731182793,1.0059819171410733,0.2733060145000843,802.49,16521938,868.0,777.5082150537635,1.0042256262367195,0.053232387303060014,2619.55,2872.87,2650.9461505376344,1.0008319549352889
63.9,16521283,98.46,58.272129032258064,1.0130922439194552,0.9096021500462527,319.36,271140000,370.98,298.44866666666667,1.0071590424913115,0.25259456828455606,833.96,16521938,868.0,782.6274623655914,1.006584171347275,0.0453275217272997,2732.22,2872.87,2660.074129032258,1.0034432908012003
64.72,8149130,98.46,59.01632258064516,1.0127710032350994,0.8318573027156134,321.18,92104000,370.98,300.5740860215054,1.0071215575481616,0.2522779084584721,842.13,16521938,868.0,788.0393978494626,1.0069150850744655,0.04686553703159402,2747.3,2872.87,2669.616559139785,1.0035872797691539
61.87,9799993,98.46,59.51606451612903,1.0084678596298673,0.7511381789137381,315.09,136204992,370.98,302.1951182795699,1.0053931204766218,0.24457314848319667,819.61,16521938,868.0,791.7510752688172,1.0047100150442778,0.04497191898639574,2691.25,2872.87,2674.9510322580645,1.0019982169724024
61.4,10202831,98.46,59.93156989247312,1.0069813987151568,0.4746927464670666,315.41,130869000,370.98,303.7428602150537,1.0051216642555159,0.18337313218526619,844.2,16521938,868.0,796.8443010752687,1.0064328625063406,0.03984162316150153,2786.57,2872.87,2685.9740645161287,1.0041208351574045
61.55,8834506,98.46,60.320817204301065,1.0064948625995667,0.5676883847677415,316.57,130608000,370.98,305.275870967742,1.005047067613714,0.22555178065586945,838.17,16521938,868.0,801.2699139784946,1.0055539242700913,0.05992671464337018,2752.01,2872.87,2694.024946236559,1.0029973788007818
61.15,7810242,98.46,60.642129032258076,1.0053267154333927,0.5720858195584935,306.72,111181000,370.98,306.05748387096776,1.0025603494332782,0.21587748763752923,798.05,16521938,868.0,802.8136129032258,1.0019265654404348,0.07354419952452873,2588.26,2872.87,2690.809247311828,0.9988063588909141
62.08,5883602,98.46,60.9828817204301,1.005619075280005,0.550568978411031,317.91,115153000,370.98,307.4814193548387,1.0046525099333015,0.22447194266080406,806.97,16521938,868.0,804.7313548387098,1.0023887760554393,0.06166372377934448,2640.87,2872.87,2690.6754623655916,0.999950280776547
64.86,10285948,98.46,61.46154838709678,1.007849197236383,0.6120923505473691,324.47,143771008,370.98,309.2285591397849,1.005682098738233,0.2632114411167079,801.62,16521938,868.0,806.106989247312,1.001709433092585,0.07448701272301217,2604.47,2872.87,2687.839913978495,0.9989461574140928
65.38,7222295,98.46,61.9249247311828,1.007539288485991,0.5766527438629737,325.89,109792000,370.98,310.95258064516133,1.0055752337693915,0.2664737980210008,805.73,16521938,868.0,807.5459569892473,1.0017850828253938,0.06570353042011456,2656.3,2872.87,2688.040623655914,1.0000746732260262
65.01,7771638,98.46,62.32043010752688,1.006386852758578,0.5895659964502681,325.12,121179000,370.98,312.5157204301076,1.005026939418554,0.2696681575103326,819.52,16521938,868.0,809.6778064516128,1.0026399110092925,0.08198229740775487,2670.14,2872.87,2688.798602150537,1.0002819817855255
69.06,9317318,98.46,62.93668817204301,1.0098885399772248,0.5916219976878184,338.47,139046000,370.98,314.81937634408604,1.0073713281072965,0.2753012048192772,828.41,16521938,868.0,812.1545376344087,1.0030589095601496,0.09486943435208128,2669.91,2872.87,2689.180623655914,1.0001420788842539
61.56,13237035,98.46,63.0234623655914,1.00137875372964,0.427550280881309,314.4,219032000,370.98,315.43126881720434,1.0019436302816682,0.1797230242890615,827.84,16521938,868.0,814.3559139784948,1.0027105387485713,0.0886999723455757,2663.42,2872.87,2688.8201720430106,0.9998659622898765
63.08,9523872,98.46,63.17802150537636,1.0024524063576257,0.5254314891392565,320.69,108253000,370.98,316.3635483870968,1.002955571187943,0.23694068953623648,834.81,16521938,868.0,816.7973548387095,1.0029980022473064,0.08174766776664266,2727.72,2872.87,2692.3627526881723,1.0013175223400939
66.16,9630664,98.46,63.49836559139784,1.0050704988600225,0.48650511671163543,330.82,164899008,370.98,317.8387311827957,1.0046629354210364,0.2567966505612723,834.25,16521938,868.0,818.9683440860216,1.002657928841776,0.09398205390103254,2712.97,2872.87,2694.5783440860214,1.0008229171182959
68.64,11536502,98.46,63.94384946236559,1.0070156746054595,0.5255759285853817,340.76,124050000,370.98,319.84268817204304,1.0063049489965867,0.2512217167333065,844.49,16521938,868.0,821.5693978494622,1.003176012580002,0.09435849663022355,2721.33,2872.87,2697.037032258064,1.0009124574824253
59.84,38655112,98.46,63.77939784946237,0.9974281871628637,0.40427602001297136,341.71,158920000,370.98,321.7774838709677,1.0060492103476943,0.3048742270835235,846.58,16521938,868.0,824.0701935483872,1.0030439250846868,0.10375846374041409,2734.62,2872.87,2700.0515053763443,1.00111769808209
64.65,19185552,98.46,63.898989247311825,1.0018750788167008,0.3556474152611321,358.49,200014000,370.98,324.63823655913984,1.0088904688226081,0.3589778534469823,873.51,16521938,868.0,828.0566451612902,1.0048375146244977,0.1123296386114847,2779.03,2872.87,2705.615483870967,1.0020606934658631
67.52,15494787,98.46,64.18236559139784,1.004434754718721,0.37835194471292766,359.02,151936000,370.98,327.35273118279576,1.0083615985979564,0.3320766032392374,893.11,16521938,873.51,833.0096559139783,1.0059814878385807,0.12214539438862793,2779.66,2872.87,2710.797032258065,1.0019151089347273
66.63,11985618,98.46,64.38417204301075,1.0031442663378547,0.30671080635856973,351.9,140732992,370.98,329.4411397849462,1.0063796889508285,0.26617771574359095,886.81,16521938,893.11,837.2360860215052,1.0050736868144579,0.12019874925488683,2754.88,2872.87,2713.948021505376,1.0011623847930387
66.6,10406454,98.46,64.56249462365592,1.0027696648879176,0.30692338609475334,350.14,120558000,370.98,331.27453763440866,1.0055651757720947,0.2360744624241845,870.23,16521938,893.11,840.1035913978495,1.0034249662959112,0.10440956237928045,2718.37,2872.87,2714.415655913979,1.0001723077984168
66.97,6841069,98.46,64.7461505376344,1.0028446223314176,0.2740266840486204,351.2,68756000,370.98,333.04318279569895,1.0053389106627995,0.17797563763491353,878.01,16521938,893.11,843.253010752688,1.0037488464364237,0.09658417419166843,2759.82,2872.87,2717.393720430108,1.0010971291407196
66.55,12279893,98.46,64.8916129032258,1.0022466565870483,0.3086743199765323,352.96,103381000,370.98,334.80832258064515,1.0053000327769177,0.18573076107787745,896.45,16521938,893.11,847.3639569892473,1.0048751041314277,0.10127445022788484,2801.31,2872.87,2722.815612903226,1.00199525465609
67.63,9313150,98.46,65.09621505376346,1.0031529829724342,0.2694164586794703,369.36,109212000,370.98,337.518688172043,1.008095275441503,0.21829585594861356,892.43,16521938,896.45,850.966752688172,1.0042517688759454,0.08790800434909296,2801.83,2872.87,2728.0011612903227,1.0019044801868047
66.71,7393245,98.46,65.23236559139785,1.002091527710512,0.18167759328478228,360.97,132541000,370.98,339.5474623655914,1.0060108499607412,0.2025473851756321,888.25,16521938,896.45,854.0759784946235,1.003653757090544,0.0767408535721954,2818.82,2872.87,2734.0280215053763,1.002209258669158
64.24,10111044,98.46,65.2010752688172,0.9995203251898507,0.16100827880483204,353.79,174744000,370.98,340.991935483871,1.004254112542076,0.09785075490295747,889.73,16521938,896.45,857.0593548387097,1.0034931041490531,0.061779256527071835,2840.35,2872.87,2741.1316344086026,1.0025982224203083
72.67,22126544,98.46,65.71296774193547,1.0078509820736512,0.27782356511675477,369.59,123207000,370.98,343.3667096774194,1.006964311898399,0.11349434374190004,896.78,16521938,896.45,860.3280430107526,1.0038138410759871,0.05556381533913579,2833.28,2872.87,2747.570086021505,1.002348829779673
72.98,10281588,98.46,66.22888172043011,1.0078510223510329,0.25288228640084875,365.9,138250000,370.98,345.39058064516126,1.0058941968184487,0.05698872596918281,894.78,16521938,896.78,863.3374193548387,1.0034979405455096,0.04998992742038433,2850.13,2872.87,2754.9944731182795,1.0027021647726282
74.81,7205986,98.46,66.84754838709677,1.009341342486775,0.1899861981892802,370.68,105908000,370.98,347.63206451612905,1.0064897075849053,0.08610108046555709,913.06,16521938,896.78,867.410129032258,1.004717402010054,0.051278929567678544,2874.69,2872.87,2763.9177204301077,1.0032389347415744
72.62,7463207,98.46,67.31058064516131,1.006926690196374,0.16789762348116122,370.04,133735000,370.98,349.7440430107527,1.0060753270776772,0.08797044384667507,929.23,16521938,913.06,872.4291612903227,1.0057862274027907,0.0543541840661077,2901.52,2874.69,2774.5680215053767,1.0038533350673013
72.36,7746076,98.46,67.74103225806451,1.0063950066806346,0.2637158265116274,358.54,105568000,370.98,351.0033978494624,1.0036007899601909,0.04334389433314034,917.89,16521938,929.23,876.5269892473119,1.0046970323079625,0.04755305917797803,2871.68,2901.52,2782.9933978494623,1.0030366443636565
73.05,7054191,98.46,68.18898924731182,1.0066127865831862,0.14141390613610105,363.36,98552000,370.98,352.4736129032258,1.0041886063290872,0.04919869299409618,928.72,16521938,929.23,881.0753548387095,1.0051890764884528,0.05039591986713554,2904.98,2901.52,2793.0249462365587,1.0036045893586554
72.69,7586946,98.46,68.5940430107527,1.0059401637700158,0.17578699727206226,370.26,127540000,370.98,354.2943655913978,1.0051656425375364,0.06845316939343893,932.39,16521938,929.23,885.6567096774194,1.0051997310031995,0.040799063332286556,2929.67,2904.98,2804.277870967742,1.0040289381397562
68.56,19075088,98.46,68.71550537634408,1.0017707421848911,0.11435579789837613,373.75,112889000,370.98,356.2347311827957,1.0054767046271227,0.09083016298214885,938.23,16521938,932.39,890.4207311827957,1.0053790836261056,0.0619665714493951,2913.98,2929.67,2814.126344086021,1.0035119462376532
66.87,10173649,98.46,68.71354838709678,0.9999715204125097,0.13006319586642023,356.39,123745000,373.75,356.92894623655917,1.0019487573585497,0.10229227642897443,897.19,16521938,938.23,892.2819139784946,1.002090228507176,0.027241937699391094,2885.57,2929.67,2821.662924731183,1.0026781244776022
63.61,11492166,98.46,68.48950537634407,0.9967394638173747,0.06405768545286461,337.92,137556992,373.75,356.3434193548387,0.9983595421780883,0.08227291494911926,865.58,16521938,938.23,891.9897849462367,0.9996726045572801,0.027208030369548553,2767.13,2929.67,2821.3453118279567,0.9998874376877399
58.06,11167295,98.46,67.90296774193548,0.9914360947537055,-0.055318114931628526,319.24,120458000,373.75,354.5068172043011,0.9948459770805849,-0.016402159644592906,848.51,16521938,938.23,890.5374193548388,0.9983717688073239,-0.006130216951197864,2767.78,2929.67,2821.0371182795698,0.9998907636200735
55.65,12462235,98.46,67.16759139784948,0.9891701884536064,-0.09613653568346181,317.4,142668992,373.75,352.5245806451613,0.9944084670225185,-0.015715136229135784,821.21,16521938,938.23,887.2152473118279,0.9962694750711119,0.010898480685017642,2658.69,2929.67,2813.304795698925,0.9972590496840537
58.29,18914892,98.46,66.61636559139785,0.9917932771597155,-0.0400291183859427,339.91,240012992,373.75,351.9956989247312,0.9984997309422731,0.013051938644856875,854.04,16521938,938.23,885.9805161290324,0.9986083070748203,0.019859323739140677,2723.06,2929.67,2809.6870537634413,0.9987140597275438
47.78,31887328,98.46,65.40120430107527,0.9817588173786608,-0.15596316516963604,327.13,161136000,373.75,350.6090967741936,0.996060741211403,-0.08165469244716395,871.01,16521938,938.23,885.7278924731183,0.9997148654498433,0.034070933106964185,2781.01,2929.67,2809.5529892473123,0.9999522848938107
45.89,18767972,98.46,64.10195698924731,0.9801341989690763,-0.2803066298668698,315.4,134084000,373.75,348.4630537634409,0.9938791005980805,-0.1358199984910422,838.11,16521938,938.23,883.2123010752688,0.997159859795286,-0.0020824814923485757,2736.27,2929.67,2806.2642795698926,0.9988294544754962
44.88,10738395,98.46,62.77866666666667,0.979356475453587,-0.30695925774014743,302.14,104728000,373.75,345.48243010752697,0.991446371075146,-0.16995355697902936,802.04,16521938,938.23,878.3296344086023,0.9944716953548743,-0.0178428282409151,2632.56,2929.67,2796.142387096774,0.996393107895501
43.75,14875137,98.46,61.43447311827958,0.9785883705443394,-0.21734647898361215,312.88,149518000,373.75,343.27283870967744,0.9936043306249703,-0.08627390148199232,853.59,16521938,938.23,876.8294838709678,0.9982920415310312,-0.005220431814321191,2760.17,2929.67,2794.333720430108,0.9993531564504681
40.48,15410832,98.46,59.917612903225795,0.9753092988665603,-0.403257185571844,289.17,152983008,373.75,339.53683870967745,0.9891165289568403,-0.1758166186771155,817.53,16521938,938.23,872.947505376344,0.9955727098985245,0.013996322444304599,2633.08,2929.67,2784.117634408602,0.9963439993058762
37.94,22612714,98.46,58.28548387096773,0.9727604463332985,-0.42591490258665776,277.32,207984000,373.75,335.1041075268817,0.9869447710014583,-0.2547302595666461,807.72,16521938,938.23,868.4697849462366,0.9948705730842579,0.009858122209684517,2599.95,2929.67,2771.9676559139784,0.9956359679833698
36.41,21149334,98.46,56.615333333333325,0.9713453431847322,-0.4278018438124441,259.61,206196992,373.75,329.64384946236555,0.9837057859278011,-0.24147887117538958,738.36,16521938,938.23,859.5742795698924,0.9897572655600276,-0.01370249862835815,2416.62,2929.67,2748.2329892473126,0.9914376105305457
37.18,9617640,98.46,55.06417204301074,0.9726017458699778,-0.4015657387340039,268.12,91431000,373.75,324.90713978494625,0.985630826465761,-0.20085490040449305,773.06,16521938,938.23,853.1457204301074,0.9925212290635294,0.004167281694363867,2485.74,2929.67,2729.6129677419353,0.9932247296432909
38.96,10927295,98.46,53.676580645161295,0.9748004674116303,-0.4911138805859795,275.63,96508000,373.75,320.81320430107525,0.9873996752223396,-0.19810007821958886,798.52,16521938,938.23,848.5178494623657,0.9945755210898689,0.003063272523186833,2531.94,2929.67,2714.508817204301,0.9944665596492498
40.21,10455662,98.46,52.42488172043011,0.9766807253799237,-0.5156033606302524,284.99,133646000,373.75,317.5013333333334,0.9896766376092371,-0.22373867322583263,828.34,16521938,938.23,845.9751182795699,0.9970033262300765,-0.006542569377287477,2596.26,2929.67,2704.085720430108,0.996160227328004
42.42,11285479,98.46,51.37449462365591,0.9799639586718446,-0.46388151701457137,310.55,131792000,373.75,315.99769892473114,0.995264163482981,-0.1315196884549179,847.21,16521938,938.23,844.7890967741934,0.9985980420939702,-0.014101380618666504,2670.71,2929.67,2698.860258064516,0.9980675677822962
42.41,8945274,98.46,50.37552688172043,0.9805551811408867,-0.4508713638527865,313.96,109543000,373.75,314.8029892473118,0.9962192456417098,-0.12180458885574752,847.09,16521938,938.23,843.6804946236559,0.9986877172601178,-0.006869294282884519,2664.76,2929.67,2693.4319354838713,0.9979886611155859
42.45,11052462,98.46,49.43116129032257,0.9812534845816067,-0.483742547783814,313.66,120406000,373.75,313.6667311827957,0.9963905740945062,-0.13668038021842333,846.16,16521938,938.23,842.5616559139785,0.9986738596935603,-0.0169659829542419,2706.53,2929.67,2690.8137419354844,0.9990279340220578
46.03,25641270,98.46,48.77049462365592,0.9866346116615311,-0.4935499833112166,320.75,206076000,373.75,313.06862365591405,0.9980931751205292,-0.1441725663760135,843.51,16521938,938.23,841.3403440860216,0.9985504777966283,-0.025702908974963634,2707.88,2929.67,2688.397247311828,0.9991019465279234
44.49,11737716,98.28,48.05460215053763,0.9853211971983764,-0.50824656859592,326.65,193132000,373.75,312.9204301075269,0.9995266419654049,-0.19655989482464475,865.07,16521938,938.23,841.6238494623653,1.0003369687170438,-0.021296128145439575,2775.6,2929.67,2690.5507096774195,1.0008010208936737
43.84,10072122,98.28,47.3465376344086,0.9852654171621081,-0.3889107263179329,327.96,96436000,373.75,312.9486021505376,1.0000900294141901,-0.1758967043797105,873.67,16521938,938.23,842.5210322580646,1.001066013987451,-0.0071373662945593,2792.67,2929.67,2693.861870967742,1.001230663030588
46.81,18101578,98.28,46.87926881720431,0.9901308767113585,-0.3230200577154636,331.83,131690000,373.75,313.29744086021503,1.0011146837125338,-0.09880876796809557,874.97,16521938,938.23,843.533440860215,1.001201641933421,-0.0036824423025682007,2803.69,2929.67,2697.9402365591395,1.001513947554383
43.58,16062578,98.12,46.24109677419355,0.986386902801339,-0.435001705275038,316.52,108096000,373.75,312.7057634408602,0.9981114514764938,-0.20466024968042773,852.82,16521938,938.23,843.148559139785,0.999543726778588,-0.017180403630607577,2743.07,2929.67,2698.18647311828,1.0000912683519834
45.93,13275187,97.46,45.81709677419355,0.9908306673159053,-0.36767721126712394,317.28,138500000,373.75,312.2772473118279,0.9986296506840261,-0.18643388027172292,874.67,16521938,938.23,844.2678924731183,1.0013275635962366,-0.012773486404451306,2822.48,2929.67,2703.749935483871,1.0020619265647572
43.7,11787589,96.4,45.30739784946237,0.9888753552578157,-0.35513622039482395,310.34,116034000,373.75,311.50554838709684,0.9975288019496326,-0.23762830263062595,884.84,16521938,938.23,846.0866021505377,1.002154185530012,-0.005172110965141585,2800.71,2929.67,2707.9683440860217,1.0015602066399665
45.75,11720869,96.4,44.99686021505376,0.9931459838978085,-0.2649600417865118,331.95,132102000,373.75,312.25780645161285,1.0024149106441635,-0.17920844349314258,901.2,16521938,938.23,849.0214838709677,1.0034687722426643,-0.007032057210974552,2834.4,2929.67,2714.519397849463,1.002419176641318
48.09,12633168,96.4,44.8950752688172,0.9977379544761547,-0.21725220672836953,342.09,109931000,373.75,313.74617204301074,1.004766463994323,-0.14578338089233678,930.29,16521938,938.23,853.8934193548388,1.005738294703284,0.006175557822471145,2892.74,2929.67,2724.9786666666664,1.0038530831002679
48.46,13733914,96.4,44.869354838709675,0.9994270990759339,-0.20723080847505726,343.53,112402000,373.75,315.36281720430105,1.0051527167670709,-0.15606752679898228,936.24,16521938,938.23,859.1225591397848,1.0061238787727125,0.007260671420511677,2907.41,2929.67,2736.3390967741934,1.0041689978150998
49.22,8168186,96.4,44.94554838709678,1.001698119989935,-0.2156118706676896,352.07,95232000,373.75,317.5730752688172,1.0070086197355483,-0.11947475069346647,943.97,16521938,938.23,864.8342365591399,1.0066482684671603,0.020830199193005883,2905.03,2929.67,2747.540752688172,1.0040936651189114
44.67,13130399,96.4,44.77866666666667,0.9962870244903271,-0.18778977294804422,349.72,116173000,373.75,319.6708387096774,1.0066056086117645,-0.16807911572873935,957.39,16521938,943.97,871.3868172043012,1.0075766896916936,0.01153324455483462,2939.88,2929.67,2761.043784946237,1.0049145885260677
44.07,9483771,96.4,44.62445161290322,0.9965560597212187,-0.19789578951910536,348.29,164503008,373.75,321.7280215053763,1.0064353157892116,-0.16848803266590784,954.28,16521938,957.39,877.6975483870966,1.00724216967505,0.042814629095840884,2945.64,2939.88,2774.8627311827954,1.0050049717834617
42.79,12388218,96.4,44.436688172043006,0.9957923641843495,-0.2168674318028726,337.21,157530000,373.75,323.0877849462365,1.004226437705046,-0.17368103026567616,930.2,16521938,957.39,882.3319569892473,1.005280188614708,0.03335965064020052,2881.4,2945.64,2784.407978494624,1.0034398989198863
39.98,10903688,96.4,44.11240860215054,0.9927024361348223,-0.16163707592924947,327.45,151367008,373.75,323.81939784946235,1.0022644399983973,-0.12481374823624547,919.56,16521938,957.39,886.1409462365591,1.004316957146502,0.050585706854676005,2859.53,2945.64,2792.2965161290326,1.002833111273684
38.99,10725610,94.38,43.76313978494624,0.9920823000087265,-0.18343179024500855,321.93,155996992,373.75,324.17722580645153,1.0011050232301264,-0.15126485954697366,899.17,16521938,957.39,888.4816559139783,1.0026414643035741,0.031981031207505506,2826.06,2945.64,2797.828387096774,1.001981118744298
32.48,25170864,94.33,43.029698924731186,0.9832406709431908,-0.32206812766460413,302.23,152938000,373.75,323.2543440860215,0.9971531568322414,-0.2509602580892587,878.54,16521938,957.39,889.3237419354838,1.0009477809878238,0.01803739722907305,2752.06,2945.64,2798.2261290322585,1.0001421609478691
34.21,21877592,93.9,42.463376344086015,0.9868387975096967,-0.28781540878705003,318.87,150430000,373.75,323.4860430107527,1.0007167697170052,-0.15407406251212796,913.6,16521938,957.39,892.3750752688171,1.0034310714866248,0.01569708892296595,2873.34,2945.64,2806.386021505376,1.0029160947317504
33.51,12434322,90.27,41.8810752688172,0.9862869812670957,-0.16913410680960594,324.58,123199000,373.75,324.10389247311826,1.0019099725497123,-0.09662722278873881,935.89,16521938,957.39,896.7728817204303,1.0049282040405358,0.0615886343105958,2886.98,2945.64,2815.2273548387097,1.0031504337840849
34.7,13003778,90.27,41.40217204301075,0.9885651640333356,-0.09316406351419115,332.38,131329000,373.75,325.2052258064516,1.0033980873383823,-0.05244714934109451,948.84,1116390016,957.39,901.7958924731183,1.0056012072343798,0.06227628337662083,2950.46,2945.64,2827.840064516129,1.0044801744540246
34.68,11744249,90.27,40.94387096774194,0.9889305064769861,-0.07013934086503093,329.49,133937000,373.75,326.0550752688172,1.0026132712359037,-0.03801749496970164,945.58,1159369984,957.39,906.2928817204302,1.0049867040700076,0.04197894053238471,2941.76,2950.46,2839.2078279569896,1.0040199456763852
34.75,7194830,88.8,40.50959139784946,0.9893932947806858,-0.009495934702519193,329.44,75808000,373.75,326.8659784946237,1.0024870130456884,0.024627078432173155,965.13,676110016,957.39,911.8533333333334,1.0061353804328108,0.04483584109255445,2990.41,2950.46,2853.323784946237,1.0049717941921161
36.47,11534954,82.64,40.19860215053763,0.9923230712386711,0.11330294054269241,334.25,115877000,373.75,327.9006021505377,1.0031652840123617,0.07229336265640618,985.83,910049984,965.13,918.4318494623656,1.007214445447037,0.06134498320938131,3013.77,2990.41,2868.1783870967743,1.0052060695771394
36.33,11547458,82.64,39.88174193548388,0.9921176310094775,0.12262862980540945,330.36,113825000,373.75,328.5618279569892,1.0020165434345496,0.09019139147825639,969.52,968990016,985.83,923.5750752688173,1.0056000081110672,0.08134773941659379,2976.61,3013.77,2879.745634408602,1.004032959513211
36.08,10083763,82.64,39.5489247311828,0.9916548980022118,0.13395658349114936,333.73,103645000,373.75,329.2883225806451,1.0022111352014726,0.05203615723325039,977.85,1242029952,985.83,928.7586021505377,1.0056124586084263,0.04762087917790847,3025.86,3013.77,2893.2860215053765,1.0047019385792229
33.19,14056111,82.64,39.03202150537634,0.9869300308587429,0.08901741393194873,307.53,200042000,373.75,328.1833978494624,0.9966445067880835,-0.11068517577532222,933.12,1298189952,985.83,930.6159139784945,1.001999778870049,0.010536767718732243,2932.05,3025.86,2899.612602150538,1.002186641969766
31.0,23885416,82.64,38.38623655913978,0.9834549961459821,-0.0004264297008703677,301.93,154944000,373.75,326.6485806451613,0.9953232941874619,-0.14094234377544934,933.03,1186589952,985.83,932.1779569892473,1.0016785045122159,0.0022105262386307167,2918.65,3025.86,2904.214215053764,1.0015869750668807
28.24,22925520,82.64,37.58219354838709,0.9790538723556829,-0.11911998543442248,280.53,188744992,373.75,323.69668817204297,0.9909630941383916,-0.27564938410806594,915.32,1185910016,985.83,932.3722795698925,1.0002084608192976,-0.0012217103347411662,2888.68,3025.86,2906.1889677419354,1.0006799610985773
26.75,17796968,80.12,36.71251612903226,0.9768593225343508,-0.16900258284721237,278.62,143767008,373.75,320.68612903225807,0.9906994441098983,-0.2707588709958879,916.38,1255689984,985.83,932.4885161290323,1.0001246675407311,0.013367506258280093,2847.11,3025.86,2905.0130322580644,0.9995953685404069
26.38,14473821,78.59,35.85264516129032,0.9765782610835013,-0.17827595894469983,288.73,126497000,373.75,318.40382795698923,0.9928830689304954,-0.22544428675010586,940.47,1063569984,985.83,934.009935483871,1.001631568998999,0.030197433045913824,2926.46,3025.86,2908.564301075269,1.0012224622670434
28.07,15352948,78.59,35.136365591397855,0.9800215697706505,-0.17263645753532209,311.54,146207008,373.75,317.646752688172,0.9976222796262377,-0.17505427801608608,965.06,857440000,985.83,936.9149892473118,1.0031103028491188,0.044084737485690306,2978.71,3025.86,2915.0135698924737,1.0022173375416938
32.01,19741740,78.59,34.71290322580645,0.9879480316628115,-0.056879570823472725,321.77,172119008,373.75,317.56948387096776,0.9997567460817706,-0.11250388868640204,969.05,1230419968,985.83,939.816064516129,1.0030964124836426,0.03668849371075078,3007.39,3025.86,2922.730731182796,1.0026473843449746
32.19,13206598,78.59,34.32789247311828,0.9889087135644149,-0.060135149402244625,306.95,136432000,373.75,316.54658064516127,0.9967789624703924,-0.18227590724252507,948.16,1115769984,985.83,941.1457849462366,1.001414873059009,0.0138598214640957,2992.07,3025.86,2928.961032258065,1.0021316712514081
32.62,11618439,78.59,33.99567741935484,0.9903222997443378,-0.14021261070222468,312.94,115546000,373.75,315.955311827957,0.998132126981125,-0.19097812207331188,939.36,979420032,985.83,941.7475698924733,1.0006394173526167,0.017201122764632704,2961.79,3025.86,2932.808967741935,1.0013137544137634
29.34,15273629,78.59,33.48236559139785,0.9849006736466812,-0.17013096048539345,310.41,117838000,373.75,315.24144086021505,0.9977405951379267,-0.15237399543193053,937.22,1104870016,985.83,942.0728172043009,1.0003453657033219,0.0227956535573397,2952.01,3025.86,2935.6859354838707,1.0009809598148327
29.6,11542383,78.59,33.01645161290323,0.9860847950774924,-0.20457736905578294,319.63,119592000,373.75,315.1355483870968,0.9996640908859276,-0.09494190517412804,946.48,963960000,985.83,942.8139784946238,1.000786734609881,0.02973778189686649,2970.27,3025.86,2939.291634408602,1.001228230472868
31.03,9442707,78.59,32.67791397849462,0.9897463955734024,-0.1301767572984034,323.87,106147000,373.75,315.2981505376344,1.000515975272767,-0.06830398752547784,958.79,930390016,985.83,944.1949032258063,1.0014646841929384,0.017344796907282856,2986.2,3025.86,2943.607247311829,1.0014682493062976
31.87,7812732,78.59,32.42081720430107,0.9921323994437728,-0.1734781883986668,320.81,112051000,373.75,315.23423655913973,0.9997972903476101,-0.12238972203533949,950.76,1149260032,985.83,944.8987311827955,1.000745426558208,-0.011387549689134024,3022.55,3025.86,2949.86911827957,1.0021272780101556
32.3,10125353,77.63,32.22131182795699,0.9938463803954449,-0.21263642027750196,315.56,136272992,373.75,314.85556989247306,0.9987987768371864,-0.14842300476122683,956.17,1141389952,985.83,945.845010752688,1.0010014613615874,-0.03239006952800105,3066.91,3025.86,2958.588301075269,1.002955786323423
36.62,20781452,77.63,32.33447311827957,1.0035120013401935,-0.13656520808709038,326.44,243399008,373.75,315.23589247311827,1.0012079271164716,-0.07818755973887126,954.04,1317859968,985.83,946.5982150537635,1.0007963295175348,-0.04484874307307685,3093.08,3066.91,2968.621311827956,1.0033911479840032
36.74,11104984,77.63,32.480838709677414,1.004526611300034,-0.11707957134628877,329.7,118507000,373.75,315.8632903225806,1.0019902487770038,-0.14654586919160284,951.74,1017169984,985.83,947.164752688172,1.000598498523871,-0.06592638806147466,3120.46,3093.08,2980.0214838709676,1.003840224415822
35.88,13008275,77.63,32.598559139784946,1.0036243038906645,-0.09599318535828905,327.36,122255000,373.75,316.38782795698916,1.0016606476614387,-0.11954478083611364,944.15,1367719936,985.83,947.2249032258067,1.0000635058868734,-0.07179421593121216,3110.29,3120.46,2990.30223655914,1.0034498921379646
37.14,10610047,77.63,32.81647311827957,1.006684773322655,-0.08693586102507544,334.55,114131000,373.75,317.42432258064514,1.0032760255991797,-0.09928008329975835,960.79,959009984,985.83,948.3870752688171,1.0012269230243553,-0.05949306327896409,3140.98,3120.46,3002.1965161290314,1.0039776178556379
38.13,14034232,76.97,33.11316129032257,1.0090408305296446,-0.01521876036265235,339.0,123593000,373.75,318.7774623655914,1.0042628736636983,-0.05934362677042482,953.2,1132000000,985.83,949.0455698924732,1.0006943310815044,-0.06707326001985137,3145.91,3140.98,3013.9887741935486,1.0039278768065862
38.78,9745002,75.21,33.4618064516129,1.010528899920897,0.03963746255886946,342.28,149496992,373.75,320.33836559139786,1.0048965294290984,0.02179008598454235,963.4,1088850048,985.83,950.3126666666666,1.0013351274315911,-0.06047916223031624,3168.8,3145.91,3026.6889677419354,1.0042137494529273
38.15,11532217,75.21,33.772387096774196,1.0092816460943437,0.05812260948321235,354.72,165288000,373.75,322.6699569892474,1.0072785268587638,0.05392492498779733,977.43,1388060032,985.83,952.3906451612902,1.0021866261152894,-0.05279135796535961,3221.22,3168.8,3042.106,1.0050936955935603
37.53,4028093,74.81,34.044774193548385,1.0080653788550293,0.1708551509607632,356.78,55812000,373.75,325.0639354838709,1.0074192791822367,0.11815828595144895,991.94,557550016,985.83,955.2364516129032,1.0029880663633892,-0.04822939265422499,3240.02,3221.22,3057.8861290322575,1.0051872383908573
37.38,9022857,74.81,34.29662365591398,1.0073975953235526,0.18066184080505165,357.21,91035000,373.75,327.36834408602147,1.0070890934077947,0.08525570354464329,990.5,779640000,991.94,957.7454838709676,1.002626608578251,-0.04164274895059483,3234.85,3240.02,3072.2833333333333,1.004708221200386
35.84,10413048,74.81,34.44230107526882,1.0042475731960199,0.08555040071821662,348.39,131848000,373.75,329.0212688172043,1.0050491281794447,0.04084826422368071,994.48,1241350016,991.94,960.3459139784947,1.0027151577859879,-0.06845732063781007,3265.35,3240.02,3087.870838709677,1.005073589797928
36.79,10268538,74.81,34.64425806451613,1.005863632305111,0.017768864722781164,354.55,123531000,373.75,331.0204086021505,1.0060760199245868,0.018089949452951615,1005.68,1113260032,994.48,963.5429247311827,1.0033290199980582,-0.06860404913248197,3329.62,3265.35,3106.7910967741936,1.0061272828601933
35.38,6206202,74.81,34.75075268817204,1.0030739473034058,-0.02320276480605754,339.2,104252000,373.75,331.9815483870968,1.0029035665474677,-0.05942495251146074,990.75,988430016,1005.68,965.6544731182795,1.0021914419512612,-0.0724679219941331,3295.47,3329.62,3122.692731182796,1.005118346845114
29.96,15286106,74.81,34.50606451612903,0.9929587662679232,-0.17486602739816381,328.73,133420000,373.75,332.24632258064514,1.0007975569571101,-0.04567440483048102,992.01,1454860032,1005.68,967.7501720430108,1.0021702368529024,-0.05077015586400235,3225.52,3329.62,3133.320795698925,1.0034034935330007
30.5,20453126,74.81,34.30651612903226,0.9942170053323961,-0.22944929333150688,333.85,188256992,373.75,332.8429462365592,1.0017957268910607,-0.06463018544496202,1016.0,1612039936,1005.68,971.3358064516128,1.0037051240208332,-0.07356487932576172,3327.71,3329.62,3150.0361505376345,1.0053347090606408
28.62,13231454,74.81,33.998516129032254,0.9910221137336834,-0.23221975142943863,337.38,236699008,373.75,333.6681720430107,1.0024793249061825,-0.11948045800321716,1042.54,1368850048,1016.0,976.5688172043009,1.0053874372981315,-0.06025806943205492,3380.16,3329.62,3169.4602365591404,1.0061663057480121
27.66,13843455,74.81,33.64516129032258,0.9896067570311418,-0.28820445595797384,333.48,128478000,373.75,334.22668817204294,1.0016738669607368,-0.13312320928023702,1031.02,1004609984,1042.54,980.901569892473,1.0044367100524219,-0.04870043551274117,3337.75,3380.16,3185.2803440860216,1.0049914200987282
25.82,21382608,74.81,33.191204301075274,0.9865075103867053,-0.3627744053971417,288.14,241676000,373.75,331.8605806451613,0.9929206505326598,-0.03591980435135622,915.77,2346099968,1042.54,977.6844946236558,0.9967202873687215,-0.026154798263135937,2954.22,3380.16,3175.6858494623652,0.9969878649326832
22.93,22150892,74.81,32.566645161290324,0.9811829925145344,-0.3706510268733537,278.25,240360000,373.75,328.8981075268817,0.991073139471641,-0.07985626669450974,908.3,2276229888,1042.54,974.0227956989248,0.9962547233336859,-0.044910812501137376,2972.37,3380.16,3167.2146451612903,0.9973324803829355
13.93,26939288,74.81,31.37879569892473,0.9635255809592107,-0.6098017498639188,224.98,235195008,373.75,322.5497849462366,0.9806982088514261,-0.11105969523088122,813.24,3029809920,1042.54,964.2813763440861,0.9899987768275499,-0.050021699272055464,2711.02,3380.16,3141.766623655914,0.9919651730758904
9.87,49277936,74.81,29.959784946236557,0.9547780365344997,-0.7087216704320216,193.36,290348992,373.75,314.2809247311827,0.974364080830399,-0.011206369281954842,711.34,3662960128,1042.54,948.1852903225807,0.9833076875522256,-0.03331475946740903,2304.92,3380.16,3090.5006666666673,0.9836824426730999
11.67,27123000,74.81,28.693204301075273,0.9577239740727717,-0.6748489730090393,214.39,244135008,373.75,307.5521935483871,0.9785900745056322,-0.05696916174836486,790.18,3703180032,1042.54,937.6166021505376,0.9888537733290003,-0.02824822934817639,2541.47,3380.16,3055.6620000000003,0.9887271771067945
8.53,23712152,74.81,27.255677419354843,0.9499000924875247,-0.8158885588428324,191.1,210688992,373.75,299.48075268817206,0.9737558663877806,-0.12635730380296673,753.09,3480499968,1042.54,924.9782150537634,0.98652073025607,-0.055123491241922506,2488.65,3380.16,3018.2435268817203,0.9877543808450411
13.38,30880880,74.81,26.173075268817204,0.9602797562547882,-0.6638121163317756,233.91,210559008,373.75,294.43025806451607,0.9831358290029586,-0.19979533988153175,856.78,2955419904,1042.54,919.4853548387096,0.9940616328842571,-0.043510611818294076,2789.82,3380.16,3001.3092688172046,0.9943893665591619
12.93,26941298,74.81,25.101505376344086,0.9590583115867246,-0.715853859612966,236.22,162544992,373.75,289.71774193548384,0.9839944570914325,-0.11342816143897738,924.09,2314800128,1042.54,918.5765161290323,0.9990115789176036,0.013887802981229824,2874.56,3380.16,2990.31,0.9963351764739862
12.5,22472878,74.81,24.0436129032258,0.957855417145011,-0.7371995095033722,223.63,149432992,373.75,284.34507526881725,0.9814555138019023,-0.12857740853136002,922.03,2048600064,1042.54,917.5865376344086,0.9989222688831677,0.023772358222787893,2836.74,3380.16,2977.123440860215,0.9955902367514455
13.96,24269440,74.81,23.123182795698924,0.9617183111693091,-0.6218924524891563,231.17,210744992,373.75,279.6509247311829,0.9834913598092158,-0.09006964450768451,911.72,2805240064,1042.54,915.9686666666668,0.9982368191975518,0.013882520551554922,2830.71,3380.16,2963.816774193548,0.9955303611250926
15.01,16918150,74.81,22.303569892473114,0.9645544944886106,-0.6139604007101862,243.01,197100992,373.75,275.8910537634409,0.9865551277137516,-0.09177104526243052,952.09,2540950016,1042.54,917.0101505376344,1.0011370300195506,0.019552249074355155,2929.8,3380.16,2957.1638709677422,0.9977552919992444
12.87,59041624,74.81,21.377268817204303,0.95846848375688,-0.7334758642511648,228.89,295708000,373.75,271.3849892473118,0.9836672322111875,-0.06951875151634579,942.3,2390299904,1042.54,917.4079569892473,1.0004338081223851,0.02382327375465476,2863.7,3380.16,2946.333483870968,0.9963375762827679
14.5,18104416,74.81,20.595182795698925,0.9634150635334687,-0.6992948651378881,252.69,276888992,373.75,268.6186666666666,0.9898066485242327,-0.04110660657332177,982.39,2783869952,1042.54,920.427677419355,1.00329157863424,0.05546792052788296,2955.45,3380.16,2941.685892473118,0.998422584740223
15.04,26806268,74.81,19.885290322580648,0.965531139968006,-0.6845249419967929,265.02,285060992,373.75,266.79432258064514,0.9932084240136396,-0.043674477729477856,1002.29,2504420096,1042.54,924.663247311828,1.0046017411214192,0.05560308113544876,3044.31,3380.16,2942.9155053763443,1.0004179959887534
20.86,30571720,74.81,19.588,0.9850497368779645,-0.620349480148274,307.21,294044992,373.75,267.80060215053766,1.0037717428173096,-0.04092953961219681,1049.92,3100219904,1042.54,931.8725376344084,1.0077966658062156,0.06789388993236156,3193.93,3380.16,2953.846623655914,1.0037143840044336
17.21,24739132,74.81,19.089118279569895,0.9745312578910503,-0.7770759942889199,275.62,247523008,373.75,266.81017204301077,0.9963016135902109,-0.0871726691798611,1016.5,3217649920,1049.92,936.719505376344,1.0052013205091759,0.09340864352716605,3041.31,3380.16,2954.71440860215,1.000293781315281
15.75,19321416,74.81,18.538043010752688,0.9711314445881455,-0.8045762070274594,274.63,229287008,373.75,265.8721720430107,0.9964843919074838,-0.08841492608773727,1039.83,2731930112,1049.92,942.932365591398,1.0066325726958765,0.10537482299775291,3097.74,3380.16,2959.393053763441,1.001583450890438
14.37,17268130,74.81,17.941225806451612,0.9678058140249809,-0.8453202023551474,259.27,215039008,373.75,264.0566021505376,0.9931712676865656,-0.10347357423264414,1020.03,2468349952,1049.92,947.6620430107528,1.005015924356768,0.10366040867962278,3009.05,3380.16,2958.376752688172,0.9996565846250208
15.23,16066715,74.81,17.448860215053763,0.9725567474201904,-0.8330396895220864,274.79,165400992,373.75,263.40421505376344,0.9975293664636256,-0.11968464155117664,1074.07,1553379968,1049.92,955.7507741935482,1.008535459705759,0.13185862963557782,3130.01,3380.16,2965.448043010753,1.002390260238543
15.35,16031963,74.81,17.013483870967743,0.9750484364755009,-0.8524356279230564,276.01,190991008,373.75,262.968623655914,0.9983463005792805,-0.13150992448353616,1125.92,1789459968,1074.07,966.9247311827957,1.0116912874056272,0.1635692395709738,3185.04,3380.16,2976.103849462366,1.0035933209070136
16.34,13701715,74.81,16.69236559139785,0.981125659976211,-0.829863042743239,283.68,200544000,373.75,263.17038709677416,1.0007672529066594,-0.11405069316627048,1107.71,2165929984,1125.92,976.5743440860215,1.0099796939637917,0.132198668058634,3224.73,3380.16,2989.2853763440853,1.004429121948853
15.2,23116186,74.81,16.344602150537632,0.9791663177423199,-0.8444126942145354,286.4,186512992,373.75,263.70040860215056,1.0020139861145605,-0.10044705625842465,1122.55,1699680000,1125.92,986.9012043010753,1.0105745766081113,0.13919900175004474,3215.63,3380.16,3001.8722580645153,1.0042106658066297
14.98,21580800,74.81,16.030666666666665,0.9807927118091008,-0.8253690180784911,285.54,241336000,373.75,264.3263010752688,1.0023734983060362,-0.14107164401239458,1145.81,1842119936,1125.92,998.4478279569893,1.0116998779671076,0.14558732975243727,3271.12,3380.16,3018.0915913978497,1.0054030724624479
15.84,21524310,74.81,15.820387096774194,0.9868826684338889,-0.7673461526747993,295.46,194496000,373.75,265.7463225806452,1.0053722293226206,-0.09575562780018876,1167.41,1707929984,1145.81,1011.0539999999999,1.0126257694093093,0.1475741632112968,3351.28,3380.16,3039.4045376344084,1.00706172943767
17.21,12591795,74.81,15.741505376344085,0.9950139197007263,-0.7300194563132538,307.45,174546000,373.75,268.05372043010755,1.008682708483246,-0.03728075514847495,1185.62,1733369984,1167.41,1024.46311827957,1.0132625144448961,0.165940249729982,3372.85,3380.16,3061.9243010752693,1.0074092682175135
14.99,10361960,74.81,15.561505376344085,0.9885652613459385,-0.7687847852693369,305.45,133077000,373.75,270.333376344086,1.0085044740670661,0.0049054182749804776,1214.27,1532710016,1185.62,1039.3336559139784,1.014515444596367,0.19474935302592677,3397.16,3380.16,3085.9194838709677,1.0078366348858696
16.94,10763337,74.81,15.55116129032258,0.9993352772902531,-0.5955167665431508,321.63,143026000,373.75,273.7294838709677,1.0125626645618448,0.04871615196488244,1251.82,1694870016,1214.27,1056.1460860215054,1.0161761624978287,0.17432292471296407,3508.01,3397.16,3116.8475913978496,1.0100223313305912
17.16,11875349,74.81,15.583010752688173,1.0020480439866193,-0.5895176102557224,317.24,156672992,373.75,276.8576344086021,1.011427890387975,0.044443581574397095,1220.14,1754759936,1251.82,1070.3559139784945,1.0134544152035987,0.171099881543471,3426.96,3508.01,3141.9391612903223,1.0080503037625974
20.39,27218228,74.81,15.851935483870967,1.017257559238763,-0.4927615876704733,306.3,184772992,373.75,279.3156989247312,1.0088784422411892,0.059316499292672686,1196.89,1404749952,1251.82,1082.6267311827958,1.011464240113077,0.15964599903127696,3340.97,3508.01,3161.2695483870975,1.0061523747292538
20.84,25935552,74.81,16.167591397849463,1.0199127680212723,-0.38382906370619907,303.95,240044992,373.75,281.6889892473118,1.0084968024773293,0.06404223957330302,1169.0,1884419968,1251.82,1092.7662580645163,1.0093656720175779,0.13930537903507423,3319.47,3508.01,3179.29711827957,1.0057026361139214
19.46,15283996,74.81,16.408881720430106,1.0149243209234455,-0.41769135223904297,306.8,170131008,373.75,284.3096559139785,1.0093034047005858,0.11895430108436478,1183.4,1603769984,1251.82,1103.5380860215053,1.009857394367271,0.17572103393725724,3298.46,3508.01,3196.0085161290317,1.0052563183709313
18.46,17694918,74.81,16.599333333333334,1.0116066174495062,-0.3917174603656657,318.01,130994000,373.75,287.6134193548387,1.011620299810921,0.19601231704525934,1213.1,1373849984,1251.82,1115.6504946236562,1.010975976955919,0.20905001391858602,3348.44,3508.01,3215.2041290322577,1.0060061206991011
21.66,19719624,74.81,17.005849462365592,1.0244899069660784,0.3663187136038666,336.17,160944000,373.75,292.0032903225806,1.0152630950864152,0.4443776146858285,1260.08,1357330048,1251.82,1130.138387096774,1.0129860494329859,0.26686544071809437,3477.13,3508.01,3241.893569892472,1.0083010097614697
21.33,13951864,74.81,17.37445161290323,1.0216750213715207,0.9522899417592292,334.73,127757000,373.75,296.06113978494625,1.013896588144205,0.39941742849812334,1257.8,1368419968,1260.08,1143.5182365591397,1.0118391248497782,0.25674533130860944,3483.81,3508.01,3267.366430107527,1.0078574017517483
22.52,12474244,74.81,17.795182795698924,1.0242155086197504,0.693991389723418,333.96,153468000,373.75,299.7652903225806,1.0125114378074913,0.41873413588052366,1249.95,1403180032,1260.08,1155.2164516129033,1.0102300205451586,0.2183171296018276,3465.39,3508.01,3289.1156559139777,1.006656500356385
21.22,20886800,74.81,18.108709677419352,1.0176186378819445,1.3430858732600024,311.0,207454000,373.75,301.7310107526881,1.006557531820953,0.46491332694112897,1172.03,1816210048,1260.08,1160.898817204301,1.0049188752319653,0.24234540241129565,3269.96,3508.01,3296.2695698924726,1.0021750265806653
24.95,21130248,74.81,18.63559139784946,1.0290954866368587,0.6736300196378489,323.98,180831008,373.75,304.27630107526886,1.00843562720395,0.3839741955522753,1258.63,1460749952,1260.08,1171.2673333333332,1.0089314555027302,0.2110785962819155,3509.44,3508.01,3317.1935698924735,1.0063477818049582
29.38,26891540,74.81,19.42339784946237,1.0422742930339104,1.0843715573846744,334.35,184772000,373.75,307.2969247311828,1.0099272393059844,0.33244595452392267,1244.78,2468260096,1260.08,1179.8781075268819,1.0073516727979113,0.09983372620985742,3585.15,3509.44,3341.454516129033,1.007313696269267
34.71,23816252,74.81,20.519698924731184,1.0564422910844695,1.5602344876829706,356.73,144532000,373.75,311.55038709677416,1.0138415389913589,0.48093143932601845,1243.31,1883619968,1260.08,1187.7043870967743,1.00663312550675,0.09435404329930397,3557.54,3585.15,3362.4060215053764,1.0062701752411147
36.0,18584068,74.81,21.6514623655914,1.0551549730340424,1.3079322355111598,371.69,97751000,373.75,316.48277419354844,1.0158317476114775,0.49073396294690697,1280.15,1367849984,1260.08,1197.216516129032,1.0080088354775798,0.11879075170467912,3638.35,3585.15,3387.0209677419343,1.0073206347119072
39.13,18129980,74.81,22.937763440860213,1.0594094317302563,1.3013347160843414,384.0,155375008,373.75,321.90716129032256,1.0171395966513388,0.46391181393853786,1274.78,1764450048,1280.15,1205.589870967742,1.0069940188143942,0.0763435657608964,3699.12,3638.35,3413.8196989247317,1.0079121834314075
38.14,9485443,74.81,24.10832258064517,1.0510319649430067,1.6880537724617446,368.8,136379008,384.0,326.0476989247312,1.0128625210380902,0.44228430126163554,1259.81,1547360000,1280.15,1212.3034623655917,1.0055687191469689,0.05767707465606042,3663.46,3699.12,3436.663333333334,1.0066915175443498
41.83,15543653,74.81,25.46260215053763,1.0561747738923866,1.6549240492294046,382.1,145978000,384.0,330.7454193548387,1.0144080772402322,0.40267576746967637,1289.04,1660060032,1280.15,1220.2200430107525,1.006530197174982,0.057038547899721515,3709.41,3699.12,3460.7515698924735,1.0070091929941172
42.41,6419628,74.81,26.795526881720427,1.0523483312232742,1.6050200886777035,372.25,86356000,384.0,334.52935483870965,1.0114406285391706,0.3595743367367985,1277.28,1092999936,1289.04,1226.7184516129034,1.0053256038854408,0.05797441866475772,3703.06,3709.41,3482.808709677419,1.0063735114582728
42.0,12449240,74.81,28.043139784946238,1.0465604915601385,0.8300147923741819,372.4,79092000,384.0,338.0923655913979,1.010650816441523,0.2187822256074946,1302.56,935129984,1289.04,1234.2564516129032,1.0061448492847636,0.06462525241931272,3756.07,3709.41,3506.869182795699,1.0069083533216812
45.09,53339240,74.81,29.444645161290325,1.0499767639105955,1.4453735830160344,391.6,141723008,384.0,342.7538924731183,1.0137877318630557,0.4104696484695187,1352.53,1794940032,1302.56,1244.4750107526881,1.0082791215119284,0.0729989993196214,3824.68,3756.07,3534.1472043010754,1.0077784542517865
42.85,10555461,74.81,30.641677419354842,1.0406536486178548,1.5061143366549128,378.28,113839000,391.6,346.3066451612903,1.0103653168240843,0.3403255122655824,1327.14,1901990016,1352.53,1252.3328602150536,1.0063141882275426,0.05985343218675121,3768.25,3824.68,3556.099913978494,1.0062116002555588
44.34,9807319,74.81,31.87655913978495,1.0403007219066307,1.900804888796825,378.72,86413000,391.6,349.6648817204301,1.0096972917097093,0.3658013732167176,1368.13,1554989952,1352.53,1262.2173548387098,1.0078928653377015,0.06462566634579203,3841.47,3824.68,3581.3345376344087,1.0070961514767123
41.66,13126276,74.81,32.87408602150538,1.031293430302376,1.6028277721415867,353.2,179306000,391.6,351.11978494623656,1.0041608502937098,0.2502201783280562,1307.64,2116349952,1368.13,1267.4506666666666,1.0041461257111504,0.0308081932589932,3714.24,3841.47,3596.570623655914,1.0042543040482248
46.1,18837888,74.81,34.10122580645161,1.0373284837225123,1.8377994581526902,378.16,139651008,391.6,354.01638709677417,1.0082496124534286,0.2831267607262449,1385.96,1778659968,1368.13,1277.2345806451617,1.0077193647341134,0.010618332529928942,3886.83,3841.47,3621.6851397849455,1.006982906428653
46.01,10791382,74.81,35.256430107526874,1.033875741230883,1.6853869280386857,385.18,186355008,391.6,357.14621505376346,1.0088409126556441,0.2588418206721428,1368.53,1534470016,1385.96,1285.334752688172,1.0063419611132975,0.01525425696497118,3934.83,3886.83,3648.3872043010747,1.007372828803587
45.89,9852025,74.81,36.34008602150538,1.030736404981262,1.8946477151898131,382.53,95030000,391.6,359.88679569892474,1.007673553658545,0.23808507756971364,1361.14,1180199936,1385.96,1292.3972473118279,1.005494673359516,-0.0023699142223905234,3906.71,3934.83,3671.7479784946236,1.0064030413674319
46.67,11868806,74.81,37.40806451612903,1.0293884415681251,1.953921569490295,374.71,132629000,391.6,361.9161290322581,1.005638810196946,0.2791923529718219,1294.47,2253669888,1385.96,1294.6453548387096,1.0017394864710194,-0.03534796593177392,3811.15,3934.83,3687.4573978494623,1.0042784579570407
47.7,7825436,74.81,38.4743440860215,1.028504002644476,1.8621601362514535,371.53,144976992,391.6,363.54853763440855,1.0045104610466393,0.2451799894704858,1257.91,2245149952,1385.96,1294.2150537634411,0.9996676301555014,-0.06888769405366113,3841.94,3934.83,3703.9919139784947,1.0044839883814456
54.06,13289271,74.81,39.882430107526886,1.036598051375669,2.0034214273986675,384.16,137486000,391.6,365.832193548387,1.0062815708979003,0.15963808572871874,1330.13,1834659968,1385.96,1298.249483870968,1.0031172795400543,-0.047256227958200725,3943.34,3934.83,3726.013182795699,1.0059452799381388
55.19,10674591,74.81,41.28417204301075,1.0351468536823014,2.5289763510065306,385.92,141075008,391.6,368.0644301075269,1.0061018045937629,0.18484573500717372,1328.16,2000370048,1385.96,1301.846043010753,1.0027703143228381,-0.058080939716668833,3913.1,3943.34,3744.856623655914,1.0050572662885955
50.18,13444004,74.81,42.27623655913979,1.0240301419899007,1.7760505675127467,383.43,118736000,391.6,369.9629677419355,1.0051581665575615,0.08891873944992379,1325.34,1773970048,1385.96,1305.0157419354837,1.0024347724846174,-0.0742594403541541,3974.54,3943.34,3766.5543870967736,1.0057940171337394
49.38,7832753,74.81,43.145204301075275,1.020554519812091,1.7476962497253552,373.75,108308000,391.6,371.10408602150545,1.0030844121684253,0.060236698672728295,1354.13,1118850048,1385.96,1309.884752688172,1.0037309977161402,-0.06319813253066342,4019.87,3974.54,3790.1733763440857,1.0062707150408408
53.53,9334630,74.81,44.21262365591399,1.0247401622527978,1.5578648827256931,397.81,142834000,391.6,373.67593548387094,1.006930264470913,0.15450854676354142,1411.45,1619469952,1385.96,1318.1636774193548,1.006320345903861,-0.056544168052997,4128.8,4019.87,3819.5450322580646,1.007749422782952
53.83,8173563,74.81,45.22812903225806,1.0229686748347546,1.5421944476984892,400.72,101233000,397.81,376.23873118279573,1.0068583375474962,0.14252958546710426,1440.19,1301440000,1411.45,1327.835376344086,1.007337251883367,-0.028900418577390452,4185.47,4128.8,3850.8785591397855,1.0082034709938206
53.8,8524951,74.81,46.17075268817204,1.0208415354798708,1.766249654127518,415.12,115688000,400.72,379.52245161290324,1.0087277575591018,0.1269773325183896,1422.5,1446279936,1440.19,1335.7825806451613,1.0059850825205126,-0.06526463774777325,4180.17,4185.47,3880.007784946237,1.0075643065235893
55.08,6592596,74.81,47.122107526881734,1.020605140339274,1.9361633527812216,417.65,114838000,415.12,382.73645161290324,1.0084685372007403,0.13085724173972424,1435.89,1577309952,1440.19,1344.0794623655913,1.0062112516218191,-0.06503847834222642,4181.17,4185.47,3907.305376344086,1.0070354475843475
59.5,6931394,74.81,48.279870967741935,1.0245694325152952,1.7431941117735206,424.04,130690000,417.65,386.14843010752696,1.0089146943810687,0.1052379779848982,1419.11,1450720000,1440.19,1350.8146451612904,1.0050110004536823,-0.09106199172683338,4232.6,4185.47,3936.1302150537635,1.0073771655740529
56.86,8117956,74.81,49.18593548387096,1.0187669208298924,1.6956256737027073,401.48,156112000,424.04,387.91595698924726,1.004577325048889,0.02763586093360315,1366.7,1605990016,1440.19,1353.8265376344086,1.0022296859779445,-0.11149076086346632,4173.85,4232.6,3959.540064516129,1.0059474275959759
52.34,12174892,74.81,49.72397849462366,1.010938960608549,1.4314922584710295,382.08,135980992,424.04,388.2883225806452,1.000959913055106,-0.05380915269427988,1349.99,1737059968,1440.19,1355.5261720430108,1.0012554299693164,-0.1192122137457936,4155.86,4232.6,3980.3053118279568,1.0052443584288786
56.71,16543102,74.81,50.47982795698925,1.0152009047797195,1.6773133991889164,394.32,117123000,424.04,389.3468817204301,1.0027262193535709,-0.008832678517719295,1380.08,2165120000,1440.19,1358.9519569892475,1.0025272731850492,-0.10816375637510167,4204.11,4232.6,4002.6985806451607,1.0056260178712069
53.85,7645346,74.81,50.97483870967743,1.0098061101378941,1.256604699623451,391.38,109319000,424.04,390.0365806451612,1.0017714253204841,-0.05217810512645071,1366.39,1437250048,1440.19,1361.0470967741933,1.001541732048856,-0.1196722620273003,4229.89,4232.6,4024.7461505376345,1.005508176408557
55.9,6472326,74.81,51.53995698924732,1.0110862200621855,1.0643742312612319,401.43,96019000,424.04,391.2297204301075,1.0030590458540394,-0.02077587775888201,1388.59,1354919936,1440.19,1364.3427526881724,1.002421412103806,-0.06920100654322092,4247.44,4232.6,4046.376623655914,1.0053743695401485
52.27,8916157,74.81,51.81384946236559,1.0053141773706837,0.7440502273140092,390.24,119393000,424.04,391.5566666666667,1.0008356886491132,-0.11441315329485047,1387.66,1598700032,1440.19,1367.2691397849462,1.0021449061029628,-0.05505903404032453,4166.45,4247.44,4061.3576559139788,1.0037023326426122
56.26,6486671,74.81,52.30739784946237,1.0095254143866548,0.7781358299272613,410.76,115935000,424.04,393.1354193548387,1.0040319903160173,-0.1235159366568992,1424.04,1658560000,1440.19,1372.232193548387,1.0036299025693078,-0.06414891914582777,4280.7,4247.44,4082.4001720430106,1.0051811531787629
56.22,10184786,74.81,52.75479569892473,1.00855324233008,0.6678854516399204,411.48,104026000,424.04,394.6766021505377,1.0039202338935225,-0.1403959055459274,1453.51,1362329984,1440.19,1378.7870967741937,1.0047768178422172,-0.03638336092059857,4352.34,4280.7,4106.683225806452,1.005948229654147
54.84,5875402,74.81,53.07640860215054,1.0060963728314158,0.6440607255835431,412.27,100301000,424.04,396.2096559139786,1.0038843289799484,-0.16296996051122048,1474.52,1133549952,1453.51,1386.3131182795698,1.0054584362756107,-0.022308096894072316,4369.55,4352.34,4130.67182795699,1.0058413568399414
47.94,7995785,74.81,52.91694623655915,0.9969956074687214,0.2635723887340311,392.49,105615000,424.04,396.3730967741935,1.000412511047561,-0.2593365244080492,1435.67,1281880064,1474.52,1390.870946236559,1.0032877334109378,-0.0527845993000684,4327.16,4369.55,4150.40711827957,1.0047777434626999
50.0,7639874,74.81,52.877247311827944,0.9992497880630954,0.28229732124396856,415.4,118381000,424.04,397.99225806451614,1.0040849424532086,-0.17588392045417756,1476.62,1599810048,1474.52,1397.755376344086,1.0049497260160298,-0.03532704883206805,4411.8,4369.55,4174.274559139784,1.0057506264277294
56.31,13414033,74.81,53.22832258064516,1.0066394392042926,0.4476049463065408,414.73,109315000,424.04,399.47539784946235,1.0037265543610292,-0.15899535006261334,1438.71,1455820032,1476.62,1401.765311827957,1.0028688392487957,-0.06565027421558023,4395.26,4411.8,4195.550731182796,1.0050969747537153
59.14,10112665,74.81,53.73120430107527,1.0094476341926464,0.4028558238112271,431.37,178028000,424.04,401.9410537634409,1.0061722347039446,-0.21355395951877032,1444.09,1632409984,1476.62,1405.8295483870966,1.0028993701904634,-0.09227619706529011,4436.52,4411.8,4218.11423655914,1.0053779603256003
59.24,5271398,74.81,54.21032258064516,1.008916946601182,0.4981295281579492,435.61,99255000,431.37,404.59473118279567,1.0066021557004639,-0.13969228020505486,1444.7,1149760000,1476.62,1409.7362365591398,1.00277892023007,-0.09711481722736792,4468.0,4436.52,4241.392924731183,1.0055187429421142
54.33,10282457,74.81,54.337419354838715,1.0023445124128247,0.3167525082675483,413.74,112990000,435.61,405.71415053763445,1.0027667670104508,-0.1881306382098613,1412.34,1416249984,1476.62,1411.302365591398,1.0011109376290708,-0.12392809116867975,4441.67,4468.0,4261.46806451613,1.0047331478458152
58.39,10299409,74.81,54.704967741935484,1.0067641855550145,0.46365497339915285,422.36,101553000,435.61,407.3143870967741,1.0039442463542845,-0.08233682349425542,1449.28,1399020032,1476.62,1415.1566451612903,1.0027310090763415,-0.10575882245376045,4509.37,4468.0,4284.620193548388,1.0054328998086455
56.71,6828353,74.81,54.92815053763441,1.0040797537209374,0.37374339120813893,411.87,109481000,435.61,408.0891182795699,1.0019020471835476,-0.19931774820534365,1466.71,1241260032,1476.62,1419.8308387096777,1.003302951347732,-0.10860833879661169,4535.43,4509.37,4307.743655913979,1.005396852304531
54.05,6003089,74.81,54.95690322580646,1.000523459972539,0.30762245620879614,418.29,107851000,435.61,409.2055483870969,1.002735750740509,-0.13858807915659654,1461.86,1059699968,1476.62,1424.0184731182794,1.0029493896698338,-0.06490886889351777,4458.58,4535.43,4324.514215053764,1.0038931191081348
52.64,9043115,74.81,54.87739784946237,0.9985533141120158,0.30987278379010175,414.15,117719000,435.61,409.9836774193548,1.0019015603168748,-0.1484076138102146,1469.69,1621820032,1476.62,1428.5105591397846,1.0031545138678353,-0.05496248856713848,4432.99,4535.43,4338.507462365591,1.0032357963498226
52.56,7712566,74.81,54.77821505376345,0.9981926476184058,0.2291400889095968,414.86,131957000,435.61,410.7396129032257,1.0018438184871874,-0.1302568259779724,1474.29,1627149952,1476.62,1433.0659784946236,1.0031889294242124,-0.030150459921155726,4455.48,4535.43,4352.819892473119,1.0032989294663386
49.83,6520335,74.81,54.49023655913979,0.9947428280687676,0.09053460347397713,397.24,139504992,435.61,410.27243010752693,0.9988625815942208,-0.15724111358469273,1438.51,1625580032,1476.62,1434.9263010752688,1.0012981416128512,0.009495986566354642,4357.05,4535.43,4359.396344086021,1.0015108485476907
49.71,7311897,74.81,54.18993548387097,0.9944889012375108,-0.02589217250171172,391.61,160187008,435.61,409.3867311827956,0.9978411931688922,-0.13193450890191083,1451.37,1569560064,1476.62,1437.2279139784946,1.0016039938089512,-0.022465361790978022,4391.36,4535.43,4367.078580645161,1.0017622248478422
52.45,7591100,74.81,54.075763440860214,0.9978931135091546,-0.0005190350855737158,406.02,108474000,435.61,409.414688172043,1.0000682899251927,-0.151979570767113,1502.87,1307920000,1476.62,1442.591376344086,1.0037318106011066,-0.01112405285609297,4471.37,4535.43,4378.959268817204,1.0027205116538773
52.49,5108970,74.81,53.970064516129035,0.9980453549241746,0.11032859098549563,412.11,102747000,435.61,409.7923225806451,1.0009223763082076,-0.117581508552979,1525.03,1356080000,1502.87,1449.0087956989246,1.0044485357808681,0.007167372138289219,4544.9,4535.43,4394.383247311828,1.0035222932089045
53.24,5772804,74.81,53.90778494623655,0.9988460349186007,0.1008972097466595,433.23,114852000,435.61,411.47086021505373,1.0040960690132947,-0.03188847106936765,1585.72,1743180032,1525.03,1458.912258064516,1.006834646135336,0.025370974587255013,4605.38,4544.9,4412.482580645161,1.0041187425662985
65.31,18250584,74.81,54.61591397849462,1.0131359326480265,0.22216460480069244,452.89,211440000,435.61,414.28987096774193,1.0068510580584367,-0.05621220425793627,1664.89,2045849984,1585.72,1473.4254193548386,1.0099479329274925,0.04181298177637882,4697.53,4605.38,4435.267913978494,1.0051638353051586
63.34,6180457,74.81,55.171612903225814,1.01017467042573,0.15094995724449878,451.19,102701000,452.89,416.8807526881721,1.0062537896820363,-0.03774287316912561,1611.82,1871360000,1664.89,1483.969677419355,1.0071562889617673,0.0003368541811705761,4682.85,4697.53,4455.883075268817,1.004648008122655
62.59,7795141,74.81,55.658473118279574,1.0088244694949873,0.14911068790802595,457.77,106452000,452.89,419.78761290322586,1.0069728818044716,-0.03708062742077933,1673.27,1711910016,1664.89,1498.1093548387098,1.0095282792057745,0.052420056915050584,4697.96,4697.53,4476.403440860216,1.0046052298152282
61.55,7631757,74.81,56.059333333333335,1.0072021417871435,0.22831837753968243,438.44,103715000,457.77,421.3556559139785,1.003735324632159,-0.06742360417641735,1612.87,1441170048,1673.27,1507.8129677419354,1.0064772393763406,0.02437076160332352,4594.62,4697.96,4489.143182795699,1.0028459771563922
61.5,10925400,74.81,56.44305376344086,1.0068448982050124,0.05886334602926868,425.55,140371008,457.77,422.0473763440861,1.0016416545509688,-0.12428185613926779,1574.74,2259919872,1673.27,1514.6759784946232,1.0045516326623491,0.037411502861265156,4538.43,4697.96,4497.368623655913,1.0018322963927142
65.58,6770291,74.81,57.08569892473119,1.011385726292977,0.12425323040872227,425.44,109461000,457.77,422.72875268817216,1.0016144546377432,-0.11065048332160043,1614.44,1766800000,1673.27,1523.7655913978492,1.0060010279639213,0.05233023953394911,4712.02,4697.96,4516.135720430108,1.0041729060578848
61.47,9249497,74.81,57.44443010752688,1.0062840814696634,0.07435032470832992,399.07,213300000,457.77,421.657311827957,0.9974654175912999,-0.13397195611207868,1545.06,2143299968,1673.27,1527.846301075269,1.0026780429355122,0.032660105526718164,4620.64,4712.02,4527.849978494624,1.002593867587177
61.69,4377120,74.81,57.79772043010753,1.0061501232046233,0.03472775447499843,399.26,99057000,457.77,420.5615913978495,0.9974013958743952,-0.14755803616630603,1604.1,1289059968,1673.27,1535.3165376344082,1.0048893900871323,0.03823820713017256,4725.78,4712.02,4545.347935483872,1.0038645178334873
64.91,3880790,74.81,58.34804301075268,1.0095215274330869,0.06612468709069663,408.7,82608000,457.77,420.0642795698925,0.9988175053591936,-0.12315592439899592,1610.76,1123879936,1673.27,1542.7346881720432,1.0048316750036868,0.05205771904077694,4766.18,4725.78,4564.33047311828,1.0041762562302916
61.84,5288401,74.81,58.676516129032244,1.0056295481618642,-0.09902513116212996,389.04,115213000,457.77,418.2613333333333,0.9957079277523782,-0.11933121503094246,1569.02,2226520064,1673.27,1546.9344086021506,1.0027222570817302,0.028798994390634824,4677.02,4766.18,4576.407440860215,1.002645945076296
58.07,7946280,74.81,58.748989247311826,1.0012351298792215,-0.16156185979459248,372.88,123143000,457.77,415.44245161290326,0.9932604773719699,-0.14034956190500625,1545.9,1967440000,1673.27,1549.2544946236558,1.0014997959891536,-0.005108498379041704,4662.85,4766.18,4586.646387096775,1.0022373327482037
53.61,6562817,74.81,58.52124731182795,0.9961234748307726,-0.2918066012326669,353.55,107740000,457.77,411.41380645161286,0.9903027599956391,-0.1902240330024212,1414.67,1682109952,1673.27,1542.7678279569893,0.9958130399562002,-0.0339655792968907,4397.93,4766.18,4578.7261935483875,0.9982732059810261
57.07,12003954,74.81,58.52243010752687,1.000020211389081,-0.10061568728168191,351.02,187390000,457.77,407.3449677419355,0.9901101065499708,-0.19562457095265484,1401.07,2257880064,1673.27,1535.4238924731183,0.9952397662494711,-0.054346516972467174,4431.85,4766.18,4572.742279569893,0.9986931050852252
65.15,17856806,74.81,59.043075268817205,1.0088965061829065,0.12856077666000743,367.41,173076992,457.77,404.46356989247306,0.9929263938979409,-0.12824792286577846,1456.33,2030189952,1673.27,1531.7578924731185,0.9976123857275043,-0.04231413323382893,4500.54,4766.18,4571.018989247312,0.9996231385419903
67.12,11621898,74.81,59.66864516129032,1.0105951441320589,0.4967506409792687,358.38,171254000,457.77,401.0960645161291,0.9916741441578059,-0.07174991452830581,1423.52,1828649984,1673.27,1526.0142365591396,0.9962502847596199,-0.02960383447674908,4418.64,4766.18,4563.730129032258,0.9984054189597114
67.81,8358627,74.81,60.29748387096774,1.0105388467926095,0.46876210982290734,353.37,151322000,457.77,397.47868817204306,0.9909812719093868,-0.11548096713906564,1417.74,1549820032,1673.27,1519.9238064516128,0.9960089296930417,-0.025610830096857495,4348.87,4766.18,4551.743247311828,0.9973734464173997
68.97,11109527,74.81,60.962860215053766,1.0110348940182958,0.30430781801033935,361.83,144695008,457.77,394.5405161290322,0.9926079758979703,-0.11707155279751036,1387.08,1654019968,1673.27,1511.981935483871,0.9947748229654467,-0.033465525154825704,4384.62,4766.18,4542.198150537634,0.9979029799671081
54.54,22821284,74.81,60.67004301075269,0.9951967935351438,-0.04906758366411168,336.8,191816000,457.77,390.10126881720436,0.9887483106795145,-0.21882087552794838,1350.6,2032390016,1673.27,1501.7975483870966,0.9932642137728219,-0.040475218660355305,4328.87,4766.18,4529.079161290323,0.997111753205712
49.32,29565044,74.81,60.0503440860215,0.9897857510234274,-0.15251488495585652,315.99,215640992,457.77,384.52281720430113,0.9856999911079058,-0.25614958141258115,1315.58,1975840000,1673.27,1489.5548602150538,0.9918479769891813,-0.030357499263042986,4204.31,4766.18,4508.155548387097,0.9953801618037373
55.56,13201450,74.81,59.854559139784946,0.996739653215707,0.08670211630366098,345.51,182643008,457.77,381.106129032258,0.9911144722259023,-0.16739602887873217,1437.52,1846499968,1673.27,1485.4569462365591,0.9972489002668199,0.01300605773964536,4463.09,4766.18,4504.4944946236565,0.9991879042938635
53.88,6389267,74.81,59.54774193548389,0.994873954320096,-0.020312513701221335,344.71,125038000,457.77,377.78455913978496,0.9912843965514081,-0.19334665512505667,1452.85,1489810048,1673.27,1482.2939139784942,0.9978706671599749,-0.005003382828258962,4543.04,4766.18,4505.945440860215,1.0003221107803084
50.99,8101322,74.81,59.064172043010764,0.9918792908554442,-0.08156036764921692,353.63,142395008,457.77,375.2054623655914,0.9931731016744937,-0.155137577382628,1465.81,1485650048,1673.27,1479.9593333333332,0.9984250217698764,-0.0029132899299649795,4545.86,4766.18,4507.505913978494,1.0003463142505298
47.86,10375778,74.81,58.39096774193548,0.9886021546093111,-0.12193029627877672,346.33,149230000,457.77,372.28064516129024,0.9922047584652398,-0.23476450993749098,1417.79,1734560000,1673.27,1474.5286236559139,0.9963305007407279,-0.036807839350895044,4488.28,4766.18,4505.329118279569,0.99951707313524
49.8,7558666,74.81,57.85623655913978,0.9908422277712712,-0.09754871262874165,357.5,95725000,457.77,370.2312258064517,0.9944949613108395,-0.18229681229389028,1406.28,1057670016,1673.27,1468.4501075268818,0.9958776547084172,-0.03403166532322055,4392.59,4766.18,4496.914903225807,0.9981323861514084
48.54,6714015,74.81,57.24632258064516,0.9894581117824494,-0.04292474729029583,342.39,112963000,457.77,367.32879569892475,0.992160493482945,-0.24935488629427915,1381.16,1287859968,1673.27,1460.8873118279569,0.994849810926391,-0.02193926441332328,4271.78,4766.18,4480.793376344086,0.9964149806637086
47.7,8381553,74.81,56.59086021505377,0.988550140235331,0.03480735667629675,332.02,151640992,457.77,363.91318279569896,0.990701483403372,-0.2011592666003129,1272.15,1632809984,1673.27,1446.4918924731182,0.9901461124083375,-0.06397945438774721,4131.93,4766.18,4456.044322580645,0.9944766357908621
44.12,10840549,74.81,55.70901075268816,0.9844171044756264,-0.06270402040682366,299.52,233842000,457.77,358.54105376344086,0.9852378828626441,-0.24068030753694536,1229.22,1777069952,1673.27,1429.6845591397846,0.9883806238937174,-0.0920287951559492,4123.34,4766.18,4431.225204301075,0.9944302353201917
43.0,18618268,74.81,54.76692473118279,0.9830891626188155,-0.11663309112606879,298.68,247111008,457.77,353.3127741935483,0.9854179053834597,-0.19816646700826568,1187.3,2108349952,1673.27,1410.6504516129032,0.9866864984970294,-0.10990153136100589,4023.89,4766.18,4400.566344086023,0.9930811775972718
41.68,12322647,74.81,53.76000000000001,0.9816143642148039,-0.14200712555456552,277.17,250844992,457.77,346.9275913978494,0.981927676376057,-0.2162064003011649,1098.91,2051049984,1673.27,1386.5924086021507,0.982945425648682,-0.13782137936175454,3901.36,4766.18,4362.964645161291,0.9914552591678875
47.57,13650927,74.81,53.15632258064517,0.9887708813364054,-0.06704898931020697,297.75,213300000,457.77,342.1603440860215,0.9862586677161663,-0.25037758747238326,1200.5,1755660032,1673.27,1370.0049462365591,0.9880372470938927,-0.14583986229502677,4158.24,4766.18,4343.319806451613,0.9954973646803522
49.7,14664379,74.81,52.70225806451613,0.9914579396375631,-0.24432219842714764,304.29,146688000,457.77,338.10638709677426,0.9881518794935861,-0.2374955962849119,1200.56,1249660032,1673.27,1354.2497849462366,0.9884999237896166,-0.15351238839286552,4108.54,4766.18,4321.430107526882,0.9949601457179793
48.25,14765790,74.81,52.18821505376344,0.9902462810962783,-0.28352743735584784,289.31,153032000,457.77,333.40554838709676,0.9860965693371181,-0.21254027576258128,1127.72,1849910016,1673.27,1334.7938279569892,0.9856334058860347,-0.13335352323676564,3900.86,4766.18,4287.408344086021,0.9921271980352978
45.0,19395652,74.81,51.49694623655913,0.9867543119362834,-0.38288974956111665,274.66,294532000,457.77,328.1076774193548,0.9841098296252978,-0.20809155377551547,1065.21,2729169920,1673.27,1312.346043010753,0.983182582601094,-0.14561659214938882,3674.84,4766.18,4240.486344086022,0.9890558593363931
46.02,10522006,74.81,50.90931182795699,0.9885889464998031,-0.43280686942468494,288.31,163064000,457.77,324.0842365591398,0.9877374376245619,-0.2204518233722631,1153.04,1700300032,1673.27,1296.8723655913977,0.9882091484164833,-0.13647447135469581,3911.74,4766.18,4211.0484731182805,0.993057902188791
