31.16,1002350,36.39,32.53116129032258,0.9988794212346043,0.201182050095829,407.53,1039470016,432.4,404.9000215053764,1.0028862771334208,0.2485859837303921,395.46,24554956,413.42,391.72200000000004,1.0026635017526038,0.10017385641284116,2399.29,2384.2,2324.8015913978493,1.0035831475066492
29.81,653001,36.39,32.39425806451612,0.9957916280767025,0.1679026639023622,403.65,983670016,432.4,405.6242795698925,1.0017887330848325,0.28241459957233794,390.45,24554956,413.42,392.28933333333333,1.0014483060265527,0.09026587701603539,2390.9,2399.29,2332.032602150538,1.003110377582089
28.75,1049591,36.39,32.17782795698925,0.9933188743790385,0.05693763330189294,396.62,1342550016,432.4,405.7014193548387,1.0001901754624452,0.22319831734876305,386.54,24554956,413.42,392.458,1.0004299547612816,0.0726235556242949,2381.73,2399.29,2338.1173333333336,1.0026091964482762
29.02,1108717,36.39,31.972043010752692,0.9936047595719755,0.025713347612120963,399.0,943400000,432.4,405.7700215053764,1.0001690951701543,0.17510087663361618,391.38,24554956,413.42,392.8091612903226,1.0008947741932197,0.0568017529152427,2415.82,2399.29,2345.884064516129,1.0033217884629095
28.22,1102037,36.39,31.71030107526882,0.9918134122553306,0.10584141149644011,391.06,1084300032,432.4,405.16623655913975,0.9985120020843417,0.14631916104826415,388.41,24554956,413.42,392.8326021505376,1.0000596749325754,0.033386941560261896,2439.07,2415.82,2354.528408602151,1.0036848982508457
30.14,1070690,36.39,31.565182795698924,0.9954236234078813,0.06423438936644255,410.95,1223049984,432.4,405.68881720430096,1.0012897931713145,0.04281606679016248,402.33,24554956,413.42,393.61309677419354,1.0019868376997816,-0.004149170025880222,2431.77,2439.07,2361.9407311827954,1.0031481134623663
28.57,1525254,36.39,31.313225806451616,0.9920178827767904,-0.03014362587102526,408.18,1266880000,432.4,405.9257849462365,1.0005841120876058,-0.013092148929989555,403.58,24554956,413.42,394.3819784946237,1.0019533946576764,-0.016915293073919146,2433.15,2439.07,2368.867204301075,1.0029325346850728
27.42,1410952,36.39,30.989956989247315,0.9896762850559556,-0.08720540244317354,400.07,1101720064,432.4,405.5648602150538,0.9991108602986861,-0.039470373245164,396.69,24554956,413.42,394.62870967741935,1.0006256147497852,-0.035118954393422275,2438.3,2439.07,2375.585612903226,1.0028361271539208
28.28,1223137,36.39,30.730107526881717,0.9916150428199769,-0.05605798837238196,420.16,1371250048,432.4,406.45550537634404,1.002196060972388,0.0007708217184283495,409.59,24554956,413.42,395.6544946236559,1.0025993672560596,-0.013792195660799145,2423.41,2439.07,2380.8596129032258,1.0022200841642388
29.12,565766,36.39,30.529849462365593,0.9934833269183668,-0.2201847843686805,427.27,792840000,432.4,407.7292688172044,1.0031338324220285,0.010307090653456363,415.6,24554956,413.42,396.99395698924724,1.00338543447324,-0.01645075636087534,2425.18,2439.07,2385.7500430107525,1.002054060676666
28.54,697437,36.39,30.306043010752692,0.992669257937587,-0.23131593272933837,421.0,1011350016,432.4,408.55812903225814,1.0020328690590652,-0.007391102342127809,412.9,24554956,415.6,398.1111397849462,1.0028141052931172,-0.026925808502125337,2459.27,2439.07,2392.4835913978495,1.0028224031292898
27.79,731336,36.39,30.04683870967742,0.9914471083874822,-0.287426733807428,414.98,1128519936,432.4,408.9581505376344,1.0009791054857329,-0.050751491284037664,411.73,24554956,415.6,399.10086021505373,1.002486040532908,-0.04198815000354306,2472.54,2459.27,2399.640580645161,1.0029914475790114
28.76,980414,36.39,29.868709677419353,0.9940716215113606,-0.24566981763738294,416.69,1218360064,432.4,409.455182795699,1.001215362152365,-0.024347042768035454,413.61,24554956,415.6,400.16952688172046,1.0026776857010302,-0.0341335699191172,2472.1,2472.54,2406.320258064516,1.0027836157936447
29.67,785790,36.39,29.764473118279575,0.9965101753552287,-0.26013176380539715,425.1,1106009984,432.4,410.4646666666667,1.00246543190411,0.01305545800636021,420.88,24554956,415.6,401.6489892473118,1.0036970890240442,-0.011763118148986118,2476.83,2472.54,2412.803440860215,1.0026942310666966
27.98,999748,36.39,29.564903225806457,0.9932950302301654,-0.26076858171021167,410.85,1007409984,432.4,410.5128817204301,1.0001174645655981,-0.02899548361108306,409.51,24554956,420.88,402.3309677419354,1.0016979464977656,-0.02494534828298378,2441.32,2476.83,2416.5658709677423,1.0015593603870965
27.82,646851,36.39,29.371161290322586,0.9934468943123494,-0.20296284647837792,407.9,957169984,432.4,410.36255913978493,0.9996338176282918,-0.005867591033084318,407.63,24554956,420.88,402.85105376344086,1.0012926820533463,-0.006979312759590073,2425.55,2476.83,2418.9524301075267,1.00098758290368
28.71,429692,36.39,29.248860215053767,0.9958360149923962,-0.18007392567929792,412.25,772350016,432.4,410.4699354838709,1.000261662136797,-0.06037843952344568,410.64,24554956,420.88,403.5149892473118,1.0016480917144648,-0.018277097186771396,2443.05,2476.83,2422.136322580645,1.001316227815599
28.36,493573,36.39,29.11720430107527,0.9954987677122975,-0.10769623577606913,411.51,826979968,432.4,410.52430107526885,1.00013244719454,-0.05951291454769825,410.24,24554956,420.88,404.11397849462367,1.0014844287406255,-0.03444757185611058,2476.55,2476.83,2427.162451612903,1.002075080987557
27.41,524027,36.39,28.93698924731182,0.9938107020200153,-0.20265515137989365,395.48,970540032,432.4,409.5435053763441,0.9976108705468695,-0.09320881257377267,398.58,24554956,420.88,403.9239139784946,0.9995296759670699,-0.05145703157569459,2461.43,2476.83,2430.827870967742,1.001510166471306
28.6,919268,36.39,28.84931182795699,0.9969700572991373,-0.21045036274773377,413.38,1240979968,432.4,409.7482150537635,1.000499848428145,-0.08068203753669212,411.81,24554956,420.88,404.57782795698927,1.0016189038476426,-0.04851746604029805,2500.23,2476.83,2436.6839784946233,1.0024091000423447
30.61,602045,36.39,28.905053763440858,1.0019321755685642,-0.21973340140549347,428.46,1037329984,432.4,410.9496559139784,1.0029321442194867,0.010612914592283307,422.7,24554956,420.88,405.92133333333334,1.003320758784851,-0.013915499805295495,2502.22,2500.23,2442.347892473119,1.002324435186706
32.62,888274,36.39,29.099806451612903,1.0067376691206287,-0.1324952329564445,436.68,1087590016,432.4,412.66888172043,1.004183543608591,-0.0042034732557085785,429.08,24554956,422.7,407.6389247311827,1.0042313405500147,-0.019289599195895235,2519.36,2502.22,2448.827548387097,1.0026530437919787
32.56,746308,36.39,29.295569892473118,1.006727310753277,-0.09607897942352772,443.93,958449984,436.68,414.8466451612904,1.0052772659566216,-0.020490149682437897,437.25,24554956,429.08,409.849935483871,1.005423944129345,-0.009894019654528075,2549.33,2519.36,2456.94776344086,1.0033159603497237
33.06,679597,36.39,29.525204301075266,1.0078385370021816,-0.07315331156715277,434.63,1020449984,443.93,416.39040860215056,1.0037212870318861,-0.0326828071169003,433.5,24554956,437.25,411.76195698924727,1.004665174591571,-0.008072810833778199,2553.17,2549.33,2464.9356559139783,1.003251144607947
32.4,925412,36.39,29.711741935483868,1.0063179117240455,-0.07131184304772864,447.36,1083459968,443.93,418.73212903225806,1.005623857758801,0.0691577457807242,442.05,24554956,437.25,414.1683010752689,1.0058440175086025,0.03087423747444773,2575.21,2553.17,2473.969311827957,1.0036648647977098
28.59,2355442,36.39,29.64864516129032,0.9978763690688162,-0.19581569206682659,454.22,1123120000,447.36,421.42,1.0064190702871403,0.09768881850146438,444.53,24554956,442.05,416.62563440860214,1.0059331757813272,0.03417562393297735,2581.07,2575.21,2482.8837634408605,1.0036032991881847
26.61,1552854,36.39,29.464129032258068,0.993776574678928,-0.22401942887324344,453.9,883449984,454.22,423.9864086021505,1.0060899069862619,0.10355836130221685,444.05,24554956,444.53,418.94458064516124,1.0055660190949385,0.03790211731413429,2587.84,2581.07,2491.7654193548387,1.0035771533266098
25.06,1365226,36.39,29.187139784946233,0.9905991028274218,-0.25664012948302395,434.14,1119180032,454.22,425.16509677419367,1.0027800140479248,0.06815382496688116,432.27,24554956,444.53,420.3888172043011,1.0034473212588544,0.027633287434688514,2582.3,2587.84,2499.7900860215054,1.0032204743690296
26.76,1100834,36.39,29.029225806451613,0.9945896042004065,-0.1667961153052605,438.1,1030460032,454.22,426.4987096774194,1.00313669422383,0.07513831278070837,433.36,24554956,444.53,421.7917849462364,1.0033373098534482,0.028580973643064,2578.85,2587.84,2507.0473333333334,1.002903142688824
26.64,674778,36.39,28.869806451612906,0.9945083153129327,-0.15912704091457808,438.16,539059968,454.22,427.7416129032258,1.0029142016085968,0.029377974678261864,434.19,24554956,444.53,423.1435913978495,1.0032049141302868,0.019614832777243185,2602.42,2587.84,2515.3302580645163,1.0033038565411407
27.07,2022143,36.39,28.747354838709683,0.9957584886095978,-0.09435575294071197,463.24,1549500032,454.22,430.5243870967742,1.0065057364296655,0.0835568100008861,456.61,24554956,444.53,425.84845161290315,1.0063922986665548,0.05337926438869256,2642.22,2602.42,2525.7116344086025,1.0041272418644835
26.92,758639,36.39,28.624021505376348,0.9957097502004859,-0.08548462726532902,471.86,1333350016,463.24,433.7434838709678,1.0074771531431737,0.11257728070566086,463.46,24554956,456.61,428.86374193548386,1.007080665225294,0.07799275908389602,2651.5,2642.22,2536.1692903225808,1.0041404789729398
26.52,1538710,36.39,28.48109677419355,0.9950068256077871,-0.023111350146516885,471.45,1386189952,471.86,436.7894408602151,1.0070224847231444,0.13647047079462493,462.84,24554956,463.46,431.6820215053764,1.0065715034737455,0.07391897555624483,2675.81,2651.5,2547.6349032258067,1.004520838946744
26.57,710395,36.39,28.346193548387095,0.9952634118385255,-0.11976450598136434,479.7,1035900032,471.86,440.20673118279564,1.0078236559836486,0.1812067447986978,466.56,24554956,463.46,434.5762150537634,1.006704456994281,0.08135280228362052,2683.34,2675.81,2558.9538924731182,1.0044429400904265
25.99,874551,36.39,28.179139784946234,0.9941066597476059,-0.12738126647115278,473.66,499160000,479.7,443.06079569892466,1.0064834640498577,0.18509706177801277,463.94,24554956,466.56,437.13969892473125,1.0058988131015194,0.0982998611232011,2673.61,2683.34,2569.0698279569892,1.0039531526979153
27.42,1233368,36.39,28.109139784946233,0.997515892942999,-0.12594598529874002,483.51,837870016,479.7,446.3727096774193,1.0074750779365846,0.16717587279603685,471.92,24554956,466.56,440.0555913978494,1.0066703904502168,0.04492081537061332,2743.15,2683.34,2583.167827956989,1.0054875892615232
30.0,1148924,36.39,28.211440860215053,1.0036394239045197,-0.024057475646638737,497.98,1025329984,483.51,450.4621290322581,1.0091614457294982,0.2585065839448777,485.49,24554956,471.92,443.697311827957,1.008275591769075,0.05784210835452508,2786.24,2743.15,2599.3761935483876,1.0062746080281657
30.38,782823,36.39,28.335182795698927,1.004386232383415,0.024965626196310486,504.41,1063929984,497.98,454.7732688172043,1.009570482193937,0.29263723663081687,490.56,24554956,485.49,447.48997849462364,1.0085478693820378,0.08406782732947082,2810.3,2786.24,2616.3774838709674,1.0065405270559824
31.11,1781504,36.39,28.49965591397849,1.005804554693204,0.015257177851334847,514.44,1088259968,504.41,459.50711827956997,1.0104092517897494,0.22413946464550172,501.29,24554956,490.56,451.7730322580646,1.0095712842058482,0.0384164846391577,2872.87,2810.3,2636.615548387097,1.0077351470270977
30.83,1252120,36.39,28.63997849462365,1.004923658765169,0.004059733022704792,505.37,1118230016,514.44,463.45305376344095,1.008587321777832,0.19212513547090404,487.21,24554956,501.29,454.9504946236559,1.00703331571101,0.03336696038461584,2762.13,2872.87,2648.7425161290316,1.0045994448259068
29.4,1285950,36.39,28.68436559139785,1.0015498299617274,0.019077580223845203,477.28,2088390016,514.44,465.4187741935485,1.0042414661294063,0.197677286324776,458.95,24554956,501.29,456.1507311827957,1.0026381695883915,0.04635440332329788,2619.55,2872.87,2650.9461505376344,1.0008319549352889
30.77,911371,36.39,28.815290322580644,1.004564323752102,0.08665799858678147,501.14,1155330048,514.44,468.80281720430105,1.007270963696332,0.26240941543121865,480.61,24554956,501.29,458.6493548387096,1.0054776272076447,0.062268499299136026,2732.22,2872.87,2660.074129032258,1.0034432908012003
30.59,686455,36.39,28.928193548387103,1.003918170684471,0.04868301851573742,503.2,780060032,514.44,472.1344731182796,1.0071067318533766,0.2674197987616682,482.42,24554956,501.29,461.11662365591405,1.0053794228448705,0.05504209209247257,2747.3,2872.87,2669.616559139785,1.0035872797691539
29.94,1141669,36.39,28.995225806451614,1.002317194744718,0.01229281057567344,491.08,1210850048,514.44,474.4981505376344,1.0050063648259862,0.23884635988915937,471.44,24554956,501.29,462.72752688172034,1.0034934833037126,0.0335589191395671,2691.25,2872.87,2674.9510322580645,1.0019982169724024
31.19,830370,36.39,29.142322580645157,1.0050731377356894,0.0966205380281786,507.97,989889984,514.44,477.80961290322585,1.006978873072191,0.2676205472568839,492.13,24554956,501.29,465.5645376344086,1.006131061127499,0.06033391887294015,2786.57,2872.87,2685.9740645161287,1.0041208351574045
31.95,1044373,36.39,29.331548387096774,1.0064931614811405,0.11618303008935227,495.4,1187459968,514.44,480.10124731182793,1.004796124537298,0.23486470015502936,480.3,24554956,501.29,467.46064516129024,1.004072706088217,0.04368226116713814,2752.01,2872.87,2694.024946236559,1.0029973788007818
28.99,896241,36.39,29.320924731182796,0.9996378078724731,-0.08064055717647012,455.16,1213730048,514.44,479.60858064516134,0.9989738275636126,0.18270118703804894,445.64,24554956,501.29,466.9643440860216,0.9989383040467558,0.025794809740165014,2588.26,2872.87,2690.809247311828,0.9988063588909141
29.15,856065,36.39,29.320021505376342,0.9999691951800724,-0.09028377509299501,466.02,1015209984,514.44,479.72427956989253,1.0002412361442232,0.18556463868925432,457.53,24554956,501.29,467.15987096774194,1.0004187190825096,0.048923619522257544,2640.87,2872.87,2690.6754623655916,0.999950280776547
28.86,686748,36.39,29.298709677419353,0.9992731305482473,-0.03512366700959202,461.81,1171890048,514.44,479.45113978494624,0.9994306317262258,0.2341553446118625,450.91,24554956,501.29,466.82660215053767,0.9992866064961575,0.0731785227611772,2604.47,2872.87,2687.839913978495,0.9989461574140928
29.22,376664,36.39,29.29750537634409,0.9999588957640619,-0.018807003171183778,465.35,1133910016,514.44,479.26374193548384,0.9996091408823297,0.20359474407086964,455.57,24554956,501.29,466.6814408602151,0.9996890466617501,0.04384033967629253,2656.3,2872.87,2688.040623655914,1.0000746732260262
29.76,477823,36.39,29.3298064516129,1.00110251964643,-0.0819051058450675,469.88,1305049984,514.44,479.2568387096774,0.9999855961859778,0.15753567568056348,462.86,24554956,501.29,466.9124946236559,1.000495099533024,0.02789987237016045,2670.14,2872.87,2688.798602150537,1.0002819817855255
28.79,561193,36.39,29.30135483870968,0.9990299420164891,-0.19714055525011964,470.82,1101379968,514.44,479.221505376344,0.9999262747435622,0.1177390518380198,459.78,24554956,501.29,466.85847311827956,0.9998843005788057,0.011791189263401058,2669.91,2872.87,2689.180623655914,1.0001420788842539
29.16,730333,36.39,29.305010752688176,1.000124769451741,-0.17521055092044757,464.54,1056470016,514.44,478.70759139784946,0.9989276066021058,0.08154463181681315,452.01,24554956,501.29,466.23713978494624,0.9986691184392922,-0.01099650283790643,2663.42,2872.87,2688.8201720430106,0.9998659622898765
29.86,719489,36.39,29.361139784946236,1.0019153390773934,-0.17637859068900308,485.12,892419968,514.44,479.47709677419357,1.0016074643272255,0.16201501620059022,468.28,24554956,501.29,466.6337419354839,1.0008506446970753,0.011864688427063896,2727.72,2872.87,2692.3627526881723,1.0013175223400939
29.08,627415,36.39,29.373827956989246,1.0004321416721538,-0.13283058158560168,476.79,890600000,514.44,479.6006021505378,1.0002575834741119,0.13471904000965085,463.09,24554956,501.29,466.6207096774193,0.999972071762298,-0.005898240710692004,2712.97,2872.87,2694.5783440860214,1.0008229171182959
30.3,1212574,36.39,29.47236559139785,1.0033546065072925,0.0015899133923702458,476.01,1013459968,514.44,479.6104946236559,1.0000206264818554,0.08262855261758906,461.21,24554956,501.29,466.4411397849462,0.9996151694754456,-0.016819027115066332,2721.33,2872.87,2697.037032258064,1.0009124574824253
30.66,671568,36.39,29.59045161290322,1.0040066692691894,0.07789652451149287,469.05,1117440000,514.44,479.12449462365595,0.9989866777198416,0.06738729689228029,455.23,24554956,501.29,465.8398924731182,0.9987109899609087,-0.031541772207927865,2734.62,2872.87,2700.0515053763443,1.00111769808209
31.55,810209,36.39,29.757247311827953,1.0056368081537492,0.2041571840679397,479.98,919649984,514.44,479.3110752688172,1.000389419967576,0.1589719144922097,465.17,24554956,501.29,465.85589247311833,1.000034346564686,-7.418323771157809e-05,2779.03,2872.87,2705.615483870967,1.0020606934658631
30.48,1242094,36.39,29.84105376344086,1.0028163375037582,0.07862763782742954,467.93,1265360000,514.44,478.62165591397843,0.9985616452646079,0.12473888950830869,456.35,24554956,501.29,465.2321075268817,0.9986609916149711,-0.024817460454009455,2779.66,2872.87,2710.797032258065,1.0019151089347273
31.1,1464795,36.39,29.956860215053762,1.0038807762128956,0.05779737406665886,462.79,1161959936,514.44,477.5364731182796,0.9977326918197494,0.0924865212893784,449.85,24554956,501.29,464.13952688172037,0.9976515364535579,-0.022516773877369722,2754.88,2872.87,2713.948021505376,1.0011623847930387
28.38,1134764,36.39,29.887591397849462,0.997687714376372,-0.1139995358164565,454.95,1232690048,514.44,475.89251612903223,0.9965574210939062,0.003385030096279107,441.15,24554956,501.29,462.45197849462363,0.9963641355899283,-0.06267867756455414,2718.37,2872.87,2714.415655913979,1.0001723077984168
29.36,587340,36.39,29.878731182795693,0.9997035487090336,0.030994964786997592,456.86,654800000,514.44,474.3896129032258,0.9968419271686992,-0.037221478767168525,442.61,24554956,501.29,460.89187096774197,0.9966264442592285,-0.08584004893168873,2759.82,2872.87,2717.393720430108,1.0010971291407196
28.59,523484,36.39,29.814946236559145,0.9978652056592926,-0.014534547537249143,458.76,1082840064,514.44,473.0415483870967,0.9971583178057398,-0.015800993075670733,447.65,24554956,501.29,459.7017634408603,0.9974178161910672,-0.07972080260207082,2801.31,2872.87,2722.815612903226,1.00199525465609
28.69,523550,36.39,29.753161290322588,0.9979277190122585,0.0950687272967432,474.31,1315559936,514.44,472.72399999999993,0.9993287093106736,-0.007460917316364113,457.59,24554956,501.29,459.1856129032258,0.9988772056609678,-0.06338347731196503,2801.83,2872.87,2728.0011612903227,1.0019044801868047
25.81,1700344,36.39,29.50101075268817,0.9915252522186128,0.007281977409678064,487.57,1179480064,514.44,473.2735268817205,1.0011624687591927,0.04712434094931539,466.93,24554956,501.29,459.29133333333334,1.0002302346309135,-0.04786753536326227,2818.82,2872.87,2734.0280215053763,1.002209258669158
25.71,1080406,36.39,29.24279569892473,0.9912472472238969,-0.02646101213806662,491.36,1025459968,514.44,474.03765591397837,1.001614561112878,-0.01847670427695336,466.49,24554956,501.29,459.36223655913966,1.0001543752748212,-0.046939904201943494,2840.35,2872.87,2741.1316344086026,1.0025982224203083
24.98,1499035,36.39,28.94116129032258,0.9896851719750843,-0.14427221046516459,486.4,803849984,514.44,474.4649032258065,1.0009012940353954,-0.07521747303724191,463.85,24554956,501.29,459.27449462365587,0.9998089918402064,-0.06145649138362819,2833.28,2872.87,2747.570086021505,1.002348829779673
24.67,1007910,36.39,28.630322580645164,0.9892596324466996,-0.14423253242033274,487.58,881200000,514.44,474.9931827956989,1.0011134218069677,-0.10677953407534302,466.68,24554956,501.29,459.4158709677419,1.0003078253761988,-0.06285192477239687,2850.13,2872.87,2754.9944731182795,1.0027021647726282
24.91,989581,36.39,28.347247311827957,0.9901127460921948,-0.17053883827662963,488.18,745089984,514.44,475.5963655913979,1.0012698767425436,-0.08937594908495083,467.79,24554956,501.29,459.6802150537634,1.0005753917152767,-0.06746109765977049,2874.69,2872.87,2763.9177204301077,1.0032389347415744
24.7,610533,36.39,28.063956989247313,0.9900064256869682,-0.1743860939813372,487.86,827270016,514.44,476.235376344086,1.001343598897972,-0.10824318483493056,469.32,24554956,501.29,460.115311827957,1.0009465205591732,-0.0871839567829169,2901.52,2874.69,2774.5680215053767,1.0038533350673013
24.5,618953,36.39,27.78094623655914,0.9899155078951763,-0.20736268264080382,485.37,680310016,514.44,476.7513978494624,1.0010835429936722,-0.08890938787760128,468.63,24554956,501.29,460.5443655913979,1.0009324918176192,-0.07515773362432077,2871.68,2901.52,2782.9933978494623,1.0030366443636565
24.17,702687,36.39,27.487182795698924,0.9894257222789039,-0.23671755443095854,476.6,940960000,514.44,476.6842150537634,0.9998590821212018,-0.13754521026518984,466.98,24554956,501.29,460.84615053763434,1.0006552787717833,-0.09159042572849785,2904.98,2901.52,2793.0249462365587,1.0036045893586554
24.42,957195,36.39,27.22374193548387,0.9904158653808539,-0.2728799180848275,488.06,1223849984,514.44,477.4091612903225,1.0015208102422215,-0.11444577855396998,477.54,24554956,501.29,461.8585376344087,1.0021968005929816,-0.07649720508385882,2929.67,2904.98,2804.277870967742,1.0040289381397562
23.53,806861,36.39,26.91615053763441,0.9887013549210685,-0.24547118575314297,465.99,1007400000,514.44,476.7427956989247,0.9986042044321127,-0.14643033994628485,458.18,24554956,501.29,461.63238709677427,0.9995103467421155,-0.1108873897558007,2913.98,2929.67,2814.126344086021,1.0035119462376532
23.22,934036,36.39,26.60234408602151,0.9883413324214347,-0.3145878139592241,472.62,1063379968,514.44,476.5581290322581,0.9996126492768582,-0.09722457532969375,465.07,24554956,501.29,461.87926881720426,1.0005348015592723,-0.0905130195229773,2885.57,2929.67,2821.662924731183,1.0026781244776022
21.81,1357177,36.39,26.214709677419354,0.9854285619587244,-0.3587377434226805,446.78,1397030016,514.44,474.7823870967742,0.9962738188117998,-0.08331163994679425,439.16,24554956,501.29,460.5127311827957,0.9970413531702601,-0.09114896516615123,2767.13,2929.67,2821.3453118279567,0.9998874376877399
19.87,3102122,36.39,25.723720430107523,0.9812704678650416,-0.34725780475901713,446.98,1488760064,514.44,473.1241075268817,0.9965072849900085,-0.07519284990522601,442.52,24554956,501.29,459.45144086021514,0.9976954158903388,-0.07636050479473588,2767.78,2929.67,2821.0371182795698,0.9998907636200735
21.08,2115301,36.39,25.33040860215054,0.9847101499557334,-0.25051228275922943,425.3,1699010048,514.44,470.08470967741937,0.9935758973150832,-0.10148913272810067,419.35,24554956,501.29,456.90202150537635,0.9944511669175189,-0.09019585620832016,2658.69,2929.67,2813.304795698925,0.9972590496840537
20.75,2039099,36.39,24.933161290322584,0.9843173745016403,-0.2463137166107464,445.94,1464419968,514.44,468.464494623656,0.9965533551285358,-0.06889813634762332,437.89,24554956,501.29,455.6308387096774,0.9972178219052069,-0.07440819807069943,2723.06,2929.67,2809.6870537634413,0.9987140597275438
20.27,942486,36.39,24.522387096774192,0.9835249855096463,-0.30710643359028345,452.44,1068590016,514.44,467.2977634408602,0.9975094565411343,-0.11320221667652908,449.32,24554956,501.29,455.1250752688172,0.9988899710074663,-0.060667840517387606,2781.01,2929.67,2809.5529892473123,0.9999522848938107
19.97,1469821,36.39,24.111505376344088,0.9832446279063854,-0.2896669310808916,448.24,1221270016,514.44,465.8878279569893,0.9969827900020555,-0.15197765668690244,443.61,24554956,501.29,454.26436559139785,0.998108850238781,-0.06635574109371034,2736.27,2929.67,2806.2642795698926,0.9988294544754962
19.45,708807,36.39,23.688129032258065,0.9824408995839223,-0.18211581898990503,436.0,798049984,514.44,463.734752688172,0.9953785543652021,-0.13657368064647557,430.5,24554956,501.29,452.5992473118279,0.996334473038839,-0.04969339523122629,2632.56,2929.67,2796.142387096774,0.996393107895501
19.51,1471771,36.39,23.288709677419355,0.9831384169558184,-0.16234363555232412,453.7,1119670016,514.44,462.7984946236559,0.9979810483059792,-0.1047742078399414,447.08,24554956,501.29,452.0667741935484,0.9988235218652216,-0.0472323146116399,2760.17,2929.67,2794.333720430108,0.9993531564504681
18.08,1073281,36.39,22.81778494623656,0.9797788397165086,-0.20331139855755453,417.37,1361890048,514.44,459.54167741935487,0.9929627748531259,-0.21718471986637178,415.43,24554956,501.29,449.5029677419355,0.9943286996568449,-0.0781641842058195,2633.08,2929.67,2784.117634408602,0.9963439993058762
17.82,1357895,36.39,22.35541935483871,0.979736613677126,-0.23747664582590788,395.49,1556199936,514.44,455.01894623655915,0.9901581697481847,-0.2635262167726473,400.72,24554956,501.29,446.1037849462366,0.9924379080014208,-0.09302310210355058,2599.95,2929.67,2771.9676559139784,0.9956359679833698
17.11,2082766,36.39,21.8714623655914,0.9783516926448279,-0.2557159149745879,372.48,2085670016,514.44,449.1865376344086,0.9871820532960437,-0.22083015356942848,379.4,24554956,501.29,441.463247311828,0.9895976277471669,-0.0654102515373497,2416.62,2929.67,2748.2329892473126,0.9914376105305457
18.29,1086099,36.39,21.492,0.9826503432075774,-0.16926696180352063,383.25,1127750016,514.44,444.2716129032258,0.9890581655517401,-0.16841977758024151,392.06,24554956,501.29,437.8154193548387,0.991736961164487,-0.047754203020679786,2485.74,2929.67,2729.6129677419353,0.9932247296432909
19.58,1054011,36.39,21.222365591397846,0.9874541965102291,-0.1619408540604531,401.73,1059400000,514.44,440.7334623655914,0.9920360643469581,-0.12999154994517148,402.54,24554956,501.29,434.97956989247314,0.9935227282160495,-0.04572663087446893,2531.94,2929.67,2714.508817204301,0.9944665596492498
19.14,1283728,36.39,20.950086021505378,0.98717015929634,-0.16545007145419122,405.82,1175779968,514.44,437.62746236559144,0.992952656729696,-0.15027199005768455,406.73,24554956,501.29,432.5487311827956,0.994411602571867,-0.042753040207973214,2596.26,2929.67,2704.085720430108,0.996160227328004
20.97,1556646,36.39,20.82025806451613,0.9938029869254007,-0.16876159280325076,435.73,1628960000,514.44,436.5847096774193,0.9976172594778775,-0.07248616038305034,431.64,24554956,501.29,431.8316989247312,0.9983423087241438,-0.009927105110849155,2670.71,2929.67,2698.860258064516,0.9980675677822962
20.03,978627,36.39,20.651569892473116,0.991897882748605,-0.13771780218147878,437.49,1056969984,514.44,435.71369892473115,0.9980049444394612,-0.056852336042022,431.63,24554956,501.29,431.1531827956989,0.9984287486751857,-0.0018585843155485282,2664.76,2929.67,2693.4319354838713,0.9979886611155859
19.92,905466,36.39,20.493741935483875,0.9923575806676681,-0.23367409307376452,431.66,1269209984,514.44,434.50410752688174,0.9972238848564218,-0.08494884933767721,432.1,24554956,501.29,430.5254623655914,0.9985440895367228,-0.004436279278714261,2706.53,2929.67,2690.8137419354844,0.9990279340220578
19.94,581817,36.39,20.357505376344086,0.9933522848307218,-0.1968256523890256,427.93,1182809984,514.44,433.10806451612905,0.99678704300703,-0.12011866149844808,425.53,24554956,501.29,429.49647311827954,0.9976099224383665,-0.016061351325384887,2707.88,2929.67,2688.397247311828,0.9991019465279234
21.49,625520,36.39,20.33987096774194,0.999133763775269,-0.1813427421280076,441.73,1041939968,514.44,432.6686451612903,0.9989854279085529,-0.14961670337734378,437.75,24554956,501.29,429.303440860215,0.9995505614826984,-0.033995852278442706,2775.6,2929.67,2690.5507096774195,1.0008010208936737
22.12,450105,36.39,20.378365591397852,1.0018925697078886,-0.021185476763450173,442.72,745960000,514.44,432.36316129032264,0.9992939542202005,-0.17643545324624732,438.13,24554956,501.29,429.1775913978495,0.9997068519597389,-0.05240254938240174,2792.67,2929.67,2693.861870967742,1.001230663030588
21.58,593291,36.39,20.389956989247313,1.0005688090047002,-0.12075027993185505,444.6,1021150016,514.44,432.27541935483873,0.9997970642660164,-0.13190248959948336,441.64,24554956,501.29,429.34012903225806,1.000378718827978,-0.040363306492994355,2803.69,2929.67,2697.9402365591395,1.001513947554383
19.3,821418,36.39,20.263333333333335,0.9937899007839618,-0.22011867721057155,433.94,1003569984,514.44,431.60049462365595,0.9984386696514225,-0.16892232071112878,429.74,24554956,501.29,428.7883655913979,0.998714857047945,-0.041697280816032856,2743.07,2929.67,2698.18647311828,1.0000912683519834
19.11,1153337,36.39,20.13666666666667,0.9937489718703735,-0.21694199294991134,445.02,1224070016,514.44,431.75322580645167,1.000353871658393,-0.14084428467613364,442.54,24554956,501.29,429.1357634408603,1.0008101848775286,-0.04202578164162907,2822.48,2929.67,2703.749935483871,1.0020619265647572
17.65,1049130,36.39,19.927763440860215,0.9896257295576996,-0.2338834277081704,411.32,1607529984,514.44,429.8232903225807,0.9955300033247786,-0.23228831546901263,421.09,24554956,501.29,428.1512043010753,0.9977057164103718,-0.07409617199019747,2800.71,2929.67,2707.9683440860217,1.0015602066399665
18.31,836269,36.39,19.77705376344086,0.9924372005987216,-0.1799840519986109,419.31,1274380032,514.44,428.574129032258,0.9970937794241321,-0.21678524782230646,427.19,24554956,501.29,427.66062365591404,0.9988541883329229,-0.06663547237305989,2834.4,2929.67,2714.519397849463,1.002419176641318
19.21,728424,36.39,19.698150537634408,0.9960103650043005,-0.14218606949403778,436.79,1169010048,514.44,428.60012903225805,1.000060666284404,-0.19999145767668025,441.4,24554956,501.29,428.17741935483866,1.0012084247890458,-0.06543922788992906,2892.74,2929.67,2724.9786666666664,1.0038530831002679
21.91,1343239,36.39,19.80481720430107,1.005415059980523,-0.05433602134197357,446.87,1077970048,514.44,429.3809247311828,1.0018217346333695,-0.16387290433282364,450.63,24554956,501.29,429.34825806451613,1.002734470938336,-0.03584870066158785,2907.41,2929.67,2736.3390967741934,1.0041689978150998
22.3,805330,36.39,19.941505376344086,1.0069017638806246,0.01702325402183258,451.06,1043390016,514.44,430.49597849462367,1.00259688705114,-0.146157461843065,453.66,24554956,501.29,430.7497419354839,1.0032642123139979,-0.04159577862418118,2905.03,2929.67,2747.540752688172,1.0040936651189114
21.75,671947,36.39,20.0472688172043,1.0053036838926754,0.01579820832516099,456.62,972579968,514.44,432.0493118279569,1.0036082412169447,-0.1238925289811087,459.96,24554956,501.29,432.60903225806453,1.004316404959934,-0.005003251238901774,2939.88,2929.67,2761.043784946237,1.0049145885260677
23.01,944989,36.39,20.238150537634404,1.0095215823247847,0.13518627805967887,463.47,962089984,514.44,434.0647311827957,1.0046647901053511,-0.16512028472912366,465.52,24554956,501.29,434.8232043010753,1.0051181826497093,-0.019849781226709107,2945.64,2939.88,2774.8627311827954,1.0050049717834617
21.75,484251,36.39,20.3481935483871,1.005437404497415,0.16734599864834654,448.86,913710016,514.44,435.157247311828,1.0025169428671508,-0.16692440608780457,455.03,24554956,501.29,436.3596344086022,1.0035334593285943,-0.005158322924421421,2881.4,2945.64,2784.407978494624,1.0034398989198863
20.67,509185,36.39,20.38868817204301,1.001990084454407,0.20102019920722947,435.26,1034480000,514.44,435.36787096774185,1.000484017345948,-0.17675148943822516,445.52,24554956,501.29,437.24838709677425,1.002036743589669,-0.02636995639471018,2859.53,2945.64,2792.2965161290326,1.002833111273684
20.57,452176,36.39,20.421010752688172,1.0015853192894226,0.07968529568646232,433.27,814280000,514.44,435.47531182795694,1.0002467817847382,-0.14679735812353734,444.42,24554956,501.29,438.0597204301075,1.0018555433416698,-0.003169057839397249,2826.06,2945.64,2797.828387096774,1.001981118744298
19.72,596383,36.39,20.399591397849466,0.9989511119161482,0.026102220747710958,415.73,805640000,514.44,434.4339999999999,0.9976087925086131,-0.2078519248941476,430.65,24554956,501.29,437.92875268817204,0.9997010276548438,-0.027183616396930232,2752.06,2945.64,2798.2261290322585,1.0001421609478691
20.3,1120813,36.39,20.417806451612904,1.0008929126769353,0.09574108724692543,430.67,911529984,514.44,434.4215268817204,0.9999712888073229,-0.17694103923701632,448.64,24554956,501.29,438.974,1.0023867976364005,-0.03471356630786471,2873.34,2945.64,2806.386021505376,1.0029160947317504
20.53,826373,36.39,20.450795698924733,1.001615709669401,0.11100817766689552,435.69,828579968,514.44,434.77974193548397,1.0008245794271173,-0.15373151377969396,450.55,24554956,501.29,440.14393548387096,1.0026651589476163,-0.03943425662746192,2886.98,2945.64,2815.2273548387097,1.0031504337840849
20.18,801370,36.39,20.46,1.0004500705601276,-0.005530548686317971,435.94,1125769984,514.44,435.1810752688172,1.0009230727529914,-0.15267081684318817,452.28,1461469952,501.29,441.41055913978494,1.002877748740356,-0.07016464730241267,2950.46,2945.64,2827.840064516129,1.0044801744540246
21.0,817550,36.39,20.5205376344086,1.0029588286612219,0.006653101020314356,445.99,1079160064,514.44,436.2309247311829,1.002412442824443,-0.10809854874685831,458.92,1419180032,501.29,443.05873118279567,1.0037338754338425,-0.039306469943113154,2941.76,2950.46,2839.2078279569896,1.0040199456763852
20.82,587642,36.39,20.566258064516127,1.002228032760256,0.045077374758949684,452.4,569430016,514.44,437.71090322580653,1.0033926491927083,-0.03070323848607348,467.83,809369984,501.29,445.2562795698925,1.0049599482696803,-0.009573625360606908,2990.41,2950.46,2853.323784946237,1.0049717941921161
20.24,478951,36.39,20.56866666666667,1.0001171142627399,0.0520852168494792,454.38,771870016,514.44,439.2432903225807,1.0035009114131745,0.015910942189746757,469.97,1059420032,501.29,447.47920430107524,1.0049924612704622,0.013649335597931467,3013.77,2990.41,2868.1783870967743,1.0052060695771394
19.74,694253,36.39,20.53361290322581,0.9982957688016955,-0.005404146152473643,449.49,1132989952,514.44,440.33354838709687,1.0024821279881486,0.024416576276667268,463.68,1448070016,501.29,449.1473978494623,1.0037279800543863,-0.00958425327729695,2976.61,3013.77,2879.745634408602,1.004032959513211
20.57,1464691,36.39,20.546451612903226,1.0006252533218545,-0.04764063968552468,466.36,1011880000,514.44,442.34658064516117,1.004571607740173,0.024188131517433042,476.09,1336600064,501.29,451.4349892473119,1.0050931863544188,-0.0029579680001232678,3025.86,3013.77,2893.2860215053765,1.0047019385792229
19.36,673458,36.39,20.476322580645157,0.9965868056645836,-0.13620411255827214,446.13,1117849984,514.44,442.8757204301075,1.0011962108629269,-0.11589804534499604,457.56,1474320000,501.29,452.3463870967741,1.0020188905848477,-0.021343002821441415,2932.05,3025.86,2899.612602150538,1.002186641969766
19.4,613967,36.39,20.409247311827958,0.9967242521916215,-0.11261724360977277,432.55,1121040000,514.44,442.4332473118279,0.9990009090634956,-0.13451638552221135,449.93,1563449984,501.29,452.6472043010752,1.0006650151584757,-0.017961807650260786,2918.65,3025.86,2904.214215053764,1.0015869750668807
18.91,430644,36.39,20.31,0.9951371400271856,-0.156844631774255,419.52,1156530048,514.44,441.0926451612903,0.9969699335240221,-0.2161841177384909,440.19,1552979968,501.29,452.2267311827957,0.9990710798293149,-0.061806827776449635,2888.68,3025.86,2906.1889677419354,1.0006799610985773
18.36,443621,36.39,20.17969892473118,0.9935843882191621,-0.17067246530034463,411.41,876030016,514.44,439.2636774193548,0.995853551941981,-0.21780955232249255,431.84,1212800000,501.29,451.2491612903226,0.9978383190884885,-0.06794364976379419,2847.11,3025.86,2905.0130322580644,0.9995953685404069
18.89,896571,36.39,20.087182795698926,0.9954153860581699,-0.11162369392408611,427.36,849089984,514.44,438.5198279569893,0.9983065992008818,-0.15592486390594362,445.65,1180140032,501.29,451.16210752688175,0.9998070827141442,-0.04990054725599813,2926.46,3025.86,2908.564301075269,1.0012224622670434
18.99,374635,36.39,20.00333333333333,0.9958257231380625,-0.15624255608983095,434.19,716790016,514.44,438.22587096774197,0.9993296608944302,-0.13171176559440978,454.01,974449984,501.29,451.5852688172042,1.0009379362390207,-0.03308720911113605,2978.71,3025.86,2915.0135698924737,1.0022173375416938
21.38,898692,36.39,20.075720430107523,1.003618751713424,-0.12572913599937807,464.17,1200940032,514.44,439.85264516129035,1.003712182007776,-0.046764088351032074,471.68,1587570048,501.29,453.0871827956989,1.0033258701782466,-0.005999877450466151,3007.39,3025.86,2922.730731182796,1.0026473843449746
20.46,734824,36.39,20.088989247311826,1.0006609385327165,-0.21493341205578353,458.05,1145139968,514.44,441.0363225806452,1.0026910771877269,-0.08358636448402068,466.96,1504540032,501.29,454.2116129032257,1.0024817080469783,-0.00559881644657545,2992.07,3025.86,2928.961032258065,1.0021316712514081
21.11,646297,36.39,20.147763440860214,1.002925691921322,-0.23697100207501487,458.87,897640000,514.44,442.239935483871,1.0027290561833617,-0.10195511617094333,466.03,1291590016,501.29,455.2140430107527,1.00220696714714,-0.0011639958792011296,2961.79,3025.86,2932.808967741935,1.0013137544137634
19.95,599262,36.39,20.132709677419353,0.999252832033439,-0.16472961242233097,446.64,903369984,514.44,442.62382795698926,1.0008680637869083,-0.10380359903796665,455.67,1382640000,501.29,455.49563440860214,1.0006185911928092,-0.015831321034432078,2952.01,3025.86,2935.6859354838707,1.0009809598148327
20.0,380859,36.39,20.11948387096774,0.9993430687342377,-0.18953818339824502,451.81,878520000,514.44,443.3139569892473,1.0015591773164212,-0.08709087095859602,459.31,1252950016,501.29,455.9563010752688,1.0010113525396676,-0.014466873225875254,2970.27,3025.86,2939.291634408602,1.001228230472868
20.89,591339,36.39,20.161763440860216,1.002101424179846,-0.10858390406986573,463.64,1045340032,514.44,444.7527096774194,1.0032454486611324,0.015298901021859157,466.45,1394150016,501.29,456.84154838709674,1.0019415178817361,0.04149080518260484,2986.2,3025.86,2943.607247311829,1.0014682493062976
22.81,854021,36.39,20.320946236559134,1.0078952813907296,-0.14483691506792007,480.55,909369984,514.44,447.1699139784946,1.0054349400205531,0.05721901115093364,475.59,1231640064,501.29,458.21892473118277,1.003014997976758,0.04691764036949353,3022.55,3025.86,2949.86911827957,1.0021272780101556
24.02,1214565,36.39,20.54851612903226,1.0111987842408494,-0.07199400656845656,485.33,984220032,514.44,449.763806451613,1.0058006864774072,0.04025860383771174,482.76,1280749952,501.29,459.95479569892467,1.0037883004696069,0.03349250603809151,3066.91,3025.86,2958.588301075269,1.002955786323423
24.83,1009372,36.39,20.817999999999998,1.0131145173342708,-0.16761219581401798,500.31,1017049984,514.44,453.21976344086016,1.0076839375238145,0.09114799477339974,494.49,1356080000,501.29,462.3584946236559,1.0052259459999295,0.03346944193872603,3093.08,3066.91,2968.621311827956,1.0033911479840032
24.21,863811,36.39,21.04120430107527,1.010721697621062,-0.21764783061208282,495.19,724769984,514.44,456.2304731182796,1.006642935547563,0.014828839717977882,493.22,977249984,501.29,464.58593548387097,1.0048175623160729,0.013044287391869025,3120.46,3093.08,2980.0214838709676,1.003840224415822
23.89,795573,36.39,21.239655913978496,1.009431571029092,-0.24763030113004847,498.73,750339968,514.44,459.37466666666666,1.006891678074235,0.03661318582704842,495.51,1100189952,501.29,466.87604301075265,1.004929351820555,0.019324378556534905,3110.29,3120.46,2990.30223655914,1.0034498921379646
23.38,423187,36.39,21.400602150537633,1.0075776291862248,-0.3776674666261419,500.85,565539968,514.44,462.56507526881717,1.0069451122006812,0.020822269833329576,498.96,854739968,501.29,469.31227956989244,1.0052181657114578,0.005518687977122072,3140.98,3120.46,3002.1965161290314,1.0039776178556379
23.33,714413,36.39,21.55752688172043,1.0073327250363773,-0.33472567524917807,506.33,929209984,514.44,466.02864516129034,1.0074877462170275,0.06338357597922784,502.58,1258659968,501.29,471.9101505376344,1.0055354847525466,0.012699479062475705,3145.91,3140.98,3013.9887741935486,1.0039278768065862
23.86,716369,36.39,21.745247311827956,1.0087078833827967,-0.267994084870701,513.44,893539968,514.44,469.82733333333334,1.0081511903001763,0.1561175096054881,507.63,1254729984,502.58,474.7315698924731,1.0059787214825202,0.03125599027311665,3168.8,3145.91,3026.6889677419354,1.0042137494529273
24.33,1060159,36.39,21.956430107526884,1.0097116759662723,-0.23495113015017388,517.32,1202599936,514.44,473.7082150537635,1.0082602297590821,0.14606037541169625,510.17,1659929984,507.63,477.5832903225807,1.0060070166194204,0.008118457120012135,3221.22,3168.8,3042.106,1.0050936955935603
23.65,293123,36.39,22.115655913978497,1.0072518986771455,-0.16619132682428184,521.03,402630016,517.32,477.6476989247312,1.0083162667350418,0.19095600198743834,511.89,546160000,510.17,480.4045806451613,1.0059074309753906,0.011337890600947809,3240.02,3221.22,3057.8861290322575,1.0051872383908573
23.24,542672,36.39,22.23997849462366,1.0056214738160483,-0.25885639805184235,516.9,587150016,521.03,481.0942795698924,1.007215737986219,0.1652415248218384,510.52,768470016,511.89,482.9627741935484,1.0053250815072403,0.012112706728182765,3234.85,3240.02,3072.2833333333333,1.004708221200386
22.34,858234,36.39,22.299913978494626,1.0026949434274612,-0.31243285736596604,510.07,795409984,521.03,483.91477419354845,1.0058626650605316,0.1382096389377887,509.47,1128960000,511.89,485.3201505376344,1.0048810725588992,-0.0002873326774912588,3265.35,3240.02,3087.870838709677,1.005073589797928
22.56,571295,36.39,22.370150537634405,1.0031496336356953,-0.27237044025716406,509.62,1152179968,521.03,486.54627956989253,1.0054379521285117,0.12040326977442306,515.28,1571369984,511.89,487.92565591397846,1.0053686321770439,0.010785467601746701,3329.62,3265.35,3106.7910967741936,1.0061272828601933
23.49,920495,36.39,22.495268817204302,1.005593090639216,-0.27654702549706944,493.82,868880000,521.03,487.99997849462363,1.0029877916773224,0.0183498179014292,504.03,1123840000,515.28,489.669870967742,1.0035747557699057,-0.0219415455683869,3295.47,3329.62,3122.692731182796,1.005118346845114
21.38,934362,36.39,22.478903225806448,0.9992724874047587,-0.331938197973878,482.77,1022860032,521.03,488.6379139784946,1.001307244901606,0.023611625231411137,497.1,1403750016,515.28,490.86997849462364,1.0024508502524565,-0.016055864359613592,3225.52,3329.62,3133.320795698925,1.0034034935330007
22.26,906820,36.39,22.51810752688172,1.0017440486611582,-0.17718757167095944,500.98,870190016,521.03,490.385376344086,1.003576190703999,0.03912385447358635,512.49,1273990016,515.28,493.0000430107527,1.0043393660428397,-0.013694673066119822,3327.71,3329.62,3150.0361505376345,1.0053347090606408
22.15,516702,36.39,22.54587096774193,1.0012329384619496,-0.14157038239788222,503.86,647260032,521.03,492.21843010752684,1.0037379861877338,-0.019770694513502773,516.18,977180032,515.28,495.27673118279563,1.0046180283436472,-0.022349051851564106,3380.16,3329.62,3169.4602365591404,1.0061663057480121
22.19,371151,36.39,22.571032258064516,1.001116004361002,-0.1886416008373628,497.3,643169984,521.03,493.51133333333337,1.002626685931943,-0.06603050349839346,509.7,1081609984,516.18,497.0224516129033,1.0035247374249516,-0.032478932579273145,3337.75,3380.16,3185.2803440860216,1.0049914200987282
20.29,1410375,36.39,22.47012903225807,0.9955295254265389,-0.20509256115469898,420.2,1832290048,521.03,489.7635053763441,0.9924057915110576,-0.030991117117619926,440.7,2611780096,516.18,494.24427956989246,0.9944103691211629,-0.04440888913862251,2954.22,3380.16,3175.6858494623652,0.9969878649326832
18.42,1437344,36.39,22.24658064516129,0.9900513082601416,-0.3102079879690487,387.32,2109379968,521.03,483.95015053763444,0.9881302817076121,-0.10599343794630967,422.74,2944910080,516.18,490.34365591397847,0.9921079032835576,-0.07883739248769195,2972.37,3380.16,3167.2146451612903,0.9973324803829355
15.19,1301975,36.39,21.816752688172045,0.9806789203318428,-0.49005507398868753,347.66,2531529984,521.03,475.6753548387097,0.982901553621314,-0.08433265718153993,381.2,3454240000,516.18,483.821505376344,0.9866988173315356,-0.07250817434269963,2711.02,3380.16,3141.766623655914,0.9919651730758904
11.37,2343676,36.39,21.148473118279572,0.9693685132959874,-0.6588434642060261,283.98,2498710016,521.03,463.4467096774193,0.9742920354462407,-0.014937861842635125,312.65,3462299904,516.18,473.0036344086022,0.9776407810576194,-0.0855697886012059,2304.92,3380.16,3090.5006666666673,0.9836824426730999
10.63,1850819,36.39,20.447483870967737,0.9668539074480068,-0.7242534744105804,314.04,2195500032,521.03,453.4314623655915,0.9783896463116573,-0.06465964306105199,349.66,3101349888,516.18,464.8298279569893,0.9827193580408052,-0.08383839798407566,2541.47,3380.16,3055.6620000000003,0.9887271771067945
8.88,1993893,36.39,19.651354838709675,0.9610646944493527,-0.767000252026973,280.38,1589020032,521.03,441.48830107526885,0.9736604927500748,-0.09400751912888505,325.95,2216069888,516.18,455.3327741935484,0.9795687514177347,-0.11754338851095958,2488.65,3380.16,3018.2435268817203,0.9877543808450411
11.37,1348891,36.39,19.037612903225806,0.9687684670842691,-0.6976270018043239,350.13,1500099968,521.03,434.3759139784945,0.9838899760662927,-0.17242900761033453,388.28,2023139968,516.18,450.13240860215046,0.9885789780878206,-0.10446966650802403,2789.82,3380.16,3001.3092688172046,0.9943893665591619
10.58,1343808,36.39,18.39443010752688,0.9662151552839935,-0.7121779973473188,322.65,1748899968,521.03,425.73587096774196,0.9801092953529179,-0.17860066983385148,372.64,2345659904,516.18,444.1023655913979,0.9866038461227923,-0.1627135084734881,2874.56,3380.16,2990.31,0.9963351764739862
10.69,920824,36.39,17.77959139784946,0.9665747345210858,-0.6312142721625039,313.23,1402860032,521.03,416.7792688172043,0.9789620683590077,-0.16057560496726309,360.99,1949379968,516.18,437.5235483870968,0.9851862594887548,-0.18317212575535902,2836.74,3380.16,2977.123440860215,0.9955902367514455
11.91,1487681,36.39,17.265870967741936,0.9711061734427899,-0.4959759759276089,324.73,1417229952,521.03,408.87780645161297,0.9810416137347349,-0.1077434947192426,365.79,1955270016,516.18,431.48030107526887,0.9861876067377264,-0.15615736171524974,2830.71,3380.16,2963.816774193548,0.9955303611250926
11.38,1466891,36.39,16.735247311827955,0.9692674839916646,-0.48561974429945953,324.43,1236760064,521.03,401.2191612903226,0.9812691101340157,-0.13398904598809447,369.6,1728140032,516.18,425.8761505376344,0.9870118044238203,-0.18168968720951229,2929.8,3380.16,2957.1638709677422,0.9977552919992444
9.08,1691173,36.39,16.07477419354839,0.9605340090903369,-0.6566385989936987,294.03,1774019968,521.03,391.87316129032257,0.9767059978642515,-0.1420755559840725,348.6,2344240128,516.18,419.11008602150537,0.9841126005586662,-0.21163098277947712,2863.7,3380.16,2946.333483870968,0.9963375762827679
10.32,1268949,36.39,15.519698924731182,0.9654691716266853,-0.5935410542966011,310.94,1304540032,521.03,383.9828817204301,0.9798652208181032,-0.18171883100622743,363.6,1732940032,516.18,413.56520430107514,0.9867698680958356,-0.21327613697057635,2955.45,3380.16,2941.685892473118,0.998422584740223
11.09,1195285,36.39,15.041161290322579,0.9691657913771744,-0.5850703555403028,337.62,1529360000,521.03,378.1786451612903,0.9848841267789492,-0.18786437945497703,387.52,2086279936,516.18,409.80438709677424,0.990906350038184,-0.18991331297435377,3044.31,3380.16,2942.9155053763443,1.0004179959887534
13.62,1314005,36.39,14.753655913978495,0.9808854269431267,-0.46661224504915666,394.73,1690540032,521.03,376.3765806451613,0.9952348855780568,-0.19305047950019283,434.64,2228349952,516.18,409.28838709677416,0.998740862674371,-0.15363883332223782,3193.93,3380.16,2953.846623655914,1.0037143840044336
11.92,1509406,36.39,14.380580645161288,0.9747130290287078,-0.5424333647748849,350.5,1886009984,521.03,371.94802150537646,0.9882337016501035,-0.2153356412538946,394.14,2468539904,516.18,406.2881935483872,0.9926697320447609,-0.17551913680768805,3041.31,3380.16,2954.71440860215,1.000293781315281
11.71,1590052,36.39,14.020387096774193,0.9749527813045372,-0.5578878353321539,350.89,1769880064,521.03,367.8557849462366,0.9889978267861799,-0.2237713750409034,396.68,2329809920,516.18,403.66494623655916,0.9935433828659468,-0.19541607709261022,3097.74,3380.16,2959.393053763441,1.001583450890438
10.96,1255070,36.39,13.638000000000002,0.9727263524084744,-0.540608325362675,324.65,1526450048,521.03,362.38858064516126,0.9851376421825896,-0.2302568291288528,375.84,2044569984,516.18,399.90972043010754,0.9906971714005334,-0.20475043234500478,3009.05,3380.16,2958.376752688172,0.9996565846250208
11.15,814301,36.39,13.29458064516129,0.9748189357062097,-0.5489355945947978,326.97,1158530048,521.03,357.4499784946237,0.9863720812014954,-0.28450999214073636,381.75,1422419968,516.18,396.800559139785,0.9922253420422524,-0.2353652542507194,3130.01,3380.16,2965.448043010753,1.002390260238543
10.96,1043853,36.39,12.96509677419355,0.9752166781516602,-0.5466323400247988,332.36,1327949952,521.03,353.2448387096774,0.9882357251701177,-0.2905764711719159,389.97,1680780032,516.18,394.4815698924731,0.99415578130147,-0.23690795999127523,3185.04,3380.16,2976.103849462366,1.0035933209070136
11.16,861712,36.39,12.676258064516128,0.977721823854617,-0.5424017590562981,332.04,1463309952,521.03,349.40847311827963,0.9891396414865928,-0.2719336178304631,397.87,1921720064,516.18,392.9252903225807,0.9960548738175103,-0.22121235345996293,3224.73,3380.16,2989.2853763440853,1.004429121948853
11.02,994003,36.39,12.406709677419357,0.9787359656355292,-0.49923549724875804,342.33,1281270016,521.03,346.63443010752684,0.9920607448754863,-0.24615712843854964,402.85,1590809984,516.18,391.93180645161294,0.9974715705620473,-0.20548678352687144,3215.63,3380.16,3001.8722580645153,1.0042106658066297
11.85,1310356,36.39,12.217870967741934,0.9847793077627087,-0.46399951486400093,336.8,1188620032,521.03,343.8879139784946,0.9920766205244521,-0.28885665671555494,399.06,1573500032,516.18,390.92830107526885,0.9974395918886262,-0.22953867869662925,3271.12,3380.16,3018.0915913978497,1.0054030724624479
13.28,1203004,36.39,12.145784946236558,0.9940999522997337,-0.41934515400017514,349.4,1008470016,521.03,342.34161290322584,0.9955034736249396,-0.2588241711022575,412.08,1383970048,516.18,391.00449462365583,1.0001949041503964,-0.21747514908522547,3351.28,3380.16,3039.4045376344084,1.00706172943767
13.57,948884,36.39,12.11189247311828,0.9972095279746592,-0.40839115016959615,356.28,1111350016,521.03,341.58470967741937,0.9977890411294509,-0.20532716429266817,417.39,1466729984,516.18,391.6327096774194,1.0016066696480517,-0.20295784643823067,3372.85,3380.16,3061.9243010752693,1.0074092682175135
11.97,847689,36.39,11.99410752688172,0.9902752648689725,-0.5273503543783871,335.06,974569984,521.03,339.78853763440856,0.9947416497515154,-0.2170894226283966,403.18,1258119936,516.18,391.5546666666666,0.99980072397217,-0.23094480685241803,3397.16,3380.16,3085.9194838709677,1.0078366348858696
12.89,610289,36.39,11.960451612903228,0.9971939626268098,-0.42270300071418343,352.69,1002409984,521.03,339.4712043010753,0.9990660858204856,-0.19913065326292212,420.73,1300569984,516.18,392.8257634408602,1.0032462817644712,-0.24121073722418773,3508.01,3397.16,3116.8475913978496,1.0100223313305912
12.85,748988,36.39,11.942473118279572,0.9984968381457888,-0.5341295480878375,355.82,1225789952,521.03,339.6355483870968,1.0004841178984822,-0.19555562130591464,419.21,1613660032,516.18,394.1630322580645,1.0034042289016147,-0.21183862288365607,3426.96,3508.01,3141.9391612903223,1.0080503037625974
11.91,634050,36.39,11.884086021505375,0.9951109710529866,-0.577390615833762,343.52,997409984,521.03,339.3185161290323,0.9990665516034171,-0.16678517345687005,409.33,1279190016,516.18,395.0634838709677,1.002284464902111,-0.1954073078865718,3340.97,3508.01,3161.2695483870975,1.0061523747292538
12.54,950898,36.39,11.88836559139785,1.000360109299506,-0.5656446335365447,338.44,1578210048,521.03,339.01855913978494,0.9991160017063929,-0.16685172589950403,408.43,2008659968,516.18,396.13565591397844,1.002713923424421,-0.19320875796015247,3319.47,3508.01,3179.29711827957,1.0057026361139214
10.89,839222,36.39,11.806946236559137,0.9931513416026146,-0.5839907535174376,317.42,1184150016,521.03,337.7041075268817,0.9961227738792872,-0.19040369550271663,391.1,1686429952,516.18,396.3075483870968,1.0004339232547037,-0.22907305440172931,3298.46,3508.01,3196.0085161290317,1.0052563183709313
11.75,640835,36.39,11.801225806451614,0.9995155029934997,-0.47369678464525167,332.47,1041710016,521.03,337.5816559139785,0.9996373996934773,-0.08849493387819662,404.0,1532899968,516.18,397.41836559139784,1.002802917100171,-0.17085178180942562,3348.44,3508.01,3215.2041290322577,1.0060061206991011
12.69,571197,36.39,11.870494623655913,1.0058696289978988,-0.2550747442958301,349.02,1018700032,521.03,338.6449032258065,1.0031496003802378,-0.04593222599356128,419.12,1564300032,516.18,399.54496774193547,1.00535104145822,-0.1831157132611978,3477.13,3508.01,3241.893569892472,1.0083010097614697
12.82,553041,36.39,11.95352688172043,1.0069948439974057,-0.009173008527832094,340.17,1194899968,521.03,339.13425806451613,1.0014450382511244,-0.13383981793601496,415.21,1662409984,516.18,401.3377634408603,1.0044870936782333,-0.18343223200037828,3483.81,3508.01,3267.366430107527,1.0078574017517483
13.98,435714,36.39,12.108279569892472,1.0129461948513867,0.14616278388211779,352.26,1035249984,521.03,340.2827741935484,1.0033866119441515,-0.017283531292691556,419.47,1451280000,516.18,403.1848387096774,1.0046022962129986,-0.16388654803646374,3465.39,3508.01,3289.1156559139777,1.006656500356385
13.82,648068,36.39,12.245505376344088,1.0113332208477273,0.3676370510998115,334.87,1177639936,521.03,340.2271612903226,0.9998365685616688,0.031836519204420766,396.09,1714249984,516.18,403.3733978494624,1.0004676741823637,-0.0987629516791324,3269.96,3508.01,3296.2695698924726,1.0021750265806653
14.14,641496,36.39,12.392752688172042,1.012024600643466,0.04136793170260766,343.83,1225040000,521.03,340.63243010752694,1.001191171262363,-0.019081752142207198,414.07,1720230016,516.18,404.57111827956993,1.0029692598383857,-0.19152381763836712,3509.44,3508.01,3317.1935698924735,1.0063477818049582
17.02,907427,36.39,12.719849462365593,1.0263941984822904,0.3974748676395705,382.66,1550889984,521.03,343.5564086021505,1.0085839698049317,0.10301913562069553,448.35,2102509952,516.18,407.9249892473118,1.0082899416597115,-0.04402760919712523,3585.15,3509.44,3341.454516129033,1.007313696269267
16.95,843697,36.39,13.02858064516129,1.0242716066498385,0.4090275208223524,387.5,1006880000,521.03,346.6635913978495,1.0090441706744502,0.1228620124781139,450.77,1442530048,516.18,411.27217204301076,1.008205387960848,-0.005389538468490995,3557.54,3585.15,3362.4060215053764,1.0062701752411147
17.8,375349,36.39,13.378688172043011,1.0268722692376893,0.2745414213835873,412.67,829950016,521.03,351.23492473118284,1.0131866554399336,0.15367921635205328,471.52,1136080000,516.18,415.76498924731175,1.0109241945108582,0.003732048700318291,3638.35,3585.15,3387.0209677419343,1.0073206347119072
18.94,614457,36.39,13.789677419354838,1.0307196970305845,0.4035190151038155,420.66,1196850048,521.03,356.13262365591396,1.0139442253029922,0.18034244883985306,480.05,1722439936,516.18,420.580752688172,1.011582897948138,0.03625210333048745,3699.12,3638.35,3413.8196989247317,1.0079121834314075
18.3,810916,36.39,14.14311827956989,1.025630828732728,0.7910277939010439,414.8,938830016,521.03,360.4453118279571,1.0121097812600564,0.24177038760158087,471.58,1389319936,516.18,424.6125376344086,1.00958623265679,0.07350749507791243,3663.46,3699.12,3436.663333333334,1.0066915175443498
17.48,1378592,36.39,14.423827956989248,1.0198477925356002,0.5110100488353766,413.54,1202400000,521.03,364.41698924731196,1.0110188072615316,0.22051347699046264,472.13,1697849984,516.18,428.41533333333336,1.0089559194839388,0.043378989601746465,3709.41,3699.12,3460.7515698924735,1.0070091929941172
17.94,424479,36.39,14.718817204301073,1.0204515228683717,0.4839918695878467,428.15,755089984,521.03,369.1106021505376,1.0128797861837344,0.22310506174674516,481.31,1045980032,516.18,432.57698924731176,1.009714068545582,0.025638924986157274,3703.06,3709.41,3482.808709677419,1.0063735114582728
18.18,427403,36.39,15.014559139784945,1.020092778609782,0.1271772982849555,434.58,497840000,521.03,374.02436559139784,1.0133124418866089,0.10753718513504673,490.43,687720000,516.18,437.12533333333323,1.0105145308212895,-0.04764350315586241,3756.07,3709.41,3506.869182795699,1.0069083533216812
21.69,1124896,36.39,15.52694623655914,1.0341260167550637,0.6120184987761492,468.27,1277110016,521.03,381.0259784946237,1.0187196705544974,0.32567860545623595,513.24,1751069952,516.18,443.02531182795695,1.0134972238960231,0.044600386598495634,3824.68,3756.07,3534.1472043010754,1.0077784542517865
22.7,802745,36.39,16.08348387096774,1.0358433413711576,0.7833035518241451,471.68,1166950016,521.03,387.9943225806451,1.0182883700307057,0.30714755936762517,513.38,1625350016,516.18,448.67819354838707,1.012759726294432,0.0777404434701583,3768.25,3824.68,3556.099913978494,1.0062116002555588
22.53,469768,36.39,16.60541935483871,1.0324516434410778,0.8192689581595571,458.61,879009984,521.03,393.8596774193548,1.0151171151157516,0.3177137308235467,504.11,1268889984,516.18,453.4820430107526,1.0107066702403655,0.06465004004982333,3841.47,3824.68,3581.3345376344087,1.0070961514767123
22.22,882564,36.39,17.08247311827957,1.028728799510977,0.7783117509897022,434.03,1183440000,521.03,397.8511397849462,1.010134224431768,0.292305656780812,480.98,1730290048,516.18,456.51778494623653,1.0066942935939185,0.07328015637837626,3714.24,3841.47,3596.570623655914,1.0042543040482248
24.9,1276925,36.39,17.708623655913975,1.0366545601037345,1.1678104845670674,469.98,899960000,521.03,403.9317204301074,1.0152835571828398,0.32710055604219646,512.69,1358259968,516.18,461.3859354838709,1.0106636602081291,0.0943514116721691,3886.83,3841.47,3621.6851397849455,1.006982906428653
26.55,857489,36.39,18.411247311827957,1.0396769206668037,1.2465688914391606,482.77,812579968,521.03,410.5415053763441,1.016363619423596,0.35499563350654917,522.92,1152050048,516.18,466.6501720430108,1.0114096164496629,0.09409415802365895,3934.83,3886.83,3648.3872043010747,1.007372828803587
26.54,693225,36.39,19.080129032258064,1.0363300600497825,1.2406282186529929,508.55,843729984,521.03,418.49036559139785,1.019361891820821,0.3879905101809662,537.59,1166870016,522.92,472.59193548387105,1.012732800279162,0.11955413780840884,3906.71,3934.83,3671.7479784946236,1.0064030413674319
26.78,1129203,36.39,19.73111827956989,1.0341187025628193,1.1341959350036634,506.28,1304140032,521.03,425.935311827957,1.017790006290917,0.4701135096517435,535.64,1825570048,537.59,478.1181290322582,1.0116933725132848,0.17716405327937013,3811.15,3934.83,3687.4573978494623,1.0042784579570407
28.48,1295285,36.39,20.45967741935484,1.0369243714148386,1.0479065119179982,527.53,1221469952,521.03,434.386752688172,1.0198420760747555,0.4975338791742032,558.63,1720120064,537.59,484.8338279569892,1.0140461080995276,0.2092250981750945,3841.94,3934.83,3703.9919139784947,1.0044839883814456
31.71,1421763,36.39,21.363935483870968,1.0441970831690972,1.2585914729138985,549.67,1128150016,527.53,443.88350537634415,1.021862436249269,0.4529375143869323,576.35,1550179968,558.63,492.37759139784936,1.0155594824574192,0.21170103312032396,3943.34,3934.83,3726.013182795699,1.0059452799381388
32.13,1352149,36.39,22.256279569892474,1.041768712824245,1.637784287944875,544.09,1513139968,549.67,452.6043655913978,1.0196467318776798,0.5452567756969051,566.65,2062749952,576.35,498.9536989247312,1.0133558221206056,0.25357774109445974,3913.1,3943.34,3744.856623655914,1.0050572662885955
32.06,1315646,36.39,23.10075268817204,1.037943139401517,1.3710316044748618,544.18,1055950016,549.67,460.8815053763441,1.0182878036850813,0.4397138777279579,572.1,1462200064,576.35,505.52987096774206,1.0131799244242157,0.2267895022259645,3974.54,3943.34,3766.5543870967736,1.0057940171337394
32.02,1057669,36.39,23.90141935483871,1.0346597653104448,1.4260428495683108,543.02,828940032,549.67,468.672,1.0169034654955278,0.4082152830172783,572.97,1165510016,576.35,511.8366451612904,1.0124755717826825,0.19377174385301266,4019.87,3974.54,3790.1733763440857,1.0062707150408408
32.17,918642,36.39,24.670537634408603,1.032178770145472,1.6531191715300062,549.9,810979968,549.67,476.50378494623646,1.0167105885272354,0.45652931890138704,583.88,1154889984,576.35,518.5166236559139,1.0130509969494632,0.19061979185248323,4128.8,4019.87,3819.5450322580646,1.007749422782952
31.85,1032915,36.39,25.375440860215054,1.0285726738611203,1.50649501239128,549.88,1122000000,549.9,483.8904516129032,1.0155018006152883,0.4489037004347487,588.09,1543820032,583.88,525.0928387096775,1.0126827468083792,0.17899451791993193,4185.47,4128.8,3850.8785591397855,1.0082034709938206
32.23,1213796,36.39,26.063333333333336,1.0271085920007323,1.8540079004445333,546.18,1094279936,549.9,490.58369892473115,1.0138321541363713,0.494598974313051,587.97,1429500032,588.09,531.2749462365591,1.0117733609585555,0.23606550292184192,4180.17,4185.47,3880.007784946237,1.0075643065235893
34.52,1270416,36.39,26.853075268817204,1.0303008799904285,1.869782863137242,559.99,948390016,549.9,497.67595698924725,1.014456774817551,0.5018661823163391,601.98,1301900032,588.09,537.9375483870967,1.0125407798687556,0.2413575767690137,4181.17,4185.47,3907.305376344086,1.0070354475843475
35.04,1604458,36.39,27.62739784946237,1.028835527137718,1.7050169718975245,584.02,827920000,559.99,505.82924731182794,1.0163827289787215,0.5171662197221512,627.29,1203120000,601.98,545.8072903225807,1.0146294713188917,0.2794152630462783,4232.6,4185.47,3936.1302150537635,1.0073771655740529
34.99,1110119,36.39,28.350430107526883,1.0261708417855424,1.747224864385302,589.84,928080000,584.02,513.8526451612903,1.015861870170817,0.5621779586297135,629.04,1316569984,627.29,553.3422580645162,1.0138051797319934,0.31692191020667315,4173.85,4232.6,3959.540064516129,1.0059474275959759
36.39,1337351,36.39,29.116107526881724,1.0270076121050298,1.6347933818298108,584.15,829310016,589.84,520.9720215053763,1.0138548986973714,0.4603939053930004,623.58,1186720000,629.04,560.0651182795699,1.0121495514160965,0.28734280583930816,4155.86,4232.6,3980.3053118279568,1.0052443584288786
37.85,1357246,36.39,29.927784946236557,1.0278772641090654,1.7657013287976453,588.94,895489984,589.84,527.9017419354839,1.0133015212795569,0.48196968976706045,630.13,1311629952,629.04,566.7716129032259,1.011974490831097,0.3051995336673876,4204.11,4232.6,4002.6985806451607,1.0056260178712069
41.04,1646611,37.85,30.893591397849463,1.0322712306757056,1.913640715451872,593.49,651150016,589.84,534.5786236559139,1.012647963039391,0.46589901137401757,637.75,943230016,630.13,573.4664086021505,1.011812157748394,0.3349093542155588,4229.89,4232.6,4024.7461505376345,1.005508176408557
40.69,2023421,41.04,31.778967741935485,1.0286588999214787,1.3613497472218365,573.35,1004400000,593.49,539.4192473118279,1.0090550265979765,0.2769235348930845,622.55,1264160000,637.75,578.6995268817205,1.009125413801178,0.20380428044166243,4247.44,4232.6,4046.376623655914,1.0053743695401485
37.6,1916205,41.04,32.414086021505376,1.0199854911816972,1.202053640570438,527.22,1449520000,593.49,540.8736559139785,1.0026962489925944,0.1522179979417857,583.92,1972470016,637.75,581.0657634408602,1.004088886285928,0.12422304638008752,4166.45,4247.44,4061.3576559139788,1.0037023326426122
40.97,1355732,41.04,33.22221505376344,1.0249314150558466,1.3249393392000308,562.18,992809984,593.49,544.2830752688172,1.006303541164484,0.1336687598989521,614.75,1390259968,637.75,585.1346881720431,1.0070025201744603,0.1272124909782537,4280.7,4247.44,4082.4001720430106,1.0051811531787629
39.34,1144422,41.04,33.87535483870967,1.01965973021032,1.1104512476619364,557.5,772440000,593.49,547.0690322580646,1.005118580966111,0.11333993515677787,614.07,1082230016,637.75,588.8517204301077,1.0063524387345357,0.10259130692020291,4352.34,4280.7,4106.683225806452,1.005948229654147
40.19,1081516,41.04,34.539462365591405,1.0196044448845996,1.2472206607598777,549.95,810720000,593.49,549.0736129032259,1.0036642188224167,0.04498094806244368,610.19,1087910016,637.75,592.0302150537634,1.0053977843884605,0.10118824064017162,4369.55,4352.34,4130.67182795699,1.0058413568399414
36.46,1248646,41.04,34.91584946236559,1.010897306182425,1.1204602387294098,535.0,1093590016,593.49,549.8230322580645,1.0013648795666505,0.00717962571099684,600.62,1440519936,637.75,594.2932043010753,1.0038224218794414,0.10561370169713724,4327.16,4369.55,4150.40711827957,1.0047777434626999
37.57,1081594,41.04,35.323032258064515,1.0116618327197742,1.077252680649283,532.67,1098620032,593.49,550.1609247311827,1.0006145476876998,-0.04768059170295591,602.61,1452099968,637.75,596.4082580645162,1.0035589398433864,0.060627463196337494,4411.8,4369.55,4174.274559139784,1.0057506264277294
36.22,1285781,41.04,35.60090322580645,1.0078665660895658,1.0412675820800739,537.83,898140032,593.49,550.6069462365591,1.0008107109853255,-0.03507773393792446,606.9,1271890048,637.75,598.5392258064516,1.0035730017368485,0.06731026220560543,4395.26,4411.8,4195.550731182796,1.0050969747537153
39.8,1206669,41.04,36.07094623655914,1.0132031203751022,0.8650344205567536,562.1,882849984,593.49,552.3967311827957,1.0032505673211534,-0.11473581993109838,628.53,1237629952,637.75,601.8152043010753,1.0054732895579397,0.06466019805180512,4436.52,4411.8,4218.11423655914,1.0053779603256003
38.74,907788,41.04,36.4336559139785,1.0100554522479297,0.7576994013733643,573.4,842929984,593.49,554.7137634408601,1.004194507547326,-0.07559200321037696,640.34,1158720000,637.75,605.605182795699,1.0062975785050583,0.06160591519391945,4468.0,4436.52,4241.392924731183,1.0055187429421142
38.6,854702,41.04,36.75283870967742,1.0087606579052217,0.7828619178252495,553.11,788800000,593.49,555.503010752688,1.0014228010261226,-0.07454257429965305,625.58,1121750016,640.34,608.169870967742,1.004234917806026,0.08471704259669632,4441.67,4468.0,4261.46806451613,1.0047331478458152
43.5,1156448,41.04,37.353591397849456,1.0163457493152455,1.055838684393268,580.11,755779968,593.49,557.8309677419355,1.0041907189415467,0.058420033760420154,647.31,1013849984,640.34,611.8752688172042,1.0060927020991126,0.13173869847277664,4509.37,4468.0,4284.620193548388,1.0054328998086455
39.18,1541199,43.5,37.62987096774194,1.007396332174592,0.5914656781621611,559.33,937200000,593.49,558.504129032258,1.0012067477950308,-0.09834543729685796,631.43,1275239936,647.31,614.1984516129033,1.0037968241471664,0.06473073916866312,4535.43,4509.37,4307.743655913979,1.005396852304531
37.72,637928,43.5,37.781247311827954,1.0040227707455012,0.5080938549956755,552.22,615040000,593.49,558.5264301075268,1.0000399300096625,-0.0806905667909601,623.21,880460032,647.31,615.7359569892473,1.0025032713324276,0.05868228722869895,4458.58,4535.43,4324.514215053764,1.0038931191081348
38.96,1210118,43.5,37.98860215053764,1.0054883005052289,0.5023376531911306,557.84,1172669952,593.49,558.7619569892472,1.0004216933506174,-0.13414517418099936,622.64,1647340032,647.31,617.0210107526882,1.002087020822569,0.02349425148469364,4432.99,4535.43,4338.507462365591,1.0032357963498226
40.95,1049659,43.5,38.29763440860216,1.008134867843779,0.5568687729561527,577.04,974419968,593.49,560.1301935483871,1.0024486931188235,-0.09764179778499726,636.42,1357459968,647.31,619.012193548387,1.0032270907489356,0.01908430101707448,4455.48,4535.43,4352.819892473119,1.0032989294663386
43.5,1571598,43.5,38.74070967741935,1.011569259450596,0.5734419521886056,589.86,1014099968,593.49,562.1733548387097,1.0036476542665542,-0.10828702958147396,634.54,1362919936,647.31,620.6653548387097,1.0026706441449016,0.0018105137279058603,4357.05,4535.43,4359.396344086021,1.0015108485476907
44.76,907851,43.5,39.23277419354839,1.0127014843100781,0.48549817691608055,601.46,837640000,593.49,564.8308602150537,1.0047271990987665,-0.057107301703334556,648.89,1163069952,647.31,623.0810752688172,1.0038921464059087,0.012246674719977424,4391.36,4535.43,4367.078580645161,1.0017622248478422
45.54,839882,44.76,39.747096774193544,1.0131095134416912,0.44070185873462475,602.87,978950016,601.46,567.4679569892472,1.0046688255899996,-0.0960293067176603,656.87,1319049984,648.89,625.8556344086021,1.0044529664756514,0.01654950828725288,4471.37,4535.43,4378.959268817204,1.0027205116538773
47.87,884374,45.54,40.38290322580646,1.0159962991819247,0.6327940340464858,624.36,828649984,602.87,571.3650967741936,1.006867594437619,-0.04503908425854175,675.17,1146470016,656.87,629.616817204301,1.0060096651510584,0.036657411911522386,4544.9,4535.43,4394.383247311828,1.0035222932089045
53.29,1473313,47.87,41.33438709677419,1.02356155191833,0.8347876510044745,614.56,833200000,624.36,574.4575483870968,1.005412391534524,-0.059287596658218034,669.09,1169689984,675.17,632.7640860215054,1.004998705134941,0.022103510279152472,4605.38,4544.9,4412.482580645161,1.0041187425662985
59.24,2419061,53.29,42.624,1.0311995167657018,1.0589626362391966,612.91,828120000,624.36,577.289698924731,1.0049301302517237,-0.08008579222113821,664.86,1182720000,675.17,635.4317419354837,1.0042158775646564,0.0009458369527719501,4697.53,4605.38,4435.267913978494,1.0051638353051586
59.19,1999699,59.24,43.852172043010754,1.028814096354419,1.0413216734382615,613.03,739600000,624.36,579.9940860215054,1.0046846273228356,-0.04884792771682611,666.61,1029710016,675.17,638.0381505376344,1.0041017916325863,0.014682056928678744,4682.85,4697.53,4455.883075268817,1.004648008122655
56.83,1391026,59.24,44.86929032258064,1.0231942508702256,0.9262916658656415,594.42,725630016,624.36,581.3620215053764,1.0023585335037715,-0.05149947237472019,647.83,1066489984,675.17,639.2640860215054,1.0019214140766317,-0.022060252671180836,4697.96,4697.53,4476.403440860216,1.0046052298152282
56.24,1075824,59.24,45.79544086021506,1.0206410783628626,0.7619339920186436,591.63,685870016,624.36,582.4462150537635,1.0018649198060439,-0.06070111791628907,643.93,981089984,675.17,640.109677419355,1.0013227575525354,-0.029197104695847687,4594.62,4697.96,4489.143182795699,1.0028459771563922
57.84,3550570,59.24,46.77810752688172,1.0214577400764877,0.709156376438676,574.45,1169459968,624.36,582.3539784946236,0.9998416393535472,-0.14422926607444853,631.2,1713149952,675.17,640.0437634408602,0.9998970270551751,-0.06602266214795294,4538.43,4697.96,4497.368623655913,1.0018322963927142
57.61,1755198,59.24,47.69690322580645,1.019641574819946,0.6848482638391241,584.38,881769984,624.36,582.9229677419355,1.0009770505024844,-0.17958641792223817,647.84,1231600000,675.17,641.0429892473118,1.0015611835682607,-0.09905169835924732,4712.02,4697.96,4516.135720430108,1.0041729060578848
57.06,5151483,59.24,48.53156989247312,1.017499389063378,0.6231723201484421,568.62,1300240000,624.36,582.4869247311827,0.9992519714698465,-0.20502472066596744,639.39,1766060032,675.17,641.456623655914,1.000645252214813,-0.08648365773354727,4620.64,4712.02,4527.849978494624,1.002593867587177
62.97,1840344,59.24,49.703075268817216,1.0241390373099344,0.7308752857769601,575.34,654230016,624.36,582.5178279569892,1.0000530539390575,-0.18317826767349277,646.5,898750016,675.17,642.2949677419355,1.001306938076722,-0.09810694983433166,4725.78,4712.02,4545.347935483872,1.0038645178334873
65.37,1622407,62.97,50.97539784946237,1.0255984679773604,0.6615255111734487,578.47,499710016,624.36,582.7799139784946,1.0004499193139282,-0.19271751522447877,650.04,701289984,675.17,643.3264946236559,1.001606001811515,-0.10751492877350866,4766.18,4725.78,4564.33047311828,1.0041762562302916
74.71,2737850,65.37,52.79797849462365,1.0357541230093705,0.9280644519989851,632.32,1181240064,624.36,586.5484946236559,1.0064665589097506,0.014385105102604046,684.91,1563849984,675.17,646.5812688172042,1.0050592882785783,-0.0009699070211142136,4677.02,4766.18,4576.407440860215,1.002645945076296
74.71,3232319,74.71,54.54739784946237,1.0331342109057615,1.0821325266563664,629.01,1176080000,632.32,589.9767096774193,1.005844725687964,0.09720518988013538,679.12,1572969984,684.91,649.3283870967742,1.0042486821255978,0.04389383693903581,4662.85,4766.18,4586.646387096775,1.0022373327482037
62.0,2380610,74.71,55.397010752688175,1.0155756816405894,0.6211560348232981,575.58,1122819968,632.32,589.7389247311827,0.9995969587572929,-0.027109840117781614,635.39,1529490048,684.91,649.0494838709677,0.9995704743064545,0.006188915885863011,4397.93,4766.18,4578.7261935483875,0.9982732059810261
57.83,4569728,74.71,55.932365591397854,1.0096639661858235,0.5572933237626713,583.1,1430300032,632.32,589.9574838709678,1.000370603212065,-0.002772266180337546,643.77,1981970048,684.91,649.2668387096775,1.0003348817680486,0.03009748767031728,4431.85,4766.18,4572.742279569893,0.9986931050852252
61.08,1799958,74.71,56.63763440860215,1.0126093150137165,0.677222967217732,606.1,1079640064,632.32,591.6048602150538,1.0027923645162984,0.082664454249332,666.38,1498710016,684.91,650.8790322580645,1.0024830985540414,0.062108156205510134,4500.54,4766.18,4571.018989247312,0.9996231385419903
62.69,1229909,74.71,57.40184946236559,1.0134930609610235,0.859930163053396,610.54,1031950016,632.32,593.417935483871,1.003064672707655,0.15635301993540918,666.25,1490800000,684.91,652.3620000000001,1.002278407612534,0.08812953370197629,4418.64,4766.18,4563.730129032258,0.9984054189597114
60.81,1257241,74.71,57.988365591397844,1.0102177218073225,0.7186672453887356,594.45,889369984,632.32,594.0304946236561,1.0010322558573925,0.14982673605607089,651.02,1315849984,684.91,652.7212473118278,1.0005506870599878,0.09459790017237513,4348.87,4766.18,4551.743247311828,0.9973734464173997
61.5,1050928,74.71,58.56941935483871,1.0100201783153389,0.7603362836287685,586.19,972630016,632.32,593.9772903225808,0.9999104350676323,0.10039820115841536,649.25,1364690048,684.91,652.862193548387,1.0002159363390417,0.07220164318674849,4384.62,4766.18,4542.198150537634,0.9979029799671081
52.88,2203787,74.71,58.539978494623654,0.9994973339237548,0.40445356726673176,538.61,1651000064,632.32,590.7504086021506,0.9945673314906069,-0.04137884265433589,617.65,2034439936,684.91,650.8733548387097,0.9969536623052596,0.006954281817065477,4328.87,4766.18,4529.079161290323,0.997111753205712
55.77,2080980,74.71,58.668860215053755,1.002201601772743,0.4597050430698818,525.5,1446690048,632.32,586.7282365591398,0.9931914189403132,-0.06508294978598828,603.92,1880489984,684.91,648.0221075268815,0.9956193516132877,0.002141422868764953,4204.31,4766.18,4508.155548387097,0.9953801618037373
56.92,3849629,74.71,58.83531182795699,1.002837137321112,0.4939715614621437,557.95,1344169984,632.32,584.9026236559139,0.9968884863732959,0.006264821068412196,647.02,1840120064,684.91,648.0298279569892,1.000011913837534,0.029449684950516364,4463.09,4766.18,4504.4944946236565,0.9991879042938635
54.71,1586446,74.71,58.81978494623656,0.9997360958710334,0.25304561426256744,564.98,902380032,632.32,583.5201505376344,0.997636404655465,-0.03558001331218885,657.82,1243040000,684.91,648.6882150537633,1.001015982703836,0.008769749642185909,4543.04,4766.18,4505.945440860215,1.0003221107803084
51.16,2763778,74.71,58.55111827956989,0.9954323759103805,0.3319886616531098,529.04,1241520000,632.32,579.8515053763441,0.9937129075012916,-0.06788781356433782,636.27,1587160064,684.91,647.9336774193548,0.998836825431851,0.0053654693331344205,4545.86,4766.18,4507.505913978494,1.0003463142505298
45.3,2440189,74.71,57.878623655913984,0.988514401715696,0.18221468770469307,517.65,1100460032,632.32,575.5131612903226,0.9925181808690731,-0.1253326150296633,630.05,1455110016,684.91,646.7674408602151,0.9982000680011189,0.004314119950147077,4488.28,4766.18,4505.329118279569,0.99951707313524
44.08,1164754,74.71,57.11111827956989,0.986739398281015,0.1991613774065054,499.7,884140032,632.32,570.0910967741935,0.9905787306341133,-0.14973405695737996,613.38,1165869952,684.91,644.5110107526883,0.9965112187704971,-0.005758669529567606,4392.59,4766.18,4496.914903225807,0.9981323861514084
42.84,1679906,74.71,56.25260215053764,0.9849676183045543,0.09427072352985189,500.22,1117730048,632.32,564.8276129032257,0.9907672933312751,-0.2077971363658423,601.3,1531619968,684.91,641.4951397849463,0.9953206835609838,-0.013953558132729804,4271.78,4766.18,4480.793376344086,0.9964149806637086
42.07,1980766,74.71,55.34034408602151,0.9837828290667365,-0.004875169500739407,474.12,1141040000,632.32,558.0454623655914,0.9879925301407028,-0.2331924561206673,573.7,1551970048,684.91,636.7741505376343,0.9926406468973489,-0.044212493981045986,4131.93,4766.18,4456.044322580645,0.9944766357908621
43.12,1941727,74.71,54.49890322580644,0.9847951639240419,-0.03650224233629307,487.53,1144029952,632.32,552.3773763440861,0.9898429672781892,-0.19494528598494798,576.98,1566780032,684.91,632.3956129032258,0.993123876604112,-0.04978653178706638,4123.34,4766.18,4431.225204301075,0.9944302353201917
39.45,2945369,74.71,53.42421505376344,0.9802805541317002,-0.11673498213924283,464.74,1159580032,632.32,545.4839784946238,0.9875204920681467,-0.1629159597240467,556.31,1583369984,684.91,626.8381720430108,0.9912120818885797,-0.05301294217263797,4023.89,4766.18,4400.566344086023,0.9930811775972718
37.77,2294539,74.71,52.25423655913978,0.978100221155402,-0.29491841836157073,458.58,1032819968,632.32,538.4902150537634,0.9871787921981484,-0.15428944328607863,546.49,1441539968,684.91,620.8634408602151,0.9904684630750507,-0.048992962114051464,3901.36,4766.18,4362.964645161291,0.9914552591678875
41.17,2205636,74.71,51.32533333333334,0.9822233892029953,-0.37633868214275457,503.0,1015729984,632.32,534.7187741935484,0.9929962685397384,-0.11918510961298912,590.46,1386000000,684.91,618.0022150537634,0.9953915376262332,-0.02042702890371595,4158.24,4766.18,4343.319806451613,0.9954973646803522
40.66,1070492,74.71,50.389591397849465,0.9817684197118276,-0.5203887884857682,495.37,745280000,632.32,530.6949892473118,0.9924749510575813,-0.10115427134377453,577.81,1074840064,684.91,614.4939569892473,0.9943232273622015,-0.005546905812205072,4108.54,4766.18,4321.430107526882,0.9949601457179793
36.66,1594266,74.71,49.235741935483865,0.9771014324514875,-0.5974944596144495,455.33,788849984,632.32,524.340752688172,0.9880265751742784,-0.1110025187649899,538.67,1117250048,684.91,608.6477419354839,0.9904861309256687,-0.024936126137235726,3900.86,4766.18,4287.408344086021,0.9921271980352978
34.36,4337162,74.71,47.981956989247315,0.9745350654433227,-0.5059117513130862,436.23,1405590016,632.32,517.0933978494622,0.9861781583797288,-0.07421214691722211,512.37,1944770048,684.91,601.3798924731182,0.9880590217269941,0.008681566159880694,3674.84,4766.18,4240.486344086022,0.9890558593363931
35.18,1786040,74.71,46.82939784946236,0.9759793219763162,-0.4403332122174284,453.46,853670016,632.32,511.29784946236555,0.9887920665566419,-0.11157448196595543,538.72,1223600000,684.91,596.1033548387097,0.9912259493533959,-0.014761322994158,3911.74,4766.18,4211.0484731182805,0.993057902188791
