12.98,1862519,35.25,11.76210752688172,1.020336282756601,2.6365196747909234,1007.04,246376992,1061.1,880.7180215053763,1.0120063195369364,0.2624111408050449,1243.31,1883619968,1260.08,1187.7043870967743,1.00663312550675,0.09435404329930397,3557.54,3585.15,3362.4060215053764,1.0062701752411147
14.92,1320329,35.25,12.101526881720432,1.0288570185286086,2.818170671980316,1021.98,208468992,1061.1,891.5380860215053,1.012285503704846,0.22110029322096136,1280.15,1367849984,1260.08,1197.216516129032,1.0080088354775798,0.11879075170467912,3638.35,3585.15,3387.0209677419343,1.0073206347119072
11.86,3504141,35.25,12.219956989247311,1.0097863772633329,1.842232165518279,1071.33,237900992,1061.1,904.9865376344086,1.0150845508719848,0.2662339288323692,1274.78,1764450048,1280.15,1205.589870967742,1.0069940188143942,0.0763435657608964,3699.12,3638.35,3413.8196989247317,1.0079121834314075
10.79,2687596,35.25,12.25283870967742,1.0026908212900456,2.118347489341014,1059.9,134999008,1071.33,917.0601290322581,1.0133411834273351,0.2591009660915238,1259.81,1547360000,1280.15,1212.3034623655917,1.0055687191469689,0.05767707465606042,3663.46,3699.12,3436.663333333334,1.0066915175443498
11.48,2659428,35.25,12.314494623655914,1.0050319697695684,1.6077853787176388,1084.16,157482000,1071.33,930.0156344086021,1.014127214744376,0.20495046100213976,1289.04,1660060032,1280.15,1220.2200430107525,1.006530197174982,0.057038547899721515,3709.41,3699.12,3460.7515698924735,1.0070091929941172
11.21,1537307,35.25,12.343655913978495,1.0023680460476683,1.5240986875653388,1083.1,79939000,1084.16,942.3450537634408,1.0132572172968672,0.24991793117275596,1277.28,1092999936,1289.04,1226.7184516129034,1.0053256038854408,0.05797441866475772,3703.06,3709.41,3482.808709677419,1.0063735114582728
10.56,1274262,35.25,12.3165376344086,0.9978030593400465,0.5226489653307571,1108.45,75858000,1084.16,955.7794193548388,1.0142563125234703,0.23017190211230198,1302.56,935129984,1289.04,1234.2564516129032,1.0061448492847636,0.06462525241931272,3756.07,3709.41,3506.869182795699,1.0069083533216812
11.73,1763273,35.25,12.357763440860214,1.0033471912054603,0.5846790055465951,1142.27,156904000,1108.45,970.960129032258,1.0158830681745235,0.3715625678437966,1352.53,1794940032,1302.56,1244.4750107526881,1.0082791215119284,0.0729989993196214,3824.68,3756.07,3534.1472043010754,1.0077784542517865
12.66,1109119,35.25,12.449849462365593,1.0074516737552122,0.7735127958572315,1113.79,137467008,1142.27,983.6245591397849,1.013043203040839,0.30847189802412966,1327.14,1901990016,1352.53,1252.3328602150536,1.0063141882275426,0.05985343218675121,3768.25,3824.68,3556.099913978494,1.0062116002555588
12.31,615026,35.25,12.507505376344087,1.0046310531025118,0.5604384768715152,1094.38,76540000,1142.27,994.4215913978495,1.0109767819009186,0.31943267861097446,1368.13,1554989952,1352.53,1262.2173548387098,1.0078928653377015,0.06462566634579203,3841.47,3824.68,3581.3345376344087,1.0070961514767123
12.47,997605,35.25,12.564688172043011,1.0045718785623772,0.5179327458840655,1051.21,185952000,1142.27,1001.7439784946237,1.0073634635049318,0.26781253663735294,1307.64,2116349952,1368.13,1267.4506666666666,1.0041461257111504,0.0308081932589932,3714.24,3841.47,3596.570623655914,1.0042543040482248
14.63,1079883,35.25,12.750580645161289,1.0147948337891821,0.9432753065841437,1132.11,132847000,1142.27,1013.7601075268817,1.0119952096445994,0.34060672368362743,1385.96,1778659968,1368.13,1277.2345806451617,1.0077193647341134,0.010618332529928942,3886.83,3841.47,3621.6851397849455,1.006982906428653
13.91,786272,35.25,12.873806451612905,1.0096643290122147,0.7832520115271528,1133.29,93911000,1142.27,1025.1231612903225,1.011208819205918,0.29197671271510917,1368.53,1534470016,1385.96,1285.334752688172,1.0063419611132975,0.01525425696497118,3934.83,3886.83,3648.3872043010747,1.007372828803587
13.84,632633,35.25,12.978451612903227,1.0081285330553662,0.7694315137408929,1140.26,88338000,1142.27,1036.2509032258063,1.0108550292839713,0.30626450665059957,1361.14,1180199936,1385.96,1292.3972473118279,1.005494673359516,-0.0023699142223905234,3906.71,3934.83,3671.7479784946236,1.0064030413674319
13.98,1553225,35.25,13.078365591397848,1.0076984513618934,0.849850090680009,1126.47,169484992,1142.27,1045.783569892473,1.0091991877999738,0.3367916954391832,1294.47,2253669888,1385.96,1294.6453548387096,1.0017394864710194,-0.03534796593177392,3811.15,3934.83,3687.4573978494623,1.0042784579570407
14.35,1234851,35.25,13.187978494623655,1.008381238654003,0.7862847252250551,1109.07,167244992,1142.27,1053.5395483870968,1.007416427947344,0.2907270601936318,1257.91,2245149952,1385.96,1294.2150537634411,0.9996676301555014,-0.06888769405366113,3841.94,3934.83,3703.9919139784947,1.0044839883814456
15.12,784129,35.25,13.333376344086021,1.011025029311478,0.8279108422572823,1200.1,143944000,1142.27,1066.6137849462366,1.0124098203804077,0.25978940560669317,1330.13,1834659968,1385.96,1298.249483870968,1.0031172795400543,-0.047256227958200725,3943.34,3934.83,3726.013182795699,1.0059452799381388
15.05,2445182,35.25,13.459354838709677,1.0094483566182044,0.8247312183225124,1195.04,127050000,1200.1,1078.6929462365592,1.0113247751536716,0.3661840092063815,1328.16,2000370048,1385.96,1301.846043010753,1.0027703143228381,-0.058080939716668833,3913.1,3943.34,3744.856623655914,1.0050572662885955
15.73,1551434,35.25,13.614623655913975,1.0115361262902245,0.6308715885496758,1183.39,125353000,1200.1,1089.229311827957,1.0097677152967004,0.2419465719405196,1325.34,1773970048,1385.96,1305.0157419354837,1.0024347724846174,-0.0742594403541541,3974.54,3943.34,3766.5543870967736,1.0057940171337394
15.99,1506794,35.25,13.772967741935483,1.0116304416503445,0.23541048559752875,1180.49,86265000,1200.1,1098.9255483870968,1.0089019240061283,0.21594836704161136,1354.13,1118850048,1385.96,1309.884752688172,1.0037309977161402,-0.06319813253066342,4019.87,3974.54,3790.1733763440857,1.0062707150408408
16.36,636119,35.25,13.947720430107529,1.0126880924609998,0.13975292420133423,1254.5,105037000,1200.1,1112.7612258064516,1.0125901863321511,0.31781925133025046,1411.45,1619469952,1385.96,1318.1636774193548,1.006320345903861,-0.056544168052997,4128.8,4019.87,3819.5450322580646,1.007749422782952
16.18,695769,35.25,14.103591397849463,1.0111753722425831,0.15063556637934483,1260.02,89727000,1254.5,1126.1004086021508,1.0119874618977955,0.24601045773691088,1440.19,1301440000,1411.45,1327.835376344086,1.007337251883367,-0.028900418577390452,4185.47,4128.8,3850.8785591397855,1.0082034709938206
15.88,691321,35.25,14.23275268817204,1.0091580425637028,0.11454730764319065,1265.01,79516000,1260.02,1138.9575698924732,1.0114174199672676,0.2708781238974669,1422.5,1446279936,1440.19,1335.7825806451613,1.0059850825205126,-0.06526463774777325,4180.17,4185.47,3880.007784946237,1.0075643065235893
15.47,1960499,35.25,14.328494623655915,1.0067268741038016,0.03287309516568637,1269.7,75099000,1265.01,1151.2141720430106,1.010761245611366,0.2093213704134178,1435.89,1577309952,1440.19,1344.0794623655913,1.0062112516218191,-0.06503847834222642,4181.17,4185.47,3907.305376344086,1.0070354475843475
16.56,637624,35.25,14.489118279569892,1.0112100859254811,0.05380448104776714,1310.28,112671000,1269.7,1165.320193548387,1.0122531687395255,0.2570407471742897,1419.11,1450720000,1440.19,1350.8146451612904,1.0050110004536823,-0.09106199172683338,4232.6,4185.47,3936.1302150537635,1.0073771655740529
16.63,859833,35.25,14.648408602150537,1.010993789926144,-0.07250520375488123,1298.75,115901000,1310.28,1177.8584731182796,1.010759514543135,0.25897250362236446,1366.7,1605990016,1440.19,1353.8265376344086,1.0022296859779445,-0.11149076086346632,4173.85,4232.6,3959.540064516129,1.0059474275959759
15.37,695909,35.25,14.724774193548388,1.00521323465722,-0.24755329545374993,1212.31,182211008,1310.28,1183.9790967741935,1.0051963999033857,0.11965814052337587,1349.99,1737059968,1440.19,1355.5261720430108,1.0012554299693164,-0.1192122137457936,4155.86,4232.6,3980.3053118279568,1.0052443584288786
16.1,434487,35.25,14.85148387096774,1.0086052034315658,-0.139888731371983,1236.33,157410000,1310.28,1191.0210322580647,1.0059476856500738,0.1950437396750493,1380.08,2165120000,1440.19,1358.9519569892475,1.0025272731850492,-0.10816375637510167,4204.11,4232.6,4002.6985806451607,1.0056260178712069
16.37,996923,35.25,14.993978494623656,1.009594638818177,-0.15165045727415083,1184.43,119400000,1310.28,1193.862301075269,1.0023855740077214,0.07244635523412524,1366.39,1437250048,1440.19,1361.0470967741933,1.001541732048856,-0.1196722620273003,4229.89,4232.6,4024.7461505376345,1.005508176408557
17.47,758075,35.25,15.207075268817206,1.0142121568514961,0.024528599726045375,1195.64,111008000,1310.28,1196.7909677419354,1.0024531025596743,0.0008693738896128345,1388.59,1354919936,1440.19,1364.3427526881724,1.002421412103806,-0.06920100654322092,4247.44,4232.6,4046.376623655914,1.0053743695401485
16.2,654783,35.25,15.331892473118279,1.0082078376081307,0.12099455437110485,1143.75,133764000,1310.28,1195.904301075269,0.9992591298810188,-0.07259545419388891,1387.66,1598700032,1440.19,1367.2691397849462,1.0021449061029628,-0.05505903404032453,4166.45,4247.44,4061.3576559139788,1.0037023326426122
17.07,1453494,35.25,15.505913978494625,1.0113502951890292,-0.015911565125598104,1237.02,127196000,1310.28,1200.7410537634407,1.0040444312172998,-0.018215337158946854,1424.04,1658560000,1440.19,1372.232193548387,1.0036299025693078,-0.06414891914582777,4280.7,4247.44,4082.4001720430106,1.0051811531787629
19.41,2664505,35.25,15.826279569892474,1.020660864741167,0.5239331772954958,1250.47,89130000,1310.28,1205.9830967741937,1.004365673176846,-0.044745688642638726,1453.51,1362329984,1440.19,1378.7870967741937,1.0047768178422172,-0.03638336092059857,4352.34,4280.7,4106.683225806452,1.005948229654147
19.1,897493,35.25,16.11040860215054,1.0179529895831352,0.5848209912756106,1244.09,75511000,1310.28,1210.4282795698923,1.0036859412106096,-0.10705817873423862,1474.52,1133549952,1453.51,1386.3131182795698,1.0054584362756107,-0.022308096894072316,4369.55,4352.34,4130.67182795699,1.0058413568399414
17.51,814825,35.25,16.274086021505376,1.0101597311028467,0.30824982326894856,1203.8,129917000,1310.28,1211.8779999999997,1.0011976921347396,-0.17617564353997017,1435.67,1281880064,1474.52,1390.870946236559,1.0032877334109378,-0.0527845993000684,4327.16,4369.55,4150.40711827957,1.0047777434626999
16.98,780113,35.25,16.39060215053763,1.0071596112296743,0.2841633260827472,1230.84,109929000,1310.28,1214.814946236559,1.0024234669137977,-0.15539587898377905,1476.62,1599810048,1474.52,1397.755376344086,1.0049497260160298,-0.03532704883206805,4411.8,4369.55,4174.274559139784,1.0057506264277294
14.97,3836068,35.25,16.365032258064517,0.998439966253938,0.17000914095472286,1244.54,87990000,1310.28,1218.3180430107527,1.0028836464228943,-0.14988840264535375,1438.71,1455820032,1476.62,1401.765311827957,1.0028688392487957,-0.06565027421558023,4395.26,4411.8,4195.550731182796,1.0050969747537153
15.92,959753,35.25,16.391268817204303,1.0016032085196078,0.16615991891473358,1260.96,133873000,1310.28,1222.5878279569895,1.0035046554310934,-0.21120453918052706,1444.09,1632409984,1476.62,1405.8295483870966,1.0028993701904634,-0.09227619706529011,4436.52,4411.8,4218.11423655914,1.0053779603256003
15.44,716024,35.25,16.37752688172043,0.9991616307659205,-0.018974170857902095,1290.64,94374000,1310.28,1228.517204301075,1.0048498571705837,-0.13246450817688626,1444.7,1149760000,1476.62,1409.7362365591398,1.00277892023007,-0.09711481722736792,4468.0,4436.52,4241.392924731183,1.0055187429421142
14.79,868033,35.25,16.315870967741933,0.9962353342831441,0.031544301070465464,1320.07,156792000,1310.28,1235.9649677419354,1.0060624006035777,-0.07437365224524428,1412.34,1416249984,1476.62,1411.302365591398,1.0011109376290708,-0.12392809116867975,4441.67,4468.0,4261.46806451613,1.0047331478458152
16.07,592489,35.25,16.3314623655914,1.0009555970306636,0.13651166346904398,1285.43,141076992,1320.07,1240.6925376344084,1.0038250031480342,-0.05533665824220391,1449.28,1399020032,1476.62,1415.1566451612903,1.0027310090763415,-0.10575882245376045,4509.37,4468.0,4284.620193548388,1.0054328998086455
15.34,1007496,35.25,16.29221505376344,0.997596828076422,-0.09773138452849994,1241.8,106798000,1320.07,1242.1015698924734,1.0011356820608848,-0.19157003206110534,1466.71,1241260032,1476.62,1419.8308387096777,1.003302951347732,-0.10860833879661169,4535.43,4509.37,4307.743655913979,1.005396852304531
14.68,637324,35.25,16.20886021505376,0.9948837626783951,-0.10045779428045232,1197.68,90007000,1320.07,1240.428258064516,0.9986528381667674,-0.16773101186164685,1461.86,1059699968,1476.62,1424.0184731182794,1.0029493896698338,-0.06490886889351777,4458.58,4535.43,4324.514215053764,1.0038931191081348
14.31,751151,35.25,16.09997849462366,0.9932825800836398,-0.07597302230991931,1220.62,115174000,1320.07,1240.0964731182796,0.9997325238730419,-0.1605926425359745,1469.69,1621820032,1476.62,1428.5105591397846,1.0031545138678353,-0.05496248856713848,4432.99,4535.43,4338.507462365591,1.0032357963498226
14.06,615458,35.25,15.973956989247311,0.9921725668504197,-0.13478832239544913,1235.15,125123000,1320.07,1240.5292903225807,1.0003490189785096,-0.14092797558496395,1474.29,1627149952,1476.62,1433.0659784946236,1.0031889294242124,-0.030150459921155726,4455.48,4535.43,4352.819892473119,1.0032989294663386
13.88,1007867,35.25,15.836150537634408,0.9913730547975267,-0.15841706614711526,1161.18,171486000,1320.07,1235.956129032258,0.9963135402557618,-0.17945613532152827,1438.51,1625580032,1476.62,1434.9263010752688,1.0012981416128512,0.009495986566354642,4357.05,4535.43,4359.396344086021,1.0015108485476907
14.19,632464,35.25,15.719354838709677,0.9926247418116437,-0.23056743849490413,1127.93,172044992,1320.07,1229.1257419354838,0.9944736006915371,-0.2114641254467765,1451.37,1569560064,1476.62,1437.2279139784946,1.0016039938089512,-0.022465361790978022,4391.36,4535.43,4367.078580645161,1.0017622248478422
14.52,480063,35.25,15.625849462365593,0.9940515767152338,-0.18473230125500006,1121.42,128630000,1320.07,1222.0305591397848,0.9942274556999138,-0.2656675365813673,1502.87,1307920000,1476.62,1442.591376344086,1.0037318106011066,-0.01112405285609297,4471.37,4535.43,4378.959268817204,1.0027205116538773
14.69,419503,35.25,15.544451612903226,0.9947908208345145,-0.18047150816498836,1133.74,109617000,1320.07,1215.8885376344085,0.9949739215116684,-0.23433577495045055,1525.03,1356080000,1502.87,1449.0087956989246,1.0044485357808681,0.007167372138289219,4544.9,4535.43,4394.383247311828,1.0035222932089045
14.33,430344,35.25,15.442064516129033,0.9934132705788603,-0.18799577787333943,1147.37,112649000,1320.07,1210.7326451612903,0.995759568156511,-0.21908842995498556,1585.72,1743180032,1525.03,1458.912258064516,1.006834646135336,0.025370974587255013,4605.38,4544.9,4412.482580645161,1.0041187425662985
16.6,668791,35.25,15.489698924731181,1.0030847176264803,-0.06002825284500202,1243.64,143999008,1320.07,1211.858946236559,1.0009302640676039,-0.2033270975173438,1664.89,2045849984,1585.72,1473.4254193548386,1.0099479329274925,0.04181298177637882,4697.53,4605.38,4435.267913978494,1.0051638353051586
16.52,568550,35.25,15.531655913978495,1.0027087026966242,-0.04656480128734297,1199.84,112845000,1320.07,1210.1827956989246,0.9986168765409211,-0.21145231289006117,1611.82,1871360000,1664.89,1483.969677419355,1.0071562889617673,0.0003368541811705761,4682.85,4697.53,4455.883075268817,1.004648008122655
15.55,559258,35.25,15.510301075268815,0.9986250765000234,-0.08374118842302425,1207.72,210087008,1320.07,1209.1444516129031,0.9991419940113908,-0.1851101829485281,1673.27,1711910016,1664.89,1498.1093548387098,1.0095282792057745,0.052420056915050584,4697.96,4697.53,4476.403440860216,1.0046052298152282
14.64,503107,33.14,15.430946236559139,0.9948837331832193,-0.09772563747563523,1179.52,195267008,1320.07,1206.4099569892473,0.9977384880524339,-0.18822677835535595,1612.87,1441170048,1673.27,1507.8129677419354,1.0064772393763406,0.02437076160332352,4594.62,4697.96,4489.143182795699,1.0028459771563922
14.98,1694552,33.14,15.37531182795699,0.9963946210589251,-0.1356778526274799,1182.59,212975008,1320.07,1204.0674623655912,0.9980582930287626,-0.22529529386284963,1574.74,2259919872,1673.27,1514.6759784946232,1.0045516326623491,0.037411502861265156,4538.43,4697.96,4497.368623655913,1.0018322963927142
16.33,1056048,33.14,15.410172043010752,1.0022672850764804,-0.06729545161086092,1226.91,148352000,1320.07,1204.858924731183,1.0006573239376777,-0.2256443960274569,1614.44,1766800000,1673.27,1523.7655913978492,1.0060010279639213,0.05233023953394911,4712.02,4697.96,4516.135720430108,1.0041729060578848
14.76,786530,33.14,15.344387096774192,0.9957310699677492,-0.07926989801056727,1193.16,173124000,1320.07,1203.6274623655913,0.9989779198706883,-0.1942353731431361,1545.06,2143299968,1673.27,1527.846301075269,1.0026780429355122,0.032660105526718164,4620.64,4712.02,4527.849978494624,1.002593867587177
15.14,358790,33.14,15.30443010752688,0.9973959866239486,-0.06041000594704693,1204.03,95281000,1320.07,1203.1384731182795,0.9995937370468843,-0.18621164306429427,1604.1,1289059968,1673.27,1535.3165376344082,1.0048893900871323,0.03823820713017256,4725.78,4712.02,4545.347935483872,1.0038645178334873
15.18,356981,33.14,15.269118279569891,0.9976927054644379,-0.08308159153555628,1241.45,103963000,1320.07,1205.133139784946,1.0016578861961722,-0.11926829087774315,1610.76,1123879936,1673.27,1542.7346881720432,1.0048316750036868,0.05205771904077694,4766.18,4725.78,4564.33047311828,1.0041762562302916
15.01,500420,33.14,15.225397849462368,0.9971366761782164,-0.14480479052002404,1184.31,140488992,1320.07,1203.3187311827955,0.9984944330694663,-0.09794265267020363,1569.02,2226520064,1673.27,1546.9344086021506,1.0027222570817302,0.028798994390634824,4677.02,4766.18,4576.407440860215,1.002645945076296
14.53,668854,33.14,15.156,0.9954419680754143,-0.14342933452867912,1139.03,166140000,1320.07,1198.6073978494624,0.996084717031952,-0.09999089300684183,1545.9,1967440000,1673.27,1549.2544946236558,1.0014997959891536,-0.005108498379041704,4662.85,4766.18,4586.646387096775,1.0022373327482037
13.86,679401,33.14,15.046967741935484,0.992806000391626,-0.1795033354198159,1072.68,155942000,1320.07,1189.625569892473,0.9925064470875915,-0.18379715254215467,1414.67,1682109952,1673.27,1542.7678279569893,0.9958130399562002,-0.0339655792968907,4397.93,4766.18,4578.7261935483875,0.9982732059810261
14.63,680270,33.14,14.994516129032258,0.9965141406692164,-0.2700840176504812,1135.84,227428992,1320.07,1185.072,0.9961722662930952,-0.1403610809474204,1401.07,2257880064,1673.27,1535.4238924731183,0.9952397662494711,-0.054346516972467174,4431.85,4766.18,4572.742279569893,0.9986931050852252
14.33,485179,33.14,14.93298924731183,0.9958967077569579,-0.23253308078990798,1107.57,195651008,1320.07,1178.9410752688173,0.994826538192462,-0.1291705629356663,1456.33,2030189952,1673.27,1531.7578924731185,0.9976123857275043,-0.04231413323382893,4500.54,4766.18,4571.018989247312,0.9996231385419903
14.33,288936,33.14,14.881720430107524,0.996566741169151,-0.16047324423996612,1107.73,124144000,1320.07,1173.114064516129,0.9950574198533547,-0.06464885729758962,1423.52,1828649984,1673.27,1526.0142365591396,0.9962502847596199,-0.02960383447674908,4418.64,4766.18,4563.730129032258,0.9984054189597114
14.63,295544,33.14,14.85664516129032,0.9983150289017341,-0.10883653850236785,1072.37,140423008,1320.07,1165.2123655913979,0.9932643387682933,-0.09490448815372343,1417.74,1549820032,1673.27,1519.9238064516128,0.9960089296930417,-0.025610830096857495,4348.87,4766.18,4551.743247311828,0.9973734464173997
13.83,379652,33.14,14.785010752688171,0.9951782917459188,-0.027632285379770027,1067.6,197123008,1320.07,1157.3437204301074,0.9932470291307827,-0.13169169879281628,1387.08,1654019968,1673.27,1511.981935483871,0.9947748229654467,-0.033465525154825704,4384.62,4766.18,4542.198150537634,0.9979029799671081
13.33,398537,33.14,14.683569892473118,0.9931389390300843,-0.11264630754172578,1001.07,252010000,1320.07,1145.5633333333335,0.989821185453535,-0.2056939980002649,1350.6,2032390016,1673.27,1501.7975483870966,0.9932642137728219,-0.040475218660355305,4328.87,4766.18,4529.079161290323,0.997111753205712
12.96,1000620,33.14,14.563827956989247,0.991845175501548,-0.11581691444324338,983.05,198578000,1320.07,1133.179268817204,0.9891895418125032,-0.2198697741281419,1315.58,1975840000,1673.27,1489.5548602150538,0.9918479769891813,-0.030357499263042986,4204.31,4766.18,4508.155548387097,0.9953801618037373
13.7,587685,33.14,14.49716129032258,0.9954224489012401,-0.003421060583529756,1022.88,170756992,1320.07,1124.026365591398,0.9919228109111459,-0.22761769929542208,1437.52,1846499968,1673.27,1485.4569462365591,0.9972489002668199,0.01300605773964536,4463.09,4766.18,4504.4944946236565,0.9991879042938635
12.43,464716,33.14,14.350903225806452,0.9899112618265645,-0.13780611287960087,993.29,148255008,1320.07,1113.603548387097,0.9907272484673283,-0.236769004839522,1452.85,1489810048,1673.27,1482.2939139784942,0.9978706671599749,-0.005003382828258962,4543.04,4766.18,4505.945440860215,1.0003221107803084
12.18,605191,33.14,14.196344086021506,0.9892300061290212,-0.13652141184949462,984.27,153376000,1320.07,1103.2270537634408,0.9906820567888052,-0.22111817830395175,1465.81,1485650048,1673.27,1479.9593333333332,0.9984250217698764,-0.0029132899299649795,4545.86,4766.18,4507.505913978494,1.0003463142505298
12.32,505150,33.14,14.057612903225806,0.9902276824261886,-0.09045567646693375,1007.76,154560992,1320.07,1094.919870967742,0.9924701059792176,-0.221303995053183,1417.79,1734560000,1673.27,1474.5286236559139,0.9963305007407279,-0.036807839350895044,4488.28,4766.18,4505.329118279569,0.99951707313524
12.36,390365,33.14,13.9265376344086,0.9906758516030038,-0.0005348521788198779,1050.17,145276000,1320.07,1089.7572473118278,0.9952849301644774,-0.1851527727866561,1406.28,1057670016,1673.27,1468.4501075268818,0.9958776547084172,-0.03403166532322055,4392.59,4766.18,4496.914903225807,0.9981323861514084
11.81,381953,33.14,13.764172043010753,0.9883412808222564,-0.06387744939967588,1036.73,175564992,1320.07,1084.0940860215053,0.9948032818278638,-0.23531390638249372,1381.16,1287859968,1673.27,1460.8873118279569,0.994849810926391,-0.02193926441332328,4271.78,4766.18,4480.793376344086,0.9964149806637086
12.25,450341,33.14,13.635032258064516,0.9906176859354346,-0.056843092736881706,1014.46,155940000,1320.07,1077.4208602150538,0.9938444219071968,-0.1633306307279454,1272.15,1632809984,1673.27,1446.4918924731182,0.9901461124083375,-0.06397945438774721,4131.93,4766.18,4456.044322580645,0.9944766357908621
12.42,427324,33.14,13.520365591397852,0.9915902900340522,-0.05200075708455265,993.41,129484000,1320.07,1069.7050967741936,0.9928386726804973,-0.12478560070921729,1229.22,1777069952,1673.27,1429.6845591397846,0.9883806238937174,-0.0920287951559492,4123.34,4766.18,4431.225204301075,0.9944302353201917
11.78,490791,33.14,13.36821505376344,0.9887465663109571,-0.12466803451855779,935.46,173440000,1320.07,1058.5399139784947,0.9895623730041404,-0.09962072504502617,1187.3,2108349952,1673.27,1410.6504516129032,0.9866864984970294,-0.10990153136100589,4023.89,4766.18,4400.566344086023,0.9930811775972718
10.86,341091,33.14,13.162602150537637,0.9846192702317489,-0.17278128923218994,865.28,291668000,1320.07,1043.2469032258064,0.9855527311245071,-0.1255610551412466,1098.91,2051049984,1673.27,1386.5924086021507,0.982945425648682,-0.13782137936175454,3901.36,4766.18,4362.964645161291,0.9914552591678875
12.51,462576,33.14,13.071677419354838,0.9930921917913408,-0.07710978285766246,976.5,329670016,1320.07,1035.7067096774194,0.9927723786909196,-0.08658005131611102,1200.5,1755660032,1673.27,1370.0049462365591,0.9880372470938927,-0.14583986229502677,4158.24,4766.18,4343.319806451613,0.9954973646803522
11.43,773653,33.14,12.914989247311828,0.9880131549290677,-0.25134259966090566,939.53,167620992,1320.07,1026.1488172043012,0.9907716225222726,-0.15391278120427865,1200.56,1249660032,1673.27,1354.2497849462366,0.9884999237896166,-0.15351238839286552,4108.54,4766.18,4321.430107526882,0.9949601457179793
10.68,470702,33.14,12.721032258064513,0.984982024720796,-0.25680820155485706,894.33,185844992,1320.07,1014.3287956989248,0.9884811819619111,-0.10838134498161556,1127.72,1849910016,1673.27,1334.7938279569892,0.9856334058860347,-0.13335352323676564,3900.86,4766.18,4287.408344086021,0.9921271980352978
10.38,530884,33.14,12.52027956989247,0.9842188366400237,-0.21510400144039155,853.25,216188992,1320.07,1000.5154623655915,0.9863817990853595,-0.10159064583638078,1065.21,2729169920,1673.27,1312.346043010753,0.983182582601094,-0.14561659214938882,3674.84,4766.18,4240.486344086022,0.9890558593363931
10.81,580270,33.14,12.358387096774194,0.9870695800189975,-0.1529437891776101,896.4,165952000,1320.07,990.2483010752688,0.9897381283183297,-0.11806309107257862,1153.04,1700300032,1673.27,1296.8723655913977,0.9882091484164833,-0.13647447135469581,3911.74,4766.18,4211.0484731182805,0.993057902188791
