40.75,531651,56.51,33.3523440860215,1.006259257985631,-0.10329123658029349,442.0,16398426,429.7,351.43206451612906,1.0171566541991006,0.30180505739559427,1039.83,2731930112,1049.92,942.932365591398,1.0066325726958765,0.10537482299775291,3097.74,3380.16,2959.393053763441,1.001583450890438
38.79,543481,56.51,33.445247311827956,1.002785508136005,-0.19654163744613184,431.23,16169545,442.0,356.4877204301076,1.0143858697724109,0.3184420517070854,1020.03,2468349952,1049.92,947.6620430107528,1.005015924356768,0.10366040867962278,3009.05,3380.16,2958.376752688172,0.9996565846250208
42.23,342699,56.51,33.783419354838706,1.010111213705726,-0.10833730243320328,442.08,9753295,442.0,362.0908172043011,1.0157175028846248,0.2779903928669941,1074.07,1553379968,1049.92,955.7507741935482,1.008535459705759,0.13185862963557782,3130.01,3380.16,2965.448043010753,1.002390260238543
41.34,449522,56.51,34.076795698924734,1.0086840334604557,-0.06525168868658748,444.89,12409956,442.08,367.71133333333336,1.0155223934493236,0.27605786820688716,1125.92,1789459968,1074.07,966.9247311827957,1.0116912874056272,0.1635692395709738,3185.04,3380.16,2976.103849462366,1.0035933209070136
41.52,488413,56.51,34.39075268817205,1.0092132192246357,-0.04866800653887082,467.72,12647055,444.89,374.63612903225805,1.0188321519387256,0.31525084465720066,1107.71,2165929984,1125.92,976.5743440860215,1.0099796939637917,0.132198668058634,3224.73,3380.16,2989.2853763440853,1.004429121948853
42.2,400751,56.51,34.758602150537634,1.0106961736400755,-0.06892062483212114,475.42,13938697,467.72,381.8702580645162,1.0193097474366526,0.3468042182605494,1122.55,1699680000,1125.92,986.9012043010753,1.0105745766081113,0.13919900175004474,3215.63,3380.16,3001.8722580645153,1.0042106658066297
44.78,580062,56.51,35.30008602150538,1.01557841332694,0.013828296457634393,493.25,22047504,475.42,390.0502365591398,1.021420831609362,0.367367039002949,1145.81,1842119936,1125.92,998.4478279569893,1.0116998779671076,0.14558732975243727,3271.12,3380.16,3018.0915913978497,1.0054030724624479
44.63,278155,56.51,35.83359139784947,1.0151134299224955,0.02951794604381819,495.09,12506509,493.25,398.0992688172043,1.020635886108081,0.4096903182345578,1167.41,1707929984,1145.81,1011.0539999999999,1.0126257694093093,0.1475741632112968,3351.28,3380.16,3039.4045376344084,1.00706172943767
47.8,771420,56.51,36.571118279569895,1.0205819973089465,-0.026781036051806484,486.18,12281346,495.09,405.295376344086,1.0180761636369293,0.3723304173788692,1185.62,1733369984,1167.41,1024.46311827957,1.0132625144448961,0.165940249729982,3372.85,3380.16,3061.9243010752693,1.0074092682175135
50.8,464397,56.51,37.50230107526882,1.0254622456054103,-0.0599572695800179,489.46,9374829,495.09,412.4764516129032,1.0177181277852048,0.3783761286705095,1214.27,1532710016,1185.62,1039.3336559139784,1.014515444596367,0.19474935302592677,3397.16,3380.16,3085.9194838709677,1.0078366348858696
55.56,587299,56.51,38.74002150537635,1.0330038529535392,-0.012563677390870165,482.87,11495678,495.09,419.00600000000003,1.0158301119047266,0.3292965380938294,1251.82,1694870016,1214.27,1056.1460860215054,1.0161761624978287,0.17432292471296407,3508.01,3397.16,3116.8475913978496,1.0100223313305912
53.35,630202,56.51,39.8255053763441,1.0280197023333377,-0.1009659877964193,444.6,13453568,495.09,422.8529032258065,1.0091810218130681,0.24586075679582942,1220.14,1754759936,1251.82,1070.3559139784945,1.0134544152035987,0.171099881543471,3426.96,3508.01,3141.9391612903223,1.0080503037625974
52.32,354692,56.51,40.84320430107527,1.0255539487851841,-0.13118251551119708,444.88,11003717,495.09,426.5919569892473,1.008842445528733,0.2554409219068342,1196.89,1404749952,1251.82,1082.6267311827958,1.011464240113077,0.15964599903127696,3340.97,3508.01,3161.2695483870975,1.0061523747292538
51.18,513298,56.51,41.79636559139785,1.0233370840176095,-0.1009432443557493,439.29,17372876,495.09,429.8802365591397,1.0077082549635958,0.26297697864855696,1169.0,1884419968,1251.82,1092.7662580645163,1.0093656720175779,0.13930537903507423,3319.47,3508.01,3179.29711827957,1.0057026361139214
51.42,402269,56.51,42.76832258064516,1.0232545814808203,0.216046887516385,450.9,15083913,495.09,433.8236344086022,1.009173247602696,0.33486896168944713,1183.4,1603769984,1251.82,1103.5380860215053,1.009857394367271,0.17572103393725724,3298.46,3508.01,3196.0085161290317,1.0052563183709313
54.07,331521,56.51,43.88875268817203,1.026197663128222,0.4941312267483847,473.75,18946676,495.09,439.02870967741944,1.011998136698829,0.39370612229294044,1213.1,1373849984,1251.82,1115.6504946236562,1.010975976955919,0.20905001391858602,3348.44,3508.01,3215.2041290322577,1.0060061206991011
58.12,298969,56.51,45.23303225806451,1.0306292498090237,1.013890754249973,488.22,20893700,495.09,444.90849462365594,1.0133927117216475,0.5904045202336379,1260.08,1357330048,1251.82,1130.138387096774,1.0129860494329859,0.26686544071809437,3477.13,3508.01,3241.893569892472,1.0083010097614697
57.72,199908,58.12,46.489849462365584,1.027785384741192,2.4683923769408733,493.07,10329490,495.09,450.6913548387097,1.0129978642460973,0.8812558514197644,1257.8,1368419968,1260.08,1143.5182365591397,1.0118391248497782,0.25674533130860944,3483.81,3508.01,3267.366430107527,1.0078574017517483
56.76,235273,58.12,47.59688172043011,1.0238123433581063,2.3622182424815126,482.56,13558878,495.09,455.2149462365591,1.010037005035227,0.7813433187769221,1249.95,1403180032,1260.08,1155.2164516129033,1.0102300205451586,0.2183171296018276,3465.39,3508.01,3289.1156559139777,1.006656500356385
53.95,332887,58.12,48.436838709677424,1.0176473113129756,2.8156429686920035,472.16,15204085,495.09,458.57021505376343,1.0073707351767416,0.9838700714508459,1172.03,1816210048,1260.08,1160.898817204301,1.0049188752319653,0.24234540241129565,3269.96,3508.01,3296.2695698924726,1.0021750265806653
57.19,218215,58.12,49.400021505376344,1.0198853356527267,1.7287262260768435,511.26,13216377,495.09,463.90574193548383,1.0116351361396092,0.8348064224253331,1258.63,1460749952,1260.08,1171.2673333333332,1.0089314555027302,0.2110785962819155,3509.44,3508.01,3317.1935698924735,1.0063477818049582
48.38,921964,58.12,49.71501075268817,1.0063762977770676,1.5719665127283342,479.04,18151928,511.26,466.6619569892474,1.0059413255853749,0.6015940061653156,1244.78,2468260096,1260.08,1179.8781075268819,1.0073516727979113,0.09983372620985742,3585.15,3509.44,3341.454516129033,1.007313696269267
49.8,482863,58.12,50.05675268817204,1.0068740191404946,1.1363288634421986,487.76,12672848,511.26,469.56210752688173,1.0062146710144215,0.47392590534368195,1243.31,1883619968,1260.08,1187.7043870967743,1.00663312550675,0.09435404329930397,3557.54,3585.15,3362.4060215053764,1.0062701752411147
58.16,488370,58.12,50.87847311827957,1.016415775814033,1.0118101582488432,499.21,8547901,511.26,472.81249462365594,1.006922166513592,0.4603517669307744,1280.15,1367849984,1260.08,1197.216516129032,1.0080088354775798,0.11879075170467912,3638.35,3585.15,3387.0209677419343,1.0073206347119072
62.43,365220,58.16,51.90944086021505,1.0202633388690485,0.9762185611156662,486.19,14850273,511.26,474.8298709677419,1.004266757683068,0.27586714065169904,1274.78,1764450048,1280.15,1205.589870967742,1.0069940188143942,0.0763435657608964,3699.12,3638.35,3413.8196989247317,1.0079121834314075
61.98,236487,62.43,52.84079569892474,1.0179419162155434,1.2733463112449275,489.61,12035299,511.26,476.773376344086,1.004093056261147,0.2504774110772281,1259.81,1547360000,1280.15,1212.3034623655917,1.0055687191469689,0.05767707465606042,3663.46,3699.12,3436.663333333334,1.0066915175443498
67.52,413553,62.43,54.05245161290322,1.0229303116645372,1.0085766664698144,522.27,13638212,511.26,480.5128387096775,1.0078432700967195,0.27694430575278717,1289.04,1660060032,1280.15,1220.2200430107525,1.006530197174982,0.057038547899721515,3709.41,3699.12,3460.7515698924735,1.0070091929941172
65.97,114838,67.52,55.0876129032258,1.0191510516069815,0.7748917338258878,528.25,7762079,522.27,484.32507526881716,1.0079336830403463,0.2549510593165578,1277.28,1092999936,1289.04,1226.7184516129034,1.0053256038854408,0.05797441866475772,3703.06,3709.41,3482.808709677419,1.0063735114582728
65.98,134465,67.52,56.05602150537635,1.0175794257749338,0.5330839011132602,514.91,6918630,528.25,487.01451612903224,1.0055529663805294,0.2048832422440675,1302.56,935129984,1289.04,1234.2564516129032,1.0061448492847636,0.06462525241931272,3756.07,3709.41,3506.869182795699,1.0069083533216812
67.14,206163,67.52,57.04391397849463,1.017623306945241,0.6178859027252399,545.66,11607746,528.25,491.5045806451612,1.009219570192317,0.2772141923849072,1352.53,1794940032,1302.56,1244.4750107526881,1.0082791215119284,0.0729989993196214,3824.68,3756.07,3534.1472043010754,1.0077784542517865
69.04,799769,67.52,58.092000000000006,1.0183733188767605,0.594387258378358,544.14,9230821,545.66,495.63451612903225,1.008402638849164,0.19399459693944143,1327.14,1901990016,1352.53,1252.3328602150536,1.0063141882275426,0.05985343218675121,3768.25,3824.68,3556.099913978494,1.0062116002555588
68.64,282393,69.04,59.05344086021505,1.016550314332697,0.6756972673359747,566.89,9675997,545.66,501.0125376344087,1.0108507808281382,0.21967324841790736,1368.13,1554989952,1352.53,1262.2173548387098,1.0078928653377015,0.06462566634579203,3841.47,3824.68,3581.3345376344087,1.0070961514767123
65.91,497276,69.04,59.77455913978494,1.0122112830186618,0.4497991868274085,561.45,24506784,566.89,505.7478494623656,1.0094514836900395,0.23489400673651573,1307.64,2116349952,1368.13,1267.4506666666666,1.0041461257111504,0.0308081932589932,3714.24,3841.47,3596.570623655914,1.0042543040482248
73.38,646504,69.04,60.926688172043015,1.0192745718051015,0.6063189725087759,570.75,13227293,566.89,510.82645161290327,1.010041767169028,0.19593286567874468,1385.96,1778659968,1368.13,1277.2345806451617,1.0077193647341134,0.010618332529928942,3886.83,3841.47,3621.6851397849455,1.006982906428653
75.3,358487,73.38,62.13378494623656,1.019812282768185,0.5960840983792357,564.97,12285361,570.75,515.2614838709677,1.0086820724417482,0.1089678463423136,1368.53,1534470016,1385.96,1285.334752688172,1.0063419611132975,0.01525425696497118,3934.83,3886.83,3648.3872043010747,1.007372828803587
71.62,178673,75.3,63.03081720430108,1.0144371095184481,0.5531217217737032,552.47,8105423,570.75,518.6809247311828,1.0066363214935572,0.06450286099860869,1361.14,1180199936,1385.96,1292.3972473118279,1.005494673359516,-0.0023699142223905234,3906.71,3934.83,3671.7479784946236,1.0064030413674319
72.24,268034,75.3,63.90458064516128,1.0138624799679827,0.4539114452079076,548.66,14287389,570.75,521.6888602150538,1.0057992020536128,0.07924340215541248,1294.47,2253669888,1385.96,1294.6453548387096,1.0017394864710194,-0.03534796593177392,3811.15,3934.83,3687.4573978494623,1.0042784579570407
73.28,619346,75.3,64.78638709677419,1.0137987988139576,0.521847992811207,571.03,14090094,570.75,526.0208602150537,1.0083038000815547,0.14110330332925125,1257.91,2245149952,1385.96,1294.2150537634411,0.9996676301555014,-0.06888769405366113,3841.94,3934.83,3703.9919139784947,1.0044839883814456
77.64,292561,75.3,65.88787096774193,1.017001779545484,0.5110568586285036,613.07,13617596,571.03,532.9018064516129,1.0130811280635257,0.17112797192392515,1330.13,1834659968,1385.96,1298.249483870968,1.0031172795400543,-0.047256227958200725,3943.34,3934.83,3726.013182795699,1.0059452799381388
81.98,342295,77.64,67.20518279569893,1.0199932371255696,0.5242394524403535,606.39,17929880,613.07,539.0789032258065,1.0115914352314257,0.1602942884010785,1328.16,2000370048,1385.96,1301.846043010753,1.0027703143228381,-0.058080939716668833,3913.1,3943.34,3744.856623655914,1.0050572662885955
82.6,755989,81.98,68.49544086021506,1.0191987881118998,0.39861551510506854,594.66,12595779,613.07,544.2477634408601,1.0095883184894152,0.12828407140597653,1325.34,1773970048,1385.96,1305.0157419354837,1.0024347724846174,-0.0742594403541541,3974.54,3943.34,3766.5543870967736,1.0057940171337394
87.36,1141501,82.6,70.03464516129031,1.0224716314216657,0.5631537443153045,604.63,7137093,613.07,549.8194408602151,1.010237391485322,0.24204809683568507,1354.13,1118850048,1385.96,1309.884752688172,1.0037309977161402,-0.06319813253066342,4019.87,3974.54,3790.1733763440857,1.0062707150408408
89.76,705050,87.36,71.65554838709676,1.0231443055372593,0.631202043553311,620.58,8580788,613.07,556.076,1.01137929777455,0.2506871213393016,1411.45,1619469952,1385.96,1318.1636774193548,1.006320345903861,-0.056544168052997,4128.8,4019.87,3819.5450322580646,1.007749422782952
91.87,495613,89.76,73.33206451612904,1.0233968780753087,0.7226762593051455,647.67,8856359,620.58,563.7024516129034,1.0137147649114568,0.2985112005237558,1440.19,1301440000,1411.45,1327.835376344086,1.007337251883367,-0.028900418577390452,4185.47,4128.8,3850.8785591397855,1.0082034709938206
91.25,645189,91.87,74.8810752688172,1.0211232393756957,0.6947947080928534,673.45,8545779,647.67,572.5439999999999,1.0156847790209151,0.26748186596923396,1422.5,1446279936,1440.19,1335.7825806451613,1.0059850825205126,-0.06526463774777325,4180.17,4185.47,3880.007784946237,1.0075643065235893
91.92,467100,91.87,76.3876559139785,1.0201196449136554,0.6274311775411239,673.21,13093450,673.45,580.8914623655915,1.0145795997610516,0.238557508047873,1435.89,1577309952,1440.19,1344.0794623655913,1.0062112516218191,-0.06503847834222642,4181.17,4185.47,3907.305376344086,1.0070354475843475
93.11,595528,91.92,77.88961290322582,1.0196622997692022,0.47766159530612384,706.57,7819185,673.45,590.9622365591398,1.0173367571155834,0.29108927090990533,1419.11,1450720000,1440.19,1350.8146451612904,1.0050110004536823,-0.09106199172683338,4232.6,4185.47,3936.1302150537635,1.0073771655740529
82.54,982242,93.11,78.63438709677419,1.0095619193084668,0.3229864444780244,671.28,10824354,706.57,598.2866666666666,1.012394074704626,0.18965081913892234,1366.7,1605990016,1440.19,1353.8265376344086,1.0022296859779445,-0.11149076086346632,4173.85,4232.6,3959.540064516129,1.0059474275959759
81.34,459178,93.11,79.24836559139784,1.007808015262687,0.3382770895048699,637.19,10818799,706.57,603.0284946236559,1.0079256788111428,0.12253857170718763,1349.99,1737059968,1440.19,1355.5261720430108,1.0012554299693164,-0.1192122137457936,4155.86,4232.6,3980.3053118279568,1.0052443584288786
84.33,442698,93.11,80.0023870967742,1.009514663170015,0.5316593001161516,651.07,11858397,706.57,608.3332688172043,1.0087968881086773,0.10217551697108451,1380.08,2165120000,1440.19,1358.9519569892475,1.0025272731850492,-0.10816375637510167,4204.11,4232.6,4002.6985806451607,1.0056260178712069
79.95,618411,93.11,80.40849462365593,1.0050761926189837,0.39152820319543014,635.37,13638230,706.57,612.2403870967743,1.0064226608667428,-0.017462440326053486,1366.39,1437250048,1440.19,1361.0470967741933,1.001541732048856,-0.1196722620273003,4229.89,4232.6,4024.7461505376345,1.005508176408557
76.37,544009,93.11,80.534688172043,1.0015694056825428,0.5594583498925569,632.66,16071322,706.57,615.7057634408602,1.005660156397912,0.09927907063049424,1388.59,1354919936,1440.19,1364.3427526881724,1.002421412103806,-0.06920100654322092,4247.44,4232.6,4046.376623655914,1.0053743695401485
75.97,631055,93.11,80.57488172043011,1.0004990836780947,0.48678269814493547,626.96,17909528,706.57,618.4730322580646,1.0044944663206326,0.07703651154181101,1387.66,1598700032,1440.19,1367.2691397849462,1.0021449061029628,-0.05505903404032453,4166.45,4247.44,4061.3576559139788,1.0037023326426122
78.27,483202,93.11,80.70718279569891,1.0016419642504453,0.33023434774507554,651.81,14415167,706.57,622.5441720430107,1.0065825663733183,0.0770525653320615,1424.04,1658560000,1440.19,1372.232193548387,1.0036299025693078,-0.06414891914582777,4280.7,4247.44,4082.4001720430106,1.0051811531787629
79.42,355959,93.11,80.8704301075269,1.002022711067009,0.2631939005067272,660.47,11002123,706.57,626.8458494623654,1.0069098348559555,0.14650227854876818,1453.51,1362329984,1440.19,1378.7870967741937,1.0047768178422172,-0.03638336092059857,4352.34,4280.7,4106.683225806452,1.005948229654147
78.89,289242,93.11,80.96294623655913,1.0011440044143356,0.202573376788167,666.58,7867153,706.57,631.1669247311829,1.006893361856864,0.0806122266880207,1474.52,1133549952,1453.51,1386.3131182795698,1.0054584362756107,-0.022308096894072316,4369.55,4352.34,4130.67182795699,1.0058413568399414
77.45,475123,93.11,80.9261935483871,0.9995460554502964,0.10118801103587449,637.82,7656760,706.57,633.2519354838709,1.0033034220758257,-0.0652826431888327,1435.67,1281880064,1474.52,1390.870946236559,1.0032877334109378,-0.0527845993000684,4327.16,4369.55,4150.40711827957,1.0047777434626999
80.91,345864,93.11,81.091311827957,1.0020403564325704,0.249130395719519,660.52,9554593,706.57,636.5529677419355,1.0052128261645854,-0.04140783665047043,1476.62,1599810048,1474.52,1397.755376344086,1.0049497260160298,-0.03532704883206805,4411.8,4369.55,4174.274559139784,1.0057506264277294
83.75,247069,93.11,81.40752688172043,1.0038994936280512,0.2794029448214158,676.66,11228737,706.57,640.6108387096774,1.0063747577552524,0.041469117975255765,1438.71,1455820032,1476.62,1401.765311827957,1.0028688392487957,-0.06565027421558023,4395.26,4411.8,4195.550731182796,1.0050969747537153
84.11,239099,93.11,81.70875268817205,1.003700220581437,0.2789448158843415,680.47,6369930,706.57,644.5666666666667,1.0061750874602078,-0.06805306354539198,1444.09,1632409984,1476.62,1405.8295483870966,1.0028993701904634,-0.09227619706529011,4436.52,4411.8,4218.11423655914,1.0053779603256003
87.51,277648,93.11,82.19283870967743,1.005924530794795,0.23563626769297596,685.37,6119004,706.57,648.5487096774194,1.0061778605948484,-0.031699508990850056,1444.7,1149760000,1476.62,1409.7362365591398,1.00277892023007,-0.09711481722736792,4468.0,4436.52,4241.392924731183,1.0055187429421142
82.02,409785,93.11,82.28301075268817,1.0010970790694946,0.22091524087610848,665.76,6630024,706.57,650.9618709677419,1.0037208636056385,-0.10619227529834707,1412.34,1416249984,1476.62,1411.302365591398,1.0011109376290708,-0.12392809116867975,4441.67,4468.0,4261.46806451613,1.0047331478458152
85.51,211684,93.11,82.56956989247313,1.0034826039684699,0.3504315727353038,667.49,7182075,706.57,653.2740215053763,1.0035518985684937,-0.08927845365891085,1449.28,1399020032,1476.62,1415.1566451612903,1.0027310090763415,-0.10575882245376045,4509.37,4468.0,4284.620193548388,1.0054328998086455
100.33,880094,93.11,83.77010752688172,1.0145397104038691,0.4608241228943383,667.74,8751115,706.57,655.3742580645162,1.0032149396577874,-0.11852561327549305,1466.71,1241260032,1476.62,1419.8308387096777,1.003302951347732,-0.10860833879661169,4535.43,4509.37,4307.743655913979,1.005396852304531
96.11,284555,100.33,84.64043010752688,1.0103894170168741,0.3997708909907445,661.89,7611942,706.57,656.888494623656,1.0023104913574294,-0.05299895835236379,1461.86,1059699968,1476.62,1424.0184731182794,1.0029493896698338,-0.06490886889351777,4458.58,4535.43,4324.514215053764,1.0038931191081348
94.72,273488,100.33,85.37632258064515,1.0086943375900075,0.4478151076853163,640.4,11718945,706.57,656.8078494623657,0.9998772315819954,-0.07190983399690776,1469.69,1621820032,1476.62,1428.5105591397846,1.0031545138678353,-0.05496248856713848,4432.99,4535.43,4338.507462365591,1.0032357963498226
97.61,255104,100.33,86.24898924731183,1.0102214131540084,0.4859455807877454,641.98,17817614,706.57,656.6400430107527,0.9997445121099721,-0.06731923359684311,1474.29,1627149952,1476.62,1433.0659784946236,1.0031889294242124,-0.030150459921155726,4455.48,4535.43,4352.819892473119,1.0032989294663386
93.32,341952,100.33,86.79032258064518,1.0062764020547663,0.39269828841199994,636.33,21013148,706.57,655.9070322580644,0.9988836947114474,-0.11208668489289897,1438.51,1625580032,1476.62,1434.9263010752688,1.0012981416128512,0.009495986566354642,4357.05,4535.43,4359.396344086021,1.0015108485476907
90.97,246762,100.33,87.13694623655914,1.003993805364554,0.2646742245877193,645.13,17406176,706.57,655.6013333333334,0.9995339294904667,-0.09903327864016576,1451.37,1569560064,1476.62,1437.2279139784946,1.0016039938089512,-0.022465361790978022,4391.36,4535.43,4367.078580645161,1.0017622248478422
93.74,149909,100.33,87.6336129032258,1.0056998401724833,0.22075294879645113,639.48,15405101,706.57,654.8621720430108,0.9988725445591081,-0.14949406226598327,1502.87,1307920000,1476.62,1442.591376344086,1.0037318106011066,-0.01112405285609297,4471.37,4535.43,4378.959268817204,1.0027205116538773
91.94,164141,100.33,87.98886021505376,1.0040537791386082,0.21833994167996051,656.43,14994545,706.57,655.1453978494625,1.0004324968192437,-0.0885055547217719,1525.03,1356080000,1502.87,1449.0087956989246,1.0044485357808681,0.007167372138289219,4544.9,4535.43,4394.383247311828,1.0035222932089045
88.15,429045,100.33,88.07950537634409,1.0010301890610787,0.08641678427890098,649.28,21671968,706.57,654.834494623656,0.9995254439291995,-0.11718546837062771,1585.72,1743180032,1525.03,1458.912258064516,1.006834646135336,0.025370974587255013,4605.38,4544.9,4412.482580645161,1.0041187425662985
92.52,226474,100.33,88.4503870967742,1.0042107607081285,0.09855795151060631,676.41,15750170,706.57,656.1778924731182,1.0020515074579788,-0.10470603511131826,1664.89,2045849984,1585.72,1473.4254193548386,1.0099479329274925,0.04181298177637882,4697.53,4605.38,4435.267913978494,1.0051638353051586
90.19,172642,100.33,88.66501075268815,1.002426486338371,0.09638385202521649,714.84,21521736,706.57,659.8805806451613,1.0056428115218692,-0.05998094344294769,1611.82,1871360000,1664.89,1483.969677419355,1.0071562889617673,0.0003368541811705761,4682.85,4697.53,4455.883075268817,1.004648008122655
87.57,236024,100.33,88.71421505376343,1.0005549460904315,0.05687452922347769,709.61,15893063,714.84,663.1013978494623,1.004880909211106,-0.08612833646954865,1673.27,1711910016,1664.89,1498.1093548387098,1.0095282792057745,0.052420056915050584,4697.96,4697.53,4476.403440860216,1.0046052298152282
80.5,375171,100.33,88.31520430107527,0.9955022906707077,-0.06699308777112489,693.63,11540936,714.84,665.2134838709678,1.0031851629756103,-0.08686983827536388,1612.87,1441170048,1673.27,1507.8129677419354,1.0064772393763406,0.02437076160332352,4594.62,4697.96,4489.143182795699,1.0028459771563922
75.75,723308,100.33,87.63430107526881,0.992290079254245,-0.08161408824382699,666.62,19228836,714.84,665.5390752688172,1.0004894539959635,-0.18438359416826322,1574.74,2259919872,1673.27,1514.6759784946232,1.0045516326623491,0.037411502861265156,4538.43,4697.96,4497.368623655913,1.0018322963927142
78.24,468586,100.33,87.151376344086,0.9944893183918015,0.09548389505763599,675.59,18882498,714.84,666.5292903225807,1.0014878390924882,-0.16390910067170372,1614.44,1766800000,1673.27,1523.7655913978492,1.0060010279639213,0.05233023953394911,4712.02,4697.96,4516.135720430108,1.0041729060578848
80.36,480035,100.33,86.81447311827958,0.996134275327147,0.19651209343125542,650.66,26174444,714.84,665.9018494623655,0.9990586447297589,-0.15729939195745457,1545.06,2143299968,1673.27,1527.846301075269,1.0026780429355122,0.032660105526718164,4620.64,4712.02,4527.849978494624,1.002593867587177
84.89,299920,100.33,86.77193548387098,0.9995100167877463,0.17082659442286363,666.05,16980368,714.84,666.2383440860216,1.0005053216535256,-0.13707765361156898,1604.1,1289059968,1673.27,1535.3165376344082,1.0048893900871323,0.03823820713017256,4725.78,4712.02,4545.347935483872,1.0038645178334873
87.71,231338,100.33,86.91012903225808,1.001592606499054,0.2641453437934712,686.66,11383992,714.84,667.8723010752688,1.0024525111827491,-0.0866849737601485,1610.76,1123879936,1673.27,1542.7346881720432,1.0048316750036868,0.05205771904077694,4766.18,4725.78,4564.33047311828,1.0041762562302916
82.7,389881,100.33,86.70840860215053,0.9976789767504236,0.32512561644073457,653.05,19190568,714.84,667.2275698924732,0.9990346490163501,-0.056237554826972236,1569.02,2226520064,1673.27,1546.9344086021506,1.0027222570817302,0.028798994390634824,4677.02,4766.18,4576.407440860215,1.002645945076296
81.2,371589,100.33,86.39630107526881,0.9964004929635627,0.3718742352897899,643.33,19816192,714.84,665.9118924731183,0.998028142902478,-0.06975399838270002,1545.9,1967440000,1673.27,1549.2544946236558,1.0014997959891536,-0.005108498379041704,4662.85,4766.18,4586.646387096775,1.0022373327482037
76.08,499025,100.33,85.74262365591397,0.9924339652135645,0.23606739733261617,587.05,26010074,714.84,660.9300430107528,0.9925187558314006,-0.1502997285095764,1414.67,1682109952,1673.27,1542.7678279569893,0.9958130399562002,-0.0339655792968907,4397.93,4766.18,4578.7261935483875,0.9982732059810261
80.89,546819,100.33,85.40397849462364,0.996050445544455,0.28471923730148607,595.22,27117156,714.84,656.614559139785,0.9934705890334333,-0.147484832262339,1401.07,2257880064,1673.27,1535.4238924731183,0.9952397662494711,-0.054346516972467174,4431.85,4766.18,4572.742279569893,0.9986931050852252
78.59,458952,100.33,84.91378494623655,0.9942602961006324,0.27077795615678235,592.67,19488804,714.84,652.2748817204301,0.9933908297357278,-0.130315151000978,1456.33,2030189952,1673.27,1531.7578924731185,0.9976123857275043,-0.04231413323382893,4500.54,4766.18,4571.018989247312,0.9996231385419903
78.84,451995,100.33,84.44036559139784,0.9944247055394073,0.303337523000332,602.42,25446994,714.84,648.7231827956989,0.9945549046509912,-0.04034479390888579,1423.52,1828649984,1673.27,1526.0142365591396,0.9962502847596199,-0.02960383447674908,4418.64,4766.18,4563.730129032258,0.9984054189597114
73.72,476231,100.33,83.63363440860213,0.9904461429418789,0.11090057535543285,608.63,22461938,714.84,645.6482580645161,0.9952600356936047,-0.04471433315019291,1417.74,1549820032,1673.27,1519.9238064516128,0.9960089296930417,-0.025610830096857495,4348.87,4766.18,4551.743247311828,0.9973734464173997
71.51,337827,100.33,82.69978494623655,0.9888340442338885,0.028644771320569196,597.52,19075006,714.84,641.9681505376344,0.9943001355909893,-0.10647550438618925,1387.08,1654019968,1673.27,1511.981935483871,0.9947748229654467,-0.033465525154825704,4384.62,4766.18,4542.198150537634,0.9979029799671081
65.41,412042,100.33,81.39870967741936,0.9842674890912592,-0.06998652951813245,599.74,23775628,714.84,638.6014623655914,0.9947556772571606,-0.11822771355689365,1350.6,2032390016,1673.27,1501.7975483870966,0.9932642137728219,-0.040475218660355305,4328.87,4766.18,4529.079161290323,0.997111753205712
64.0,751320,100.33,80.0468817204301,0.9833925136854562,-0.13251721688438867,571.69,29352672,714.84,633.5987096774194,0.9921660801250907,-0.14741276393412228,1315.58,1975840000,1673.27,1489.5548602150538,0.9918479769891813,-0.030357499263042986,4204.31,4766.18,4508.155548387097,0.9953801618037373
72.57,576994,100.33,79.29851612903227,0.9906509088759815,-0.061858972830307946,611.69,28347496,714.84,631.4210752688173,0.9965630700073382,-0.08370115173579684,1437.52,1846499968,1673.27,1485.4569462365591,0.9972489002668199,0.01300605773964536,4463.09,4766.18,4504.4944946236565,0.9991879042938635
77.83,888980,100.33,78.90982795698925,0.9950984180913227,-0.018450356961209113,556.9,22017606,714.84,625.8248817204301,0.9911371448189235,-0.17517913758644943,1452.85,1489810048,1673.27,1482.2939139784942,0.9978706671599749,-0.005003382828258962,4543.04,4766.18,4505.945440860215,1.0003221107803084
82.89,934534,100.33,78.86410752688171,0.999420599039546,-0.13901905632917322,547.15,23136666,714.84,619.8374838709677,0.9904327903470335,-0.19432797963316917,1465.81,1485650048,1673.27,1479.9593333333332,0.9984250217698764,-0.0029132899299649795,4545.86,4766.18,4507.505913978494,1.0003463142505298
81.54,524170,100.33,78.7687956989247,0.9987914422549635,-0.08600188598103808,538.76,28546676,714.84,613.5681290322581,0.9898854861123327,-0.24875864328339203,1417.79,1734560000,1673.27,1474.5286236559139,0.9963305007407279,-0.036807839350895044,4488.28,4766.18,4505.329118279569,0.99951707313524
81.1,719534,100.33,78.67643010752688,0.9988273834761817,-0.10580316489979291,534.99,17552312,714.84,607.3203440860216,0.9898172922441544,-0.2101108735587206,1406.28,1057670016,1673.27,1468.4501075268818,0.9958776547084172,-0.03403166532322055,4392.59,4766.18,4496.914903225807,0.9981323861514084
80.21,462908,100.33,78.55593548387097,0.9984684787617939,-0.18090257549956967,531.39,21716844,714.84,601.0669892473119,0.9897033667658202,-0.24693338369943418,1381.16,1287859968,1673.27,1460.8873118279569,0.994849810926391,-0.02193926441332328,4271.78,4766.18,4480.793376344086,0.9964149806637086
81.03,670800,100.33,78.52576344086022,0.999615916444443,-0.12334237049961827,515.51,28844910,714.84,594.0269462365591,0.9882874236371412,-0.22684644084188166,1272.15,1632809984,1673.27,1446.4918924731182,0.9901461124083375,-0.06397945438774721,4131.93,4766.18,4456.044322580645,0.9944766357908621
80.11,624927,100.33,78.46266666666668,0.9991964831486031,-0.04738426920039429,523.83,31117202,714.84,587.7835053763441,0.9894896335936104,-0.19354699967472888,1229.22,1777069952,1673.27,1429.6845591397846,0.9883806238937174,-0.0920287951559492,4123.34,4766.18,4431.225204301075,0.9944302353201917
79.69,613696,100.33,78.39582795698924,0.9991481463412225,-0.057326612982427694,541.88,31608506,714.84,582.965440860215,0.9918029946875692,-0.08641926077323081,1187.3,2108349952,1673.27,1410.6504516129032,0.9866864984970294,-0.10990153136100589,4023.89,4766.18,4400.566344086023,0.9930811775972718
68.97,520174,100.33,77.66759139784946,0.9907107740536996,-0.1779299448611079,504.58,29922204,714.84,575.9508172043011,0.9879673422054602,-0.12009657740807322,1098.91,2051049984,1673.27,1386.5924086021507,0.982945425648682,-0.13782137936175454,3901.36,4766.18,4362.964645161291,0.9914552591678875
78.56,447412,100.33,77.6074623655914,0.9992258156693691,-0.04018350970910711,526.65,26023964,714.84,570.686623655914,0.9908599946538147,-0.1265276108983735,1200.5,1755660032,1673.27,1370.0049462365591,0.9880372470938927,-0.14583986229502677,4158.24,4766.18,4343.319806451613,0.9954973646803522
71.69,709175,100.33,77.1247311827957,0.993779835494148,-0.12825602493511112,515.51,16637558,714.84,564.9674408602151,0.98997841799925,-0.14725408057672085,1200.56,1249660032,1673.27,1354.2497849462366,0.9884999237896166,-0.15351238839286552,4108.54,4766.18,4321.430107526882,0.9949601457179793
63.63,806708,100.33,76.16679569892473,0.9875793993809776,-0.2331923477828738,495.24,20887086,714.84,558.2865376344087,0.9881747110671827,-0.16095733978215354,1127.72,1849910016,1673.27,1334.7938279569892,0.9856334058860347,-0.13335352323676564,3900.86,4766.18,4287.408344086021,0.9921271980352978
62.29,500032,100.33,75.17952688172042,0.9870380681221405,-0.207104959110614,454.6,25623794,714.84,549.4559569892472,0.9841827089677305,-0.16745359730570963,1065.21,2729169920,1673.27,1312.346043010753,0.983182582601094,-0.14561659214938882,3674.84,4766.18,4240.486344086022,0.9890558593363931
65.14,299547,100.33,74.43049462365592,0.990036752170003,-0.07245941699042335,488.31,21799856,714.84,543.3486236559139,0.9888847627263913,-0.17404120655802058,1153.04,1700300032,1673.27,1296.8723655913977,0.9882091484164833,-0.13647447135469581,3911.74,4766.18,4211.0484731182805,0.993057902188791
