1.4,5961000,26.98,0.9610924731182795,1.016827754418537,-0.22186066124722403,718.44,155192992,825.61,714.8670967741937,0.9987094806394156,-8.981934369689526e-05,617.24,892060032,665.35,607.2255698924731,0.9998441947807445,-0.043390815887205614,3193.93,3380.16,2953.846623655914,1.0037143840044336
1.02,2027781,22.57,0.9531053763440862,0.9916895647426318,-0.4116668930665274,683.63,168595008,825.61,711.7259784946239,0.9956060108323016,0.0042135463783454785,592.04,870889984,665.35,605.5196129032258,0.9971905712245461,-0.03379894291229457,3041.31,3380.16,2954.71440860215,1.000293781315281
1.01,1585368,22.57,0.9456559139784946,0.9921840097113226,-0.40505456877029267,693.67,135848000,825.61,709.3477634408603,0.9966585243118513,0.009534378337172411,606.01,848480000,665.35,604.7950107526882,0.9988033382650259,-0.030934829877702574,3097.74,3380.16,2959.393053763441,1.001583450890438
1.01,1028093,21.16,0.9393032258064518,0.9932822413753897,-0.4669621878804707,669.65,139596000,825.61,705.5203870967742,0.9946043724371239,0.016308673004112872,585.69,731550016,665.35,602.8066666666666,0.9967123669166069,-0.03432704412918963,3009.05,3380.16,2958.376752688172,0.9996565846250208
0.9,365594,20.51,0.9271225806451613,0.987032254519479,-0.5243637890294008,689.13,102140000,825.61,703.1191612903226,0.9965965181866215,-0.021719456414475813,604.43,558320000,665.35,602.1314408602151,0.9988798634059817,-0.05040587604618041,3130.01,3380.16,2965.448043010753,1.002390260238543
0.86,3470142,20.04,0.9138881720430108,0.9857252871643564,-0.5649233732319185,696.89,120353000,825.61,701.367741935484,0.9975090717885934,-0.022249213240303267,619.33,687249984,665.35,602.4938279569892,1.0006018405155133,-0.039202762509500944,3185.04,3380.16,2976.103849462366,1.0035933209070136
0.941,1370908,19.63,0.9077720430107526,0.9933075739249525,-0.46535788919574284,710.69,134995008,825.61,700.6447096774193,0.9989691110456985,0.01405001450214216,631.38,635539968,665.35,603.6806236559141,1.0019698055712027,-0.028194137914569928,3224.73,3380.16,2989.2853763440853,1.004429121948853
0.845,1361110,16.85,0.8970731182795699,0.9882140843468826,-0.4471439755682982,726.13,143935008,825.61,701.036688172043,1.0005594540131533,0.043112357485979746,636.52,569870016,665.35,605.2368602150536,1.002577913714896,-0.01316553145567334,3215.63,3380.16,3001.8722580645153,1.0042106658066297
0.9,1546652,16.85,0.8912021505376343,0.9934554189370928,-0.45584058937952765,724.0,118453000,825.61,701.3798709677421,1.0004895361419586,0.014787365864041613,642.01,622560000,665.35,607.1762150537635,1.0032042906937637,-0.008932975177020852,3271.12,3380.16,3018.0915913978497,1.0054030724624479
0.892,459282,16.85,0.8859333333333335,0.9940879662362548,-0.49900512437396904,728.05,101517000,825.61,702.0573333333334,1.0009658993558748,0.011831208920069058,651.18,522060000,665.35,609.7040430107527,1.0041632526016608,-0.015370713307234718,3351.28,3380.16,3039.4045376344084,1.00706172943767
1.02,639288,16.85,0.8901978494623656,1.004813585818006,-0.5133404045603294,734.7,97833000,825.61,703.2364731182796,1.001679549132188,0.026718799363345758,656.81,496400000,665.35,612.5799354838709,1.0047168663322568,-0.012602691067155503,3372.85,3380.16,3061.9243010752693,1.0074092682175135
0.985,481542,16.85,0.8935333333333333,1.0037469017398573,-0.47329590445901226,723.18,137992992,825.61,703.7892043010753,1.0007859819618639,0.010531290777598623,658.05,529190016,665.35,615.5352903225806,1.0048244395017203,-0.02378712801791627,3397.16,3380.16,3085.9194838709677,1.0078366348858696
0.97,504291,16.85,0.8970086021505376,1.0038893555366757,-0.4395850669038668,750.98,100807000,825.61,706.2966021505376,1.0035627114399295,0.008324191655352808,673.67,566000000,665.35,619.4884516129031,1.0064223146137579,-0.04836641058862945,3508.01,3397.16,3116.8475913978496,1.0100223313305912
1.01,936153,16.85,0.9040752688172043,1.0078780366762645,-0.4428216945227681,754.33,153820992,825.61,709.1268602150537,1.0040071806319024,0.018960470980591393,670.48,748579968,673.67,623.1811397849464,1.0059608668449411,-0.013961919297771352,3426.96,3508.01,3141.9391612903223,1.0080503037625974
1.0,168727,16.85,0.911356989247312,1.0080543298564446,-0.40710372328197564,746.13,118133000,825.61,711.5600645161292,1.003431267996727,0.055169928738056484,662.06,601539968,673.67,626.3080860215053,1.0050177164181158,0.0066493598091816875,3340.97,3508.01,3161.2695483870975,1.0061523747292538
0.914,458067,16.85,0.9139075268817205,1.0027986153225368,-0.438092487774826,729.35,131354000,825.61,713.0816129032258,1.0021383274061781,0.037426100914522586,650.71,901080000,673.67,628.7098494623656,1.0038347955175175,-0.015378847518062844,3319.47,3508.01,3179.29711827957,1.0057026361139214
0.948,8858810,16.85,0.9195247311827954,1.0061463595996862,-0.33416454586282873,722.42,127474000,825.61,714.3602150537635,1.0017930656567233,0.03058249712047245,647.9,606600000,673.67,630.960129032258,1.0035792020306613,-0.028001457355364634,3298.46,3508.01,3196.0085161290317,1.0052563183709313
1.165,1125551,16.19,0.9395548387096774,1.0217831090862743,-0.03851954804256996,738.22,137646000,825.61,716.6957419354837,1.003269396632824,0.016048380645830806,658.43,566969984,673.67,633.7764516129033,1.0044635507872184,-0.08518014430701881,3348.44,3508.01,3215.2041290322577,1.0060061206991011
1.25,646973,15.95,0.9648881720430108,1.0269631236939023,1.0538442757002597,750.89,107338000,825.61,719.909806451613,1.004484559246089,0.03425442768803011,676.06,468310016,673.67,637.6739784946236,1.0061496871204372,-0.1212951906094415,3477.13,3508.01,3241.893569892472,1.0083010097614697
1.13,329505,15.95,0.9810387096774194,1.0167382481227976,1.1226328179678053,753.92,173232000,825.61,723.1940860215052,1.0045620708878522,0.015590321584806777,681.08,509960000,676.06,641.6934408602151,1.006303318782241,-0.19226014335941466,3483.81,3508.01,3267.366430107527,1.0078574017517483
1.07,420766,15.01,0.9919634408602152,1.0111358818719682,0.8732331632374342,751.4,112817000,825.61,725.8978494623655,1.0037386415253122,0.046709380526332556,671.61,452009984,681.08,644.7475268817202,1.0047594159875017,-0.1425395465837609,3465.39,3508.01,3289.1156559139777,1.006656500356385
1.08,305154,15.01,1.0023720430107526,1.0104929291965752,1.2383841575629086,715.33,140255008,825.61,726.0214408602151,1.0001702600413283,-0.06035442903134913,639.46,619489984,681.08,645.4659999999999,1.001114348001852,-0.19025628692288188,3269.96,3508.01,3296.2695698924726,1.0021750265806653
1.17,247014,13.93,1.0172537634408603,1.0148465038843348,1.025689585624371,742.66,116417000,825.61,727.7656774193549,1.0024024587442943,0.04213453446669657,668.93,570840000,681.08,647.9343870967743,1.003824193833253,-0.13772189375407162,3509.44,3508.01,3317.1935698924735,1.0063477818049582
1.17,279130,13.93,1.0307827956989246,1.013299564714612,0.7111816293561042,785.92,162694000,825.61,732.2347096774192,1.0061407571100514,0.014850414822373592,692.85,702259968,681.08,651.7916129032258,1.0059531117398084,-0.13350767917322903,3585.15,3509.44,3341.454516129033,1.007313696269267
1.47,859468,13.93,1.062505376344086,1.0307752329370725,0.8961986147982135,777.81,171019008,825.61,736.0299139784946,1.0051830434298141,0.014976640372857064,682.83,612889984,692.85,654.8502795698926,1.004692706389766,-0.12031505793350838,3557.54,3585.15,3362.4060215053764,1.0062701752411147
1.41,451919,13.93,1.088774193548387,1.0247234675599364,0.7645920112894156,782.17,80374000,825.61,739.9149892473117,1.0052784203400333,0.034406632642500545,686.83,410710016,692.85,657.993741935484,1.0048002764351815,-0.1222003374754812,3638.35,3585.15,3387.0209677419343,1.0073206347119072
1.83,4121829,13.93,1.1407698924731182,1.047756182349688,1.241966728120963,794.83,175764000,825.61,744.3954838709678,1.006055418107172,0.02389231079261589,692.93,794089984,692.85,661.3236129032259,1.0050606423063344,-0.09922803064021535,3699.12,3638.35,3413.8196989247317,1.0079121834314075
1.73,669177,13.93,1.1840666666666666,1.037953994472701,1.2140280071908562,789.36,113192000,825.61,748.312946236559,1.0052626089900758,-0.011906938617909812,690.72,590300032,692.93,664.3016559139784,1.004503155418387,-0.10163709124651654,3663.46,3699.12,3436.663333333334,1.0066915175443498
2.75,15846957,13.93,1.291062365591398,1.090362900955519,2.5029610720759945,798.55,165706000,825.61,752.5928817204301,1.005719445995684,0.05960655275407545,696.03,749059968,692.93,667.3982150537636,1.004661375012719,-0.071343605229933,3709.41,3699.12,3460.7515698924735,1.0070091929941172
2.61,3352647,13.93,1.3847677419354838,1.0725800541023145,1.8675663529162936,792.9,60147000,825.61,756.2599569892474,1.00487258829825,0.08868180030934547,687.75,350830016,696.03,669.7282150537633,1.0034911690613557,-0.08107414302704963,3703.06,3709.41,3482.808709677419,1.0063735114582728
2.41,1151840,13.93,1.4618430107526879,1.0556593474003635,0.6474117449758228,811.72,57924000,825.61,760.9401075268818,1.00618854733003,0.136418970684831,696.32,312569984,696.03,672.4348387096774,1.0040413761807792,-0.04788388288823775,3756.07,3709.41,3506.869182795699,1.0069083533216812
2.44,1545173,13.93,1.5386817204301078,1.0525629011543836,1.303793489119368,778.37,230276992,825.61,763.2680430107526,1.0030592887151617,0.12825663613884086,689.47,775470016,696.32,674.5294623655913,1.003114983839822,-0.09300992152242804,3824.68,3756.07,3534.1472043010754,1.0077784542517865
2.67,1363036,13.93,1.6273053763440861,1.0575971331414826,1.6121750043863203,753.71,175895008,825.61,763.8012688172041,1.0006986088456529,0.049462749249141735,675.75,738230016,696.32,675.5293978494624,1.0014824192858298,-0.10137073917151307,3768.25,3824.68,3556.099913978494,1.0062116002555588
2.84,757729,13.93,1.7233268817204301,1.0590064451160768,1.7599897167583136,743.24,127453000,825.61,763.5298924731184,0.9996447029415046,0.01497797356828201,669.71,512760000,696.32,675.9896774193547,1.0006813612721484,-0.1331840776570603,3841.47,3824.68,3581.3345376344087,1.0070961514767123
3.35,2317039,13.93,1.848316129032258,1.0725278811800631,2.658554562762972,736.68,166968992,825.61,762.6770322580645,0.9988830035032533,0.033875049183889505,659.25,855809984,696.32,675.5944301075269,0.9994153056991393,-0.09595733540367601,3714.24,3841.47,3596.570623655914,1.0042543040482248
5.3,19430892,13.93,2.093843010752688,1.1328381427093768,5.086384185356455,759.75,120269000,825.61,763.2103010752686,1.000699206603384,0.00323222336575113,675.92,613480000,696.32,676.1567741935484,1.0008323693342644,-0.12896652671602093,3886.83,3841.47,3621.6851397849455,1.006982906428653
4.37,7139543,13.93,2.2698215053763438,1.0840456967021588,3.496329726625939,749.44,143123008,825.61,762.9432258064516,0.9996500633332114,-0.04443122144511302,675.23,610540032,696.32,676.5529032258065,1.0005858538247001,-0.15075343849027556,3934.83,3886.83,3648.3872043010747,1.007372828803587
4.77,2807207,13.93,2.464232258064516,1.0856502382357762,4.5540540428475484,740.3,97135000,825.61,762.0031397849463,0.9987678165429523,-0.07804995175118234,667.53,538940032,696.32,676.3579569892472,0.9997118536693438,-0.16619475607975476,3906.71,3934.83,3671.7479784946236,1.0064030413674319
3.69,2607481,13.93,2.580524731182796,1.0471921722222806,3.0766493340807606,722.87,161624000,825.61,759.908064516129,0.9972505687189052,-0.03465391466027323,649.39,685260032,696.32,674.926,0.9978828415124715,-0.1535950962693351,3811.15,3934.83,3687.4573978494623,1.0042784579570407
3.57,1389879,13.93,2.683075268817204,1.039740187875434,2.961973436225297,744.48,163920992,825.61,759.2096129032259,0.9990808735352114,0.010284181703086537,661.44,756380032,696.32,674.2555913978495,0.9990066931750287,-0.13065371785107072,3841.94,3934.83,3703.9919139784947,1.0044839883814456
3.8,702779,13.93,2.794705376344086,1.0416052836177394,2.70156154280519,744.91,191422000,825.61,758.5035698924729,0.9990700288843116,-0.0759690700214477,675.66,740560000,696.32,674.4805376344086,1.000333621610898,-0.14044250424238114,3943.34,3934.83,3726.013182795699,1.0059452799381388
4.2,1901998,13.93,2.926163440860215,1.0470382551337474,3.232462875583784,751.51,230112992,825.61,758.201376344086,0.9996015924507387,-0.03942743489518152,677.2,834460032,696.32,674.7643010752689,1.0004207140533001,-0.12277278608122089,3913.1,3943.34,3744.856623655914,1.0050572662885955
3.42,917321,13.93,3.0003849462365593,1.0253647845981306,2.477520798721943,789.32,159751008,825.61,760.2776129032258,1.0027383708654698,-0.05217422519634751,703.6,674659968,696.32,676.7101075268818,1.002883683159456,-0.08856164785398013,3974.54,3943.34,3766.5543870967736,1.0057940171337394
3.84,470283,13.93,3.0964344086021502,1.0320123797734913,2.787022367377996,781.44,118005000,825.61,761.7630107526882,1.0019537571858657,-0.08195424581872723,697.77,555630016,703.6,678.2154193548387,1.0022244559542022,-0.13231121612083907,4019.87,3974.54,3790.1733763440857,1.0062707150408408
3.56,521167,13.93,3.168333333333333,1.02321990885111,2.5360218190082957,792.15,129630000,825.61,763.8810752688172,1.002780476980677,-0.08257257963844133,707.92,567820032,703.6,680.31688172043,1.0030985175294163,-0.16654011577971684,4128.8,4019.87,3819.5450322580646,1.007749422782952
3.2,508211,13.93,3.2115010752688167,1.01362474758616,2.4879251055222875,802.1,124870000,825.61,766.5421075268818,1.0034835687703456,-0.07609879772992167,717.35,576780032,707.92,682.9281075268817,1.0038382493167717,-0.1584738084334849,4185.47,4128.8,3850.8785591397855,1.0082034709938206
3.3,865214,13.93,3.2562043010752695,1.0139197293598012,2.4888278814020026,811.87,121479000,825.61,769.6770107526881,1.0040896686496723,-0.10226661420897787,714.11,629400000,717.35,685.1869892473119,1.003307642042455,-0.1651178967121425,4180.17,4185.47,3880.007784946237,1.0075643065235893
3.35,930230,13.93,3.2990752688172043,1.013165933024466,1.8331052227403226,803.1,117838000,825.61,772.0537419354838,1.0030879591693551,-0.09457915892164492,713.69,589689984,717.35,687.2763870967742,1.003049383427081,-0.16476501112120157,4181.17,4185.47,3907.305376344086,1.0070354475843475
3.75,4284843,13.93,3.3630537634408606,1.0193928569100499,1.9699085081695928,806.99,110261000,825.61,774.5419139784947,1.0032227964296543,-0.08143628794682023,724.97,573809984,717.35,689.974688172043,1.0039260785412214,-0.14492261455004796,4232.6,4185.47,3936.1302150537635,1.0073771655740529
3.44,788897,13.93,3.4016559139784945,1.011478303129516,2.0380383447822465,810.86,126139000,825.61,777.1591182795698,1.0033790350836298,-0.09625333783755252,727.74,574590016,724.97,692.7465161290322,1.0040172893361243,-0.12956166436792538,4173.85,4232.6,3959.540064516129,1.0059474275959759
3.42,619468,13.93,3.4339999999999997,1.009508335598728,2.2277883941674297,811.44,110544000,825.61,779.6912903225808,1.0032582414378879,-0.11799408629672214,728.27,549409984,727.74,695.452193548387,1.0039057250471264,-0.11488297745935472,4155.86,4232.6,3980.3053118279568,1.0052443584288786
3.88,404332,13.93,3.4909677419354836,1.0165893249666522,2.629335502016197,820.23,176854000,825.61,782.6614408602151,1.0038093929924565,-0.1300970422366119,725.46,648969984,728.27,697.8547311827957,1.0034546409612288,-0.15118780273516963,4204.11,4232.6,4002.6985806451607,1.0056260178712069
4.28,726956,13.93,3.567720430107527,1.0219860777428695,2.7076226685582205,826.99,103155000,825.61,785.8421290322581,1.0040639387683992,-0.1466643496963027,732.67,421449984,728.27,700.5374838709678,1.003844285305088,-0.11000266061876784,4229.89,4232.6,4024.7461505376345,1.005508176408557
5.14,3081014,13.93,3.6932688172043013,1.0351900855339695,3.4544508967219905,823.22,136700000,826.99,788.5982365591398,1.003507202560234,-0.17394366079870482,727.42,520660000,732.67,702.7444516129032,1.0031503920814349,-0.1348361019780795,4247.44,4232.6,4046.376623655914,1.0053743695401485
4.9,2828055,13.93,3.794795698924731,1.0274897081001764,2.379531740284818,799.89,162610000,826.99,789.7689677419355,1.0014845724077497,-0.179962348614364,706.19,692710016,732.67,703.5073978494623,1.0010856666812638,-0.13694984374186348,4166.45,4247.44,4061.3576559139788,1.0037023326426122
4.59,1124139,13.93,3.86894623655914,1.0195400605243174,2.2399656977226607,806.55,127642000,826.99,791.3218924731182,1.0019663025449363,-0.1974607192072504,719.22,572680000,732.67,705.060752688172,1.0022080149312689,-0.1293911241110921,4280.7,4247.44,4082.4001720430106,1.0051811531787629
4.18,561046,13.93,3.909806451612903,1.0105610707814079,1.2702099658447117,811.0,115659000,826.99,793.1094838709678,1.0022589939882276,-0.1916144326208995,721.8,526000000,732.67,706.7109032258066,1.002340437375564,-0.13492428513106258,4352.34,4280.7,4106.683225806452,1.005948229654147
3.96,652294,13.93,3.9314193548387095,1.0055278703673145,1.302950752085195,813.64,90964000,826.99,795.0326236559142,1.0024248099714557,-0.25007962809221684,724.85,414340384,732.67,708.4957419354838,1.0025255570580986,-0.1433263510788254,4369.55,4352.34,4130.67182795699,1.0058413568399414
3.53,897579,13.93,3.9204946236559137,0.9972211737805712,0.2590819598776939,844.3,151388000,826.99,798.8816129032258,1.0048412972408758,-0.2292370184515664,733.88,551543616,732.67,710.7897634408605,1.003237876206722,-0.11215607816153894,4327.16,4369.55,4150.40711827957,1.0047777434626999
3.74,1046987,13.91,3.921440860215054,1.0002413564230979,0.4150018000158997,853.84,133080000,844.3,803.2476989247313,1.0054652478552342,-0.21494353626376217,737.09,561096320,733.88,713.2094838709678,1.003404270228082,-0.11965187909091535,4411.8,4369.55,4174.274559139784,1.0057506264277294
3.58,544718,13.91,3.9096344086021513,0.9969892567467522,0.46975568387930555,851.39,101453000,853.84,807.3246666666668,1.005075604632784,-0.22379191682569965,738.72,499268960,737.09,715.628258064516,1.0033913937605263,-0.10928366560954128,4395.26,4411.8,4195.550731182796,1.0050969747537153
3.73,366580,13.91,3.9049892473118284,0.998811868117361,0.5663854420911508,843.28,110013000,853.84,810.7930967741936,1.0042962023219821,-0.2317194544007375,734.67,503544448,738.72,717.6945591397849,1.0028873944705,-0.09441395095949567,4436.52,4411.8,4218.11423655914,1.0053779603256003
3.87,577890,13.76,3.9066021505376343,1.0004130365344581,0.4542880997978048,853.31,85074000,853.84,814.7690322580644,1.004903760897434,-0.159100368127713,749.91,434151648,738.72,720.6468817204301,1.0041136198443301,-0.07595155003327148,4468.0,4436.52,4241.392924731183,1.0055187429421142
3.53,463994,13.57,3.883698924731183,0.9941373027188604,0.2902739086740178,853.15,94200000,853.84,818.5204516129033,1.0046042733662106,-0.13272045433754687,753.12,501740000,749.91,723.6468172043011,1.0041628369732332,-0.03169582636224488,4441.67,4468.0,4261.46806451613,1.0047331478458152
3.78,306623,13.39,3.8754408602150536,0.997873659962789,0.19376058722352452,839.22,91905000,853.84,821.1367956989247,1.0031964309271268,-0.13895451219599475,742.89,432289984,753.12,725.807376344086,1.002985654173305,-0.08720465149752243,4509.37,4468.0,4284.620193548388,1.0054328998086455
3.58,320930,12.65,3.853354838709677,0.9943010299209801,-0.272986771237536,851.87,102500000,853.84,824.348752688172,1.0039115979287145,-0.167209498933641,754.28,504790016,753.12,728.5229032258065,1.0037413878257875,-0.05094032413174121,4535.43,4509.37,4307.743655913979,1.005396852304531
3.55,442468,12.54,3.8330322580645153,0.9947260033150834,-0.12442636131273277,839.29,90737000,853.84,826.5509892473118,1.002671486493985,-0.10465837264764755,744.81,465870016,754.28,730.4589462365591,1.0026574909343,-0.030059762264659673,4458.58,4535.43,4324.514215053764,1.0038931191081348
2.6,2307435,12.54,3.753182795698925,0.979168069301376,-0.43659231259582243,827.56,159024000,853.84,827.8032258064515,1.0015150142888098,-0.11319666400090522,738.16,697929984,754.28,731.8163225806451,1.0018582513789165,-0.028903837668882826,4432.99,4535.43,4338.507462365591,1.0032357963498226
2.63,929532,12.46,3.679935483870969,0.9804839476745187,-0.3444397298849171,821.57,142843008,853.84,828.4813548387095,1.0008191910965283,-0.1008672815313516,735.86,519449984,754.28,732.8734193548387,1.0014444837339318,-0.03590872484779539,4455.48,4535.43,4352.819892473119,1.0032989294663386
2.55,777109,12.46,3.6038064516129027,0.9793124002875221,-0.3262666464609404,805.57,159443008,853.84,827.9149677419354,0.9993163550471399,-0.14438417246328195,716.41,586659968,754.28,732.4897204301075,0.9994764458437189,-0.05096893771596056,4357.05,4535.43,4359.396344086021,1.0015108485476907
3.29,913577,12.39,3.577612903225807,0.992731699457563,-0.20519547511934066,826.75,157376000,853.84,828.5836559139785,1.0008076773558847,-0.04146184881781956,726.43,557169984,754.28,732.6342580645162,1.0001973237717574,-0.03847300394932729,4391.36,4535.43,4367.078580645161,1.0017622248478422
3.58,1594754,12.113,3.5712258064516136,0.9982147043442195,-0.20479054354465032,833.65,146484000,853.84,829.5215053763442,1.0011318705789956,-0.09476296131858053,734.91,532980000,754.28,733.2167096774193,1.0007950100701568,-0.05744839229725951,4471.37,4535.43,4378.959268817204,1.0027205116538773
3.59,637525,10.5,3.5668172043010746,0.9987655213113171,0.010315451262167485,834.89,116408000,853.84,830.3627096774194,1.0010140837767594,-0.13464679888242137,740.73,487310016,754.28,734.0505376344086,1.001137218977669,-0.09073193807807822,4544.9,4535.43,4394.383247311828,1.0035222932089045
3.51,313897,10.5,3.556881720430107,0.9972144678849852,-0.12116936704674597,853.34,141051008,853.84,832.2962365591397,1.0023285328919354,-0.09902266051877451,741.09,568390016,754.28,734.8277419354838,1.0010587885455133,-0.08357046937291202,4605.38,4544.9,4412.482580645161,1.0041187425662985
3.72,583501,10.5,3.5612043010752683,1.0012152725293995,-0.0041276506246443745,871.6,113024000,853.84,835.2532043010751,1.0035527827858024,-0.09437360113883275,759.16,500689984,754.28,736.6775913978494,1.0025173919774628,-0.06536598513950898,4697.53,4605.38,4435.267913978494,1.0051638353051586
4.34,1458697,10.4,3.605182795698925,1.0123493321094714,0.29066925821839273,861.62,105765000,871.6,837.3954408602151,1.0025647750264335,-0.08948595492131095,757.39,434380000,759.16,738.303053763441,1.0022064772765888,-0.06301837475174588,4682.85,4697.53,4455.883075268817,1.004648008122655
3.89,790194,10.05,3.617677419354839,1.0034657392881217,0.11002320227215323,852.07,115731000,871.6,838.7935483870967,1.001669590564579,-0.09030668691688892,750.13,580720000,759.16,739.3740215053764,1.0014505801330176,-0.07342775970056103,4697.96,4697.53,4476.403440860216,1.0046052298152282
3.9,930056,9.45,3.6295483870967744,1.0032813781788352,0.14180639590535127,834.73,96667000,871.6,838.9864946236561,1.0002300282792236,-0.077817243286735,748.44,442500000,759.16,740.2584946236559,1.001196245868199,-0.05019319728363869,4594.62,4697.96,4489.143182795699,1.0028459771563922
3.38,437503,7.85,3.606688172043011,0.9937016365079929,-0.13764737020281292,838.92,181262000,871.6,839.3817419354838,1.0004711009227925,-0.08827605573783037,744.85,839480000,759.16,740.8366236559141,1.000780982638439,-0.04483399949214806,4538.43,4697.96,4497.368623655913,1.0018322963927142
3.25,519626,7.85,3.5762365591397844,0.9915569044367988,-0.12435655510030286,871.79,167355008,871.6,841.8289677419356,1.0029155099333098,-0.09518722897111309,771.24,671020032,759.16,743.0745806451614,1.0030208509106953,-0.0691644148648749,4712.02,4697.96,4516.135720430108,1.0041729060578848
3.39,945286,7.85,3.5552258064516136,0.9941248985237082,-0.09736409348482156,881.51,238555008,871.79,844.7722580645161,1.0034963043983571,-0.09208642641043063,780.14,938729984,771.24,745.793182795699,1.0036585858557794,-0.04061367646090641,4620.64,4712.02,4527.849978494624,1.002593867587177
3.35,284661,7.85,3.5316989247311827,0.9933824507918071,-0.18927450818346214,889.95,101840000,881.51,848.109376344086,1.0039503170797957,-0.07508538366467588,785.12,445600000,780.14,748.7215268817204,1.0039264827750827,-0.041848239209452354,4725.78,4712.02,4545.347935483872,1.0038645178334873
3.1,409680,7.85,3.4931827956989245,0.9890941640685892,-0.29648468240080006,908.23,81193000,889.95,852.4759139784946,1.00514855483998,-0.06917382022589358,804.6,355929984,785.12,752.7783440860214,1.0054183258509968,-0.028610635402592566,4766.18,4725.78,4564.33047311828,1.0041762562302916
3.23,355455,7.85,3.4655913978494626,0.9921013587140545,-0.4105666091323914,915.76,159030000,908.23,857.1535483870967,1.0054871162127874,0.02394567869622244,807.65,701510016,804.6,756.8772473118279,1.0054450333992844,0.009155347309286022,4677.02,4766.18,4576.407440860215,1.002645945076296
3.51,432278,7.85,3.4601720430107528,0.9984362395283897,-0.3575802413282352,926.26,161252000,915.76,862.3095913978495,1.0060153084828907,0.062120105780081536,804.27,662259968,807.65,760.5855483870968,1.0048994748995819,0.019743940065134913,4662.85,4766.18,4586.646387096775,1.0022373327482037
3.22,428409,7.85,3.4390322580645156,0.9938905393479097,-0.3322414698751259,912.08,150224000,926.26,866.2790322580646,1.0046032665063835,0.07989561511742327,792.02,587619968,807.65,763.2926021505376,1.003559170653691,0.07383505899700249,4397.93,4766.18,4578.7261935483875,0.9982732059810261
3.16,486266,7.85,3.416967741935484,0.9935840915486354,-0.27338943520554404,910.59,193520000,926.26,869.9253978494625,1.004209227576354,0.07410746487195352,788.58,807969984,807.65,765.6211612903227,1.0030506769399106,0.074250369426063,4431.85,4766.18,4572.742279569893,0.9986931050852252
3.06,157059,7.85,3.3906451612903226,0.9922965088835602,-0.2796933482668351,911.04,169024000,926.26,873.386623655914,1.0039787616443985,0.10027322551746654,791.72,682630016,807.65,768.008688172043,1.0031184180929593,0.062275654358102894,4500.54,4766.18,4571.018989247312,0.9996231385419903
3.22,171337,7.85,3.3765806451612903,0.9958519646085053,-0.11487818408200368,896.33,170494000,926.26,875.6893548387097,1.0026365542137075,0.07678177305833056,784.66,631779968,807.65,769.7969247311827,1.002328406679091,0.04805298679437908,4418.64,4766.18,4563.730129032258,0.9984054189597114
3.35,266468,7.85,3.371569892473118,0.9985160275394717,-0.129073530223772,908.61,166594000,926.26,878.6724516129033,1.0034065696444865,0.09799049110664992,793.39,675500032,807.65,772.0391827956988,1.002912791662943,0.09064546517757566,4348.87,4766.18,4551.743247311828,0.9973734464173997
3.02,416261,7.85,3.346107526881721,0.9924479199887741,-0.20493953903700945,914.15,164099008,926.26,881.8951827956989,1.0036677275779842,0.08419606174486949,790.89,616430016,807.65,773.9990752688173,1.0025385919740775,0.07304294691383473,4384.62,4766.18,4542.198150537634,0.9979029799671081
2.82,152766,7.85,3.3089462365591396,0.9888941732971707,-0.33877885894048354,904.75,172728000,926.26,884.3764946236558,1.0028136130873182,0.07330481243439779,790.3,764209984,807.65,775.8087096774193,1.0023380317450297,0.09998558567375115,4328.87,4766.18,4529.079161290323,0.997111753205712
2.95,166273,7.85,3.282129032258064,0.9918955454746337,-0.3405047679809724,837.93,207428992,926.26,882.4146451612905,0.9977816580672464,0.00042991791890523157,744.6,828889984,807.65,774.5503225806452,0.9983779672990558,0.05193660777341613,4204.31,4766.18,4508.155548387097,0.9953801618037373
2.9,155044,7.6,3.254064516129032,0.9914492953039924,-0.34480050881978497,879.73,183768992,926.26,883.1826451612902,1.0008703391361544,0.02866943226547769,773.04,791640000,807.65,775.1381935483872,1.0007589835684056,0.021627457680418738,4463.09,4766.18,4504.4944946236565,0.9991879042938635
2.95,108558,7.55,3.23058064516129,0.9927832190015464,-0.3947289539690464,893.38,130907000,926.26,884.774129032258,1.0018019872556228,0.055037364008842626,783.16,581980032,807.65,776.3361290322579,1.0015454476296501,0.046740542811951835,4543.04,4766.18,4505.945440860215,1.0003221107803084
2.9,172664,7.55,3.205655913978495,0.9922847519005207,-0.3272151578267303,915.96,119866000,926.26,887.7059139784947,1.0033135970526663,0.061500747770072195,801.38,589150016,807.65,778.6229462365592,1.0029456534596064,0.06014398318021508,4545.86,4766.18,4507.505913978494,1.0003463142505298
2.792,81046,6.45,3.1752258064516123,0.9905073693673142,-0.30830337353493975,929.18,139039008,926.26,891.3527741935486,1.004108185106833,0.044371678364613976,823.24,624329984,807.65,782.2187956989249,1.004618216660254,0.09864070964300709,4488.28,4766.18,4505.329118279569,0.99951707313524
2.6,94247,6.45,3.13403870967742,0.9870286085825751,-0.10121707266914681,934.31,112338000,929.18,895.1372903225805,1.0042458118026905,0.08348304441795129,824.51,129982496,823.24,785.7279139784947,1.0044861083610686,0.12609354626016556,4392.59,4766.18,4496.914903225807,0.9981323861514084
2.48,202186,6.45,3.085109677419355,0.9843878660123183,-0.12753879457462935,937.99,137954000,934.31,898.9296559139784,1.0042366301040049,0.06703484762515144,827.69,132725104,824.51,789.256494623656,1.0044908429271584,0.1660228850904346,4271.78,4766.18,4480.793376344086,0.9964149806637086
2.49,118781,6.45,3.037148387096775,0.9844539431860008,-0.0922445355306235,933.2,189140992,937.99,902.162623655914,1.0035964635504748,0.12145799563234694,810.5,695939968,827.69,791.478559139785,1.0028153895866116,0.18300339486205797,4131.93,4766.18,4456.044322580645,0.9944766357908621
2.0,260725,6.45,2.898494623655914,0.9740325438741025,-0.47408708170326086,947.28,200728000,937.99,908.6312258064515,1.0040247629020893,0.20250895063478835,802.0,740950016,827.69,792.9498924731183,1.0018589680242664,0.16506277787644286,4023.89,4766.18,4400.566344086023,0.9930811775972718
1.94,100283,6.45,2.8207483870967747,0.973177029232824,-0.5098406878977364,884.69,240247008,947.28,907.9911612903226,0.9992955728375272,0.17087902554288237,732.76,880089984,827.69,789.7916129032258,0.9960170502576875,0.09715118197402495,3901.36,4766.18,4362.964645161291,0.9914552591678875
1.91,113785,6.45,2.7446150537634404,0.9730095269462535,-0.5352803809718358,933.84,172975008,947.28,910.4149677419357,1.0026694163500103,0.15667833874537873,777.86,644499968,827.69,789.5476344086021,0.9996910849765461,0.19172230155140502,4158.24,4766.18,4343.319806451613,0.9954973646803522
1.92,63084,6.45,2.6725677419354836,0.9737495749252104,-0.5289544524114351,905.37,183560000,947.28,910.8288817204301,1.0004546432046488,0.12936423560742005,764.48,598739968,827.69,788.3605806451612,0.9984965393958403,0.12865241250750148,4108.54,4766.18,4321.430107526882,0.9949601457179793
1.94,108313,6.45,2.605681720430108,0.9749731239901382,-0.5655402878583144,889.07,161684992,947.28,910.1185591397849,0.9992201360816496,0.17810286372197426,744.53,584700032,827.69,785.8361290322582,0.9967978464742148,0.1061116141417473,3900.86,4766.18,4287.408344086021,0.9921271980352978
1.811,95933,6.25,2.5356344086021507,0.973117471992552,-0.5763662655129127,862.34,366019008,947.28,907.6246881720431,0.9972598394542147,0.2039658155711016,711.82,859390016,827.69,781.232817204301,0.9941421478882294,0.10682303461351994,3674.84,4766.18,4240.486344086022,0.9890558593363931
1.82,75802,5.85,2.4706387096774187,0.9743670859236514,-0.6212397469225929,913.53,152347008,947.28,908.4113118279571,1.0008666838464897,0.2163685341876197,758.61,694220032,827.69,779.7462150537635,0.998097107395133,0.22908433919457782,3911.74,4766.18,4211.0484731182805,0.993057902188791
