17.2,1654700,40.41,16.179032258064517,1.0073307893151238,0.10632993283950665,498.43,340680000,558.57,509.01086021505375,0.9977534217910332,-0.011837949233875822,962.68,0,1059.33,965.0220215053764,0.999735838267698,-0.036660838955825614,2734.62,2872.87,2700.0515053763443,1.00111769808209
16.0,1401519,40.41,16.212903225806453,1.0020935101186323,0.009920708789560528,510.49,413192992,558.57,508.6943225806452,0.9993781318648588,0.03814436383824704,982.32,0,1059.33,965.9934193548385,1.0010066069248313,-0.029637459452613868,2779.03,2872.87,2705.615483870967,1.0020606934658631
14.95,2970968,40.41,16.1752688172043,0.9976787372330547,0.05085269662946312,509.51,473932000,558.57,508.3315483870968,0.999286852285459,0.041971400230074396,989.86,0,1059.33,967.3573118279571,1.0014119065883798,-0.02354684390798889,2779.66,2872.87,2710.797032258065,1.0019151089347273
14.8,3180884,40.41,16.12301075268817,0.9967692614505084,0.09569939156677854,508.59,481764992,558.57,507.9257419354839,0.9992016894231718,0.01985505599979598,983.37,0,1059.33,968.1928172043009,1.000863698827856,-0.017727428658048883,2754.88,2872.87,2713.948021505376,1.0011623847930387
13.55,1984387,40.41,15.983870967741936,0.9913701115082966,-0.04812547278427459,502.48,391572992,558.57,507.144,0.998460912942697,-0.02347042883172812,965.78,0,1059.33,967.8104731182796,0.9996050951016913,-0.024745024407739846,2718.37,2872.87,2714.415655913979,1.0001723077984168
12.6,2156937,40.41,15.781397849462364,0.9873326606121761,-0.1613559381510321,517.19,241078000,558.57,507.3619139784946,1.0004296885667476,-0.018936880743100515,995.69,0,1059.33,969.3493763440861,1.0015900873864778,-0.0013797624351803428,2759.82,2872.87,2717.393720430108,1.0010971291407196
13.3,2507552,40.41,15.625483870967741,0.9901203949116628,-0.04018572383627683,521.28,335136992,558.57,507.8589247311828,1.0009795980718987,-0.010964515010729925,1011.6,0,1059.33,971.8334193548386,1.002562587928948,-0.0036494118517140794,2801.31,2872.87,2722.815612903226,1.00199525465609
13.4,1086771,40.41,15.4747311827957,0.9903521267298391,0.03477557015907928,518.01,295020000,558.57,508.17027956989244,1.0006130734807397,-0.008523092062969861,1003.27,0,1059.33,973.6898494623656,1.001910234892683,0.0007628781556576758,2801.83,2872.87,2728.0011612903227,1.0019044801868047
12.45,2605222,40.41,15.260537634408601,0.9861584963346418,-0.05729442542653296,535.12,375400992,558.57,509.59937634408607,1.0028122399747643,0.03915408920558683,1017.08,0,1059.33,976.344494623656,1.002726376538439,0.009222884077286997,2818.82,2872.87,2734.0280215053763,1.002209258669158
9.55,5027226,40.41,14.8594623655914,0.973718142936663,-0.4424016626115165,551.97,447744000,558.57,512.0914623655915,1.0048902846769239,2.4653387233897206e-05,1038.48,0,1059.33,980.24911827957,1.0039992274012044,0.016393976717083536,2840.35,2872.87,2741.1316344086026,1.0025982224203083
10.025,1462834,40.41,14.4994623655914,0.9757730131048606,-0.44278201112540794,552.25,435447008,558.57,514.5617634408602,1.0048239450504743,-0.03496599477638607,1036.36,0,1059.33,983.9069247311826,1.0037315070051094,0.01488566187117124,2833.28,2872.87,2747.570086021505,1.002348829779673
10.55,1440656,40.41,14.183709677419353,0.9782231450925133,-0.41841936914484856,568.06,373684000,558.57,518.0322150537634,1.0067444801760945,-0.03916711963082564,1052.91,0,1059.33,988.5638494623655,1.0047330947817603,0.014933896519669476,2850.13,2872.87,2754.9944731182795,1.0027021647726282
11.6,1066172,40.41,13.945806451612903,0.9832270096316766,-0.37351555308336504,569.93,323971008,568.06,521.5828602150538,1.0068541010734668,-0.017992503790678294,1060.95,0,1059.33,993.6754408602152,1.0051707245825645,0.0008957556712663184,2874.69,2872.87,2763.9177204301077,1.0032389347415744
11.8,1271642,40.41,13.731559139784945,0.9846371514927214,-0.3828094999252163,567.29,290579008,569.93,524.938752688172,1.0064340543547283,0.0007361869537076959,1071.38,0,1060.95,999.4564516129032,1.0058178058095946,0.014821883249833245,2901.52,2874.69,2774.5680215053767,1.0038533350673013
10.15,1477695,40.41,13.421720430107527,0.9774360138915535,-0.4271843527215117,574.08,263480000,569.93,528.6483010752688,1.007066630855696,0.04661063291366796,1068.04,0,1071.38,1004.8807741935484,1.0054272725658948,0.029081224013176588,2871.68,2901.52,2782.9933978494623,1.0030366443636565
10.15,2726938,40.41,13.124462365591398,0.9778524619057538,-0.4922516906666111,577.41,304156000,574.08,532.4093548387096,1.0071144724305192,0.02099480929518549,1078.92,0,1071.38,1010.7512258064517,1.005841938430571,0.029689676195209458,2904.98,2901.52,2793.0249462365587,1.0036045893586554
10.25,2439339,40.41,12.850860215053764,0.9791532679270016,-0.4644940066406569,588.99,358864992,577.41,536.7948817204301,1.008237133404707,0.05663079415745376,1091.93,0,1078.92,1017.2637634408604,1.0064432646413193,0.040872862671032406,2929.67,2904.98,2804.277870967742,1.0040289381397562
10.6,3313250,40.41,12.615645161290324,0.9816965518395488,-0.4069567835275032,582.73,276911008,588.99,540.6200215053764,1.0071258872154047,0.060871449371978414,1101.36,0,1091.93,1024.1572258064516,1.0067764749058536,0.05677360359791028,2913.98,2929.67,2814.126344086021,1.0035119462376532
9.0,5166540,40.41,12.292473118279569,0.9743832329715192,-0.5623918911405074,589.34,392591008,588.99,544.7023010752688,1.0075511068911676,0.10464534697956851,1092.32,0,1101.36,1030.177440860215,1.0058782137176476,0.05749198429637725,2885.57,2929.67,2821.662924731183,1.0026781244776022
9.34,4018619,40.41,12.010806451612902,0.9770862491252624,-0.5906851551341661,568.37,456889984,589.34,547.2836129032258,1.0047389405604885,0.1039965362523152,1054.06,0,1101.36,1033.5293548387097,1.0032537248881084,0.05930970497673971,2767.13,2929.67,2821.3453118279567,0.9998874376877399
8.76,3954068,40.41,11.71195698924731,0.9751182850569156,-0.6569733790719121,580.45,382563008,589.34,550.5442150537634,1.0059577924017142,0.1260184153017876,1058.82,0,1101.36,1037.0504086021504,1.0034068251152772,0.07812692565380575,2767.78,2929.67,2821.0371182795698,0.9998907636200735
8.93,3199449,40.41,11.445129032258064,0.9772174746513994,-0.6071653785985828,560.04,510100000,589.34,552.2947311827958,1.0031796104312192,0.09692525699437149,1011.7,0,1101.36,1037.2387956989246,1.0001816566438928,0.06869363621907243,2658.69,2929.67,2813.304795698925,0.9972590496840537
7.89,2830859,40.41,11.130172043010752,0.9724811325097684,-0.5648783518263644,568.69,487094016,589.34,554.4829462365591,1.0039620422397966,0.10991936350158116,1033.3,0,1101.36,1038.6681075268818,1.0013779968835375,0.07160821082002222,2723.06,2929.67,2809.6870537634413,0.9987140597275438
7.75,2878206,40.41,10.821150537634411,0.9722356937357143,-0.6114862522934703,587.64,503579008,589.34,557.739376344086,1.0058729130077477,0.06790638782968683,1074.78,0,1101.36,1042.5405376344086,1.0037282651498245,0.08809046955584399,2781.01,2929.67,2809.5529892473123,0.9999522848938107
7.92,2943283,40.41,10.539870967741935,0.974006500610612,-0.6479998052990578,586.33,429633984,589.34,560.7432473118279,1.0053857968347721,0.06437265712807183,1063.52,0,1101.36,1045.4115268817204,1.0027538394370987,0.09505829881992511,2736.27,2929.67,2806.2642795698926,0.9988294544754962
7.43,2451746,40.41,10.244032258064516,0.9719314676068753,-0.537672935623323,575.42,297676000,589.34,562.8597634408602,1.003774483489866,0.0719302882528281,1035.74,0,1101.36,1046.2455268817205,1.000797771957315,0.08576224413957323,2632.56,2929.67,2796.142387096774,0.996393107895501
7.42,2134910,40.41,9.959849462365593,0.9722586976944354,-0.5778782526717,601.29,435097984,589.34,566.4985591397849,1.0064648353555778,0.1553503044615301,1096.84,0,1101.36,1050.8723010752688,1.004422264253151,0.1342989834271917,2760.17,2929.67,2794.333720430108,0.9993531564504681
6.45,2710567,40.41,9.626591397849463,0.9665398492441695,-0.6830985860097264,583.26,460144000,601.29,568.7265591397849,1.0039329314506698,0.0894348937893239,1046.01,0,1101.36,1051.8759139784945,1.0009550284103965,0.12408513271856503,2633.08,2929.67,2784.117634408602,0.9963439993058762
5.88,3643807,40.41,9.276344086021505,0.9636166845196938,-0.7438655462184873,563.07,478407008,601.29,569.4725161290322,1.0013116267866506,0.03919774273924359,1026.67,0,1101.36,1051.4472043010753,0.9995924332217118,0.10912779296356656,2599.95,2929.67,2771.9676559139784,0.9956359679833698
5.22,6548332,40.41,8.907430107526881,0.9602306711487192,-0.8412456162533752,535.6,735396992,601.29,568.304817204301,0.9979495078486516,0.08248034805252336,958.02,0,1101.36,1046.4499139784944,0.9952472265824295,0.1113659357459913,2416.62,2929.67,2748.2329892473126,0.9914376105305457
6.04,2274087,40.41,8.619870967741935,0.9677169356016664,-0.7531149907382026,545.43,328716992,601.29,567.6802795698925,0.9989010516618866,0.1087992414667166,987.48,0,1101.36,1043.3545161290324,0.997042000951872,0.11677223290625016,2485.74,2929.67,2729.6129677419353,0.9932247296432909
7.94,7173408,40.41,8.478892473118279,0.9836449414206734,-0.6036294520547945,547.1,463827008,601.29,567.0624086021505,0.9989115863453807,0.1047514868897711,994.77,0,1101.36,1040.6761075268817,0.9974328873256926,0.10158639602052144,2531.94,2929.67,2714.508817204301,0.9944665596492498
10.31,8457391,37.59,8.508150537634409,1.0034506941335664,-0.3668402623936966,551.41,493483008,601.29,566.643870967742,0.9992619196263772,0.06469741214409619,1017.28,0,1101.36,1039.423182795699,0.9987960473752393,0.09368017942556872,2596.26,2929.67,2704.085720430108,0.996160227328004
9.56,2925692,36.69,8.499,0.9989244974458394,-0.44311977372611333,556.3,484504992,601.29,566.4507096774192,0.9996591134216402,0.07979365671496108,1042.81,0,1101.36,1039.7583870967742,1.0003224906915908,0.09099825868066758,2670.71,2929.67,2698.860258064516,0.9980675677822962
9.66,3110776,36.69,8.50756989247312,1.0010083412722812,-0.3919965657788552,542.09,398944000,601.29,565.2381720430108,0.997859411924651,0.060354515796794184,1029.15,0,1101.36,1039.0844731182794,0.9993518552128476,0.08533673468364833,2664.76,2929.67,2693.4319354838713,0.9979886611155859
10.67,3392343,36.69,8.589666666666666,1.0096498501018698,-0.2685245250719478,563.25,517224000,601.29,565.3056129032258,1.0001193140583045,0.05926846015302312,1050.21,0,1101.36,1039.6329892473118,1.0005278840587293,0.07406522866502274,2706.53,2929.67,2690.8137419354844,0.9990279340220578
11.91,4315134,36.69,8.755913978494624,1.019354337982998,-0.250747158519255,558.23,401729984,601.29,564.950129032258,0.9993711651488084,0.01796744381996418,1040.39,0,1101.36,1039.4307096774196,0.999805431751412,0.06181211861254565,2707.88,2929.67,2688.397247311828,0.9991019465279234
12.89,3226265,36.69,8.988376344086022,1.0265491833476608,-0.18757302525191177,573.52,423281984,601.29,565.5016344086022,1.0009762018769495,0.02623264392065283,1073.62,0,1101.36,1041.310387096774,1.0018083720269704,0.07948244387169046,2775.6,2929.67,2690.5507096774195,1.0008010208936737
11.85,2309206,36.69,9.154838709677419,1.01851973696016,-0.18807065013071633,575.99,362480992,601.29,566.0931182795699,1.0010459454667824,-0.008073269170731034,1070.06,0,1101.36,1042.8090967741934,1.001439253555895,0.06136722919699489,2792.67,2929.67,2693.861870967742,1.001230663030588
12.87,5248449,36.69,9.388397849462367,1.0255120977214003,0.19201017624068983,585.96,692755008,601.29,567.239935483871,1.0020258455142264,0.024841385615373524,1073.74,0,1101.36,1044.4312903225807,1.0015555997290446,0.0468603305268831,2803.69,2929.67,2697.9402365591395,1.001513947554383
11.94,7616108,36.69,9.554817204301076,1.0177260654594265,0.06988028371777388,572.02,764627008,601.29,567.4143010752689,1.0003073930104183,-0.02526969821583447,1032.22,0,1101.36,1043.2989462365592,0.9989158271142262,0.027844672000949533,2743.07,2929.67,2698.18647311828,1.0000912683519834
12.23,3824727,36.69,9.735827956989247,1.0189444495711222,0.06446877305206766,576.76,742566976,601.29,567.8519569892472,1.0007713163259173,-0.038240761200746265,1065.44,0,1101.36,1044.3187311827958,1.0009774618769771,0.021601664226786443,2822.48,2929.67,2703.749935483871,1.0020619265647572
11.44,4522698,36.69,9.862258064516128,1.0129860663197234,-0.1456688626014948,577.4,506772000,601.29,568.3121935483872,1.0008104868768617,-0.06173951553714763,1049.44,0,1101.36,1044.279311827957,0.9999622535212078,0.01488618119794094,2800.71,2929.67,2707.9683440860217,1.0015602066399665
12.39,2543950,36.69,10.05032258064516,1.0190691132698786,-0.04237567658998653,584.55,438432000,601.29,569.2176559139785,1.0015932481756864,-0.04584826999740388,1062.47,0,1101.36,1045.1052903225805,1.0007909555281504,0.014816325850099843,2834.4,2929.67,2714.519397849463,1.002419176641318
13.64,3272816,36.69,10.317763440860215,1.0266101767449825,0.23289470436785797,577.73,392999008,601.29,569.6460000000001,1.000752513702924,-0.09354486658350125,1065.28,0,1101.36,1046.1317204301076,1.000982130812112,-0.00991785908201126,2892.74,2929.67,2724.9786666666664,1.0038530831002679
13.04,2881798,36.69,10.538989247311829,1.021441255919429,0.1851416952582745,567.32,360064000,601.29,569.3948817204301,0.9995591678348134,-0.11896813536082929,1039.31,0,1101.36,1045.4886021505376,0.9993852415838174,-0.03754913313588182,2907.41,2929.67,2736.3390967741934,1.0041689978150998
12.68,2990301,36.69,10.730774193548386,1.0181976603008183,0.0985496749230883,549.31,483350016,601.29,568.0035268817204,0.9975564324805559,-0.1377166755050352,993.64,0,1101.36,1041.9842150537636,0.9966480867514331,-0.08160442412475577,2905.03,2929.67,2747.540752688172,1.0040936651189114
12.61,2628519,36.69,10.912817204301078,1.0169645738014075,0.004175778862335111,564.3,416712000,601.29,567.6646021505376,0.9994033052346638,-0.135411798413005,1030.02,0,1101.36,1041.038301075269,0.999092199320461,-0.07366264795704724,2939.88,2929.67,2761.043784946237,1.0049145885260677
12.1,3940618,36.69,11.057634408602151,1.0132703775377083,0.2152972948340659,576.13,444489984,601.29,568.1285376344086,1.0008172704130458,-0.16817502703947973,1043.06,0,1101.36,1041.0870967741937,1.0000468721456977,-0.06591405246958104,2945.64,2939.88,2774.8627311827954,1.0050049717834617
12.12,3764600,36.69,11.197075268817205,1.0126103699093703,0.19723217279648386,564.22,526232992,601.29,567.8524946236558,0.9995141187381605,-0.17888152296666016,1027.08,0,1101.36,1040.2108602150538,0.9991583446170307,-0.06689175975438655,2881.4,2945.64,2784.407978494624,1.0034398989198863
12.12,3710658,36.69,11.330537634408602,1.0119193952337784,0.3014660287955164,564.79,448912000,601.29,567.6221505376344,0.9995943592954116,-0.1775101448563129,1021.94,0,1101.36,1039.0610322580644,0.998894620311163,-0.06798053821535344,2859.53,2945.64,2792.2965161290326,1.002833111273684
12.93,4387374,36.69,11.509032258064513,1.0157534116575244,0.3723074937250097,568.45,407847008,601.29,567.6616129032259,1.0000695222438978,-0.15052028675180873,1033.95,0,1101.36,1038.7653548387098,0.9997154378711401,-0.04095936975679337,2826.06,2945.64,2797.828387096774,1.001981118744298
13.74,3610498,36.69,11.731182795698924,1.0193022777808922,0.6705425295030083,548.75,433935008,601.29,566.4120215053764,0.9977987037181207,-0.17517042488734935,1007.0,0,1101.36,1036.6831182795697,0.9979954697666411,-0.03610221764870292,2752.06,2945.64,2798.2261290322585,1.0001421609478691
14.22,4434179,36.69,11.971720430107528,1.0205041246562787,0.7793111983195193,572.89,420320000,601.29,566.7627311827956,1.0006191776729723,-0.15392456346743633,1050.52,0,1101.36,1037.4651827956989,1.0007543910982433,-0.0557722295432328,2873.34,2945.64,2806.386021505376,1.0029160947317504
11.63,5256880,36.69,12.031247311827956,1.0049722913317225,0.43378581554796347,570.67,361585984,601.29,567.0019354838709,1.0004220536882797,-0.1524416289222409,1052.28,0,1101.36,1038.4129677419357,1.0009135583168998,-0.06564730653538875,2886.98,2945.64,2815.2273548387097,1.0031504337840849
14.97,6072159,36.69,12.298279569892475,1.0221948939410463,0.9226512766824677,585.38,459478016,601.29,568.2238494623656,1.002155043752103,-0.13522410619960246,1085.15,914767872,1101.36,1041.505569892473,1.002978200625963,-0.0730519593011929,2950.46,2945.64,2827.840064516129,1.0044801744540246
12.55,9761761,36.69,12.392967741935482,1.0076993022889815,0.6211603543392927,581.02,635369024,601.29,569.1430537634408,1.0016176799019345,-0.12481579563086564,1072.47,1264445312,1101.36,1043.6738494623655,1.0020818703543912,-0.08800779879360121,2941.76,2950.46,2839.2078279569896,1.0040199456763852
13.36,2739454,36.69,12.528881720430109,1.010967024309659,1.0073719453733292,588.6,277267008,601.29,570.5948817204301,1.002550901653616,-0.10547812741297435,1085.09,577807552,1101.36,1046.7087311827959,1.002907883264483,-0.09834697266814985,2990.41,2950.46,2853.323784946237,1.0049717941921161
13.72,3094383,36.69,12.673161290322577,1.0115157579991516,1.2394818013571869,563.81,472811008,601.29,570.435870967742,0.999721324607384,-0.13167872537674685,1069.57,932012160,1101.36,1048.6582795698923,1.00186255099343,-0.11737902070096662,3013.77,2990.41,2868.1783870967743,1.0052060695771394
12.73,2714936,36.69,12.736709677419356,1.0050144068745739,1.4019449423788202,559.58,410728000,601.29,570.0023655913978,0.9992400453786179,-0.13756056132024685,1061.01,825691904,1101.36,1049.9633118279569,1.0012444780949994,-0.12422149979380936,2976.61,3013.77,2879.745634408602,1.004032959513211
13.41,4333310,36.69,12.827978494623657,1.007165808086692,1.1860120003496064,563.91,434651008,601.29,569.7966451612904,0.9996390884625644,-0.1587861820396581,1064.81,899301248,1101.36,1051.2920215053764,1.0012654820053724,-0.13897696057778886,3025.86,3013.77,2893.2860215053765,1.0047019385792229
12.2,2684794,36.69,12.825333333333331,0.9997937974957289,0.5431398475293006,556.83,700404992,601.29,569.0944086021506,0.9987675663500247,-0.2086353548546076,1052.76,1223475712,1101.36,1051.6770107526881,1.0003662058109797,-0.09973018945007883,2932.05,3025.86,2899.612602150538,1.002186641969766
11.5,3039509,36.69,12.768365591397849,0.995558186251002,0.10014943141835775,557.82,573881984,601.29,568.4351182795699,0.9988415097519583,-0.18875828206612355,1057.12,1048724672,1101.36,1052.2185806451612,1.0005149583825983,-0.08501151559685294,2918.65,3025.86,2904.214215053764,1.0015869750668807
13.72,2849241,34.49,12.852064516129035,1.0065551792147598,0.48347477829051444,548.87,492886016,601.29,567.184623655914,0.9978001101912201,-0.19233828358138683,1045.86,906450432,1101.36,1051.9480215053763,0.9997428679318522,-0.07869021150357836,2888.68,3025.86,2906.1889677419354,1.0006799610985773
12.86,2416805,34.49,12.871333333333334,1.001499277970486,0.3704677113303615,540.89,425152992,601.29,565.4352688172044,0.9969157223843026,-0.16041041573218673,1025.47,802831872,1101.36,1050.3554193548387,0.9984860448254291,-0.07200594398614024,2847.11,3025.86,2905.0130322580644,0.9995953685404069
12.97,2367474,29.7,12.890817204301074,1.0015137414643192,0.24573753408782173,550.88,447708992,601.29,564.3330107526882,0.9980506025617718,-0.1679251487711979,1046.74,788636416,1101.36,1050.1429892473118,0.9997977540710388,-0.08456313017345207,2926.46,3025.86,2908.564301075269,1.0012224622670434
13.04,2266828,29.7,12.909870967741934,1.0014780880947178,0.1772559557262221,555.85,411713984,601.29,563.5780000000001,0.9986621183976441,-0.15060380196865142,1053.74,628475712,1101.36,1050.3896344086022,1.0002348681692073,-0.08718378372441449,2978.71,3025.86,2915.0135698924737,1.0022173375416938
11.96,4930924,29.7,12.856817204301075,0.9958904497517113,-0.022712131862659857,554.71,602340992,601.29,562.754559139785,0.9985389052443226,-0.13036181224655752,1055.71,917624320,1101.36,1050.7346666666667,1.0003284802579557,-0.10019175173422767,3007.39,3025.86,2922.730731182796,1.0026473843449746
11.06,5383695,29.7,12.747698924731182,0.9915128077318087,-0.007446941200412227,562.42,494348992,601.29,562.4689892473118,0.9994925498375177,-0.14177265346628187,1066.2,861253888,1101.36,1051.7949892473118,1.0010091249620694,-0.07500847822428158,2992.07,3025.86,2928.961032258065,1.0021316712514081
10.17,2704055,29.7,12.582860215053765,0.9870691400345499,-0.13870169668844257,551.08,309092000,601.29,561.4809892473119,0.998243458717036,-0.1935776300031642,1034.11,798872768,1101.36,1050.7932903225806,0.9990476291150159,-0.09329834811664584,2961.79,3025.86,2932.808967741935,1.0013137544137634
10.88,3507921,29.7,12.46963440860215,0.9910015843364329,-0.03045764682242358,559.02,325704000,601.29,561.0802580645162,0.9992862960804196,-0.1557967960343687,1043.45,855209984,1101.36,1050.4793978494622,0.999701280474467,-0.06529066686693752,2952.01,3025.86,2935.6859354838707,1.0009809598148327
10.03,2768090,29.7,12.303849462365593,0.9867049072327099,-0.16239453879625732,556.61,254191008,601.29,560.5519999999999,0.9990584982149638,-0.13728515424626597,1040.49,726030016,1101.36,1049.9503870967742,0.9994964101592368,-0.07577930797325183,2970.27,3025.86,2939.291634408602,1.001228230472868
10.34,1518178,29.7,12.162795698924732,0.9885358022404038,-0.05370788570619933,554.97,280756992,601.29,559.9612688172043,0.9989461616713604,-0.1507478858888247,1061.63,756080000,1101.36,1050.8389032258065,1.0008462458226137,-0.05461391576877972,2986.2,3025.86,2943.607247311829,1.0014682493062976
10.6,1766405,26.53,12.040881720430106,0.9899764839011967,-0.09277290597595633,555.5,347779008,601.29,559.4529677419355,0.999092256726358,-0.13852679867862072,1065.01,894400000,1101.36,1051.9192688172043,1.0010280982061868,-0.0639902361633582,3022.55,3025.86,2949.86911827957,1.0021272780101556
11.85,4733136,24.43,12.0034623655914,0.9968923077472628,-0.09417473321346659,571.65,377363008,601.29,560.0490752688172,1.0010655185712711,-0.08139426112142223,1097.41,894590016,1101.36,1055.084494623656,1.003009000690719,-0.030048267277594798,3066.91,3025.86,2958.588301075269,1.002955786323423
15.18,5816082,24.43,12.184731182795698,1.015101377559521,0.18195958657098854,567.6,382688000,601.29,560.3969677419354,1.0006211821222117,-0.027945808638378145,1100.18,924840000,1101.36,1058.3593333333336,1.003103863933519,-0.005293258589636585,3093.08,3066.91,2968.621311827956,1.0033911479840032
15.36,1841487,24.43,12.373010752688174,1.0154520905769606,0.2367322983199336,573.39,343072992,601.29,561.117806451613,1.0012863001607273,-0.039170554868415586,1126.75,801459968,1101.36,1063.2174623655915,1.0045902453724833,0.05980441645983392,3120.46,3093.08,2980.0214838709676,1.003840224415822
16.42,3456197,24.43,12.623913978494624,1.0202782678219153,0.35440155910675175,581.45,597859968,601.29,562.3068602150538,1.002119080431541,-0.025216281404584207,1135.88,1338060032,1126.75,1068.3783655913978,1.0048540429483952,0.04480975245343877,3110.29,3120.46,2990.30223655914,1.0034498921379646
16.52,2518077,24.43,12.873075268817205,1.0197372455758997,0.4162546547837037,585.68,311225984,601.29,563.731935483871,1.002534337333662,-0.04325407960924399,1148.69,642070016,1135.88,1074.1380645161291,1.0053910666017118,0.03495438171189713,3140.98,3120.46,3002.1965161290314,1.0039776178556379
18.22,5790690,24.43,13.222408602150537,1.0271367428558063,0.5402795957739202,595.77,312211008,601.29,565.787440860215,1.0036462461091187,-0.008733987286330791,1159.11,782380032,1148.69,1080.3428602150539,1.0057765346037892,0.03674977047391326,3145.91,3140.98,3013.9887741935486,1.0039278768065862
17.71,4868668,24.43,13.52572043010753,1.0229392266631105,0.493581650353077,603.98,308032992,601.29,568.3047741935484,1.0044492562958025,0.045889351150578905,1163.7,976540032,1159.11,1086.5598494623657,1.0057546446376053,0.030562421483722346,3168.8,3145.91,3026.6889677419354,1.0042137494529273
20.68,7990083,24.43,14.00862365591398,1.035702588139522,0.6760699386985176,622.92,479264992,603.98,571.9597634408603,1.0064313893060262,0.04789245661069974,1190.45,1261619968,1163.7,1094.1977849462364,1.0070294659678893,0.011534104504773213,3221.22,3168.8,3042.106,1.0050936955935603
22.62,3246963,24.43,14.600021505376345,1.0422166990839745,0.7371014857069409,623.23,153635008,622.92,575.5176129032258,1.0062204541119497,0.07339325890910775,1192.49,351809984,1190.45,1101.6307741935482,1.006793094767302,0.006893415026451466,3240.02,3221.22,3057.8861290322575,1.0051872383908573
24.53,6630867,24.43,15.295548387096774,1.0476387573445907,0.8103340617918464,618.43,204248992,623.23,578.6056129032257,1.0053656046848374,0.04451031630772606,1180.33,471340000,1192.49,1107.8803440860215,1.0056730168027925,-0.0022478771723084545,3234.85,3240.02,3072.2833333333333,1.004708221200386
23.9,7953542,24.53,15.928258064516127,1.0413656092221644,1.1318004198254124,624.9,385668992,623.23,582.0130967741935,1.0058891303419446,0.06252057733659733,1198.13,768230016,1192.49,1114.9991397849462,1.0064255997833391,0.007542961932885284,3265.35,3240.02,3087.870838709677,1.005073589797928
26.72,5493772,24.53,16.716516129032257,1.049488026959593,0.9094473510984288,639.89,368896992,624.9,586.2710537634408,1.007315912670775,0.0445081848915565,1217.69,901840000,1198.13,1123.0662150537635,1.0072350506659342,-0.006368978561376748,3329.62,3265.35,3106.7910967741936,1.0061272828601933
22.4,9027384,26.72,17.200795698924733,1.0289701254827497,0.9193507147305683,625.95,363376000,639.89,589.5124301075269,1.0055288016068316,-0.011565215210763258,1193.25,758192000,1217.69,1129.2714838709678,1.005525292038909,-0.007619010086907796,3295.47,3329.62,3122.692731182796,1.005118346845114
20.93,4993815,26.72,17.56905376344086,1.0214093621575395,0.6666724703528921,616.52,442520000,639.89,592.0487956989247,1.0043024802563283,0.003915358137168479,1153.96,1004976000,1217.69,1132.682172043011,1.003020255289146,-0.015151936536782484,3225.52,3329.62,3133.320795698925,1.0034034935330007
21.35,3376192,26.72,17.948129032258066,1.0215763053560698,0.6578820459266161,631.95,404862016,639.89,595.5206021505376,1.0058640545793431,0.05742284044947721,1199.27,1036518976,1217.69,1138.867978494624,1.0054612022721745,0.017095152306545902,3327.71,3329.62,3150.0361505376345,1.0053347090606408
24.26,2895871,26.72,18.498537634408603,1.0306666283243948,0.9881483648889624,621.63,331560000,639.89,598.1800645161292,1.0044657772644436,-0.02984326747215782,1209.53,886390016,1217.69,1145.4367956989247,1.0057678478351666,0.004406141006102926,3380.16,3329.62,3169.4602365591404,1.0061663057480121
24.88,2938060,26.72,19.064150537634408,1.0305760873861578,0.9193885762263663,617.88,305185984,639.89,600.4641505376344,1.003818392081242,-0.03666733900212904,1203.41,684537024,1217.69,1151.291376344086,1.0051112210356303,0.027089238515551006,3337.75,3380.16,3185.2803440860216,1.0049914200987282
21.43,5466976,26.72,19.382516129032258,1.016699699825039,0.8161962937994313,563.3,635953024,639.89,599.11088172043,0.997746295401661,0.03875030014622216,1075.66,1603106048,1217.69,1148.6059569892473,0.9976674720144554,0.01419108361592114,2954.22,3380.16,3175.6858494623652,0.9969878649326832
21.67,4743515,26.72,19.69651612903226,1.0162001670943885,0.9250600377339965,592.56,601504000,639.89,599.6314408602151,1.0008688861372208,0.0608506624303895,1129.02,1582723968,1217.69,1149.313870967742,1.0006163244881217,0.049609214316936656,2972.37,3380.16,3167.2146451612903,0.9973324803829355
16.82,5934907,26.72,19.67574193548387,0.9989452858864838,0.21107865553763183,556.64,728648000,639.89,597.7598709677419,0.9968787996009878,0.10111469966313136,1053.92,1870640000,1217.69,1145.022,0.9962657102849299,0.06920871579148324,2711.02,3380.16,3141.766623655914,0.9919651730758904
14.97,6225324,26.72,19.528946236559143,0.9925392547124238,0.15943965587150322,496.42,760984000,639.89,591.9864301075269,0.9903415382319524,0.2125854667750381,916.59,1988199040,1217.69,1131.8527956989249,0.9884987325124975,0.08425950845255692,2304.92,3380.16,3090.5006666666673,0.9836824426730999
17.78,6112824,26.72,19.55890322580645,1.0015339787863835,0.38173732460368803,520.92,647180032,639.89,587.8892688172043,0.9930789607971616,0.1461175071543671,990.69,1692722048,1217.69,1123.6983870967742,0.9927955219679294,0.0780076441375317,2541.47,3380.16,3055.6620000000003,0.9887271771067945
13.9,5255941,26.72,19.328193548387098,0.9882043653084316,-0.00658771772592015,554.33,497500000,639.89,586.0120215053764,0.9968068011930125,0.2575037672589142,1010.87,1319353984,1217.69,1116.9664516129035,0.9940091259708367,0.12383722309520873,2488.65,3380.16,3018.2435268817203,0.9877543808450411
17.66,4842639,26.72,19.338215053763438,1.000518491567836,0.4596281614630737,589.3,395318016,639.89,586.3941720430108,1.0006521206453285,0.13561374745990917,1106.01,1028777024,1217.69,1116.4647741935485,0.9995508572181102,0.11999078344645053,2789.82,3380.16,3001.3092688172046,0.9943893665591619
17.67,3687887,26.72,19.33662365591398,0.9999177070973182,0.5882290480947547,616.9,391524992,639.89,588.4825806451612,1.0035614416065466,0.2138673570855909,1173.93,1168333952,1217.69,1120.2368602150539,1.0033785983299206,0.14031489425380161,2874.56,3380.16,2990.31,0.9963351764739862
18.08,2615558,26.72,19.3472688172043,1.0005505180986993,0.7796638353025322,622.22,383784000,639.89,590.7970537634409,1.0039329509392483,0.2859047269773638,1168.43,1090572032,1217.69,1123.422430107527,1.0028436574492483,0.17211055944613518,2836.74,3380.16,2977.123440860215,0.9955902367514455
15.75,2812514,26.72,19.190580645161287,0.9919012769438713,0.43329304533997703,605.46,426500992,639.89,591.877247311828,1.001828366511827,0.24827958741472367,1137.89,1176935040,1217.69,1124.3488172043012,1.000824611536985,0.13159809795537258,2830.71,3380.16,2963.816774193548,0.9955303611250926
17.31,4424374,26.72,19.124064516129028,0.9965339178494825,0.7252611964231601,604.87,433534016,639.89,592.819505376344,1.0015919822375257,0.23464706170166572,1157.47,969673984,1217.69,1126.3353333333332,1.0017668147986063,0.1260528224288373,2929.8,3380.16,2957.1638709677422,0.9977552919992444
17.72,3565387,26.72,19.068344086021508,0.9970863709406269,0.7010652213656798,619.61,422776992,639.89,594.6089462365592,1.0030185256119049,0.3402218294166578,1167.63,1077079040,1217.69,1128.7257634408602,1.0021223076616559,0.14086849720810968,2863.7,3380.16,2946.333483870968,0.9963375762827679
18.58,3247366,26.72,19.052236559139782,0.9991552739551447,0.7154174442615615,600.1,329206016,639.89,595.0006666666667,1.0006587866405086,0.251518942880411,1158.51,921249984,1217.69,1130.2998494623657,1.0013945690552035,0.10999240107001085,2955.45,3380.16,2941.685892473118,0.998422584740223
17.55,3501366,26.72,18.952516129032258,0.9947659462552869,0.4875693165243128,616.73,397460992,639.89,596.3693763440859,1.0023003498216012,0.1953446802970974,1198.14,927134016,1217.69,1134.2296344086021,1.0034767632218173,0.09915782879305002,3044.31,3380.16,2942.9155053763443,1.0004179959887534
17.18,3879649,26.72,18.816666666666663,0.9928321146680099,0.15170756470757585,611.47,461398016,639.89,597.3017849462365,1.0015634749856983,0.09526902773301815,1200.89,1037033984,1217.69,1138.1202150537636,1.0034301525256744,0.05893452532271892,3193.93,3380.16,2953.846623655914,1.0037143840044336
17.35,5321544,26.72,18.687483870967743,0.9931346609903142,0.11002989413619213,577.71,484473984,639.89,595.9617849462365,0.9977565779413826,0.084389374043082,1134.51,1083065984,1217.69,1137.5116344086023,0.9994652756034805,0.0322519146203889,3041.31,3380.16,2954.71440860215,1.000293781315281
18.84,17963404,26.72,18.650150537634406,0.9980022279301423,0.08368568692164735,590.51,530380992,639.89,595.4383010752688,0.9991216150360799,0.08824329994273039,1169.95,1136642944,1217.69,1139.172817204301,1.0014603655430412,0.03402935912350458,3097.74,3380.16,2959.393053763441,1.001583450890438
15.51,9308459,26.72,18.392774193548387,0.9861997712261541,-0.12962564646725383,576.3,439876000,639.89,593.978559139785,0.9975484581142199,0.10552953593552628,1137.37,1059713024,1217.69,1138.658795698925,0.9995487765353832,0.03214811035405829,3009.05,3380.16,2958.376752688172,0.9996565846250208
15.82,4260785,26.72,18.157569892473116,0.9872121356680509,-0.1864581021895657,595.88,331323008,639.89,593.8022150537635,0.9997031137179817,0.06991002295750326,1184.43,706768000,1217.69,1141.205247311828,1.0022363605520126,0.026898527554131246,3130.01,3380.16,2965.448043010753,1.002390260238543
15.16,4278600,26.72,17.88494623655914,0.9849856749813759,-0.20959870338251874,591.65,325147008,639.89,593.3527311827957,0.9992430411009378,0.04168890816891058,1173.97,762638976,1217.69,1143.0224086021506,1.0015923176787023,0.003700330174169375,3185.04,3380.16,2976.103849462366,1.0035933209070136
14.27,4835257,26.72,17.560387096774196,0.9818529429447485,-0.41445264596774234,619.96,358448992,639.89,594.7562150537636,1.0023653449242076,0.08146812879120136,1233.67,842268032,1217.69,1148.6690967741936,1.0049401377694323,0.035215949459849405,3224.73,3380.16,2989.2853763440853,1.004429121948853
14.33,5074913,26.72,17.253483870967745,0.9825229806088484,-0.4662263690499652,612.2,429096992,639.89,595.6654193548388,1.0015287007988525,0.07911924331406184,1224.52,842203008,1233.67,1153.6325161290324,1.0043210175748416,0.03438749533347896,3215.63,3380.16,3001.8722580645153,1.0042106658066297
13.84,4226737,26.72,16.93279569892473,0.9814131351997474,-0.5166654179382155,614.69,411031008,639.89,596.7589892473118,1.0018358794332183,0.053519063913284315,1228.58,863617024,1233.67,1158.7889892473117,1.004469770959284,0.02966613200288637,3271.12,3380.16,3018.0915913978497,1.0054030724624479
12.87,7659576,26.72,16.572516129032255,0.9787229719003017,-0.5222743342874916,627.24,352038016,639.89,598.6702795698925,1.0032027843015678,0.05991640897739636,1239.1,821912000,1233.67,1164.5204086021506,1.0049460422976246,0.007879244920347528,3351.28,3380.16,3039.4045376344084,1.00706172943767
12.63,3810011,26.72,16.22047311827957,0.9787574193313975,-0.6215326895343765,629.69,277416992,639.89,600.7346021505375,1.003448179492271,0.0796234558349922,1243.21,673443968,1239.1,1170.4288817204301,1.0050737394335336,0.007974251439353264,3372.85,3380.16,3061.9243010752693,1.0074092682175135
12.5,4629219,26.72,15.890344086021504,0.979647385754363,-0.5295088625604195,639.18,262322000,639.89,603.43311827957,1.0044920271270743,0.12554011250201935,1243.13,649537024,1243.21,1176.2773118279572,1.004996826546975,0.01094429134047159,3397.16,3380.16,3085.9194838709677,1.0078366348858696
12.57,2689306,26.72,15.586021505376346,0.98084858458711,-0.472849353030794,638.84,300481984,639.89,606.0812473118281,1.0043884383406203,0.10651762918972663,1255.85,771142976,1243.21,1182.8391182795701,1.0055784519395479,0.0007162777238021167,3508.01,3397.16,3116.8475913978496,1.0100223313305912
12.78,3817812,26.72,15.313225806451612,0.9824974129010002,-0.46463112070601975,624.05,403156000,639.89,607.7271827956989,1.002715701056865,0.08169547560340396,1229.65,952924032,1255.85,1187.4914838709678,1.0039332192514605,-0.004493238293406199,3426.96,3508.01,3141.9391612903223,1.0080503037625974
12.0,2747386,26.72,15.008537634408603,0.9801029400405863,-0.5501197003502702,618.51,271079008,639.89,609.0326881720429,1.0021481767037939,0.14641907975706125,1216.07,633918976,1255.85,1191.2023870967741,1.0031249935483406,0.01700118466210887,3340.97,3508.01,3161.2695483870975,1.0061523747292538
13.26,7066587,26.72,14.811505376344087,0.9868719882733412,-0.49765844574873563,628.6,398880000,639.89,610.9958709677419,1.0032234440512402,0.16994292429746638,1226.34,901916032,1255.85,1195.561806451613,1.0036596798344768,0.024530930998440503,3319.47,3508.01,3179.29711827957,1.0057026361139214
11.94,4740049,26.72,14.554301075268818,0.9826348305226248,-0.4826221133650359,615.97,326059008,639.89,612.1211612903226,1.0018417314683294,0.14769668918049206,1201.81,817011968,1255.85,1198.2893333333334,1.0022813767276622,0.0007519990287201406,3298.46,3508.01,3196.0085161290317,1.0052563183709313
11.03,3838339,26.72,14.258795698924729,0.9796963540319897,-0.5008599176040056,613.56,294337984,639.89,612.977698924731,1.00139929427142,0.08855868445395731,1214.11,733280000,1255.85,1201.53911827957,1.0027120202574085,-0.051155686842284,3348.44,3508.01,3215.2041290322577,1.0060061206991011
12.45,4089034,26.72,14.077784946236557,0.9873053267253263,-0.24682598521379817,632.36,347631008,639.89,615.0019784946237,1.0033023706628212,0.08618637461494694,1263.33,721617984,1255.85,1207.7813978494623,1.0051952362390253,-0.08389475855550788,3477.13,3508.01,3241.893569892472,1.0083010097614697
13.38,3149375,26.72,13.966172043010754,0.9920716999405762,-0.05616299331237873,624.43,341696992,639.89,616.3518064516128,1.0021948351455603,-0.0738395419689648,1257.6,774230976,1263.33,1213.2036559139783,1.0044894366432293,-0.13942475008650956,3483.81,3508.01,3267.366430107527,1.0078574017517483
13.32,6023891,26.72,13.854107526881725,0.9919760034615132,-0.2630169496378909,617.96,308248000,639.89,617.0089247311827,1.0010661415650794,0.04729802925195048,1255.97,759193024,1263.33,1217.7873978494622,1.0037782130915445,-0.09576467134998423,3465.39,3508.01,3289.1156559139777,1.006656500356385
12.36,3343735,26.72,13.689698924731182,0.9881328622697974,-0.06574290083272638,583.32,378207008,639.89,615.2225161290322,0.9971047280994699,-0.1102095039138471,1184.32,967664000,1263.33,1217.1780645161289,0.9994996389891951,-0.14236445752139537,3269.96,3508.01,3296.2695698924726,1.0021750265806653
10.34,6614243,26.72,13.398279569892471,0.9787125081098572,-0.3875615979041589,615.35,448344992,639.89,615.4402150537635,1.000353853961817,0.0431165535958149,1282.04,1057603968,1263.33,1222.5002365591397,1.0043725500797014,-0.09878726405389893,3509.44,3508.01,3317.1935698924735,1.0063477818049582
11.79,5799423,26.72,13.216150537634409,0.9864065359057496,-0.2998557474619371,632.28,697048000,639.89,616.6941505376344,1.0020374610777774,-0.05804076916309264,1305.4,1303024000,1282.04,1228.9509462365593,1.005276653111803,-0.13520822610247096,3585.15,3509.44,3341.454516129033,1.007313696269267
11.32,3679143,26.72,13.016344086021506,0.9848816452987629,-0.33628623039240546,625.92,662708992,639.89,617.504688172043,1.0013143267756017,-0.10830164849435198,1266.25,1240445056,1305.4,1232.5931182795698,1.0029636431414648,-0.17037531001711215,3557.54,3585.15,3362.4060215053764,1.0062701752411147
12.13,2313302,26.72,12.883333333333331,0.9897812510326138,-0.2123905406936708,624.63,361304000,639.89,618.2240430107528,1.0011649382627996,-0.0854685023920092,1272.68,714640000,1305.4,1236.4397634408604,1.003120774490985,-0.16685748879195317,3638.35,3585.15,3387.0209677419343,1.0073206347119072
13.09,5588487,26.72,12.820043010752688,0.9950874264491092,-0.20806469739107736,643.9,706382976,639.89,620.1453978494624,1.003107861721703,-0.05174380973918935,1308.88,1225150976,1305.4,1242.3320215053764,1.0047655035358283,-0.1317733110239352,3699.12,3638.35,3413.8196989247317,1.0079121834314075
12.5,4677984,26.72,12.727763440860217,0.9928019297739429,-0.24290459348005322,654.17,590835968,643.9,622.6453978494623,1.0040313126706566,-0.11319299200845268,1298.49,1061934976,1308.88,1247.2283440860213,1.0039412351093646,-0.1672018898637342,3663.46,3699.12,3436.663333333334,1.0066915175443498
12.39,6218672,26.72,12.639612903225805,0.9930741533621358,-0.2991169013917766,651.27,733000000,654.17,624.8839784946236,1.0035952737350877,-0.024184597440154665,1312.65,1324295936,1308.88,1252.7567956989246,1.0044325897812678,-0.12205814808617865,3709.41,3699.12,3460.7515698924735,1.0070091929941172
11.75,6776866,26.72,12.523483870967745,0.9908122951907473,-0.30316181649207385,643.48,279623008,654.17,626.509935483871,1.002602014206164,-0.0016627122607932865,1299.88,555259008,1312.65,1257.1298924731184,1.0034907787283276,-0.13147234150732334,3703.06,3709.41,3482.808709677419,1.0063735114582728
10.86,4296188,26.72,12.362408602150538,0.9871381421913581,-0.32870185500012405,655.44,250948992,654.17,628.8499784946237,1.0037350453332323,0.07849078099843287,1324.01,491950016,1312.65,1262.8409677419356,1.004542947632549,-0.07347864354594957,3756.07,3709.41,3506.869182795699,1.0069083533216812
12.32,4912571,26.72,12.309118279569892,0.9956893252524128,-0.20010546542388896,663.05,437947008,655.44,631.5864301075269,1.0043515173832938,0.13739407430613015,1368.54,995977984,1324.01,1271.1601720430108,1.0065876895932118,-0.051293616213429205,3824.68,3756.07,3534.1472043010754,1.0077784542517865
11.725,2847856,26.72,12.228258064516128,0.9934308686278551,-0.2993899174717447,675.3,525436992,663.05,634.9296774193548,1.005293412195792,0.1064963702742634,1363.26,1006081024,1368.54,1278.6354408602153,1.0058806663248347,-0.05122206509967864,3768.25,3824.68,3556.099913978494,1.0062116002555588
11.45,3271587,26.72,12.144956989247312,0.9931878216153666,-0.18907223525148098,680.52,356619008,675.3,638.4273548387096,1.0055087634800297,0.08592805653834956,1370.9,696924032,1368.54,1286.1878924731184,1.0059066496763316,-0.07131424170213774,3841.47,3824.68,3581.3345376344087,1.0070961514767123
10.95,4009885,26.72,12.038129032258066,0.9912039246344119,-0.2566555288088813,665.87,536700000,680.52,640.7557419354838,1.0036470666225799,0.08233154052353231,1340.92,1089232000,1370.9,1291.3039354838709,1.0039776793427244,-0.05453173135215739,3714.24,3841.47,3596.570623655914,1.0042543040482248
11.0,4490752,26.72,11.945,0.992263828373287,-0.239382155316623,663.08,540513024,680.52,642.7536129032258,1.0031179915168722,0.03376163573657576,1347.65,1092056960,1370.9,1296.5176344086024,1.0040375459111242,-0.0723970103037308,3886.83,3841.47,3621.6851397849455,1.006982906428653
10.74,3673133,26.72,11.844043010752687,0.991548180054641,-0.2309551022087375,670.0,387960000,680.52,645.0443225806451,1.0035639001188537,-0.018240812827091224,1365.94,835689984,1370.9,1302.5378279569888,1.0046433564716861,-0.11298780354531068,3934.83,3886.83,3648.3872043010747,1.007372828803587
10.6,3141298,26.72,11.741645161290322,0.9913544851728922,-0.2569007921276498,658.68,326190016,680.52,646.4970967741936,1.0022522083253693,-0.0216414627583279,1332.52,734072000,1370.9,1306.117440860215,1.0027481834511023,-0.12671496091032441,3906.71,3934.83,3671.7479784946236,1.0064030413674319
9.59,5915854,26.72,11.58210752688172,0.98641266771248,-0.30828054562053975,647.4,565107008,680.52,647.1221720430107,1.0009668647731538,0.020120673914176823,1311.27,1092728064,1370.9,1308.0938279569891,1.0015131771730055,-0.09778489993867012,3811.15,3934.83,3687.4573978494623,1.0042784579570407
9.51,4912879,26.72,11.426548387096775,0.9865690126409294,-0.268395528194335,642.61,549624000,680.52,647.3678709677419,1.0003796793485773,0.012221227354273223,1315.13,1039792000,1370.9,1310.1414193548387,1.0015653245616545,-0.08505067908954866,3841.94,3934.83,3703.9919139784947,1.0044839883814456
9.14,5259683,26.72,11.254344086021502,0.9849294559265394,-0.2877653145181902,655.06,399959008,680.52,648.3837419354838,1.0015692329096026,-0.04957623231523045,1332.42,881809024,1370.9,1313.1409892473116,1.0022895008494197,-0.09738403537419171,3943.34,3934.83,3726.013182795699,1.0059452799381388
8.98,11260480,26.72,11.07932258064516,0.9844485379122424,-0.3018743231895068,653.45,574372992,680.52,649.2411827956988,1.0013224280696111,-0.05627615820095122,1337.41,1078305024,1370.9,1316.2706451612905,1.0023833357877077,-0.07603309706098038,3913.1,3943.34,3744.856623655914,1.0050572662885955
7.89,8653883,26.72,10.841548387096775,0.978538923132019,-0.38309209775768693,662.09,417664000,680.52,650.6253548387097,1.0021319843529495,-0.06683342627676869,1365.45,823524992,1370.9,1321.0065806451614,1.0035979952157108,-0.045718359706216516,3974.54,3943.34,3766.5543870967736,1.0057940171337394
8.63,6596895,26.72,10.661580645161289,0.9834001809050008,-0.31006135760800513,659.13,316404992,680.52,651.768559139785,1.001757085383429,-0.06167997919660917,1357.4,653168000,1370.9,1324.9874623655917,1.003013521490927,-0.06912204843366476,4019.87,3974.54,3790.1733763440857,1.0062707150408408
8.37,5123960,26.72,10.473763440860216,0.9823837374070502,-0.32575955087775676,656.75,357745984,680.52,652.6827741935483,1.0014026682339048,-0.0824248382626922,1375.56,746526976,1370.9,1329.8652258064517,1.0036813657331907,-0.10465677252010797,4128.8,4019.87,3819.5450322580646,1.007749422782952
8.095,5016205,26.72,10.276010752688173,0.981119232901464,-0.4074292800480346,673.02,428632992,680.52,654.5644301075268,1.0028829562972663,-0.10518017744509178,1415.24,855958976,1375.56,1336.9599999999998,1.005334957299335,-0.10684943523796675,4185.47,4128.8,3850.8785591397855,1.0082034709938206
7.79,7266119,26.72,10.06968817204301,0.9799219185722252,-0.38564923285611363,680.1,390632992,680.52,656.8073333333333,1.0034265583686515,-0.12197433949174652,1440.34,829728000,1415.24,1345.267892473118,1.0062140172279785,-0.06883396037404999,4180.17,4185.47,3880.007784946237,1.0075643065235893
7.81,4019517,26.72,9.87358064516129,0.9805249652689163,-0.3412421165327423,665.7,411072000,680.52,657.9832903225806,1.0017904139152638,-0.09748677454288446,1412.92,862056000,1440.34,1351.2937849462364,1.0044793252755333,-0.08494235030138797,4181.17,4185.47,3907.305376344086,1.0070354475843475
8.29,9542566,26.72,9.715365591397848,0.9839759192283523,-0.40328772861717144,689.44,510256000,680.52,660.5787311827957,1.0039445391674653,-0.06588259158511467,1444.6,1011828992,1440.34,1358.936,1.0056554800583706,-0.07378239762711858,4232.6,4185.47,3936.1302150537635,1.0073771655740529
9.13,6061446,26.72,9.620290322580646,0.9902139278318683,-0.4345022355410284,695.58,413104992,689.44,663.4475483870968,1.0043428846084168,-0.05783467565431355,1436.47,855516992,1444.6,1365.6638709677418,1.004950837248952,-0.05583926917415205,4173.85,4232.6,3959.540064516129,1.0059474275959759
8.55,2446469,26.72,9.496935483870967,0.9871776386602241,-0.40684548697571077,702.33,332664000,695.58,666.5988387096775,1.0047498710790954,-0.06136839267918304,1447.14,769729024,1444.6,1372.6954623655915,1.0051488448565802,-0.04703836557464025,4155.86,4232.6,3980.3053118279568,1.0052443584288786
8.23,1940509,26.72,9.363193548387095,0.9859173587405103,-0.4205993547014564,690.78,359952000,702.33,668.8235268817206,1.003337371808732,-0.09252129273243836,1437.44,892344000,1447.14,1378.690129032258,1.004367076916198,-0.07195025739105998,4204.11,4232.6,4002.6985806451607,1.0056260178712069
8.24,3485489,26.72,9.238978494623655,0.9867336872701049,-0.3324085753914703,688.8,297568992,702.33,670.689376344086,1.0027897485470714,-0.14085267414077696,1420.85,697768000,1447.14,1383.0701290322581,1.0031769285264083,-0.09701641014315121,4229.89,4232.6,4024.7461505376345,1.005508176408557
8.53,3484184,26.72,9.137989247311827,0.989069219354651,-0.39856499891861297,707.62,488089984,702.33,673.6114623655915,1.0043568395811393,-0.10224789200610918,1448.24,958392000,1447.14,1388.9187096774192,1.0042286942089143,-0.075309062459463,4247.44,4232.6,4046.376623655914,1.0053743695401485
8.59,4154974,26.72,9.047881720430107,0.9901392391210979,-0.35287002173715,696.4,442827008,707.62,675.6476559139786,1.0030228012172424,-0.09574749450494568,1437.17,929857024,1448.24,1393.7459139784946,1.0034755124741581,-0.03617916476674443,4166.45,4247.44,4061.3576559139788,1.0037023326426122
9.71,6085156,26.72,9.035903225806454,0.9986760995563629,-0.2820986642102349,706.86,405056992,707.62,678.2071182795698,1.0037881613932766,-0.09698447938176669,1466.12,896588992,1448.24,1400.0732903225805,1.004539834901488,-0.024555592738412457,4280.7,4247.44,4082.4001720430106,1.0051811531787629
7.96,8188032,26.72,8.916225806451614,0.9867553451642729,-0.4891677267976249,720.99,304454016,707.62,681.5013548387096,1.0048572721670872,-0.0922348459869895,1495.32,706662016,1466.12,1407.8685376344083,1.0055677423215692,-0.03414555174430056,4352.34,4280.7,4106.683225806452,1.005948229654147
7.73,5238130,26.72,8.792741935483871,0.9861506568307868,-0.4713534748994519,722.57,262720992,720.99,684.7317419354839,1.0047401037046197,-0.1762787473042542,1501.46,580069696,1495.32,1415.6589677419356,1.0055334925806476,-0.03642622661394679,4369.55,4352.34,4130.67182795699,1.0058413568399414
7.25,3676959,26.72,8.648548387096774,0.9836008438044574,-0.4752820769571421,720.78,303392992,722.57,687.6995483870969,1.004334261536093,-0.1797984313265577,1498.96,694866688,1501.46,1422.8516129032257,1.0050807753316202,-0.02460166297821975,4327.16,4369.55,4150.40711827957,1.0047777434626999
6.96,4588052,26.72,8.496698924731184,0.9824422023709618,-0.4711405075016817,737.62,366588000,722.57,691.6043225806452,1.005678023495444,-0.14550238983885255,1531.58,944710912,1501.46,1431.7481075268818,1.0062525807631504,-0.013145841293975336,4411.8,4369.55,4174.274559139784,1.0057506264277294
6.63,3722703,26.72,8.333860215053765,0.9808350618140125,-0.4593425639698535,739.75,382815008,737.62,695.4440645161291,1.0055519345529194,-0.14403230033965042,1538.58,868772096,1531.58,1440.597935483871,1.0061811347334524,-0.008114500215930853,4395.26,4411.8,4195.550731182796,1.0050969747537153
6.47,6290290,26.72,8.16979569892473,0.9803135027591802,-0.56789552060404,753.63,395520000,739.75,699.9979784946237,1.0065482102887213,-0.1785005561692352,1548.95,956175104,1538.58,1449.6553548387096,1.0062872638726894,-0.02814493502788351,4436.52,4411.8,4218.11423655914,1.0053779603256003
5.4,10999811,26.72,7.949279569892473,0.9730083667745474,-0.6129498672472955,768.33,495097984,753.63,705.3054838709678,1.0075821724339236,-0.15348568923684947,1557.13,1000698624,1548.95,1458.8525376344087,1.0063443926620217,-0.0434856946588158,4468.0,4436.52,4241.392924731183,1.0055187429421142
4.86,5842687,26.72,7.707526881720431,0.9695881009031725,-0.6453596272460389,782.03,499951008,768.33,711.2967956989248,1.0084946338359295,-0.13143466457246467,1584.73,977025984,1557.13,1469.4134408602151,1.0072391848753484,-0.00026444705200878715,4441.67,4468.0,4261.46806451613,1.0047331478458152
5.0,4142628,26.72,7.488978494623656,0.971644810267857,-0.5981121392834663,756.07,444625984,782.03,715.3949677419354,1.0057615499855916,-0.14268468607565743,1566.06,839281024,1584.73,1478.309978494624,1.0060544822764113,-0.046176445335295524,4509.37,4468.0,4284.620193548388,1.0054328998086455
5.55,5057088,26.72,7.318709677419355,0.9772640798305754,-0.5193290206610771,763.06,358691008,782.03,719.7501290322582,1.006087771771822,-0.13767870738170584,1592.61,839248000,1584.73,1488.4352473118277,1.0068492190166465,0.014897059747352337,4535.43,4509.37,4307.743655913979,1.005396852304531
5.44,4234170,26.72,7.153064516129032,0.9773668899858955,-0.5058082840497732,729.94,297360992,782.03,721.7535053763442,1.0027834331155725,-0.13508520358688814,1549.18,651900992,1592.61,1495.2317849462365,1.0045662299698181,0.0010432453359059402,4458.58,4535.43,4324.514215053764,1.0038931191081348
5.73,5674609,26.72,7.017526881720432,0.981051808759311,-0.49035703918722795,710.83,548590016,782.03,722.3950752688172,1.0008889044357858,-0.15189429881305716,1545.73,1104976000,1592.61,1501.4116774193546,1.0041330665488364,0.025293286776390644,4432.99,4535.43,4338.507462365591,1.0032357963498226
5.33,2530723,26.72,6.866655913978495,0.9785008350826654,-0.4866516045688475,714.02,364225984,782.03,723.1303010752688,1.0010177613768727,-0.1345024315611909,1539.56,794862976,1592.61,1506.7349892473121,1.0035455377815545,0.005033937550317669,4455.48,4535.43,4352.819892473119,1.0032989294663386
5.19,3503713,26.72,6.7159139784946245,0.978047256572591,-0.5194934852178158,711.38,475884000,782.03,723.551935483871,1.0005830683736738,-0.11942474980932194,1485.0,987523968,1592.61,1508.0473548387097,1.0008709996122498,-0.004909555142142086,4357.05,4535.43,4359.396344086021,1.0015108485476907
4.87,2955371,26.72,6.553817204301075,0.9758637804604693,-0.498421117599289,709.12,436985984,782.03,723.6798709677419,1.0001768158961324,-0.06880067872909756,1480.1,924926016,1592.61,1508.6782795698925,1.0004183719623647,-0.002778424621505682,4391.36,4535.43,4367.078580645161,1.0017622248478422
4.95,2738023,26.72,6.406064516129033,0.9774554761650849,-0.4724875272635156,708.28,314067008,782.03,723.6373548387097,0.9999412500875902,-0.12015441837085716,1491.56,763875008,1592.61,1509.7309677419357,1.000697755238011,-0.02740684698743112,4471.37,4535.43,4378.959268817204,1.0027205116538773
4.55,4878009,26.72,6.241172043010754,0.9742599418561714,-0.4430908915836447,724.4,315592000,782.03,724.5169247311827,1.0012154843673997,-0.09826896510676186,1534.41,738278016,1592.61,1513.216666666667,1.0023088212398163,-0.019763972572825583,4544.9,4535.43,4394.383247311828,1.0035222932089045
4.2,3973414,26.72,6.060881720430108,0.9711127459172438,-0.5463479628588415,741.35,420180992,782.03,726.3560430107527,1.0025384062356477,-0.06629209595505481,1559.32,893368000,1592.61,1517.9461075268819,1.0031254221318042,0.003101008807849359,4605.38,4544.9,4412.482580645161,1.0041187425662985
4.93,5925764,26.72,5.937215053763442,0.9795959280561757,-0.4259884960945708,752.65,662680000,782.03,728.7473763440861,1.0032922329983258,-0.04864818370831259,1548.87,1305160960,1592.61,1521.5671182795697,1.002385467267074,-0.011754722019708286,4697.53,4605.38,4435.267913978494,1.0051638353051586
4.5,4330858,26.72,5.793204301075267,0.9757443933925065,-0.47371628271031485,759.55,484920992,782.03,731.3776344086021,1.0036092864961124,-0.03512143577296123,1558.37,897025024,1592.61,1525.428322580645,1.0025376496736083,-0.017700131906094763,4682.85,4697.53,4455.883075268817,1.004648008122655
3.67,5609399,26.72,5.603376344086022,0.9672326493035966,-0.5650308573897773,754.52,457196992,782.03,733.4972903225806,1.002898168899699,-0.0303969188620552,1547.73,910998016,1592.61,1528.2952688172045,1.0018794368729889,-0.04930938330962986,4697.96,4697.53,4476.403440860216,1.0046052298152282
3.37,4250797,26.72,5.40305376344086,0.964249665140449,-0.6259100259884238,752.84,369496000,782.03,735.3485161290324,1.0025238345538232,0.013697677853962142,1534.35,772281984,1592.61,1530.0680430107527,1.0011599683841985,-0.012941218267697785,4594.62,4697.96,4489.143182795699,1.0028459771563922
2.93,17381898,26.72,5.18389247311828,0.9594375144283203,-0.6823278977016021,737.77,717436032,782.03,736.0400860215053,1.000940465476307,-0.05774246963617102,1517.43,1426366976,1592.61,1530.488064516129,1.0002745116514882,-0.021840483957026535,4538.43,4697.96,4497.368623655913,1.0018322963927142
2.77,7620990,26.72,4.965935483870967,0.9579549555903106,-0.7136685853099105,742.69,477764000,782.03,736.9451397849464,1.0012296256421755,-0.10260201858580209,1565.37,1024244992,1592.61,1533.8443655913977,1.0021929612867186,-0.03920464852886729,4712.02,4697.96,4516.135720430108,1.0041729060578848
3.07,25390258,26.72,4.781010752688172,0.962761350447782,-0.6742935431899134,787.44,761676032,782.03,740.6359784946237,1.0050082950689578,-0.057256733237994295,1603.75,1519144960,1592.61,1539.3995913978492,1.0036217662828586,-0.003616909254002154,4620.64,4712.02,4527.849978494624,1.002593867587177
3.03,7262130,26.72,4.605290322580645,0.9632461755061466,-0.6778742022905574,791.23,414244992,787.44,744.3883010752689,1.0050663520131333,-0.014670604690597333,1625.57,894587008,1603.75,1546.02576344086,1.0043043872949153,0.0067927901126501045,4725.78,4712.02,4545.347935483872,1.0038645178334873
2.5,6141175,26.72,4.406559139784947,0.9568471977062379,-0.7219150892769275,799.27,305176992,791.23,748.4433118279569,1.005447440195971,-0.007029219251499352,1643.92,643782976,1625.57,1553.4312258064517,1.004789999326473,0.030211768935487937,4766.18,4725.78,4564.33047311828,1.0041762562302916
2.25,5538535,26.72,4.204043010752688,0.9540421170786461,-0.8037262823826868,783.83,528064000,799.27,751.2646236559141,1.0037695731705674,0.019232491325064105,1567.5,1083789952,1643.92,1555.4266451612903,1.0012845237830228,-0.01879033859762047,4677.02,4766.18,4576.407440860215,1.002645945076296
2.17,7110480,26.72,4.009870967741935,0.9538130217711572,-0.7610877207019016,769.34,445060000,799.27,752.9872043010754,1.0022929079726643,0.008874538894301676,1563.07,1043144000,1643.92,1556.8797849462362,1.0009342387115885,-0.03153947616122377,4662.85,4766.18,4586.646387096775,1.0022373327482037
2.07,6514722,26.72,3.82305376344086,0.9534106693696739,-0.7392833440151987,751.93,362247008,799.27,753.4296989247312,1.0005876522484423,0.012815235626887134,1509.42,858723968,1643.92,1554.60088172043,0.9985362368707967,0.0021480273563772023,4397.93,4766.18,4578.7261935483875,0.9982732059810261
1.06,34948664,26.72,3.587505376344086,0.9383873725896091,-0.8522906444278505,767.91,536361984,799.27,754.8062365591397,1.0018270286350182,0.01638563684500549,1520.3,1277963008,1643.92,1552.9307956989248,0.9989257139622506,-0.0015628794649242828,4431.85,4766.18,4572.742279569893,0.9986931050852252
1.49,32782276,26.72,3.3945376344086022,0.9462111629970208,-0.7943749566771726,761.51,445873984,799.27,755.6689677419354,1.0011429836440255,0.03445523582381815,1540.71,1097234944,1643.92,1552.52376344086,0.9997378941423583,-0.0038366928025828084,4500.54,4766.18,4571.018989247312,0.9996231385419903
1.63,15192618,26.72,3.224021505376345,0.9497674949000927,-0.7432117499947015,746.57,508727008,799.27,755.4840860215052,0.9997553403297972,0.0509374402920687,1518.33,1089154944,1643.92,1550.5884516129029,0.9987534414135679,-0.008218594073772012,4418.64,4766.18,4563.730129032258,0.9984054189597114
1.54,12992224,26.72,3.059784946236559,0.9490584790250602,-0.7881218437615287,734.1,438660992,799.27,754.4392258064516,0.998616965950195,0.02907287887379162,1484.43,1004057024,1643.92,1546.4243870967741,0.9973145262936808,-0.016521182988303296,4348.87,4766.18,4551.743247311828,0.9973734464173997
1.48,11343250,26.72,2.9033333333333338,0.948868428450942,-0.8022399411193256,742.67,438448992,799.27,753.9548387096776,0.999357950806102,0.014428592408668561,1524.66,897788992,1643.92,1544.9572043010755,0.9990512418143812,-0.006626513688770763,4384.62,4766.18,4542.198150537634,0.9979029799671081
1.49,13406045,26.72,2.758602150537635,0.9501499944446503,-0.7236577992919309,756.15,609833984,799.27,754.3338494623656,1.0005026968900905,0.0037546904087415456,1542.57,1171026944,1643.92,1544.6754408602153,0.9998176237891406,0.02014559435990726,4328.87,4766.18,4529.079161290323,0.997111753205712
1.36,6934942,26.72,2.6161935483870966,0.94837653478854,-0.7165637405479099,758.05,475428000,799.27,754.8300215053764,1.0006577618694488,0.005074180670001538,1499.91,1038068992,1643.92,1541.6551397849462,0.9980447018219004,0.022270365068195352,4204.31,4766.18,4508.155548387097,0.9953801618037373
1.41,17014532,26.72,2.4856989247311825,0.9501204244860381,-0.6541774059668983,794.98,564758016,799.27,757.7308817204301,1.0038430641765792,0.014073768308424217,1593.48,1215836032,1643.92,1544.7946666666667,1.0020364650956624,0.0006989348413701801,4463.09,4766.18,4504.4944946236565,0.9991879042938635
1.23,16169238,26.72,2.3510107526881727,0.9458147683522953,-0.7074592136534611,797.11,417180992,799.27,760.7413118279569,1.003972954224449,0.04478193543447251,1589.78,882424000,1643.92,1547.6766666666667,1.001865620112619,0.00767961574556475,4543.04,4766.18,4505.945440860215,1.0003221107803084
1.14,12403921,26.72,2.2186236559139787,0.9436892848648943,-0.7413076196697065,801.2,403750016,799.27,763.9273548387096,1.0041880767630418,0.036249226967017156,1609.25,917030976,1643.92,1551.7637849462362,1.0026408088766836,0.008148586195176444,4545.86,4766.18,4507.505913978494,1.0003463142505298
0.87,10298296,26.72,2.078301075268817,0.9367524184324292,-0.8034698633466113,837.64,452811008,801.2,769.3823440860216,1.0071407172589908,0.08481562022179312,1664.58,977635968,1643.92,1559.3847956989246,1.0049111925581846,0.06782970736449734,4488.28,4766.18,4505.329118279569,0.99951707313524
0.764,10058933,26.72,1.9409677419354836,0.9339203857575976,-0.7735648908123166,819.11,321206016,837.64,773.4102365591398,1.0052352286273258,0.10681834383010957,1615.79,188436992,1664.58,1563.6098924731182,1.0027094638769387,0.054438350422507,4392.59,4766.18,4496.914903225807,0.9981323861514084
0.704,7851177,26.72,1.810443010752688,0.9327527560799956,-0.7945039039770818,788.62,381548992,837.64,775.2381720430108,1.002363474644457,0.029809415894640257,1557.49,876480000,1664.58,1563.9230322580647,1.0002002672063242,0.0528763102223182,4271.78,4766.18,4480.793376344086,0.9964149806637086
0.645,6920907,26.72,1.6860602150537638,0.9312970389235216,-0.788119116269841,799.1,482168992,837.64,777.5818064516128,1.0030231153381235,0.08633321869433064,1518.45,1095500032,1664.58,1561.6789032258064,0.9985650642736439,0.0741932388921751,4131.93,4766.18,4456.044322580645,0.9944766357908621
0.663,7327903,26.72,1.5726129032258067,0.9327145550229714,-0.8014221425894046,794.16,487929984,837.64,779.4180860215054,1.0023615258930403,0.11440040469360668,1511.65,1065182016,1664.58,1558.924129032258,0.9982360175399321,0.08234961122078155,4123.34,4766.18,4431.225204301075,0.9944302353201917
0.521,12579744,26.72,1.4590516129032258,0.9277881479354269,-0.8488996245234999,796.37,514083008,837.64,781.214064516129,1.0023042556066297,0.1905764636323597,1497.4,1088742016,1664.58,1555.1821505376342,0.9975996404026752,0.10399207405021016,4023.89,4766.18,4400.566344086023,0.9930811775972718
0.51,7755768,26.72,1.354305376344086,0.9282093685838053,-0.8726725964095512,812.47,429991008,837.64,783.8593118279568,1.0033860723097277,0.23280692616819187,1510.91,913745024,1664.58,1552.2992258064517,0.9981462462579153,0.12628074179184667,3901.36,4766.18,4362.964645161291,0.9914552591678875
0.453,7418503,26.72,1.2545698924731181,0.926356724551887,-0.8774648451529131,835.59,393065984,837.64,787.8067741935484,1.0050359322215439,0.18946258249623127,1559.34,867961984,1664.58,1552.5913548387095,1.0001881911859527,0.0971036199144033,4158.24,4766.18,4343.319806451613,0.9954973646803522
0.519,13728813,26.72,1.1671505376344087,0.9303192629097924,-0.8783070435622972,811.86,378230016,837.64,790.0206021505376,1.0028101154109208,0.16928810243903136,1510.43,833420032,1664.58,1549.7279569892473,0.9981557298766747,0.10056482080896534,4108.54,4766.18,4321.430107526882,0.9949601457179793
0.61,20059830,26.72,1.0950881720430108,0.9382578654014464,-0.8196932942980623,788.04,308647008,837.64,790.5703225806453,1.000695830499371,0.18375332317930437,1459.09,750729984,1664.58,1543.6349677419353,0.9960683491448723,0.10328259569250353,3900.86,4766.18,4287.408344086021,0.9921271980352978
0.688,11603123,26.72,1.0364236559139783,0.9464294130585055,-0.7990295679852547,763.75,513254016,837.64,789.4916774193547,0.9986356113675383,0.2041457580288243,1393.22,1165408000,1664.58,1533.5058064516131,0.993438111015884,0.11794955828962106,3674.84,4766.18,4240.486344086022,0.9890558593363931
0.954,24464366,26.72,1.0013333333333334,0.9661428775960346,-0.6948334663324016,834.12,359881984,837.64,792.9331827956988,1.0043591407924573,0.22993125930600444,1506.72,843795968,1664.58,1531.031505376344,0.9983865068753836,0.13061837633622453,3911.74,4766.18,4211.0484731182805,0.993057902188791
