4.23,901254,32.85,5.00410752688172,0.9877240717708832,0.049189092157842396,98.67,281041984,545.06,113.48733333333334,0.9918168677397959,-0.012908829265208643,216.82,1394089984,573.85,257.8741720430108,0.9873630463530356,-0.3682108670774371,3269.96,3508.01,3296.2695698924726,1.0021750265806653
3.58,984305,32.85,4.8984516129032265,0.978886162335458,-0.5002797765997229,101.75,243448992,545.06,112.72208602150538,0.9932569804104896,0.013267062582185796,218.58,1337539968,573.85,254.7140215053763,0.9877453778616209,-0.4160545745549594,3509.44,3508.01,3317.1935698924735,1.0063477818049582
3.35,1548070,32.85,4.7809462365591395,0.9760117307202625,-0.5263932079923658,119.89,276185984,545.06,113.12406451612904,1.003566102339048,0.17823157414060686,254.55,1581479936,573.85,253.96279569892477,0.997050708861602,-0.26880083212681694,3585.15,3509.44,3341.454516129033,1.007313696269267
3.79,1550111,32.85,4.694795698924731,0.981980442077422,-0.44018988172887674,131.71,237462000,545.06,114.2352258064516,1.0098225014728333,0.19512659102983454,267.24,1299810048,573.85,254.04236559139784,1.0003133131853195,-0.24377351789235813,3557.54,3585.15,3362.4060215053764,1.0062701752411147
4.36,1044539,32.85,4.647655913978495,0.989959140297195,-0.5171401920747695,143.21,186748000,545.06,116.02139784946236,1.0156359129191646,0.2862013208349501,289.99,1032150016,573.85,255.5838064516129,1.0060676527579433,-0.22027024083159907,3638.35,3585.15,3387.0209677419343,1.0073206347119072
4.38,821881,32.85,4.6057634408602155,0.9909863221603213,-0.41402212406116046,156.4,267616000,545.06,118.57002150537635,1.0219668414891951,0.2649893119750182,302.94,1468370048,573.85,257.92264516129035,1.0091509659479159,-0.23479821721410787,3699.12,3638.35,3413.8196989247317,1.0079121834314075
4.43,1617926,32.85,4.569612903225806,0.9921510216278808,-0.23590264499681313,156.15,211242000,545.06,121.00967741935483,1.020575655490354,0.3677881800534215,306.38,1333609984,573.85,260.4658064516129,1.009860170628803,-0.15416030481427012,3663.46,3699.12,3436.663333333334,1.0066915175443498
4.59,1583949,32.85,4.5445806451612905,0.9945220178175607,-0.3569105421862856,151.25,224042000,545.06,123.01591397849461,1.016579141453185,0.23726518378305328,293.33,1307219968,573.85,262.0937634408602,1.006250175450764,-0.2399148933616866,3709.41,3699.12,3460.7515698924735,1.0070091929941172
4.31,750456,32.85,4.503892473118279,0.9910468808411766,-0.4777950428987974,147.97,113237000,545.06,124.72679569892473,1.0139078080639974,0.2121426333088272,287.38,689120000,573.85,263.3284086021506,1.0047107002665059,-0.23082537388246505,3703.06,3709.41,3482.808709677419,1.0063735114582728
4.42,934432,32.85,4.474838709677419,0.993549188038065,-0.6575523154281361,147.91,97680000,545.06,126.36870967741936,1.0131640837022544,0.04783518181504742,286.14,619209984,573.85,264.49210752688174,1.0044191924863273,-0.3257113889659716,3756.07,3709.41,3506.869182795699,1.0069083533216812
4.71,1235795,32.85,4.472709677419355,0.9995242214532873,-0.467189587781323,164.33,239191008,545.06,129.057376344086,1.0212763640107587,0.3235203019195445,312.78,1385229952,573.85,267.48286021505373,1.0113075309359394,-0.21246824503781525,3824.68,3756.07,3534.1472043010754,1.0077784542517865
4.9,1191508,32.85,4.486129032258064,1.003000274063496,-0.32419022371053485,166.17,234592000,545.06,131.7763010752688,1.0210675655139132,0.31498348169657375,322.58,1329280000,573.85,271.07683870967736,1.0134362945413926,-0.12812476270737694,3768.25,3824.68,3556.099913978494,1.0062116002555588
4.83,884920,32.85,4.496924731182795,1.0024064619735864,-0.1952241916091063,159.28,195022000,545.06,133.9576559139785,1.0165534684227002,0.3209069679849341,317.54,924000000,573.85,274.2893548387097,1.0118509428703828,-0.13152521088369817,3841.47,3824.68,3581.3345376344087,1.0070961514767123
4.32,899644,32.85,4.475827956989248,0.995308621901706,-0.28006861773153113,145.62,256680992,545.06,135.15711827956991,1.0089540411662745,0.2173046951665214,296.52,1217170048,573.85,276.0592043010753,1.0064524905219392,-0.14058083566350343,3714.24,3841.47,3596.570623655914,1.0042543040482248
4.77,873266,32.85,4.485827956989247,1.0022342234992263,-0.054927489978525146,159.99,195904000,545.06,137.22055913978494,1.01526697880571,0.32375363286338965,321.1,1015619968,573.85,279.3867741935484,1.0120538270074995,-0.03248802664888073,3886.83,3841.47,3621.6851397849455,1.006982906428653
5.18,999485,32.85,4.522301075268817,1.0081307438959493,0.027827137108695887,168.27,388652000,545.06,139.71802150537633,1.0182003511809572,0.3253713719200957,334.99,1193170048,573.85,283.5012688172043,1.0147268768735829,-0.016373670434234322,3934.83,3886.83,3648.3872043010747,1.007372828803587
5.37,1576455,32.85,4.570924731182796,1.0107519723045173,0.05418504986249639,166.41,168820992,545.06,141.98767741935484,1.0162445466198586,0.20986806866136387,345.23,762270016,573.85,288.15443010752693,1.0164131938799996,0.0002151580382154794,3906.71,3934.83,3671.7479784946236,1.0064030413674319
5.47,1624480,32.85,4.625892473118279,1.0120255189416036,0.1890151099211641,178.36,303455008,545.06,144.9441505376344,1.0208220401376646,0.4511375320333382,360.19,1363670016,573.85,293.641311827957,1.0190414623102708,0.15869967813214148,3811.15,3934.83,3687.4573978494623,1.0042784579570407
5.02,1372933,32.85,4.650752688172043,1.0053741445998214,-0.02945955431963776,188.08,313655008,545.06,148.4025806451613,1.0238604324127514,0.4561742645658462,396.54,1371990016,573.85,301.28389247311827,1.0260269258354187,0.2668266647260493,3841.94,3934.83,3703.9919139784947,1.0044839883814456
4.4,1976957,32.85,4.636967741935485,0.9970359752150193,-0.12519600311287127,187.34,238482000,545.06,151.68423655913978,1.0221131997820516,0.3023754806513581,400.82,1142089984,573.85,308.953247311828,1.0254555753902246,0.2274922053799755,3943.34,3934.83,3726.013182795699,1.0059452799381388
3.67,13072314,32.85,4.578559139784946,0.9874037074654828,-0.22514197973738792,172.33,274566016,545.06,153.884,1.0145022547547486,0.32943823481701906,370.11,1277709952,573.85,314.39651612903225,1.0176184224136355,0.22170188434673443,3913.1,3943.34,3744.856623655914,1.0050572662885955
3.54,5653933,32.85,4.51494623655914,0.9861063489006733,-0.15838250371241847,175.27,227144000,545.06,156.16604301075273,1.0148296314805487,0.28835644632603774,381.18,1064700032,573.85,320.3375053763441,1.0188964856241396,0.26593843295159036,3974.54,3943.34,3766.5543870967736,1.0057940171337394
3.57,2839264,32.85,4.456150537634409,0.9869775417371216,-0.06377418486633557,174.05,131496000,545.06,158.26331182795695,1.0134297365596938,0.2840397217564916,379.71,716380032,573.85,325.94989247311827,1.0175202310144125,0.2856144430240335,4019.87,3974.54,3790.1733763440857,1.0062707150408408
3.71,3035523,32.85,4.408107526881721,0.9892187190834463,0.15016403344760731,164.83,162006000,545.06,159.65843010752684,1.0088151717757965,0.3068452077281365,364.35,860060032,573.85,330.314559139785,1.0133906062479425,0.2600037019515411,4128.8,4019.87,3819.5450322580646,1.007749422782952
3.12,3674511,32.85,4.322752688172042,0.9806368519394857,-0.19779245800757295,162.62,177902000,545.06,160.80077419354842,1.0071549249560592,0.1879589453671877,365.19,829900032,573.85,334.4736989247312,1.0125914516023078,0.19608685232834855,4185.47,4128.8,3850.8785591397855,1.0082034709938206
3.03,2944506,32.85,4.236795698924731,0.9801152192947546,0.005500935751323488,157.53,220768992,545.06,161.52144086021502,1.0044817362993488,0.3300726885827354,358.74,869059968,573.85,337.97038709677423,1.0104542993463588,0.29862519249393404,4180.17,4185.47,3880.007784946237,1.0075643065235893
3.28,2512327,32.85,4.169634408602151,0.9841480932536761,-0.03227873944067383,164.21,238604000,545.06,162.55200000000002,1.0063803240876044,0.5072847389134267,371.6,931270016,573.85,342.0179354838709,1.0119760444749784,0.4210452095403787,4181.17,4185.47,3907.305376344086,1.0070354475843475
3.76,5087559,32.85,4.136021505376344,0.9919386449909225,0.01296390955752369,194.41,239639008,545.06,165.38679569892474,1.0174393160276387,0.7285833438222522,404.65,1020739968,573.85,347.87720430107527,1.0171314665381948,0.5143732967647641,4232.6,4185.47,3936.1302150537635,1.0073771655740529
4.91,5993152,32.85,4.1792473118279565,1.0104510594046536,0.32760692350055975,197.9,235544000,545.06,168.2504946236559,1.0173151605763275,0.8432911559916334,401.29,1101549952,573.85,353.15202150537635,1.015162871090961,0.5559726823223021,4173.85,4232.6,3959.540064516129,1.0059474275959759
4.95,3356045,32.85,4.2246236559139785,1.0108575398152675,0.45437632659286464,193.86,187919008,545.06,170.6391612903226,1.0141970855539515,0.6813184855157188,389.91,952190016,573.85,357.32165591397853,1.0118069107769179,0.49630833367203286,4155.86,4232.6,3980.3053118279568,1.0052443584288786
4.72,2322922,32.85,4.253978494623656,1.0069485097610018,0.4702286062311356,190.6,165094000,545.06,172.62245161290323,1.0116227149007508,0.6549488505455097,389.82,1000030016,573.85,361.1415053763441,1.010690226576374,0.5122205955965411,4204.11,4232.6,4002.6985806451607,1.0056260178712069
5.29,1713939,32.85,4.31905376344086,1.0152975077094182,0.842144025096279,214.95,219292992,545.06,175.9790107526882,1.0194445108873316,0.8523150742232011,415.85,931670016,573.85,366.26866666666666,1.0141970978522103,0.697217928281805,4229.89,4232.6,4024.7461505376345,1.005508176408557
5.08,1694871,32.85,4.366903225806452,1.011078691071322,0.8905922511256454,208.21,147750000,545.06,178.65729032258065,1.01521931256709,0.5152713235769022,413.47,844689984,573.85,370.8180430107527,1.0124208723216457,0.4395859611791064,4247.44,4232.6,4046.376623655914,1.0053743695401485
4.71,2312765,32.85,4.38716129032258,1.004639000103417,0.5615330546053745,186.72,234198000,545.06,179.75918279569893,1.0061676322926913,0.20931026663571473,391.92,1127040000,573.85,373.6353333333334,1.0075975006493925,0.295386515516205,4166.45,4247.44,4061.3576559139788,1.0037023326426122
5.21,7129218,32.85,4.437698924731182,1.0115194384396309,0.502884338647617,198.39,181332992,545.06,181.49567741935485,1.0096601163659578,0.1566778747524098,418.03,859089984,573.85,377.86901075268815,1.0113310413701633,0.26498265697031065,4280.7,4247.44,4082.4001720430106,1.0051811531787629
4.85,2093442,32.85,4.463182795698925,1.005742586732444,0.42875549532869095,196.16,159550000,545.06,182.96963440860216,1.0081211685600735,0.04226154330317744,413.52,826560000,573.85,381.53636559139784,1.0097053601495518,0.18843483154645213,4352.34,4280.7,4106.683225806452,1.005948229654147
4.74,2611333,32.85,4.480559139784947,1.0038932629205255,0.37025070703256757,186.68,143366000,545.06,183.74647311827954,1.0042457247738854,-0.08532159310488718,399.42,699204736,573.85,384.0562365591398,1.0066045368017176,0.11093661598938742,4369.55,4352.34,4130.67182795699,1.0058413568399414
4.21,1925972,32.85,4.463075268817204,0.9960978372514949,0.2316409975498197,167.4,169286000,545.06,183.21378494623656,0.997100961106883,-0.1797514995021896,368.6,828216704,573.85,384.38763440860214,1.000862888863442,0.09006927058435976,4327.16,4369.55,4150.40711827957,1.0047777434626999
4.38,1663606,32.85,4.457376344086021,0.9987230946403705,0.3586402379647843,167.87,249659008,545.06,182.67668817204304,0.9970684696331604,-0.15731392280567857,367.17,1000337664,573.85,384.4649032258065,1.000201017957623,0.08625325782852888,4411.8,4369.55,4174.274559139784,1.0057506264277294
4.38,874403,32.85,4.45152688172043,0.9986876893683542,0.3179386869902743,172.15,184832992,545.06,182.3729247311828,0.9983371526826993,-0.10878000624705386,372.99,806608384,573.85,384.746064516129,1.0007313054792868,0.13334754137367155,4395.26,4411.8,4195.550731182796,1.0050969747537153
4.39,1075121,32.85,4.446408602150537,0.9988502193279096,0.2645876181548813,169.14,178220992,545.06,181.8228387096774,0.9969837297816208,-0.2858413008739884,374.19,882087808,573.85,384.917870967742,1.0004465450525895,0.036364529694058234,4436.52,4411.8,4218.11423655914,1.0053779603256003
4.2,2146019,32.85,4.429720430107527,0.9962468199537625,0.1583099803593916,169.6,136000992,545.06,181.29208602150536,0.9970809349807837,-0.2706051726452521,371.14,692964096,573.85,384.7608387096775,0.9995920369774735,-0.03515997704058038,4468.0,4436.52,4241.392924731183,1.0055187429421142
3.5,2522915,32.85,4.369376344086022,0.9863774504568361,-0.040196243381050545,157.21,191336000,545.06,179.95460215053762,0.9926224916910654,-0.2935959906396908,343.95,885270016,573.85,382.74518279569895,0.9947612758077506,-0.07307164766531282,4441.67,4468.0,4261.46806451613,1.0047331478458152
3.91,1640517,32.85,4.338344086021505,0.9928977832027402,0.11956186859060125,174.94,143358000,545.06,179.76544086021508,0.9989488388290048,-0.07680059405829676,369.21,754969984,573.85,382.3024086021505,0.9988431619431124,0.03106757021058293,4509.37,4468.0,4284.620193548388,1.0054328998086455
3.98,1802234,32.85,4.312709677419355,0.9940911997541306,0.041903012052150745,170.74,136124992,545.06,179.2422580645161,0.997089636399547,-0.22126821077193637,363.88,839729984,573.85,381.35944086021505,0.9975334506905585,-0.0336416800128283,4535.43,4509.37,4307.743655913979,1.005396852304531
3.75,894092,32.85,4.273935483870968,0.9910093197899681,-0.15087633230577646,166.87,134964992,545.06,178.44627956989248,0.995559202928937,-0.23286785211994043,357.39,581830016,573.85,379.9057634408602,0.9961881698376842,-0.06623846395833333,4458.58,4535.43,4324.514215053764,1.0038931191081348
4.28,2079018,32.85,4.272430107526882,0.9996477774758726,-0.12781484493688555,173.48,304132000,545.06,178.0797634408602,0.9979460702127515,-0.1885823697667932,369.23,1179379968,573.85,379.1677849462365,0.9980574695999879,-0.06519294485952187,4432.99,4535.43,4338.507462365591,1.0032357963498226
4.61,3434515,32.85,4.294559139784946,1.0051794954396278,-0.0766640352008443,177.04,177464992,545.06,177.92772043010748,0.9991462083741861,-0.2448071174498454,386.57,956280000,573.85,379.49690322580653,1.000868001693806,-0.09582533181473685,4455.48,4535.43,4352.819892473119,1.0032989294663386
4.54,2674479,32.85,4.314021505376344,1.0045318657766515,0.022680265183006587,185.71,214899008,545.06,178.33787096774194,1.0023051525453313,-0.23904246818190067,408.94,1223760000,573.85,381.2125161290323,1.0045207560025988,-0.10280500337403353,4357.05,4535.43,4359.396344086021,1.0015108485476907
4.55,1412144,32.85,4.3351612903225805,1.0049002502467572,0.17707074816513368,193.66,229984992,545.06,179.26602150537633,1.0052044500284647,-0.1175920159137529,429.46,1280649984,573.85,384.22533333333325,1.0079032483898855,-0.042160826945072394,4391.36,4535.43,4367.078580645161,1.0017622248478422
5.19,1427269,32.85,4.397268817204301,1.014326462782449,0.5500347205132651,206.87,218016992,545.06,181.03283870967743,1.00985583988234,-0.003633495407821652,434.44,923900032,573.85,387.49784946236565,1.008517179491112,0.031146251417721205,4471.37,4535.43,4378.959268817204,1.0027205116538773
4.91,1182543,32.85,4.438043010752688,1.009272617900652,0.5150956755445957,202.39,245424000,545.06,182.4363440860215,1.0077527667706458,-0.0376473394966661,439.56,932460032,573.85,390.96234408602146,1.008940680905617,0.009652590160898145,4544.9,4535.43,4394.383247311828,1.0035222932089045
4.28,1292615,32.85,4.435225806451613,0.9993652147367096,0.3716444549841572,195.85,205343008,545.06,183.35959139784947,1.0050606545337952,-0.06578091922798124,436.19,850320000,573.85,394.083870967742,1.0079842136434338,0.0030911310067187614,4605.38,4544.9,4412.482580645161,1.0041187425662985
4.42,2163421,32.85,4.439913978494624,1.0010570311969667,0.23548406981088654,198.92,177404992,545.06,184.43402150537636,1.0058596886006121,0.012148884875182064,442.0,896289984,573.85,397.45877419354844,1.008563921221944,0.07537220831878533,4697.53,4605.38,4435.267913978494,1.0051638353051586
4.42,988292,32.85,4.443075268817204,1.0007120161196574,0.4818134776309174,192.88,155470000,545.06,185.0454623655914,1.0033152281516413,0.022386806947434446,434.6,720120000,573.85,400.1892688172043,1.0068698813586292,0.07123052361953586,4682.85,4697.53,4455.883075268817,1.004648008122655
3.81,1346255,32.85,4.4040860215053765,0.9912247160012198,0.258933542539462,177.48,197092000,545.06,184.59827956989247,0.9975833895628555,-0.013179459131164917,411.91,831660032,573.85,401.30662365591394,1.002792065969215,0.02434502257057236,4697.96,4697.53,4476.403440860216,1.0046052298152282
3.7,900629,32.85,4.356322580645162,0.9891547438839787,0.24715561061039693,176.75,154614000,545.06,184.06109677419354,0.9970899902374467,-0.04083649748586016,418.74,720019968,573.85,402.7502795698925,1.0035973887020024,0.02797303005609808,4594.62,4697.96,4489.143182795699,1.0028459771563922
3.09,1827685,32.85,4.268301075268818,0.9797945391446866,-0.05702789181699974,177.06,267435008,545.06,183.51694623655914,0.9970436417734597,-0.2170872213851266,415.28,1205639936,573.85,403.8693333333334,1.0027785300723713,-0.0459862081262139,4538.43,4697.96,4497.368623655913,1.0018322963927142
3.18,2014170,32.85,4.18752688172043,0.9810757975775407,-0.24198553061739536,189.97,166115008,545.06,183.8430107526882,1.0017767542606597,-0.21040041312906432,430.61,786200000,573.85,405.9545591397849,1.0051631199359485,-0.05587414259365864,4712.02,4697.96,4516.135720430108,1.0041729060578848
2.92,2371646,32.85,4.093698924731183,0.9775934675431389,-0.3281132912017607,177.14,208527008,545.06,183.3583870967742,0.9973639266789102,-0.2646868911115372,408.68,1041520000,573.85,406.5618924731183,1.0014960623539253,-0.06369794691972919,4620.64,4712.02,4527.849978494624,1.002593867587177
3.02,1254319,32.85,4.010688172043011,0.9797223112362561,-0.30542159721366646,181.15,104306000,545.06,183.16843010752686,0.9989640125425673,-0.20966620511394585,418.37,601980032,573.85,407.75402150537633,1.002932220294938,-0.05084678533208442,4725.78,4712.02,4545.347935483872,1.0038645178334873
2.98,2866065,32.85,3.9287526881720423,0.9795707169552322,-0.28252495376731346,182.14,109233000,545.06,183.06266666666667,0.9994225891394161,-0.3200497397841896,422.74,544929984,573.85,409.1666881720431,1.0034645070119759,-0.1102173287310515,4766.18,4725.78,4564.33047311828,1.0041762562302916
3.47,1667416,32.85,3.883397849462365,0.988455664606677,-0.22860263783546386,207.55,206875008,538.2,184.66681720430105,1.0087628491753338,-0.09163643275323963,467.58,1073810048,573.85,413.457440860215,1.0104865640635137,0.029729451272354268,4677.02,4766.18,4576.407440860215,1.002645945076296
3.54,1165553,32.85,3.8460215053763447,0.9903753502641521,-0.08743976041937729,223.81,258691008,538.2,187.32141935483872,1.0143750901798498,0.10277555732819121,491.98,1031980032,573.85,419.2060215053763,1.0139036816780977,0.13616501015799276,4662.85,4766.18,4586.646387096775,1.0022373327482037
3.0,860200,32.85,3.7763225806451617,0.9818776560053679,-0.22958600939404494,215.89,206859008,534.5,189.38529032258066,1.0110178055176509,0.03726446898281943,476.81,889699968,573.85,423.7607096774193,1.0108650351817157,0.11322620985997989,4397.93,4766.18,4578.7261935483875,0.9982732059810261
5.07,72360472,32.85,3.8449247311827954,1.0181663904691938,0.23246388478845748,232.9,348264000,524.4,192.50894623655915,1.0164936564432114,0.13860453613716284,500.72,1344579968,573.85,429.7315698924731,1.0140901694722926,0.1926041753735659,4431.85,4766.18,4572.742279569893,0.9986931050852252
5.64,4889936,32.85,3.9498279569892474,1.0272835577132822,0.37428077190891074,229.5,276993984,519.12,195.33423655913978,1.0146761507857867,0.20994073643194766,525.45,1125289984,573.85,437.11038709677416,1.0171707589604073,0.2855546068111541,4500.54,4766.18,4571.018989247312,0.9996231385419903
5.9,3533919,32.85,4.069569892473118,1.0303157344542024,0.5761145753617112,243.55,229370000,507.93,198.97389247311827,1.018632964594901,0.4700552050870971,534.65,1051340032,573.85,444.81172043010747,1.0176187378764538,0.42934744737421626,4418.64,4766.18,4563.730129032258,0.9984054189597114
5.81,1617307,32.85,4.179870967741936,1.0271038655639815,0.36966129629644673,239.76,264267008,507.9,202.20526881720428,1.0162402026915294,0.4620930328372438,514.82,990190016,573.85,450.8766021505377,1.0136347165370683,0.4163938228543742,4348.87,4766.18,4551.743247311828,0.9973734464173997
5.77,1997364,32.85,4.284516129032258,1.0250355004013088,0.4265597576897624,238.83,241858000,507.9,205.22204301075263,1.0149193649166262,0.39781793795866116,521.54,1012689984,573.85,457.0575053763441,1.013708636013325,0.40068883975064207,4384.62,4766.18,4542.198150537634,0.9979029799671081
6.23,1487436,32.85,4.415849462365591,1.0306530141043015,0.5128459104045017,248.38,330960000,491.0,208.71154838709677,1.0170035602664833,0.4688985178502014,569.81,1665910016,573.85,466.0331397849462,1.0196378667958017,0.5470470572553673,4328.87,4766.18,4529.079161290323,0.997111753205712
6.21,2767144,32.85,4.541935483870968,1.0285530615524725,0.598822594299939,275.24,473260992,491.0,213.7635483870968,1.0242056562707784,0.6413312067513167,580.55,2098160000,573.85,475.2809892473118,1.0198437593228522,0.6232519781414363,4204.31,4766.18,4508.155548387097,0.9953801618037373
6.31,1322009,32.85,4.670150537634409,1.0282291666666667,0.9533262057853603,258.27,363521984,490.88,217.49352688172044,1.0174490857901983,0.6403487265713168,559.78,1632099968,580.55,482.7384946236559,1.0156907293686506,0.6226814872219308,4463.09,4766.18,4504.4944946236565,0.9991879042938635
6.65,1556634,32.85,4.814258064516129,1.0308571481198368,0.9140142702612913,281.38,272796000,490.88,222.49713978494623,1.023005801482758,0.598938425599602,601.34,1137689984,580.55,492.4131397849463,1.020041171916138,0.621254107264942,4543.04,4766.18,4505.945440860215,1.0003221107803084
6.28,2053581,32.85,4.9286021505376345,1.0237511335057603,0.7772016893269651,271.38,233858000,490.88,226.62668817204298,1.0185600066189082,0.5757004911155483,586.89,970540032,601.34,500.65632258064517,1.0167403794287435,0.6105672074949837,4545.86,4766.18,4507.505913978494,1.0003463142505298
6.99,904434,32.85,5.083806451612903,1.0314905314599876,1.0777596222587995,278.27,206256000,483.47,230.98432258064514,1.0192282490811235,0.6048547921815706,605.71,905900032,601.34,509.6341075268817,1.0179320314980949,0.688153874198177,4488.28,4766.18,4505.329118279569,0.99951707313524
7.49,1281454,32.85,5.264301075268817,1.035503834651032,0.978717672413793,281.51,36575000,483.47,235.31141935483873,1.018733292051381,0.5772124567554981,607.63,694819968,605.71,518.2017419354838,1.0168113442214035,0.654781499544626,4392.59,4766.18,4496.914903225807,0.9981323861514084
6.79,1059015,32.85,5.392731182795699,1.024396421422444,0.7410655294344949,261.49,316399008,483.47,238.11458064516125,1.0119125595264693,0.40234139476321507,579.9,1000800000,607.63,524.4676559139784,1.012091649779276,0.5413465340105876,4271.78,4766.18,4480.793376344086,0.9964149806637086
6.79,1194421,32.85,5.516473118279569,1.0229460604078766,0.7968030484200415,246.64,282972992,483.47,239.77806451612904,1.006986064719181,0.29111578188850573,572.41,1127609984,607.63,529.8345806451613,1.0102330900116805,0.4514087796373287,4131.93,4766.18,4456.044322580645,0.9944766357908621
5.88,1340975,32.85,5.63836559139785,1.0102456410750411,0.39714153091303084,257.83,228064000,483.47,244.54673118279567,1.0086727908594635,0.31254302631173814,612.25,1187629952,607.63,537.4202795698925,1.0143171080217044,0.48666101618188695,4023.89,4766.18,4400.566344086023,0.9930811775972718
5.82,658517,32.85,5.690193548387096,1.0091920178195461,0.5061802551003038,261.19,194463008,483.47,246.7565806451613,1.0090365119651254,0.4017586372352967,618.93,1017340032,612.25,545.0438494623655,1.014185489796876,0.5247383436370999,3901.36,4766.18,4362.964645161291,0.9914552591678875
6.08,893797,32.85,5.75683870967742,1.0117122837252548,0.7486041385835996,296.26,202848992,483.47,251.10255913978492,1.017612411726815,0.575031420087486,669.03,961569984,618.93,555.5029247311828,1.0191894198588503,0.663640846765888,4158.24,4766.18,4343.319806451613,0.9954973646803522
6.2,1128843,32.85,5.827354838709678,1.0122491062523113,0.7142428956358289,296.74,207998000,483.47,255.2635698924731,1.01657096115206,0.582374878115975,676.93,989030016,669.03,565.9781935483871,1.0188572703235963,0.6490062435000725,4108.54,4766.18,4321.430107526882,0.9949601457179793
5.78,537176,32.85,5.866946236559141,1.0067940599028682,0.5383870868849898,287.73,199476992,483.47,258.6329247311828,1.0131995131155183,0.6380008043263884,670.72,946700032,676.93,575.5350967741934,1.016885638589518,0.642848977347901,3900.86,4766.18,4287.408344086021,0.9921271980352978
4.75,1855342,32.85,5.83716129032258,0.9949232624545016,0.48947369517555395,229.66,338332992,483.47,258.0518494623656,0.9977532819171374,0.48591777353591514,555.65,1643440000,676.93,577.1762580645161,1.002851539896561,0.4455221710324737,3674.84,4766.18,4240.486344086022,0.9890558593363931
4.56,1148996,32.85,5.7930967741935495,0.992451036739025,0.47826236940931066,220.85,277047008,483.47,256.7901720430107,0.995110760019804,0.37147170207032765,547.02,1236310016,676.93,578.000322580645,1.0014277519295274,0.5457881775665576,3911.74,4766.18,4211.0484731182805,0.993057902188791
