46.11,6475,49.97,40.379956989247304,1.0148525447143748,0.517395834995918,514.44,1088259968,504.41,459.50711827956997,1.0104092517897494,0.22413946464550172,501.29,24554956,490.56,451.7730322580646,1.0095712842058482,0.0384164846391577,2872.87,2810.3,2636.615548387097,1.0077351470270977
48.0,4429,49.97,41.057096774193546,1.0167692052056063,0.5946978132865082,505.37,1118230016,514.44,463.45305376344095,1.008587321777832,0.19212513547090404,487.21,24554956,501.29,454.9504946236559,1.00703331571101,0.03336696038461584,2762.13,2872.87,2648.7425161290316,1.0045994448259068
49.0,9024,49.97,41.75858064516129,1.0170855692701746,0.5683137069343145,477.28,2088390016,514.44,465.4187741935485,1.0042414661294063,0.197677286324776,458.95,24554956,501.29,456.1507311827957,1.0026381695883915,0.04635440332329788,2619.55,2872.87,2650.9461505376344,1.0008319549352889
49.0,5676,49.97,42.41916129032258,1.0158190397028697,0.553253012849628,501.14,1155330048,514.44,468.80281720430105,1.007270963696332,0.26240941543121865,480.61,24554956,501.29,458.6493548387096,1.0054776272076447,0.062268499299136026,2732.22,2872.87,2660.074129032258,1.0034432908012003
49.5,12747,49.97,43.07238709677419,1.0153993098067369,0.6213284632264331,503.2,780060032,514.44,472.1344731182796,1.0071067318533766,0.2674197987616682,482.42,24554956,501.29,461.11662365591405,1.0053794228448705,0.05504209209247257,2747.3,2872.87,2669.616559139785,1.0035872797691539
49.5,6544,49.97,43.68363440860215,1.0141911640618995,0.5510802262448102,491.08,1210850048,514.44,474.4981505376344,1.0050063648259862,0.23884635988915937,471.44,24554956,501.29,462.72752688172034,1.0034934833037126,0.0335589191395671,2691.25,2872.87,2674.9510322580645,1.0019982169724024
49.25,11536,49.97,44.23965591397849,1.012728370999892,0.5668162842195785,507.97,989889984,514.44,477.80961290322585,1.006978873072191,0.2676205472568839,492.13,24554956,501.29,465.5645376344086,1.006131061127499,0.06033391887294015,2786.57,2872.87,2685.9740645161287,1.0041208351574045
49.25,14644,49.97,44.758,1.011716729601817,0.5094972130292448,495.4,1187459968,514.44,480.10124731182793,1.004796124537298,0.23486470015502936,480.3,24554956,501.29,467.46064516129024,1.004072706088217,0.04368226116713814,2752.01,2872.87,2694.024946236559,1.0029973788007818
49.25,3041,49.97,45.24208602150537,1.0108156312057146,0.4230215770185952,455.16,1213730048,514.44,479.60858064516134,0.9989738275636126,0.18270118703804894,445.64,24554956,501.29,466.9643440860216,0.9989383040467558,0.025794809740165014,2588.26,2872.87,2690.809247311828,0.9988063588909141
49.23,10299,49.97,45.694752688172045,1.010005433137002,0.4507090700710321,466.02,1015209984,514.44,479.72427956989253,1.0002412361442232,0.18556463868925432,457.53,24554956,501.29,467.15987096774194,1.0004187190825096,0.048923619522257544,2640.87,2872.87,2690.6754623655916,0.999950280776547
49.2,5956,49.97,46.11068817204301,1.0091024780615265,0.3938232032092017,461.81,1171890048,514.44,479.45113978494624,0.9994306317262258,0.2341553446118625,450.91,24554956,501.29,466.82660215053767,0.9992866064961575,0.0731785227611772,2604.47,2872.87,2687.839913978495,0.9989461574140928
52.0,8344,49.97,46.674408602150535,1.0122253744729255,0.29675055414403273,465.35,1133910016,514.44,479.26374193548384,0.9996091408823297,0.20359474407086964,455.57,24554956,501.29,466.6814408602151,0.9996890466617501,0.04384033967629253,2656.3,2872.87,2688.040623655914,1.0000746732260262
50.5,5396,52.0,47.112494623655905,1.009386000479183,0.32932582146459977,469.88,1305049984,514.44,479.2568387096774,0.9999855961859778,0.15753567568056348,462.86,24554956,501.29,466.9124946236559,1.000495099533024,0.02789987237016045,2670.14,2872.87,2688.798602150537,1.0002819817855255
50.5,6546,52.0,47.520795698924736,1.0086665135975164,0.35864941783743753,470.82,1101379968,514.44,479.221505376344,0.9999262747435622,0.1177390518380198,459.78,24554956,501.29,466.85847311827956,0.9998843005788057,0.011791189263401058,2669.91,2872.87,2689.180623655914,1.0001420788842539
50.5,7868,52.0,47.8958064516129,1.0078915082791142,0.35439785416858594,464.54,1056470016,514.44,478.70759139784946,0.9989276066021058,0.08154463181681315,452.01,24554956,501.29,466.23713978494624,0.9986691184392922,-0.01099650283790643,2663.42,2872.87,2688.8201720430106,0.9998659622898765
50.99,6687,52.0,48.27120430107527,1.0078378020389243,0.41399527843472117,485.12,892419968,514.44,479.47709677419357,1.0016074643272255,0.16201501620059022,468.28,24554956,501.29,466.6337419354839,1.0008506446970753,0.011864688427063896,2727.72,2872.87,2692.3627526881723,1.0013175223400939
50.95,3803,52.0,48.61120430107527,1.0070435367197255,0.43236633302018035,476.79,890600000,514.44,479.6006021505378,1.0002575834741119,0.13471904000965085,463.09,24554956,501.29,466.6207096774193,0.999972071762298,-0.005898240710692004,2712.97,2872.87,2694.5783440860214,1.0008229171182959
50.0,4202,52.0,48.856645161290324,1.0050490594451211,0.47424385833582094,476.01,1013459968,514.44,479.6104946236559,1.0000206264818554,0.08262855261758906,461.21,24554956,501.29,466.4411397849462,0.9996151694754456,-0.016819027115066332,2721.33,2872.87,2697.037032258064,1.0009124574824253
50.9,6331,52.0,49.12892473118279,1.0055730304238777,0.3941290027291733,469.05,1117440000,514.44,479.12449462365595,0.9989866777198416,0.06738729689228029,455.23,24554956,501.29,465.8398924731182,0.9987109899609087,-0.031541772207927865,2734.62,2872.87,2700.0515053763443,1.00111769808209
60.0,21069,52.0,49.95782795698925,1.0168720001575842,0.5134010888467808,479.98,919649984,514.44,479.3110752688172,1.000389419967576,0.1589719144922097,465.17,24554956,501.29,465.85589247311833,1.000034346564686,-7.418323771157809e-05,2779.03,2872.87,2705.615483870967,1.0020606934658631
60.7,28585,60.0,50.78658064516129,1.0165890456423674,0.4668635572944697,467.93,1265360000,514.44,478.62165591397843,0.9985616452646079,0.12473888950830869,456.35,24554956,501.29,465.2321075268817,0.9986609916149711,-0.024817460454009455,2779.66,2872.87,2710.797032258065,1.0019151089347273
62.72,306796,60.7,51.69866666666666,1.0179591933522358,0.5204144905507082,462.79,1161959936,514.44,477.5364731182796,0.9977326918197494,0.0924865212893784,449.85,24554956,501.29,464.13952688172037,0.9976515364535579,-0.022516773877369722,2754.88,2872.87,2713.948021505376,1.0011623847930387
61.99,70513,62.72,52.513720430107526,1.0157654697111633,0.45667622865930646,454.95,1232690048,514.44,475.89251612903223,0.9965574210939062,0.003385030096279107,441.15,24554956,501.29,462.45197849462363,0.9963641355899283,-0.06267867756455414,2718.37,2872.87,2714.415655913979,1.0001723077984168
58.8,23362,62.72,53.07677419354839,1.0107220314772831,0.28285426893327714,456.86,654800000,514.44,474.3896129032258,0.9968419271686992,-0.037221478767168525,442.61,24554956,501.29,460.89187096774197,0.9966264442592285,-0.08584004893168873,2759.82,2872.87,2717.393720430108,1.0010971291407196
58.77,15364,62.72,53.6041935483871,1.0099369142690442,0.2215906998023356,458.76,1082840064,514.44,473.0415483870967,0.9971583178057398,-0.015800993075670733,447.65,24554956,501.29,459.7017634408603,0.9974178161910672,-0.07972080260207082,2801.31,2872.87,2722.815612903226,1.00199525465609
59.99,8797,62.72,54.177483870967755,1.0106948782293155,0.2928696371392443,474.31,1315559936,514.44,472.72399999999993,0.9993287093106736,-0.007460917316364113,457.59,24554956,501.29,459.1856129032258,0.9988772056609678,-0.06338347731196503,2801.83,2872.87,2728.0011612903227,1.0019044801868047
62.96,12268,62.72,54.90582795698924,1.0134436676268717,0.41667622861507847,487.57,1179480064,514.44,473.2735268817205,1.0011624687591927,0.04712434094931539,466.93,24554956,501.29,459.29133333333334,1.0002302346309135,-0.04786753536326227,2818.82,2872.87,2734.0280215053763,1.002209258669158
61.35,8947,62.96,55.48372043010754,1.0105251572487166,0.20022912597398634,491.36,1025459968,514.44,474.03765591397837,1.001614561112878,-0.01847670427695336,466.49,24554956,501.29,459.36223655913966,1.0001543752748212,-0.046939904201943494,2840.35,2872.87,2741.1316344086026,1.0025982224203083
60.15,5906,62.96,55.953096774193554,1.0084597128751898,0.13470089888437253,486.4,803849984,514.44,474.4649032258065,1.0009012940353954,-0.07521747303724191,463.85,24554956,501.29,459.27449462365587,0.9998089918402064,-0.06145649138362819,2833.28,2872.87,2747.570086021505,1.002348829779673
59.28,6482,62.96,56.34445161290323,1.0069943374231642,0.28645155694336033,487.58,881200000,514.44,474.9931827956989,1.0011134218069677,-0.10677953407534302,466.68,24554956,501.29,459.4158709677419,1.0003078253761988,-0.06285192477239687,2850.13,2872.87,2754.9944731182795,1.0027021647726282
59.25,8584,62.96,56.703935483870964,1.006380111274087,0.3218729923519118,488.18,745089984,514.44,475.5963655913979,1.0012698767425436,-0.08937594908495083,467.79,24554956,501.29,459.6802150537634,1.0005753917152767,-0.06746109765977049,2874.69,2872.87,2763.9177204301077,1.0032389347415744
59.49,4941,62.96,57.05064516129032,1.0061143847329252,0.2508377058443657,487.86,827270016,514.44,476.235376344086,1.001343598897972,-0.10824318483493056,469.32,24554956,501.29,460.115311827957,1.0009465205591732,-0.0871839567829169,2901.52,2874.69,2774.5680215053767,1.0038533350673013
58.49,2444,62.96,57.30812903225807,1.004513250818458,0.2481273366325426,485.37,680310016,514.44,476.7513978494624,1.0010835429936722,-0.08890938787760128,468.63,24554956,501.29,460.5443655913979,1.0009324918176192,-0.07515773362432077,2871.68,2901.52,2782.9933978494623,1.0030366443636565
69.45,109679,62.96,58.25230107526882,1.0164753597605547,0.38200696759772956,476.6,940960000,514.44,476.6842150537634,0.9998590821212018,-0.13754521026518984,466.98,24554956,501.29,460.84615053763434,1.0006552787717833,-0.09159042572849785,2904.98,2901.52,2793.0249462365587,1.0036045893586554
72.05,193274,69.45,59.32023655913979,1.0183329321616168,0.4071962593182794,488.06,1223849984,514.44,477.4091612903225,1.0015208102422215,-0.11444577855396998,477.54,24554956,501.29,461.8585376344087,1.0021968005929816,-0.07649720508385882,2929.67,2904.98,2804.277870967742,1.0040289381397562
68.98,64487,72.05,60.14161290322581,1.0138464778923655,0.3578348891390688,465.99,1007400000,514.44,476.7427956989247,0.9986042044321127,-0.14643033994628485,458.18,24554956,501.29,461.63238709677427,0.9995103467421155,-0.1108873897558007,2913.98,2929.67,2814.126344086021,1.0035119462376532
66.9,24063,72.05,60.78690322580646,1.0107295147474509,0.28426565624599665,472.62,1063379968,514.44,476.5581290322581,0.9996126492768582,-0.09722457532969375,465.07,24554956,501.29,461.87926881720426,1.0005348015592723,-0.0905130195229773,2885.57,2929.67,2821.662924731183,1.0026781244776022
67.23,37719,72.05,61.415526881720425,1.0103414324888176,0.2820913671612588,446.78,1397030016,514.44,474.7823870967742,0.9962738188117998,-0.08331163994679425,439.16,24554956,501.29,460.5127311827957,0.9970413531702601,-0.09114896516615123,2767.13,2929.67,2821.3453118279567,0.9998874376877399
65.8,11681,72.05,61.913225806451614,1.008103796385069,0.25122706563054065,446.98,1488760064,514.44,473.1241075268817,0.9965072849900085,-0.07519284990522601,442.52,24554956,501.29,459.45144086021514,0.9976954158903388,-0.07636050479473588,2767.78,2929.67,2821.0371182795698,0.9998907636200735
65.75,9237,72.05,62.37210752688172,1.0074116913543583,0.2809049487961657,425.3,1699010048,514.44,470.08470967741937,0.9935758973150832,-0.10148913272810067,419.35,24554956,501.29,456.90202150537635,0.9944511669175189,-0.09019585620832016,2658.69,2929.67,2813.304795698925,0.9972590496840537
63.76,19171,72.05,62.6670752688172,1.0047291610566205,0.28487939311233146,445.94,1464419968,514.44,468.464494623656,0.9965533551285358,-0.06889813634762332,437.89,24554956,501.29,455.6308387096774,0.9972178219052069,-0.07440819807069943,2723.06,2929.67,2809.6870537634413,0.9987140597275438
62.0,9299,72.05,62.81718279569892,1.0023953172577118,0.1717328733342003,452.44,1068590016,514.44,467.2977634408602,0.9975094565411343,-0.11320221667652908,449.32,24554956,501.29,455.1250752688172,0.9988899710074663,-0.060667840517387606,2781.01,2929.67,2809.5529892473123,0.9999522848938107
58.0,7718,72.05,62.687720430107525,0.9979390612595213,0.13356782827626845,448.24,1221270016,514.44,465.8878279569893,0.9969827900020555,-0.15197765668690244,443.61,24554956,501.29,454.26436559139785,0.998108850238781,-0.06635574109371034,2736.27,2929.67,2806.2642795698926,0.9988294544754962
57.99,5476,72.05,62.541483870967745,0.9976672216163479,0.15150954114660742,436.0,798049984,514.44,463.734752688172,0.9953785543652021,-0.13657368064647557,430.5,24554956,501.29,452.5992473118279,0.996334473038839,-0.04969339523122629,2632.56,2929.67,2796.142387096774,0.996393107895501
61.1,11285,72.05,62.57978494623656,1.0006124107216232,0.19179672469616627,453.7,1119670016,514.44,462.7984946236559,0.9979810483059792,-0.1047742078399414,447.08,24554956,501.29,452.0667741935484,0.9988235218652216,-0.0472323146116399,2760.17,2929.67,2794.333720430108,0.9993531564504681
58.48,8903,72.05,62.426258064516134,0.9975467016728753,0.11462022806265137,417.37,1361890048,514.44,459.54167741935487,0.9929627748531259,-0.21718471986637178,415.43,24554956,501.29,449.5029677419355,0.9943286996568449,-0.0781641842058195,2633.08,2929.67,2784.117634408602,0.9963439993058762
59.73,6310,72.05,62.3372688172043,0.9985744901252952,0.08193255303292979,395.49,1556199936,514.44,455.01894623655915,0.9901581697481847,-0.2635262167726473,400.72,24554956,501.29,446.1037849462366,0.9924379080014208,-0.09302310210355058,2599.95,2929.67,2771.9676559139784,0.9956359679833698
64.31,30350,72.05,62.52488172043011,1.0030096426549575,0.16806008950503037,372.48,2085670016,514.44,449.1865376344086,0.9871820532960437,-0.22083015356942848,379.4,24554956,501.29,441.463247311828,0.9895976277471669,-0.0654102515373497,2416.62,2929.67,2748.2329892473126,0.9914376105305457
63.85,22444,72.05,62.652043010752685,1.002033770985624,0.16639636389705803,383.25,1127750016,514.44,444.2716129032258,0.9890581655517401,-0.16841977758024151,392.06,24554956,501.29,437.8154193548387,0.991736961164487,-0.047754203020679786,2485.74,2929.67,2729.6129677419353,0.9932247296432909
65.23,12478,72.05,62.8403870967742,1.0030061922480196,0.04668134181716144,401.73,1059400000,514.44,440.7334623655914,0.9920360643469581,-0.12999154994517148,402.54,24554956,501.29,434.97956989247314,0.9935227282160495,-0.04572663087446893,2531.94,2929.67,2714.508817204301,0.9944665596492498
60.97,13589,72.05,62.74264516129031,0.9984446000414771,-0.04968829737027147,405.82,1175779968,514.44,437.62746236559144,0.992952656729696,-0.15027199005768455,406.73,24554956,501.29,432.5487311827956,0.994411602571867,-0.042753040207973214,2596.26,2929.67,2704.085720430108,0.996160227328004
62.07,8287,72.05,62.71529032258065,0.999564015214224,-0.09009144537011615,435.73,1628960000,514.44,436.5847096774193,0.9976172594778775,-0.07248616038305034,431.64,24554956,501.29,431.8316989247312,0.9983423087241438,-0.009927105110849155,2670.71,2929.67,2698.860258064516,0.9980675677822962
60.99,3804,72.05,62.619655913978484,0.9984751021942135,-0.08691958063238092,437.49,1056969984,514.44,435.71369892473115,0.9980049444394612,-0.056852336042022,431.63,24554956,501.29,431.1531827956989,0.9984287486751857,-0.0018585843155485282,2664.76,2929.67,2693.4319354838713,0.9979886611155859
58.9,5629,72.05,62.39133333333332,0.9963538193030187,-0.07788420200794066,431.66,1269209984,514.44,434.50410752688174,0.9972238848564218,-0.08494884933767721,432.1,24554956,501.29,430.5254623655914,0.9985440895367228,-0.004436279278714261,2706.53,2929.67,2690.8137419354844,0.9990279340220578
59.6,31353,72.05,62.207956989247315,0.9970608683243505,-0.016238593987998984,427.93,1182809984,514.44,433.10806451612905,0.99678704300703,-0.12011866149844808,425.53,24554956,501.29,429.49647311827954,0.9976099224383665,-0.016061351325384887,2707.88,2929.67,2688.397247311828,0.9991019465279234
58.93,21081,72.05,61.979569892473116,0.9963286513843611,-0.07589082097976285,441.73,1041939968,514.44,432.6686451612903,0.9989854279085529,-0.14961670337734378,437.75,24554956,501.29,429.303440860215,0.9995505614826984,-0.033995852278442706,2775.6,2929.67,2690.5507096774195,1.0008010208936737
58.69,7813,72.05,61.73797849462366,0.9961020801165839,-0.14212273576220502,442.72,745960000,514.44,432.36316129032264,0.9992939542202005,-0.17643545324624732,438.13,24554956,501.29,429.1775913978495,0.9997068519597389,-0.05240254938240174,2792.67,2929.67,2693.861870967742,1.001230663030588
58.6,6020,72.05,61.49976344086022,0.9961415151650262,-0.09964604352406292,444.6,1021150016,514.44,432.27541935483873,0.9997970642660164,-0.13190248959948336,441.64,24554956,501.29,429.34012903225806,1.000378718827978,-0.040363306492994355,2803.69,2929.67,2697.9402365591395,1.001513947554383
54.81,11319,72.05,61.022946236559136,0.9922468449043775,-0.14916386995021147,433.94,1003569984,514.44,431.60049462365595,0.9984386696514225,-0.16892232071112878,429.74,24554956,501.29,428.7883655913979,0.998714857047945,-0.041697280816032856,2743.07,2929.67,2698.18647311828,1.0000912683519834
61.91,53455,72.05,61.01567741935484,0.9998808838698787,-0.06525432135345777,445.02,1224070016,514.44,431.75322580645167,1.000353871658393,-0.14084428467613364,442.54,24554956,501.29,429.1357634408603,1.0008101848775286,-0.04202578164162907,2822.48,2929.67,2703.749935483871,1.0020619265647572
57.61,17639,72.05,60.72533333333333,0.9952414838562555,-0.19007191575345372,411.32,1607529984,514.44,429.8232903225807,0.9955300033247786,-0.23228831546901263,421.09,24554956,501.29,428.1512043010753,0.9977057164103718,-0.07409617199019747,2800.71,2929.67,2707.9683440860217,1.0015602066399665
59.12,6507,72.05,60.53593548387096,0.9968810735311615,-0.0658634980710201,419.31,1274380032,514.44,428.574129032258,0.9970937794241321,-0.21678524782230646,427.19,24554956,501.29,427.66062365591404,0.9988541883329229,-0.06663547237305989,2834.4,2929.67,2714.519397849463,1.002419176641318
58.35,5234,72.05,60.297655913978495,0.9960638326972588,-0.09498241773047544,436.79,1169010048,514.44,428.60012903225805,1.000060666284404,-0.19999145767668025,441.4,24554956,501.29,428.17741935483866,1.0012084247890458,-0.06543922788992906,2892.74,2929.67,2724.9786666666664,1.0038530831002679
59.45,5600,72.05,60.13064516129033,0.9972302281049462,-0.12870898960521215,446.87,1077970048,514.44,429.3809247311828,1.0018217346333695,-0.16387290433282364,450.63,24554956,501.29,429.34825806451613,1.002734470938336,-0.03584870066158785,2907.41,2929.67,2736.3390967741934,1.0041689978150998
59.79,7237,72.05,60.0070752688172,0.9979449764401883,-0.15595189330181913,451.06,1043390016,514.44,430.49597849462367,1.00259688705114,-0.146157461843065,453.66,24554956,501.29,430.7497419354839,1.0032642123139979,-0.04159577862418118,2905.03,2929.67,2747.540752688172,1.0040936651189114
59.75,11335,72.05,59.907290322580636,0.9983371136521892,-0.09790467417691595,456.62,972579968,514.44,432.0493118279569,1.0036082412169447,-0.1238925289811087,459.96,24554956,501.29,432.60903225806453,1.004316404959934,-0.005003251238901774,2939.88,2929.67,2761.043784946237,1.0049145885260677
60.0,5858,72.05,59.84348387096774,0.9989349134092141,-0.08007789058474613,463.47,962089984,514.44,434.0647311827957,1.0046647901053511,-0.16512028472912366,465.52,24554956,501.29,434.8232043010753,1.0051181826497093,-0.019849781226709107,2945.64,2939.88,2774.8627311827954,1.0050049717834617
60.45,5362,72.05,59.82354838709677,0.9996668729395175,-0.05712776781293094,448.86,913710016,514.44,435.157247311828,1.0025169428671508,-0.16692440608780457,455.03,24554956,501.29,436.3596344086022,1.0035334593285943,-0.005158322924421421,2881.4,2945.64,2784.407978494624,1.0034398989198863
59.52,8174,72.05,59.7581935483871,0.9989075399157739,-0.06668673587305918,435.26,1034480000,514.44,435.36787096774185,1.000484017345948,-0.17675148943822516,445.52,24554956,501.29,437.24838709677425,1.002036743589669,-0.02636995639471018,2859.53,2945.64,2792.2965161290326,1.002833111273684
60.8,4817,72.05,59.788924731182796,1.0005142588985863,-0.050838958888734465,433.27,814280000,514.44,435.47531182795694,1.0002467817847382,-0.14679735812353734,444.42,24554956,501.29,438.0597204301075,1.0018555433416698,-0.003169057839397249,2826.06,2945.64,2797.828387096774,1.001981118744298
59.5,4519,72.05,59.74643010752689,0.9992892559308105,-0.10750906490763779,415.73,805640000,514.44,434.4339999999999,0.9976087925086131,-0.2078519248941476,430.65,24554956,501.29,437.92875268817204,0.9997010276548438,-0.027183616396930232,2752.06,2945.64,2798.2261290322585,1.0001421609478691
62.7,14688,72.05,59.919548387096775,1.0028975501843092,-0.010932594216254365,430.67,911529984,514.44,434.4215268817204,0.9999712888073229,-0.17694103923701632,448.64,24554956,501.29,438.974,1.0023867976364005,-0.03471356630786471,2873.34,2945.64,2806.386021505376,1.0029160947317504
61.2,11045,72.05,59.99438709677419,1.0012489865443233,-0.01600760236298915,435.69,828579968,514.44,434.77974193548397,1.0008245794271173,-0.15373151377969396,450.55,24554956,501.29,440.14393548387096,1.0026651589476163,-0.03943425662746192,2886.98,2945.64,2815.2273548387097,1.0031504337840849
61.44,27297,72.05,60.077827956989246,1.0013908111117205,0.028116686663530288,435.94,1125769984,514.44,435.1810752688172,1.0009230727529914,-0.15267081684318817,452.28,1461469952,501.29,441.41055913978494,1.002877748740356,-0.07016464730241267,2950.46,2945.64,2827.840064516129,1.0044801744540246
67.2,78789,72.05,60.52546236559139,1.007450908660057,0.040779138707736085,445.99,1079160064,514.44,436.2309247311829,1.002412442824443,-0.10809854874685831,458.92,1419180032,501.29,443.05873118279567,1.0037338754338425,-0.039306469943113154,2941.76,2950.46,2839.2078279569896,1.0040199456763852
67.0,12114,72.05,60.9470752688172,1.0069658766203082,0.10432398306942314,452.4,569430016,514.44,437.71090322580653,1.0033926491927083,-0.03070323848607348,467.83,809369984,501.29,445.2562795698925,1.0049599482696803,-0.009573625360606908,2990.41,2950.46,2853.323784946237,1.0049717941921161
66.75,20216,72.05,61.33423655913979,1.0063524178742778,0.08486231355885665,454.38,771870016,514.44,439.2432903225807,1.0035009114131745,0.015910942189746757,469.97,1059420032,501.29,447.47920430107524,1.0049924612704622,0.013649335597931467,3013.77,2990.41,2868.1783870967743,1.0052060695771394
66.75,6309,72.05,61.70630107526882,1.0060661799510666,0.06427285025189022,449.49,1132989952,514.44,440.33354838709687,1.0024821279881486,0.024416576276667268,463.68,1448070016,501.29,449.1473978494623,1.0037279800543863,-0.00958425327729695,2976.61,3013.77,2879.745634408602,1.004032959513211
65.3,22470,72.05,61.97956989247312,1.0044285399131438,0.057407539733845825,466.36,1011880000,514.44,442.34658064516117,1.004571607740173,0.024188131517433042,476.09,1336600064,501.29,451.4349892473119,1.0050931863544188,-0.0029579680001232678,3025.86,3013.77,2893.2860215053765,1.0047019385792229
64.72,19288,72.05,62.21230107526881,1.0037549660831697,-0.008627865205450669,446.13,1117849984,514.44,442.8757204301075,1.0011962108629269,-0.11589804534499604,457.56,1474320000,501.29,452.3463870967741,1.0020188905848477,-0.021343002821441415,2932.05,3025.86,2899.612602150538,1.002186641969766
62.61,18334,72.05,62.31,1.0015704116877624,0.06619659734221817,432.55,1121040000,514.44,442.4332473118279,0.9990009090634956,-0.13451638552221135,449.93,1563449984,501.29,452.6472043010752,1.0006650151584757,-0.017961807650260786,2918.65,3025.86,2904.214215053764,1.0015869750668807
60.5,8353,72.05,62.268043010752685,0.9993266411611729,0.11700835889685268,419.52,1156530048,514.44,441.0926451612903,0.9969699335240221,-0.2161841177384909,440.19,1552979968,501.29,452.2267311827957,0.9990710798293149,-0.061806827776449635,2888.68,3025.86,2906.1889677419354,1.0006799610985773
59.33,21877,72.05,62.15397849462365,0.9981681692467943,0.14137157243225407,411.41,876030016,514.44,439.2636774193548,0.995853551941981,-0.21780955232249255,431.84,1212800000,501.29,451.2491612903226,0.9978383190884885,-0.06794364976379419,2847.11,3025.86,2905.0130322580644,0.9995953685404069
55.01,17332,72.05,61.76477419354839,0.9937380629446122,0.12515216144003471,427.36,849089984,514.44,438.5198279569893,0.9983065992008818,-0.15592486390594362,445.65,1180140032,501.29,451.16210752688175,0.9998070827141442,-0.04990054725599813,2926.46,3025.86,2908.564301075269,1.0012224622670434
57.55,28447,72.05,61.54780645161291,0.9964871928252246,0.11533508390831282,434.19,716790016,514.44,438.22587096774197,0.9993296608944302,-0.13171176559440978,454.01,974449984,501.29,451.5852688172042,1.0009379362390207,-0.03308720911113605,2978.71,3025.86,2915.0135698924737,1.0022173375416938
57.16,32175,72.05,61.31008602150537,0.9961376295303972,0.1495619808788019,464.17,1200940032,514.44,439.85264516129035,1.003712182007776,-0.046764088351032074,471.68,1587570048,501.29,453.0871827956989,1.0033258701782466,-0.005999877450466151,3007.39,3025.86,2922.730731182796,1.0026473843449746
63.19,64949,72.05,61.46520430107527,1.002530061359162,0.31086436161047903,458.05,1145139968,514.44,441.0363225806452,1.0026910771877269,-0.08358636448402068,466.96,1504540032,501.29,454.2116129032257,1.0024817080469783,-0.00559881644657545,2992.07,3025.86,2928.961032258065,1.0021316712514081
61.75,29142,72.05,61.51774193548386,1.000854754084136,0.2712111934506757,458.87,897640000,514.44,442.239935483871,1.0027290561833617,-0.10195511617094333,466.03,1291590016,501.29,455.2140430107527,1.00220696714714,-0.0011639958792011296,2961.79,3025.86,2932.808967741935,1.0013137544137634
63.21,15286,72.05,61.65769892473118,1.0022750670756755,0.35985387762113985,446.64,903369984,514.44,442.62382795698926,1.0008680637869083,-0.10380359903796665,455.67,1382640000,501.29,455.49563440860214,1.0006185911928092,-0.015831321034432078,2952.01,3025.86,2935.6859354838707,1.0009809598148327
66.87,15407,72.05,62.01572043010753,1.0058065985533031,0.23707817771728013,451.81,878520000,514.44,443.3139569892473,1.0015591773164212,-0.08709087095859602,459.31,1252950016,501.29,455.9563010752688,1.0010113525396676,-0.014466873225875254,2970.27,3025.86,2939.291634408602,1.001228230472868
66.55,20708,72.05,62.34243010752688,1.0052681751522592,0.3116848725313204,463.64,1045340032,514.44,444.7527096774194,1.0032454486611324,0.015298901021859157,466.45,1394150016,501.29,456.84154838709674,1.0019415178817361,0.04149080518260484,2986.2,3025.86,2943.607247311829,1.0014682493062976
65.25,9259,72.05,62.56604301075269,1.0035868493230073,0.19153920791107026,480.55,909369984,514.44,447.1699139784946,1.0054349400205531,0.05721901115093364,475.59,1231640064,501.29,458.21892473118277,1.003014997976758,0.04691764036949353,3022.55,3025.86,2949.86911827957,1.0021272780101556
66.11,22652,72.05,62.83195698924731,1.0042501325910753,0.2387182620614401,485.33,984220032,514.44,449.763806451613,1.0058006864774072,0.04025860383771174,482.76,1280749952,501.29,459.95479569892467,1.0037883004696069,0.03349250603809151,3066.91,3025.86,2958.588301075269,1.002955786323423
67.55,33021,72.05,63.17408602150537,1.0054451436602017,0.20586472870152328,500.31,1017049984,514.44,453.21976344086016,1.0076839375238145,0.09114799477339974,494.49,1356080000,501.29,462.3584946236559,1.0052259459999295,0.03346944193872603,3093.08,3066.91,2968.621311827956,1.0033911479840032
65.31,11169,72.05,63.35427956989247,1.0028523332862427,0.21410549611663987,495.19,724769984,514.44,456.2304731182796,1.006642935547563,0.014828839717977882,493.22,977249984,501.29,464.58593548387097,1.0048175623160729,0.013044287391869025,3120.46,3093.08,2980.0214838709676,1.003840224415822
66.84,19434,72.05,63.621311827956994,1.0042149048158606,0.15854869202604682,498.73,750339968,514.44,459.37466666666666,1.006891678074235,0.03661318582704842,495.51,1100189952,501.29,466.87604301075265,1.004929351820555,0.019324378556534905,3110.29,3120.46,2990.30223655914,1.0034498921379646
65.58,6121,72.05,63.791806451612906,1.0026798350860315,0.10026322831384793,500.85,565539968,514.44,462.56507526881717,1.0069451122006812,0.020822269833329576,498.96,854739968,501.29,469.31227956989244,1.0052181657114578,0.005518687977122072,3140.98,3120.46,3002.1965161290314,1.0039776178556379
67.9,18320,72.05,64.09997849462366,1.0048309032170848,0.13167530543006079,506.33,929209984,514.44,466.02864516129034,1.0074877462170275,0.06338357597922784,502.58,1258659968,501.29,471.9101505376344,1.0055354847525466,0.012699479062475705,3145.91,3140.98,3013.9887741935486,1.0039278768065862
63.2,37313,72.05,64.08890322580646,0.99982721883724,0.11939374646293166,513.44,893539968,514.44,469.82733333333334,1.0081511903001763,0.1561175096054881,507.63,1254729984,502.58,474.7315698924731,1.0059787214825202,0.03125599027311665,3168.8,3145.91,3026.6889677419354,1.0042137494529273
64.9,30441,72.05,64.17959139784946,1.0014150370419583,0.1461546119690006,517.32,1202599936,514.44,473.7082150537635,1.0082602297590821,0.14606037541169625,510.17,1659929984,507.63,477.5832903225807,1.0060070166194204,0.008118457120012135,3221.22,3168.8,3042.106,1.0050936955935603
63.42,15371,72.05,64.16597849462364,0.9997878935822225,0.13961465079407742,521.03,402630016,517.32,477.6476989247312,1.0083162667350418,0.19095600198743834,511.89,546160000,510.17,480.4045806451613,1.0059074309753906,0.011337890600947809,3240.02,3221.22,3057.8861290322575,1.0051872383908573
62.16,9094,72.05,64.06264516129033,0.9983895931183848,0.030555882695021186,516.9,587150016,521.03,481.0942795698924,1.007215737986219,0.1652415248218384,510.52,768470016,511.89,482.9627741935484,1.0053250815072403,0.012112706728182765,3234.85,3240.02,3072.2833333333333,1.004708221200386
60.99,6776,72.05,63.88498924731182,0.9972268407972973,0.10040596828689985,510.07,795409984,521.03,483.91477419354845,1.0058626650605316,0.1382096389377887,509.47,1128960000,511.89,485.3201505376344,1.0048810725588992,-0.0002873326774912588,3265.35,3240.02,3087.870838709677,1.005073589797928
61.0,7062,72.05,63.70843010752689,0.9972362969476063,0.08428485878910785,509.62,1152179968,521.03,486.54627956989253,1.0054379521285117,0.12040326977442306,515.28,1571369984,511.89,487.92565591397846,1.0053686321770439,0.010785467601746701,3329.62,3265.35,3106.7910967741936,1.0061272828601933
60.7,18228,72.05,63.5134623655914,0.9969396869204528,0.04750401523206704,493.82,868880000,521.03,487.99997849462363,1.0029877916773224,0.0183498179014292,504.03,1123840000,515.28,489.669870967742,1.0035747557699057,-0.0219415455683869,3295.47,3329.62,3122.692731182796,1.005118346845114
56.85,6364,72.05,63.08408602150537,0.9932396010531674,0.018604492971777464,482.77,1022860032,521.03,488.6379139784946,1.001307244901606,0.023611625231411137,497.1,1403750016,515.28,490.86997849462364,1.0024508502524565,-0.016055864359613592,3225.52,3329.62,3133.320795698925,1.0034034935330007
57.46,5400,72.05,62.71589247311828,0.994163448000791,0.021582468187812842,500.98,870190016,521.03,490.385376344086,1.003576190703999,0.03912385447358635,512.49,1273990016,515.28,493.0000430107527,1.0043393660428397,-0.013694673066119822,3327.71,3329.62,3150.0361505376345,1.0053347090606408
58.97,4337,72.05,62.46509677419355,0.9960010821972719,-0.012675463042545965,503.86,647260032,521.03,492.21843010752684,1.0037379861877338,-0.019770694513502773,516.18,977180032,515.28,495.27673118279563,1.0046180283436472,-0.022349051851564106,3380.16,3329.62,3169.4602365591404,1.0061663057480121
57.08,5145,72.05,62.10909677419355,0.9943008172822191,-0.05013977633710609,497.3,643169984,521.03,493.51133333333337,1.002626685931943,-0.06603050349839346,509.7,1081609984,516.18,497.0224516129033,1.0035247374249516,-0.032478932579273145,3337.75,3380.16,3185.2803440860216,1.0049914200987282
49.3,13307,72.05,61.26883870967742,0.9864712560935959,-0.14399604002684407,420.2,1832290048,521.03,489.7635053763441,0.9924057915110576,-0.030991117117619926,440.7,2611780096,516.18,494.24427956989246,0.9944103691211629,-0.04440888913862251,2954.22,3380.16,3175.6858494623652,0.9969878649326832
51.21,18550,72.05,60.584967741935486,0.9888381927559872,-0.0991134254373297,387.32,2109379968,521.03,483.95015053763444,0.9881302817076121,-0.10599343794630967,422.74,2944910080,516.18,490.34365591397847,0.9921079032835576,-0.07883739248769195,2972.37,3380.16,3167.2146451612903,0.9973324803829355
46.8,30951,72.05,59.64109677419356,0.9844207069357139,-0.2695089633541461,347.66,2531529984,521.03,475.6753548387097,0.982901553621314,-0.08433265718153993,381.2,3454240000,516.18,483.821505376344,0.9866988173315356,-0.07250817434269963,2711.02,3380.16,3141.766623655914,0.9919651730758904
46.99,33790,72.05,58.73894623655915,0.9848736762663834,-0.2777072036046351,283.98,2498710016,521.03,463.4467096774193,0.9742920354462407,-0.014937861842635125,312.65,3462299904,516.18,473.0036344086022,0.9776407810576194,-0.0855697886012059,2304.92,3380.16,3090.5006666666673,0.9836824426730999
46.05,23228,72.05,57.80268817204301,0.9840606935516761,-0.26935077426624776,314.04,2195500032,521.03,453.4314623655915,0.9783896463116573,-0.06465964306105199,349.66,3101349888,516.18,464.8298279569893,0.9827193580408052,-0.08383839798407566,2541.47,3380.16,3055.6620000000003,0.9887271771067945
43.26,18605,72.05,56.70569892473119,0.9810218299182425,-0.3320230733115187,280.38,1589020032,521.03,441.48830107526885,0.9736604927500748,-0.09400751912888505,325.95,2216069888,516.18,455.3327741935484,0.9795687514177347,-0.11754338851095958,2488.65,3380.16,3018.2435268817203,0.9877543808450411
45.7,21115,72.05,55.79686021505376,0.9839727094999079,-0.359605279149804,350.13,1500099968,521.03,434.3759139784945,0.9838899760662927,-0.17242900761033453,388.28,2023139968,516.18,450.13240860215046,0.9885789780878206,-0.10446966650802403,2789.82,3380.16,3001.3092688172046,0.9943893665591619
39.0,25851,72.05,54.48040860215054,0.9764063496076782,-0.5551126592510846,322.65,1748899968,521.03,425.73587096774196,0.9801092953529179,-0.17860066983385148,372.64,2345659904,516.18,444.1023655913979,0.9866038461227923,-0.1627135084734881,2874.56,3380.16,2990.31,0.9963351764739862
38.68,21921,72.05,53.19533333333334,0.976412158025436,-0.49857139636848924,313.23,1402860032,521.03,416.7792688172043,0.9789620683590077,-0.16057560496726309,360.99,1949379968,516.18,437.5235483870968,0.9851862594887548,-0.18317212575535902,2836.74,3380.16,2977.123440860215,0.9955902367514455
34.02,28875,72.05,51.659225806451616,0.9711232653199832,-0.5879953805757202,324.73,1417229952,521.03,408.87780645161297,0.9810416137347349,-0.1077434947192426,365.79,1955270016,516.18,431.48030107526887,0.9861876067377264,-0.15615736171524974,2830.71,3380.16,2963.816774193548,0.9955303611250926
36.5,34043,72.05,50.34589247311829,0.9745769838236851,-0.5127738545118582,324.43,1236760064,521.03,401.2191612903226,0.9812691101340157,-0.13398904598809447,369.6,1728140032,516.18,425.8761505376344,0.9870118044238203,-0.18168968720951229,2929.8,3380.16,2957.1638709677422,0.9977552919992444
36.04,33322,72.05,49.0681935483871,0.9746215855560927,-0.5457498192168777,294.03,1774019968,521.03,391.87316129032257,0.9767059978642515,-0.1420755559840725,348.6,2344240128,516.18,419.11008602150537,0.9841126005586662,-0.21163098277947712,2863.7,3380.16,2946.333483870968,0.9963375762827679
36.15,26383,72.05,47.86320430107528,0.9754425594224585,-0.505893878109102,310.94,1304540032,521.03,383.9828817204301,0.9798652208181032,-0.18171883100622743,363.6,1732940032,516.18,413.56520430107514,0.9867698680958356,-0.21327613697057635,2955.45,3380.16,2941.685892473118,0.998422584740223
37.99,23316,72.05,46.839505376344086,0.9786119851422443,-0.5339513138864395,337.62,1529360000,521.03,378.1786451612903,0.9848841267789492,-0.18786437945497703,387.52,2086279936,516.18,409.80438709677424,0.990906350038184,-0.18991331297435377,3044.31,3380.16,2942.9155053763443,1.0004179959887534
38.81,33426,72.05,45.92918279569892,0.9805650684538416,-0.5460730964388643,394.73,1690540032,521.03,376.3765806451613,0.9952348855780568,-0.19305047950019283,434.64,2228349952,516.18,409.28838709677416,0.998740862674371,-0.15363883332223782,3193.93,3380.16,2953.846623655914,1.0037143840044336
38.47,46905,72.05,45.058731182795704,0.981047962103416,-0.5508513031651762,350.5,1886009984,521.03,371.94802150537646,0.9882337016501035,-0.2153356412538946,394.14,2468539904,516.18,406.2881935483872,0.9926697320447609,-0.17551913680768805,3041.31,3380.16,2954.71440860215,1.000293781315281
46.73,143899,72.05,44.77890322580646,0.9937897062424144,-0.5160593205470803,350.89,1769880064,521.03,367.8557849462366,0.9889978267861799,-0.2237713750409034,396.68,2329809920,516.18,403.66494623655916,0.9935433828659468,-0.19541607709261022,3097.74,3380.16,2959.393053763441,1.001583450890438
47.27,242333,72.05,44.57716129032257,0.9954947102105971,-0.47760934480630357,324.65,1526450048,521.03,362.38858064516126,0.9851376421825896,-0.2302568291288528,375.84,2044569984,516.18,399.90972043010754,0.9906971714005334,-0.20475043234500478,3009.05,3380.16,2958.376752688172,0.9996565846250208
47.65,36161,72.05,44.439311827956985,0.9969076213384742,-0.5343433536820605,326.97,1158530048,521.03,357.4499784946237,0.9863720812014954,-0.28450999214073636,381.75,1422419968,516.18,396.800559139785,0.9922253420422524,-0.2353652542507194,3130.01,3380.16,2965.448043010753,1.002390260238543
46.97,31763,72.05,44.30113978494624,0.9968907699663382,-0.5489571066373705,332.36,1327949952,521.03,353.2448387096774,0.9882357251701177,-0.2905764711719159,389.97,1680780032,516.18,394.4815698924731,0.99415578130147,-0.23690795999127523,3185.04,3380.16,2976.103849462366,1.0035933209070136
49.69,51554,72.05,44.37335483870969,1.0016300947134544,-0.6249648100186868,332.04,1463309952,521.03,349.40847311827963,0.9891396414865928,-0.2719336178304631,397.87,1921720064,516.18,392.9252903225807,0.9960548738175103,-0.22121235345996293,3224.73,3380.16,2989.2853763440853,1.004429121948853
51.92,14090,72.05,44.6221505376344,1.005606871507215,-0.5037152386937277,342.33,1281270016,521.03,346.63443010752684,0.9920607448754863,-0.24615712843854964,402.85,1590809984,516.18,391.93180645161294,0.9974715705620473,-0.20548678352687144,3215.63,3380.16,3001.8722580645153,1.0042106658066297
45.66,34249,72.05,44.4918064516129,0.9970789376027146,-0.566328689578435,336.8,1188620032,521.03,343.8879139784946,0.9920766205244521,-0.28885665671555494,399.06,1573500032,516.18,390.92830107526885,0.9974395918886262,-0.22953867869662925,3271.12,3380.16,3018.0915913978497,1.0054030724624479
47.98,21054,72.05,44.54662365591397,1.0012320741429253,-0.5166117128040469,349.4,1008470016,521.03,342.34161290322584,0.9955034736249396,-0.2588241711022575,412.08,1383970048,516.18,391.00449462365583,1.0001949041503964,-0.21747514908522547,3351.28,3380.16,3039.4045376344084,1.00706172943767
48.26,29573,72.05,44.64748387096773,1.0022641494860043,-0.5548735647441431,356.28,1111350016,521.03,341.58470967741937,0.9977890411294509,-0.20532716429266817,417.39,1466729984,516.18,391.6327096774194,1.0016066696480517,-0.20295784643823067,3372.85,3380.16,3061.9243010752693,1.0074092682175135
45.22,14640,72.05,44.57961290322581,0.9984798478691862,-0.6487721435555193,335.06,974569984,521.03,339.78853763440856,0.9947416497515154,-0.2170894226283966,403.18,1258119936,516.18,391.5546666666666,0.99980072397217,-0.23094480685241803,3397.16,3380.16,3085.9194838709677,1.0078366348858696
47.79,14002,72.05,44.71083870967742,1.002943628217151,-0.5667361080275117,352.69,1002409984,521.03,339.4712043010753,0.9990660858204856,-0.19913065326292212,420.73,1300569984,516.18,392.8257634408602,1.0032462817644712,-0.24121073722418773,3508.01,3397.16,3116.8475913978496,1.0100223313305912
47.44,25541,72.05,44.838967741935484,1.002865726431348,-0.5967062105605436,355.82,1225789952,521.03,339.6355483870968,1.0004841178984822,-0.19555562130591464,419.21,1613660032,516.18,394.1630322580645,1.0034042289016147,-0.21183862288365607,3426.96,3508.01,3141.9391612903223,1.0080503037625974
46.12,11790,72.05,44.90348387096773,1.0014388406397658,-0.635649012258435,343.52,997409984,521.03,339.3185161290323,0.9990665516034171,-0.16678517345687005,409.33,1279190016,516.18,395.0634838709677,1.002284464902111,-0.1954073078865718,3340.97,3508.01,3161.2695483870975,1.0061523747292538
50.77,28044,72.05,45.29563440860215,1.008733187357161,-0.47602798893759635,338.44,1578210048,521.03,339.01855913978494,0.9991160017063929,-0.16685172589950403,408.43,2008659968,516.18,396.13565591397844,1.002713923424421,-0.19320875796015247,3319.47,3508.01,3179.29711827957,1.0057026361139214
47.75,29500,72.05,45.50651612903226,1.004655674287014,-0.435124146530544,317.42,1184150016,521.03,337.7041075268817,0.9961227738792872,-0.19040369550271663,391.1,1686429952,516.18,396.3075483870968,1.0004339232547037,-0.22907305440172931,3298.46,3508.01,3196.0085161290317,1.0052563183709313
46.71,21392,72.05,45.65363440860216,1.0032329057920573,-0.4884699825126715,332.47,1041710016,521.03,337.5816559139785,0.9996373996934773,-0.08849493387819662,404.0,1532899968,516.18,397.41836559139784,1.002802917100171,-0.17085178180942562,3348.44,3508.01,3215.2041290322577,1.0060061206991011
48.0,13542,72.05,45.89365591397849,1.0052574457320995,-0.36466796763893305,349.02,1018700032,521.03,338.6449032258065,1.0031496003802378,-0.04593222599356128,419.12,1564300032,516.18,399.54496774193547,1.00535104145822,-0.1831157132611978,3477.13,3508.01,3241.893569892472,1.0083010097614697
48.8,19846,72.05,46.18270967741936,1.0062983381403012,-0.35659962027407377,340.17,1194899968,521.03,339.13425806451613,1.0014450382511244,-0.13383981793601496,415.21,1662409984,516.18,401.3377634408603,1.0044870936782333,-0.18343223200037828,3483.81,3508.01,3267.366430107527,1.0078574017517483
48.68,20943,72.05,46.460129032258074,1.0060069960549403,-0.301723577228979,352.26,1035249984,521.03,340.2827741935484,1.0033866119441515,-0.017283531292691556,419.47,1451280000,516.18,403.1848387096774,1.0046022962129986,-0.16388654803646374,3465.39,3508.01,3289.1156559139777,1.006656500356385
47.66,22902,72.05,46.66608602150538,1.0044329835826393,-0.17527935606498124,334.87,1177639936,521.03,340.2271612903226,0.9998365685616688,0.031836519204420766,396.09,1714249984,516.18,403.3733978494624,1.0004676741823637,-0.0987629516791324,3269.96,3508.01,3296.2695698924726,1.0021750265806653
48.71,19095,72.05,46.93032258064516,1.0056622824339287,-0.19779318251937417,343.83,1225040000,521.03,340.63243010752694,1.001191171262363,-0.019081752142207198,414.07,1720230016,516.18,404.57111827956993,1.0029692598383857,-0.19152381763836712,3509.44,3508.01,3317.1935698924735,1.0063477818049582
58.6,30307,72.05,47.82615053763441,1.0190884679185799,0.23516703259693905,382.66,1550889984,521.03,343.5564086021505,1.0085839698049317,0.10301913562069553,448.35,2102509952,516.18,407.9249892473118,1.0082899416597115,-0.04402760919712523,3585.15,3509.44,3341.454516129033,1.007313696269267
58.16,23376,72.05,48.65144086021506,1.017256047440641,0.25048969033452817,387.5,1006880000,521.03,346.6635913978495,1.0090441706744502,0.1228620124781139,450.77,1442530048,516.18,411.27217204301076,1.008205387960848,-0.005389538468490995,3557.54,3585.15,3362.4060215053764,1.0062701752411147
60.3,15028,72.05,49.57290322580645,1.0189400837734472,0.5127942484352492,412.67,829950016,521.03,351.23492473118284,1.0131866554399336,0.15367921635205328,471.52,1136080000,516.18,415.76498924731175,1.0109241945108582,0.003732048700318291,3638.35,3585.15,3387.0209677419343,1.0073206347119072
58.27,15764,72.05,50.30688172043011,1.014806042149284,0.30310459365110587,420.66,1196850048,521.03,356.13262365591396,1.0139442253029922,0.18034244883985306,480.05,1722439936,516.18,420.580752688172,1.011582897948138,0.03625210333048745,3699.12,3638.35,3413.8196989247317,1.0079121834314075
62.7,21088,72.05,51.2798494623656,1.0193406490058865,0.4616091193431169,414.8,938830016,521.03,360.4453118279571,1.0121097812600564,0.24177038760158087,471.58,1389319936,516.18,424.6125376344086,1.00958623265679,0.07350749507791243,3663.46,3699.12,3436.663333333334,1.0066915175443498
67.75,68454,72.05,52.52129032258064,1.0242091362051704,0.5871504679008432,413.54,1202400000,521.03,364.41698924731196,1.0110188072615316,0.22051347699046264,472.13,1697849984,516.18,428.41533333333336,1.0089559194839388,0.043378989601746465,3709.41,3699.12,3460.7515698924735,1.0070091929941172
64.31,12640,72.05,53.47283870967742,1.0181173840408806,0.4581991124020963,428.15,755089984,521.03,369.1106021505376,1.0128797861837344,0.22310506174674516,481.31,1045980032,516.18,432.57698924731176,1.009714068545582,0.025638924986157274,3703.06,3709.41,3482.808709677419,1.0063735114582728
64.36,11464,72.05,54.37101075268817,1.0167967900093586,0.4289030531104958,434.58,497840000,521.03,374.02436559139784,1.0133124418866089,0.10753718513504673,490.43,687720000,516.18,437.12533333333323,1.0105145308212895,-0.04764350315586241,3756.07,3709.41,3506.869182795699,1.0069083533216812
65.87,22825,72.05,55.31165591397849,1.0173004906156506,0.4829587597606435,468.27,1277110016,521.03,381.0259784946237,1.0187196705544974,0.32567860545623595,513.24,1751069952,516.18,443.02531182795695,1.0134972238960231,0.044600386598495634,3824.68,3756.07,3534.1472043010754,1.0077784542517865
62.0,18506,72.05,55.94369892473117,1.0114269406747765,0.18916146545473622,471.68,1166950016,521.03,387.9943225806451,1.0182883700307057,0.30714755936762517,513.38,1625350016,516.18,448.67819354838707,1.012759726294432,0.0777404434701583,3768.25,3824.68,3556.099913978494,1.0062116002555588
56.79,16608,72.05,56.20677419354839,1.0047025004401509,0.10842777726752195,458.61,879009984,521.03,393.8596774193548,1.0151171151157516,0.3177137308235467,504.11,1268889984,516.18,453.4820430107526,1.0107066702403655,0.06465004004982333,3841.47,3824.68,3581.3345376344087,1.0070961514767123
49.21,21100,72.05,55.96034408602151,0.9956156511192352,-0.021881024467350407,434.03,1183440000,521.03,397.8511397849462,1.010134224431768,0.292305656780812,480.98,1730290048,516.18,456.51778494623653,1.0066942935939185,0.07328015637837626,3714.24,3841.47,3596.570623655914,1.0042543040482248
50.19,27471,72.05,55.77378494623655,0.9966662260064345,-0.02274193354220655,469.98,899960000,521.03,403.9317204301074,1.0152835571828398,0.32710055604219646,512.69,1358259968,516.18,461.3859354838709,1.0106636602081291,0.0943514116721691,3886.83,3841.47,3621.6851397849455,1.006982906428653
54.25,23252,72.05,55.842236559139785,1.0012273080080403,0.045794769944337066,482.77,812579968,521.03,410.5415053763441,1.016363619423596,0.35499563350654917,522.92,1152050048,516.18,466.6501720430108,1.0114096164496629,0.09409415802365895,3934.83,3886.83,3648.3872043010747,1.007372828803587
55.45,19441,72.05,55.978301075268824,1.0024365878681263,0.021220274122446092,508.55,843729984,521.03,418.49036559139785,1.019361891820821,0.3879905101809662,537.59,1166870016,522.92,472.59193548387105,1.012732800279162,0.11955413780840884,3906.71,3934.83,3671.7479784946236,1.0064030413674319
50.7,33654,72.05,55.800322580645165,0.9968205806320498,0.09523882845302367,506.28,1304140032,521.03,425.935311827957,1.017790006290917,0.4701135096517435,535.64,1825570048,537.59,478.1181290322582,1.0116933725132848,0.17716405327937013,3811.15,3934.83,3687.4573978494623,1.0042784579570407
57.5,37848,72.05,56.05021505376344,1.0044783338439867,0.16362411236131003,527.53,1221469952,521.03,434.386752688172,1.0198420760747555,0.4975338791742032,558.63,1720120064,537.59,484.8338279569892,1.0140461080995276,0.2092250981750945,3841.94,3934.83,3703.9919139784947,1.0044839883814456
65.34,103225,72.05,56.785440860215054,1.0131172700362772,0.30586520322677524,549.67,1128150016,527.53,443.88350537634415,1.021862436249269,0.4529375143869323,576.35,1550179968,558.63,492.37759139784936,1.0155594824574192,0.21170103312032396,3943.34,3934.83,3726.013182795699,1.0059452799381388
59.74,35571,72.05,57.12264516129033,1.0059382175425098,0.311711802184089,544.09,1513139968,549.67,452.6043655913978,1.0196467318776798,0.5452567756969051,566.65,2062749952,576.35,498.9536989247312,1.0133558221206056,0.25357774109445974,3913.1,3943.34,3744.856623655914,1.0050572662885955
64.02,36530,72.05,57.70475268817204,1.0101904861940145,0.3127497847262728,544.18,1055950016,549.67,460.8815053763441,1.0182878036850813,0.4397138777279579,572.1,1462200064,576.35,505.52987096774206,1.0131799244242157,0.2267895022259645,3974.54,3943.34,3766.5543870967736,1.0057940171337394
64.35,37982,72.05,58.273247311827966,1.0098517816500832,0.3504717268407984,543.02,828940032,549.67,468.672,1.0169034654955278,0.4082152830172783,572.97,1165510016,576.35,511.8366451612904,1.0124755717826825,0.19377174385301266,4019.87,3974.54,3790.1733763440857,1.0062707150408408
58.0,23420,72.05,58.39569892473119,1.0021013349787764,0.25649416782933665,549.9,810979968,549.67,476.50378494623646,1.0167105885272354,0.45652931890138704,583.88,1154889984,576.35,518.5166236559139,1.0130509969494632,0.19061979185248323,4128.8,4019.87,3819.5450322580646,1.007749422782952
55.84,11115,72.05,58.35324731182797,0.9992730352802535,0.1346646810206915,549.88,1122000000,549.9,483.8904516129032,1.0155018006152883,0.4489037004347487,588.09,1543820032,583.88,525.0928387096775,1.0126827468083792,0.17899451791993193,4185.47,4128.8,3850.8785591397855,1.0082034709938206
56.2,10287,72.05,58.32311827956989,0.9994836785672427,0.2030671061450915,546.18,1094279936,549.9,490.58369892473115,1.0138321541363713,0.494598974313051,587.97,1429500032,588.09,531.2749462365591,1.0117733609585555,0.23606550292184192,4180.17,4185.47,3880.007784946237,1.0075643065235893
56.26,18301,72.05,58.27868817204301,0.999238207612393,0.1906584358368868,559.99,948390016,549.9,497.67595698924725,1.014456774817551,0.5018661823163391,601.98,1301900032,588.09,537.9375483870967,1.0125407798687556,0.2413575767690137,4181.17,4185.47,3907.305376344086,1.0070354475843475
56.5,12921,72.05,58.22920430107527,0.999150909663209,0.16718509096515555,584.02,827920000,559.99,505.82924731182794,1.0163827289787215,0.5171662197221512,627.29,1203120000,601.98,545.8072903225807,1.0146294713188917,0.2794152630462783,4232.6,4185.47,3936.1302150537635,1.0073771655740529
55.92,24493,72.05,58.12402150537634,0.9981936418853488,0.10897274090457265,589.84,928080000,584.02,513.8526451612903,1.015861870170817,0.5621779586297135,629.04,1316569984,627.29,553.3422580645162,1.0138051797319934,0.31692191020667315,4173.85,4232.6,3959.540064516129,1.0059474275959759
55.0,13732,72.05,57.94417204301075,0.9969057636118838,0.10422453736692971,584.15,829310016,589.84,520.9720215053763,1.0138548986973714,0.4603939053930004,623.58,1186720000,629.04,560.0651182795699,1.0121495514160965,0.28734280583930816,4155.86,4232.6,3980.3053118279568,1.0052443584288786
55.73,8658,72.05,57.797827956989245,0.9974743950795797,0.05792618963809559,588.94,895489984,589.84,527.9017419354839,1.0133015212795569,0.48196968976706045,630.13,1311629952,629.04,566.7716129032259,1.011974490831097,0.3051995336673876,4204.11,4232.6,4002.6985806451607,1.0056260178712069
55.13,6440,72.05,57.59541935483871,0.9964979894694113,0.016712318888853384,593.49,651150016,589.84,534.5786236559139,1.012647963039391,0.46589901137401757,637.75,943230016,630.13,573.4664086021505,1.011812157748394,0.3349093542155588,4229.89,4232.6,4024.7461505376345,1.005508176408557
56.67,25205,72.05,57.47855913978494,0.9979710154668063,-0.16369921028374956,573.35,1004400000,593.49,539.4192473118279,1.0090550265979765,0.2769235348930845,622.55,1264160000,637.75,578.6995268817205,1.009125413801178,0.20380428044166243,4247.44,4232.6,4046.376623655914,1.0053743695401485
51.29,19474,72.05,57.018752688172036,0.9920003831255637,-0.23883076929960034,527.22,1449520000,593.49,540.8736559139785,1.0026962489925944,0.1522179979417857,583.92,1972470016,637.75,581.0657634408602,1.004088886285928,0.12422304638008752,4166.45,4247.44,4061.3576559139788,1.0037023326426122
57.88,43443,72.05,56.998881720430106,0.999651501185047,-0.1517230485483203,562.18,992809984,593.49,544.2830752688172,1.006303541164484,0.1336687598989521,614.75,1390259968,637.75,585.1346881720431,1.0070025201744603,0.1272124909782537,4280.7,4247.44,4082.4001720430106,1.0051811531787629
53.66,26984,72.05,56.71195698924731,0.9949661340271532,-0.16960724961459284,557.5,772440000,593.49,547.0690322580646,1.005118580966111,0.11333993515677787,614.07,1082230016,637.75,588.8517204301077,1.0063524387345357,0.10259130692020291,4352.34,4280.7,4106.683225806452,1.005948229654147
50.68,22436,72.05,56.24268817204301,0.9917253989790323,-0.3284081315957563,549.95,810720000,593.49,549.0736129032259,1.0036642188224167,0.04498094806244368,610.19,1087910016,637.75,592.0302150537634,1.0053977843884605,0.10118824064017162,4369.55,4352.34,4130.67182795699,1.0058413568399414
54.0,36315,72.05,56.0134623655914,0.9959243447654845,-0.3719350593728904,535.0,1093590016,593.49,549.8230322580645,1.0013648795666505,0.00717962571099684,600.62,1440519936,637.75,594.2932043010753,1.0038224218794414,0.10561370169713724,4327.16,4369.55,4150.40711827957,1.0047777434626999
54.97,35532,72.05,55.876387096774195,0.9975528156441654,-0.3339032779090294,532.67,1098620032,593.49,550.1609247311827,1.0006145476876998,-0.04768059170295591,602.61,1452099968,637.75,596.4082580645162,1.0035589398433864,0.060627463196337494,4411.8,4369.55,4174.274559139784,1.0057506264277294
51.0,21081,72.05,55.50326881720431,0.9933224336977322,-0.40983798838301466,537.83,898140032,593.49,550.6069462365591,1.0008107109853255,-0.03507773393792446,606.9,1271890048,637.75,598.5392258064516,1.0035730017368485,0.06731026220560543,4395.26,4411.8,4195.550731182796,1.0050969747537153
53.85,17488,72.05,55.34275268817205,0.9971079878275114,-0.3937014282264635,562.1,882849984,593.49,552.3967311827957,1.0032505673211534,-0.11473581993109838,628.53,1237629952,637.75,601.8152043010753,1.0054732895579397,0.06466019805180512,4436.52,4411.8,4218.11423655914,1.0053779603256003
53.27,10611,72.05,55.17066666666666,0.9968905409805869,-0.3173729438869025,573.4,842929984,593.49,554.7137634408601,1.004194507547326,-0.07559200321037696,640.34,1158720000,637.75,605.605182795699,1.0062975785050583,0.06160591519391945,4468.0,4436.52,4241.392924731183,1.0055187429421142
52.51,12573,72.05,54.96832258064517,0.9963323973001084,-0.29536636118891135,553.11,788800000,593.49,555.503010752688,1.0014228010261226,-0.07454257429965305,625.58,1121750016,640.34,608.169870967742,1.004234917806026,0.08471704259669632,4441.67,4468.0,4261.46806451613,1.0047331478458152
53.22,13198,72.05,54.820989247311836,0.99731966837596,-0.1793168566969996,580.11,755779968,593.49,557.8309677419355,1.0041907189415467,0.058420033760420154,647.31,1013849984,640.34,611.8752688172042,1.0060927020991126,0.13173869847277664,4509.37,4468.0,4284.620193548388,1.0054328998086455
53.83,12584,72.05,54.7043870967742,0.9978730381895953,-0.15186630104915877,559.33,937200000,593.49,558.504129032258,1.0012067477950308,-0.09834543729685796,631.43,1275239936,647.31,614.1984516129033,1.0037968241471664,0.06473073916866312,4535.43,4509.37,4307.743655913979,1.005396852304531
52.78,25383,72.05,54.51221505376344,0.9964870816910754,-0.2098851749705748,552.22,615040000,593.49,558.5264301075268,1.0000399300096625,-0.0806905667909601,623.21,880460032,647.31,615.7359569892473,1.0025032713324276,0.05868228722869895,4458.58,4535.43,4324.514215053764,1.0038931191081348
51.5,37262,72.05,54.24062365591397,0.9950177882593542,-0.20491705737337995,557.84,1172669952,593.49,558.7619569892472,1.0004216933506174,-0.13414517418099936,622.64,1647340032,647.31,617.0210107526882,1.002087020822569,0.02349425148469364,4432.99,4535.43,4338.507462365591,1.0032357963498226
51.97,17211,72.05,54.00784946236559,0.9957084897285653,-0.1825751541648879,577.04,974419968,593.49,560.1301935483871,1.0024486931188235,-0.09764179778499726,636.42,1357459968,647.31,619.012193548387,1.0032270907489356,0.01908430101707448,4455.48,4535.43,4352.819892473119,1.0032989294663386
52.63,17014,72.05,53.8149247311828,0.9964278390437074,-0.29230802588098526,589.86,1014099968,593.49,562.1733548387097,1.0036476542665542,-0.10828702958147396,634.54,1362919936,647.31,620.6653548387097,1.0026706441449016,0.0018105137279058603,4357.05,4535.43,4359.396344086021,1.0015108485476907
51.7,8344,72.05,53.57247311827956,0.9954947142616228,-0.36396474745098584,601.46,837640000,593.49,564.8308602150537,1.0047271990987665,-0.057107301703334556,648.89,1163069952,647.31,623.0810752688172,1.0038921464059087,0.012246674719977424,4391.36,4535.43,4367.078580645161,1.0017622248478422
50.78,15085,72.05,53.3,0.9949139342946146,-0.38637123694379827,602.87,978950016,601.46,567.4679569892472,1.0046688255899996,-0.0960293067176603,656.87,1319049984,648.89,625.8556344086021,1.0044529664756514,0.01654950828725288,4471.37,4535.43,4378.959268817204,1.0027205116538773
50.56,16688,72.05,53.03260215053763,0.994983154794327,-0.4247601589935849,624.36,828649984,602.87,571.3650967741936,1.006867594437619,-0.04503908425854175,675.17,1146470016,656.87,629.616817204301,1.0060096651510584,0.036657411911522386,4544.9,4535.43,4394.383247311828,1.0035222932089045
50.59,36680,72.05,52.79608602150538,0.9955401749218175,-0.3179179394825241,614.56,833200000,624.36,574.4575483870968,1.005412391534524,-0.059287596658218034,669.09,1169689984,675.17,632.7640860215054,1.004998705134941,0.022103510279152472,4605.38,4544.9,4412.482580645161,1.0041187425662985
54.7,25492,72.05,52.85432258064517,1.001103046902304,-0.18935991834949328,612.91,828120000,624.36,577.289698924731,1.0049301302517237,-0.08008579222113821,664.86,1182720000,675.17,635.4317419354837,1.0042158775646564,0.0009458369527719501,4697.53,4605.38,4435.267913978494,1.0051638353051586
53.8,13816,72.05,52.86159139784945,1.000137525501215,-0.20425318998667752,613.03,739600000,624.36,579.9940860215054,1.0046846273228356,-0.04884792771682611,666.61,1029710016,675.17,638.0381505376344,1.0041017916325863,0.014682056928678744,4682.85,4697.53,4455.883075268817,1.004648008122655
53.42,20919,72.05,52.848731182795696,0.9997567191090225,-0.17518586898150124,594.42,725630016,624.36,581.3620215053764,1.0023585335037715,-0.05149947237472019,647.83,1066489984,675.17,639.2640860215054,1.0019214140766317,-0.022060252671180836,4697.96,4697.53,4476.403440860216,1.0046052298152282
51.79,9466,72.05,52.736688172043024,0.9978799299766511,-0.17612434310536573,591.63,685870016,624.36,582.4462150537635,1.0018649198060439,-0.06070111791628907,643.93,981089984,675.17,640.109677419355,1.0013227575525354,-0.029197104695847687,4594.62,4697.96,4489.143182795699,1.0028459771563922
51.28,11040,72.05,52.60135483870968,0.9974337915780406,-0.17057019943726637,574.45,1169459968,624.36,582.3539784946236,0.9998416393535472,-0.14422926607444853,631.2,1713149952,675.17,640.0437634408602,0.9998970270551751,-0.06602266214795294,4538.43,4697.96,4497.368623655913,1.0018322963927142
52.75,18633,72.05,52.57208602150537,0.9994435729403918,-0.10311436426504894,584.38,881769984,624.36,582.9229677419355,1.0009770505024844,-0.17958641792223817,647.84,1231600000,675.17,641.0429892473118,1.0015611835682607,-0.09905169835924732,4712.02,4697.96,4516.135720430108,1.0041729060578848
56.0,47595,72.05,52.759311827957,1.0035613159115475,-0.09798595670716792,568.62,1300240000,624.36,582.4869247311827,0.9992519714698465,-0.20502472066596744,639.39,1766060032,675.17,641.456623655914,1.000645252214813,-0.08648365773354727,4620.64,4712.02,4527.849978494624,1.002593867587177
58.6,16176,72.05,53.11212903225807,1.006687297314483,-0.014287648853415824,575.34,654230016,624.36,582.5178279569892,1.0000530539390575,-0.18317826767349277,646.5,898750016,675.17,642.2949677419355,1.001306938076722,-0.09810694983433166,4725.78,4712.02,4545.347935483872,1.0038645178334873
59.0,11140,72.05,53.484580645161294,1.0070125528704943,0.02222536629170424,578.47,499710016,624.36,582.7799139784946,1.0004499193139282,-0.19271751522447877,650.04,701289984,675.17,643.3264946236559,1.001606001811515,-0.10751492877350866,4766.18,4725.78,4564.33047311828,1.0041762562302916
53.4,20393,72.05,53.487419354838714,1.000053075290919,-0.09107988399111722,632.32,1181240064,624.36,586.5484946236559,1.0064665589097506,0.014385105102604046,684.91,1563849984,675.17,646.5812688172042,1.0050592882785783,-0.0009699070211142136,4677.02,4766.18,4576.407440860215,1.002645945076296
52.93,37570,72.05,53.466967741935484,0.9996176369480915,-0.0736130152832255,629.01,1176080000,632.32,589.9767096774193,1.005844725687964,0.09720518988013538,679.12,1572969984,684.91,649.3283870967742,1.0042486821255978,0.04389383693903581,4662.85,4766.18,4586.646387096775,1.0022373327482037
50.45,31909,72.05,53.282989247311825,0.9965590250879449,-0.19645851668013548,575.58,1122819968,632.32,589.7389247311827,0.9995969587572929,-0.027109840117781614,635.39,1529490048,684.91,649.0494838709677,0.9995704743064545,0.006188915885863011,4397.93,4766.18,4578.7261935483875,0.9982732059810261
51.5,35194,72.05,53.18273118279569,0.9981183851369376,-0.09646579015652557,583.1,1430300032,632.32,589.9574838709678,1.000370603212065,-0.002772266180337546,643.77,1981970048,684.91,649.2668387096775,1.0003348817680486,0.03009748767031728,4431.85,4766.18,4572.742279569893,0.9986931050852252
50.18,13644,72.05,53.00195698924732,0.9966008854842932,0.008029866435423139,606.1,1079640064,632.32,591.6048602150538,1.0027923645162984,0.082664454249332,666.38,1498710016,684.91,650.8790322580645,1.0024830985540414,0.062108156205510134,4500.54,4766.18,4571.018989247312,0.9996231385419903
49.63,22614,72.05,52.786774193548396,0.9959400971601373,-0.04913683594160845,610.54,1031950016,632.32,593.417935483871,1.003064672707655,0.15635301993540918,666.25,1490800000,684.91,652.3620000000001,1.002278407612534,0.08812953370197629,4418.64,4766.18,4563.730129032258,0.9984054189597114
49.07,15435,72.05,52.54486021505377,0.9954171479089132,-0.08041431328261606,594.45,889369984,632.32,594.0304946236561,1.0010322558573925,0.14982673605607089,651.02,1315849984,684.91,652.7212473118278,1.0005506870599878,0.09459790017237513,4348.87,4766.18,4551.743247311828,0.9973734464173997
50.29,16887,72.05,52.394344086021505,0.9971354737948444,-0.0026853793424812533,586.19,972630016,632.32,593.9772903225808,0.9999104350676323,0.10039820115841536,649.25,1364690048,684.91,652.862193548387,1.0002159363390417,0.07220164318674849,4384.62,4766.18,4542.198150537634,0.9979029799671081
47.52,19428,72.05,52.06664516129032,0.9937455286358167,-0.14691580305655094,538.61,1651000064,632.32,590.7504086021506,0.9945673314906069,-0.04137884265433589,617.65,2034439936,684.91,650.8733548387097,0.9969536623052596,0.006954281817065477,4328.87,4766.18,4529.079161290323,0.997111753205712
46.25,28131,72.05,51.67062365591398,0.9923939500202181,-0.1480169354952774,525.5,1446690048,632.32,586.7282365591398,0.9931914189403132,-0.06508294978598828,603.92,1880489984,684.91,648.0221075268815,0.9956193516132877,0.002141422868764953,4204.31,4766.18,4508.155548387097,0.9953801618037373
49.75,44180,72.05,51.515505376344095,0.9969979406363885,-0.029307470931372426,557.95,1344169984,632.32,584.9026236559139,0.9968884863732959,0.006264821068412196,647.02,1840120064,684.91,648.0298279569892,1.000011913837534,0.029449684950516364,4463.09,4766.18,4504.4944946236565,0.9991879042938635
47.75,15422,72.05,51.237290322580655,0.9945993919358657,-0.06941519503354321,564.98,902380032,632.32,583.5201505376344,0.997636404655465,-0.03558001331218885,657.82,1243040000,684.91,648.6882150537633,1.001015982703836,0.008769749642185909,4543.04,4766.18,4505.945440860215,1.0003221107803084
46.4,24507,72.05,50.88374193548387,0.9930997836756996,-0.08698132505054135,529.04,1241520000,632.32,579.8515053763441,0.9937129075012916,-0.06788781356433782,636.27,1587160064,684.91,647.9336774193548,0.998836825431851,0.0053654693331344205,4545.86,4766.18,4507.505913978494,1.0003463142505298
43.78,53173,72.05,50.37713978494624,0.9900439289394252,-0.13587125428637248,517.65,1100460032,632.32,575.5131612903226,0.9925181808690731,-0.1253326150296633,630.05,1455110016,684.91,646.7674408602151,0.9982000680011189,0.004314119950147077,4488.28,4766.18,4505.329118279569,0.99951707313524
41.54,35921,72.05,49.745376344086026,0.9874593229477272,-0.21034827615386875,499.7,884140032,632.32,570.0910967741935,0.9905787306341133,-0.14973405695737996,613.38,1165869952,684.91,644.5110107526883,0.9965112187704971,-0.005758669529567606,4392.59,4766.18,4496.914903225807,0.9981323861514084
39.4,77334,72.05,48.996967741935485,0.9849552127825139,-0.19290195763703022,500.22,1117730048,632.32,564.8276129032257,0.9907672933312751,-0.2077971363658423,601.3,1531619968,684.91,641.4951397849463,0.9953206835609838,-0.013953558132729804,4271.78,4766.18,4480.793376344086,0.9964149806637086
37.17,62589,72.05,48.13172043010753,0.9823407987942199,-0.2636613720828159,474.12,1141040000,632.32,558.0454623655914,0.9879925301407028,-0.2331924561206673,573.7,1551970048,684.91,636.7741505376343,0.9926406468973489,-0.044212493981045986,4131.93,4766.18,4456.044322580645,0.9944766357908621
36.54,89850,72.05,47.259075268817206,0.9818696453504607,-0.24213870222329226,487.53,1144029952,632.32,552.3773763440861,0.9898429672781892,-0.19494528598494798,576.98,1566780032,684.91,632.3956129032258,0.993123876604112,-0.04978653178706638,4123.34,4766.18,4431.225204301075,0.9944302353201917
36.14,80032,72.05,46.39322580645161,0.9816786626179098,-0.21871175743020177,464.74,1159580032,632.32,545.4839784946238,0.9875204920681467,-0.1629159597240467,556.31,1583369984,684.91,626.8381720430108,0.9912120818885797,-0.05301294217263797,4023.89,4766.18,4400.566344086023,0.9930811775972718
35.4,98819,72.05,45.5111182795699,0.9809862860030086,-0.20169885733558868,458.58,1032819968,632.32,538.4902150537634,0.9871787921981484,-0.15428944328607863,546.49,1441539968,684.91,620.8634408602151,0.9904684630750507,-0.048992962114051464,3901.36,4766.18,4362.964645161291,0.9914552591678875
38.24,61954,72.05,44.844838709677425,0.9853600703502913,-0.22614768892548198,503.0,1015729984,632.32,534.7187741935484,0.9929962685397384,-0.11918510961298912,590.46,1386000000,684.91,618.0022150537634,0.9953915376262332,-0.02042702890371595,4158.24,4766.18,4343.319806451613,0.9954973646803522
38.06,82256,72.05,44.193505376344085,0.9854758462272541,-0.21682652908871558,495.37,745280000,632.32,530.6949892473118,0.9924749510575813,-0.10115427134377453,577.81,1074840064,684.91,614.4939569892473,0.9943232273622015,-0.005546905812205072,4108.54,4766.18,4321.430107526882,0.9949601457179793
38.6,95841,72.05,43.612795698924735,0.9868598412261229,-0.24816309898766675,455.33,788849984,632.32,524.340752688172,0.9880265751742784,-0.1110025187649899,538.67,1117250048,684.91,608.6477419354839,0.9904861309256687,-0.024936126137235726,3900.86,4766.18,4287.408344086021,0.9921271980352978
37.99,129169,72.05,43.02541935483872,0.9865320180769678,-0.26110057054997027,436.23,1405590016,632.32,517.0933978494622,0.9861781583797288,-0.07421214691722211,512.37,1944770048,684.91,601.3798924731182,0.9880590217269941,0.008681566159880694,3674.84,4766.18,4240.486344086022,0.9890558593363931
39.62,543662,72.05,42.576387096774184,0.9895635588264398,-0.1889331375753721,453.46,853670016,632.32,511.29784946236555,0.9887920665566419,-0.11157448196595543,538.72,1223600000,684.91,596.1033548387097,0.9912259493533959,-0.014761322994158,3911.74,4766.18,4211.0484731182805,0.993057902188791
