36.99,10318011,67.25,41.12703225806452,0.9921866366583707,-0.3214172322096742,573.39,343072992,601.29,561.117806451613,1.0012863001607273,-0.039170554868415586,1126.75,801459968,1101.36,1063.2174623655915,1.0045902453724833,0.05980441645983392,3120.46,3093.08,2980.0214838709676,1.003840224415822
38.44,2935242,67.25,40.91868817204301,0.9949341327447557,-0.31801451388250424,581.45,597859968,601.29,562.3068602150538,1.002119080431541,-0.025216281404584207,1135.88,1338060032,1126.75,1068.3783655913978,1.0048540429483952,0.04480975245343877,3110.29,3120.46,2990.30223655914,1.0034498921379646
42.37,2568266,67.25,40.98522580645161,1.0016260940264956,-0.2696115514623514,585.68,311225984,601.29,563.731935483871,1.002534337333662,-0.04325407960924399,1148.69,642070016,1135.88,1074.1380645161291,1.0053910666017118,0.03495438171189713,3140.98,3120.46,3002.1965161290314,1.0039776178556379
47.39,3694601,67.25,41.390301075268816,1.009883446067374,0.15428275896155186,595.77,312211008,601.29,565.787440860215,1.0036462461091187,-0.008733987286330791,1159.11,782380032,1148.69,1080.3428602150539,1.0057765346037892,0.03674977047391326,3145.91,3140.98,3013.9887741935486,1.0039278768065862
46.69,2945855,67.25,41.72655913978495,1.0081240787281216,0.18176145915745145,603.98,308032992,601.29,568.3047741935484,1.0044492562958025,0.045889351150578905,1163.7,976540032,1159.11,1086.5598494623657,1.0057546446376053,0.030562421483722346,3168.8,3145.91,3026.6889677419354,1.0042137494529273
45.3,3671340,67.25,41.949655913978496,1.0053466372208206,0.1612457879166207,622.92,479264992,603.98,571.9597634408603,1.0064313893060262,0.04789245661069974,1190.45,1261619968,1163.7,1094.1977849462364,1.0070294659678893,0.011534104504773213,3221.22,3168.8,3042.106,1.0050936955935603
44.89,2161878,67.25,42.12537634408603,1.0041888407968795,0.15125671589186962,623.23,153635008,622.92,575.5176129032258,1.0062204541119497,0.07339325890910775,1192.49,351809984,1190.45,1101.6307741935482,1.006793094767302,0.006893415026451466,3240.02,3221.22,3057.8861290322575,1.0051872383908573
43.09,2243091,67.25,42.16636559139785,1.0009730298188202,0.06756710137521682,618.43,204248992,623.23,578.6056129032257,1.0053656046848374,0.04451031630772606,1180.33,471340000,1192.49,1107.8803440860215,1.0056730168027925,-0.0022478771723084545,3234.85,3240.02,3072.2833333333333,1.004708221200386
42.05,3200751,67.25,42.13081720430108,0.9991569492272291,-0.01564881514396599,624.9,385668992,623.23,582.0130967741935,1.0058891303419446,0.06252057733659733,1198.13,768230016,1192.49,1114.9991397849462,1.0064255997833391,0.007542961932885284,3265.35,3240.02,3087.870838709677,1.005073589797928
44.35,3136560,67.25,42.24070967741935,1.0026083631984963,-0.10469337629541031,639.89,368896992,624.9,586.2710537634408,1.007315912670775,0.0445081848915565,1217.69,901840000,1198.13,1123.0662150537635,1.0072350506659342,-0.006368978561376748,3329.62,3265.35,3106.7910967741936,1.0061272828601933
41.8,3104540,67.25,42.186,0.9987048115943801,-0.1926780498660683,625.95,363376000,639.89,589.5124301075269,1.0055288016068316,-0.011565215210763258,1193.25,758192000,1217.69,1129.2714838709678,1.005525292038909,-0.007619010086907796,3295.47,3329.62,3122.692731182796,1.005118346845114
41.85,2302398,67.25,42.14178494623656,0.9989519022006487,-0.16616670377742904,616.52,442520000,639.89,592.0487956989247,1.0043024802563283,0.003915358137168479,1153.96,1004976000,1217.69,1132.682172043011,1.003020255289146,-0.015151936536782484,3225.52,3329.62,3133.320795698925,1.0034034935330007
43.27,2352288,67.25,42.19451612903226,1.0012512802403355,-0.12340722503432666,631.95,404862016,639.89,595.5206021505376,1.0058640545793431,0.05742284044947721,1199.27,1036518976,1217.69,1138.867978494624,1.0054612022721745,0.017095152306545902,3327.71,3329.62,3150.0361505376345,1.0053347090606408
45.58,2751915,67.25,42.40129032258065,1.004900499224024,-0.0971663699423092,621.63,331560000,639.89,598.1800645161292,1.0044657772644436,-0.02984326747215782,1209.53,886390016,1217.69,1145.4367956989247,1.0057678478351666,0.004406141006102926,3380.16,3329.62,3169.4602365591404,1.0061663057480121
45.48,1386963,67.25,42.60301075268818,1.00475741253563,-0.11484827861659919,617.88,305185984,639.89,600.4641505376344,1.003818392081242,-0.03666733900212904,1203.41,684537024,1217.69,1151.291376344086,1.0051112210356303,0.027089238515551006,3337.75,3380.16,3185.2803440860216,1.0049914200987282
41.8,3643719,67.25,42.572817204301074,0.999291281347171,-0.14925715928050165,563.3,635953024,639.89,599.11088172043,0.997746295401661,0.03875030014622216,1075.66,1603106048,1217.69,1148.6059569892473,0.9976674720144554,0.01419108361592114,2954.22,3380.16,3175.6858494623652,0.9969878649326832
39.71,4703795,67.25,42.41752688172043,0.9963523597267376,-0.18735656075321094,592.56,601504000,639.89,599.6314408602151,1.0008688861372208,0.0608506624303895,1129.02,1582723968,1217.69,1149.313870967742,1.0006163244881217,0.049609214316936656,2972.37,3380.16,3167.2146451612903,0.9973324803829355
31.57,4741463,67.25,41.751032258064505,0.9842872823416977,-0.29797930639239134,556.64,728648000,639.89,597.7598709677419,0.9968787996009878,0.10111469966313136,1053.92,1870640000,1217.69,1145.022,0.9962657102849299,0.06920871579148324,2711.02,3380.16,3141.766623655914,0.9919651730758904
24.87,6205582,67.25,40.68030107526881,0.9743543782060891,-0.4635124899232367,496.42,760984000,639.89,591.9864301075269,0.9903415382319524,0.2125854667750381,916.59,1988199040,1217.69,1131.8527956989249,0.9884987325124975,0.08425950845255692,2304.92,3380.16,3090.5006666666673,0.9836824426730999
33.47,4316056,67.25,40.20064516129031,0.9882091355938833,-0.339378273510043,520.92,647180032,639.89,587.8892688172043,0.9930789607971616,0.1461175071543671,990.69,1692722048,1217.69,1123.6983870967742,0.9927955219679294,0.0780076441375317,2541.47,3380.16,3055.6620000000003,0.9887271771067945
32.57,2916096,67.25,39.68698924731183,0.9872226947622949,-0.3477806334189846,554.33,497500000,639.89,586.0120215053764,0.9968068011930125,0.2575037672589142,1010.87,1319353984,1217.69,1116.9664516129035,0.9940091259708367,0.12383722309520873,2488.65,3380.16,3018.2435268817203,0.9877543808450411
36.41,2261914,67.25,39.440666666666665,0.9937933669115037,-0.2327031121097971,589.3,395318016,639.89,586.3941720430108,1.0006521206453285,0.13561374745990917,1106.01,1028777024,1217.69,1116.4647741935485,0.9995508572181102,0.11999078344645053,2789.82,3380.16,3001.3092688172046,0.9943893665591619
39.69,2807831,67.25,39.41688172043011,0.9993969436055031,-0.10145464103423252,616.9,391524992,639.89,588.4825806451612,1.0035614416065466,0.2138673570855909,1173.93,1168333952,1217.69,1120.2368602150539,1.0033785983299206,0.14031489425380161,2874.56,3380.16,2990.31,0.9963351764739862
40.86,2297759,67.25,39.469032258064516,1.001323050818791,-0.028926154299288465,622.22,383784000,639.89,590.7970537634409,1.0039329509392483,0.2859047269773638,1168.43,1090572032,1217.69,1123.422430107527,1.0028436574492483,0.17211055944613518,2836.74,3380.16,2977.123440860215,0.9955902367514455
34.98,3222288,67.25,39.13524731182795,0.9915431180563501,-0.19610654592715782,605.46,426500992,639.89,591.877247311828,1.001828366511827,0.24827958741472367,1137.89,1176935040,1217.69,1124.3488172043012,1.000824611536985,0.13159809795537258,2830.71,3380.16,2963.816774193548,0.9955303611250926
36.42,4360831,67.25,38.89819354838709,0.9939427043464929,-0.1260225986794027,604.87,433534016,639.89,592.819505376344,1.0015919822375257,0.23464706170166572,1157.47,969673984,1217.69,1126.3353333333332,1.0017668147986063,0.1260528224288373,2929.8,3380.16,2957.1638709677422,0.9977552919992444
36.09,4153650,67.25,38.64172043010753,0.9934065545239132,-0.18932945291250058,619.61,422776992,639.89,594.6089462365592,1.0030185256119049,0.3402218294166578,1167.63,1077079040,1217.69,1128.7257634408602,1.0021223076616559,0.14086849720810968,2863.7,3380.16,2946.333483870968,0.9963375762827679
36.82,2162193,67.25,38.43817204301075,0.994732419135816,-0.16614504047390355,600.1,329206016,639.89,595.0006666666667,1.0006587866405086,0.251518942880411,1158.51,921249984,1217.69,1130.2998494623657,1.0013945690552035,0.10999240107001085,2955.45,3380.16,2941.685892473118,0.998422584740223
33.44,2782704,67.25,38.02260215053764,0.9891886145884329,-0.25416569026411173,616.73,397460992,639.89,596.3693763440859,1.0023003498216012,0.1953446802970974,1198.14,927134016,1217.69,1134.2296344086021,1.0034767632218173,0.09915782879305002,3044.31,3380.16,2942.9155053763443,1.0004179959887534
32.64,3885095,67.25,37.56956989247311,0.9880851853255362,-0.33993409857308543,611.47,461398016,639.89,597.3017849462365,1.0015634749856983,0.09526902773301815,1200.89,1037033984,1217.69,1138.1202150537636,1.0034301525256744,0.05893452532271892,3193.93,3380.16,2953.846623655914,1.0037143840044336
38.16,6882928,67.25,37.49197849462366,0.9979347275448848,-0.07264761111957552,577.71,484473984,639.89,595.9617849462365,0.9977565779413826,0.084389374043082,1134.51,1083065984,1217.69,1137.5116344086023,0.9994652756034805,0.0322519146203889,3041.31,3380.16,2954.71440860215,1.000293781315281
39.78,4692048,67.25,37.51638709677419,1.0006510353182356,-0.0650199307228485,590.51,530380992,639.89,595.4383010752688,0.9991216150360799,0.08824329994273039,1169.95,1136642944,1217.69,1139.172817204301,1.0014603655430412,0.03402935912350458,3097.74,3380.16,2959.393053763441,1.001583450890438
40.4,4161118,67.25,37.57791397849463,1.0016400001834327,-0.10296753108810175,576.3,439876000,639.89,593.978559139785,0.9975484581142199,0.10552953593552628,1137.37,1059713024,1217.69,1138.658795698925,0.9995487765353832,0.03214811035405829,3009.05,3380.16,2958.376752688172,0.9996565846250208
43.5,2227643,67.25,37.84367741935483,1.007072330864675,-0.17115054769484883,595.88,331323008,639.89,593.8022150537635,0.9997031137179817,0.06991002295750326,1184.43,706768000,1217.69,1141.205247311828,1.0022363605520126,0.026898527554131246,3130.01,3380.16,2965.448043010753,1.002390260238543
41.77,1782800,67.25,38.00619354838709,1.0042944063609722,-0.21028757841697465,591.65,325147008,639.89,593.3527311827957,0.9992430411009378,0.04168890816891058,1173.97,762638976,1217.69,1143.0224086021506,1.0015923176787023,0.003700330174169375,3185.04,3380.16,2976.103849462366,1.0035933209070136
45.4,3700160,67.25,38.413483870967745,1.0107164197346445,-0.1131424163785808,619.96,358448992,639.89,594.7562150537636,1.0023653449242076,0.08146812879120136,1233.67,842268032,1217.69,1148.6690967741936,1.0049401377694323,0.035215949459849405,3224.73,3380.16,2989.2853763440853,1.004429121948853
42.47,2186996,67.25,38.63152688172042,1.0056762102465135,-0.20014543701790755,612.2,429096992,639.89,595.6654193548388,1.0015287007988525,0.07911924331406184,1224.52,842203008,1233.67,1153.6325161290324,1.0043210175748416,0.03438749533347896,3215.63,3380.16,3001.8722580645153,1.0042106658066297
40.47,1881860,67.25,38.725741935483875,1.0024388125805102,-0.21031629428617893,614.69,411031008,639.89,596.7589892473118,1.0018358794332183,0.053519063913284315,1228.58,863617024,1233.67,1158.7889892473117,1.004469770959284,0.02966613200288637,3271.12,3380.16,3018.0915913978497,1.0054030724624479
44.2,2912840,67.25,39.06623655913978,1.0087924622392817,-0.08874827143639075,627.24,352038016,639.89,598.6702795698925,1.0032027843015678,0.05991640897739636,1239.1,821912000,1233.67,1164.5204086021506,1.0049460422976246,0.007879244920347528,3351.28,3380.16,3039.4045376344084,1.00706172943767
44.21,2608925,67.25,39.40275268817204,1.0086139889242423,-0.15879051082141116,629.69,277416992,639.89,600.7346021505375,1.003448179492271,0.0796234558349922,1243.21,673443968,1239.1,1170.4288817204301,1.0050737394335336,0.007974251439353264,3372.85,3380.16,3061.9243010752693,1.0074092682175135
42.13,2805156,67.25,39.60537634408602,1.00514237311077,-0.11324742333039484,639.18,262322000,639.89,603.43311827957,1.0044920271270743,0.12554011250201935,1243.13,649537024,1243.21,1176.2773118279572,1.004996826546975,0.01094429134047159,3397.16,3380.16,3085.9194838709677,1.0078366348858696
42.55,1905913,67.25,39.834387096774186,1.0057823147720792,-0.07804652928589184,638.84,300481984,639.89,606.0812473118281,1.0043884383406203,0.10651762918972663,1255.85,771142976,1243.21,1182.8391182795701,1.0055784519395479,0.0007162777238021167,3508.01,3397.16,3116.8475913978496,1.0100223313305912
43.18,7436264,67.25,40.102537634408606,1.0067316345795148,-0.13395572217609863,624.05,403156000,639.89,607.7271827956989,1.002715701056865,0.08169547560340396,1229.65,952924032,1255.85,1187.4914838709678,1.0039332192514605,-0.004493238293406199,3426.96,3508.01,3141.9391612903223,1.0080503037625974
42.17,3790623,67.25,40.30572043010753,1.0050665820091291,-0.16718919128941612,618.51,271079008,639.89,609.0326881720429,1.0021481767037939,0.14641907975706125,1216.07,633918976,1255.85,1191.2023870967741,1.0031249935483406,0.01700118466210887,3340.97,3508.01,3161.2695483870975,1.0061523747292538
44.51,4255888,67.25,40.667204301075266,1.0089685500497274,-0.13227571645264014,628.6,398880000,639.89,610.9958709677419,1.0032234440512402,0.16994292429746638,1226.34,901916032,1255.85,1195.561806451613,1.0036596798344768,0.024530930998440503,3319.47,3508.01,3179.29711827957,1.0057026361139214
42.27,3457707,67.25,40.88625806451612,1.0053864967411852,-0.088343349642378,615.97,326059008,639.89,612.1211612903226,1.0018417314683294,0.14769668918049206,1201.81,817011968,1255.85,1198.2893333333334,1.0022813767276622,0.0007519990287201406,3298.46,3508.01,3196.0085161290317,1.0052563183709313
41.36,4062508,67.25,41.04559139784946,1.0038969898659331,-0.09697224927122283,613.56,294337984,639.89,612.977698924731,1.00139929427142,0.08855868445395731,1214.11,733280000,1255.85,1201.53911827957,1.0027120202574085,-0.051155686842284,3348.44,3508.01,3215.2041290322577,1.0060061206991011
48.82,2807220,67.25,41.68266666666666,1.0155211618865985,0.3609579520503987,632.36,347631008,639.89,615.0019784946237,1.0033023706628212,0.08618637461494694,1263.33,721617984,1255.85,1207.7813978494623,1.0051952362390253,-0.08389475855550788,3477.13,3508.01,3241.893569892472,1.0083010097614697
46.12,2608814,67.25,42.108451612903224,1.0102149161818637,0.7252959545311575,624.43,341696992,639.89,616.3518064516128,1.0021948351455603,-0.0738395419689648,1257.6,774230976,1263.33,1213.2036559139783,1.0044894366432293,-0.13942475008650956,3483.81,3508.01,3267.366430107527,1.0078574017517483
42.6,3140644,67.25,42.26144086021505,1.0036332194951796,0.1723692286405425,617.96,308248000,639.89,617.0089247311827,1.0010661415650794,0.04729802925195048,1255.97,759193024,1263.33,1217.7873978494622,1.0037782130915445,-0.09576467134998423,3465.39,3508.01,3289.1156559139777,1.006656500356385
38.38,3590740,67.25,42.12253763440861,0.99671323970553,0.09628940184660562,583.32,378207008,639.89,615.2225161290322,0.9971047280994699,-0.1102095039138471,1184.32,967664000,1263.33,1217.1780645161289,0.9994996389891951,-0.14236445752139537,3269.96,3508.01,3296.2695698924726,1.0021750265806653
41.28,2990090,67.25,42.15823655913979,1.0008475017588214,0.058133625317643434,615.35,448344992,639.89,615.4402150537635,1.000353853961817,0.0431165535958149,1282.04,1057603968,1263.33,1222.5002365591397,1.0043725500797014,-0.09878726405389893,3509.44,3508.01,3317.1935698924735,1.0063477818049582
42.09,3641818,67.25,42.23572043010752,1.001837929602654,-0.010433705519940384,632.28,697048000,639.89,616.6941505376344,1.0020374610777774,-0.05804076916309264,1305.4,1303024000,1282.04,1228.9509462365593,1.005276653111803,-0.13520822610247096,3585.15,3509.44,3341.454516129033,1.007313696269267
40.5,3270715,67.25,42.2054623655914,0.999283590661933,-0.06433808404512475,625.92,662708992,639.89,617.504688172043,1.0013143267756017,-0.10830164849435198,1266.25,1240445056,1305.4,1232.5931182795698,1.0029636431414648,-0.17037531001711215,3557.54,3585.15,3362.4060215053764,1.0062701752411147
40.17,2186459,67.25,42.154688172043,0.9987969757774815,0.11372196954072122,624.63,361304000,639.89,618.2240430107528,1.0011649382627996,-0.0854685023920092,1272.68,714640000,1305.4,1236.4397634408604,1.003120774490985,-0.16685748879195317,3638.35,3585.15,3387.0209677419343,1.0073206347119072
41.75,2781306,67.25,42.19468817204301,1.0009488861555982,0.054194591811849824,643.9,706382976,639.89,620.1453978494624,1.003107861721703,-0.05174380973918935,1308.88,1225150976,1305.4,1242.3320215053764,1.0047655035358283,-0.1317733110239352,3699.12,3638.35,3413.8196989247317,1.0079121834314075
41.01,3165655,67.25,42.17548387096774,0.9995448644863314,0.06611154330309144,654.17,590835968,643.9,622.6453978494623,1.0040313126706566,-0.11319299200845268,1298.49,1061934976,1308.88,1247.2283440860213,1.0039412351093646,-0.1672018898637342,3663.46,3699.12,3436.663333333334,1.0066915175443498
43.97,5729296,67.25,42.336666666666666,1.0038217177588775,0.13024205725219518,651.27,733000000,654.17,624.8839784946236,1.0035952737350877,-0.024184597440154665,1312.65,1324295936,1308.88,1252.7567956989246,1.0044325897812678,-0.12205814808617865,3709.41,3699.12,3460.7515698924735,1.0070091929941172
40.41,5245990,67.25,42.25279569892473,0.9980189520256215,0.11458148237792032,643.48,279623008,654.17,626.509935483871,1.002602014206164,-0.0016627122607932865,1299.88,555259008,1312.65,1257.1298924731184,1.0034907787283276,-0.13147234150732334,3703.06,3709.41,3482.808709677419,1.0063735114582728
37.09,2950492,67.25,41.93974193548387,0.9925909337296509,0.09958340868488258,655.44,250948992,654.17,628.8499784946237,1.0037350453332323,0.07849078099843287,1324.01,491950016,1312.65,1262.8409677419356,1.004542947632549,-0.07347864354594957,3756.07,3709.41,3506.869182795699,1.0069083533216812
38.4,2782481,67.25,41.70163440860215,0.9943226277536947,-0.027897366970981663,663.05,437947008,655.44,631.5864301075269,1.0043515173832938,0.13739407430613015,1368.54,995977984,1324.01,1271.1601720430108,1.0065876895932118,-0.051293616213429205,3824.68,3756.07,3534.1472043010754,1.0077784542517865
43.23,4399258,67.25,41.77462365591397,1.0017502730611623,0.09334291654997218,675.3,525436992,663.05,634.9296774193548,1.005293412195792,0.1064963702742634,1363.26,1006081024,1368.54,1278.6354408602153,1.0058806663248347,-0.05122206509967864,3768.25,3824.68,3556.099913978494,1.0062116002555588
47.56,2597597,67.25,42.11954838709676,1.008256800444783,0.16195523372506782,680.52,356619008,675.3,638.4273548387096,1.0055087634800297,0.08592805653834956,1370.9,696924032,1368.54,1286.1878924731184,1.0059066496763316,-0.07131424170213774,3841.47,3824.68,3581.3345376344087,1.0070961514767123
48.18,4060183,67.25,42.48907526881721,1.008773286891026,0.1559145416724217,665.87,536700000,680.52,640.7557419354838,1.0036470666225799,0.08233154052353231,1340.92,1089232000,1370.9,1291.3039354838709,1.0039776793427244,-0.05453173135215739,3714.24,3841.47,3596.570623655914,1.0042543040482248
52.26,2137420,67.25,43.11176344086021,1.014655253570557,0.2903419511658799,663.08,540513024,680.52,642.7536129032258,1.0031179915168722,0.03376163573657576,1347.65,1092056960,1370.9,1296.5176344086024,1.0040375459111242,-0.0723970103037308,3886.83,3841.47,3621.6851397849455,1.006982906428653
55.72,2645782,67.25,43.9351182795699,1.0190981479994237,0.2574926711801676,670.0,387960000,680.52,645.0443225806451,1.0035639001188537,-0.018240812827091224,1365.94,835689984,1370.9,1302.5378279569888,1.0046433564716861,-0.11298780354531068,3934.83,3886.83,3648.3872043010747,1.007372828803587
52.06,2282284,67.25,44.50015053763441,1.0128606062801304,0.3081841537706955,658.68,326190016,680.52,646.4970967741936,1.0022522083253693,-0.0216414627583279,1332.52,734072000,1370.9,1306.117440860215,1.0027481834511023,-0.12671496091032441,3906.71,3934.83,3671.7479784946236,1.0064030413674319
50.03,3002924,67.25,44.91359139784947,1.0092907744180641,0.2856611845400504,647.4,565107008,680.52,647.1221720430107,1.0009668647731538,0.020120673914176823,1311.27,1092728064,1370.9,1308.0938279569891,1.0015131771730055,-0.09778489993867012,3811.15,3934.83,3687.4573978494623,1.0042784579570407
35.66,17048232,67.25,44.37937634408602,0.988105715060029,-0.13399294421700358,642.61,549624000,680.52,647.3678709677419,1.0003796793485773,0.012221227354273223,1315.13,1039792000,1370.9,1310.1414193548387,1.0015653245616545,-0.08505067908954866,3841.94,3934.83,3703.9919139784947,1.0044839883814456
35.15,4152203,67.25,43.830623655913975,0.9876349617011874,-0.13384249798169812,655.06,399959008,680.52,648.3837419354838,1.0015692329096026,-0.04957623231523045,1332.42,881809024,1370.9,1313.1409892473116,1.0022895008494197,-0.09738403537419171,3943.34,3934.83,3726.013182795699,1.0059452799381388
34.12,5925386,67.25,43.23490322580644,0.9864085796546234,-0.13180622848379653,653.45,574372992,680.52,649.2411827956988,1.0013224280696111,-0.05627615820095122,1337.41,1078305024,1370.9,1316.2706451612905,1.0023833357877077,-0.07603309706098038,3913.1,3943.34,3744.856623655914,1.0050572662885955
31.91,3911045,67.25,42.513827956989246,0.9833219178252539,-0.23256776581117777,662.09,417664000,680.52,650.6253548387097,1.0021319843529495,-0.06683342627676869,1365.45,823524992,1370.9,1321.0065806451614,1.0035979952157108,-0.045718359706216516,3974.54,3943.34,3766.5543870967736,1.0057940171337394
35.68,3954148,67.25,42.05886021505377,0.9892983585859226,-0.13124556340598914,659.13,316404992,680.52,651.768559139785,1.001757085383429,-0.06167997919660917,1357.4,653168000,1370.9,1324.9874623655917,1.003013521490927,-0.06912204843366476,4019.87,3974.54,3790.1733763440857,1.0062707150408408
18.57,33884896,67.25,40.5161505376344,0.9633202214817225,-0.5079411123002178,656.75,357745984,680.52,652.6827741935483,1.0014026682339048,-0.0824248382626922,1375.56,746526976,1370.9,1329.8652258064517,1.0036813657331907,-0.10465677252010797,4128.8,4019.87,3819.5450322580646,1.007749422782952
19.91,13422325,67.25,39.11064516129032,0.9653099971815303,-0.5156278515940604,673.02,428632992,680.52,654.5644301075268,1.0028829562972663,-0.10518017744509178,1415.24,855958976,1375.56,1336.9599999999998,1.005334957299335,-0.10684943523796675,4185.47,4128.8,3850.8785591397855,1.0082034709938206
21.14,7839595,67.25,37.83739784946236,0.9674449933879343,-0.4820325556755395,680.1,390632992,680.52,656.8073333333333,1.0034265583686515,-0.12197433949174652,1440.34,829728000,1415.24,1345.267892473118,1.0062140172279785,-0.06883396037404999,4180.17,4185.47,3880.007784946237,1.0075643065235893
22.32,4957328,67.25,36.68572043010753,0.9695624571241176,-0.43497233103286004,665.7,411072000,680.52,657.9832903225806,1.0017904139152638,-0.09748677454288446,1412.92,862056000,1440.34,1351.2937849462364,1.0044793252755333,-0.08494235030138797,4181.17,4185.47,3907.305376344086,1.0070354475843475
20.23,3686965,67.25,35.440150537634416,0.9660475553466059,-0.533360245980216,689.44,510256000,680.52,660.5787311827957,1.0039445391674653,-0.06588259158511467,1444.6,1011828992,1440.34,1358.936,1.0056554800583706,-0.07378239762711858,4232.6,4185.47,3936.1302150537635,1.0073771655740529
21.56,5423945,67.25,34.34187096774193,0.9690103017839553,-0.481558452238581,695.58,413104992,689.44,663.4475483870968,1.0043428846084168,-0.05783467565431355,1436.47,855516992,1444.6,1365.6638709677418,1.004950837248952,-0.05583926917415205,4173.85,4232.6,3959.540064516129,1.0059474275959759
21.19,3086852,67.25,33.2725376344086,0.9688621119583793,-0.4656028938834962,702.33,332664000,695.58,666.5988387096775,1.0047498710790954,-0.06136839267918304,1447.14,769729024,1444.6,1372.6954623655915,1.0051488448565802,-0.04703836557464025,4155.86,4232.6,3980.3053118279568,1.0052443584288786
21.25,2644054,67.25,32.25311827956989,0.9693615387548774,-0.4139656833276596,690.78,359952000,702.33,668.8235268817206,1.003337371808732,-0.09252129273243836,1437.44,892344000,1447.14,1378.690129032258,1.004367076916198,-0.07195025739105998,4204.11,4232.6,4002.6985806451607,1.0056260178712069
21.15,2999627,67.25,31.264086021505378,0.969335298079039,-0.4109566939747319,688.8,297568992,702.33,670.689376344086,1.0027897485470714,-0.14085267414077696,1420.85,697768000,1447.14,1383.0701290322581,1.0031769285264083,-0.09701641014315121,4229.89,4232.6,4024.7461505376345,1.005508176408557
26.06,5255314,67.25,30.635118279569888,0.9798821004553644,-0.29003728222743974,707.62,488089984,702.33,673.6114623655915,1.0043568395811393,-0.10224789200610918,1448.24,958392000,1447.14,1388.9187096774192,1.0042286942089143,-0.075309062459463,4247.44,4232.6,4046.376623655914,1.0053743695401485
26.96,4244005,67.25,30.09868817204301,0.9824897001333069,-0.24902208760649702,696.4,442827008,707.62,675.6476559139786,1.0030228012172424,-0.09574749450494568,1437.17,929857024,1448.24,1393.7459139784946,1.0034755124741581,-0.03617916476674443,4166.45,4247.44,4061.3576559139788,1.0037023326426122
27.67,6310973,67.25,29.637182795698923,0.984666927219348,-0.23440717040107728,706.86,405056992,707.62,678.2071182795698,1.0037881613932766,-0.09698447938176669,1466.12,896588992,1448.24,1400.0732903225805,1.004539834901488,-0.024555592738412457,4280.7,4247.44,4082.4001720430106,1.0051811531787629
26.64,3211772,67.25,29.136107526881723,0.9830930195939569,-0.23737195617880014,720.99,304454016,707.62,681.5013548387096,1.0048572721670872,-0.0922348459869895,1495.32,706662016,1466.12,1407.8685376344083,1.0055677423215692,-0.03414555174430056,4352.34,4280.7,4106.683225806452,1.005948229654147
26.47,2458804,67.25,28.656559139784946,0.9835410963302379,-0.22005751433803877,722.57,262720992,720.99,684.7317419354839,1.0047401037046197,-0.1762787473042542,1501.46,580069696,1495.32,1415.6589677419356,1.0055334925806476,-0.03642622661394679,4369.55,4352.34,4130.67182795699,1.0058413568399414
14.35,23544620,67.25,27.426344086021505,0.9570703849069064,-0.5735854150589088,720.78,303392992,722.57,687.6995483870969,1.004334261536093,-0.1797984313265577,1498.96,694866688,1501.46,1422.8516129032257,1.0050807753316202,-0.02460166297821975,4327.16,4369.55,4150.40711827957,1.0047777434626999
13.27,11371699,67.25,26.19015053763441,0.9549267833689452,-0.56985633970232,737.62,366588000,722.57,691.6043225806452,1.005678023495444,-0.14550238983885255,1531.58,944710912,1501.46,1431.7481075268818,1.0062525807631504,-0.013145841293975336,4411.8,4369.55,4174.274559139784,1.0057506264277294
13.0,4959685,67.25,24.994903225806446,0.954362717002698,-0.5670873338434685,739.75,382815008,737.62,695.4440645161291,1.0055519345529194,-0.14403230033965042,1538.58,868772096,1531.58,1440.597935483871,1.0061811347334524,-0.008114500215930853,4395.26,4411.8,4195.550731182796,1.0050969747537153
13.73,4208470,67.25,23.898559139784943,0.9561372942268661,-0.5783911823493233,753.63,395520000,739.75,699.9979784946237,1.0065482102887213,-0.1785005561692352,1548.95,956175104,1538.58,1449.6553548387096,1.0062872638726894,-0.02814493502788351,4436.52,4411.8,4218.11423655914,1.0053779603256003
12.4,7153972,67.25,22.7694623655914,0.9527546088620094,-0.6535232391599968,768.33,495097984,753.63,705.3054838709678,1.0075821724339236,-0.15348568923684947,1557.13,1000698624,1548.95,1458.8525376344087,1.0063443926620217,-0.0434856946588158,4468.0,4436.52,4241.392924731183,1.0055187429421142
12.11,7650910,67.25,21.687956989247315,0.95250193619071,-0.7046620524404286,782.03,499951008,768.33,711.2967956989248,1.0084946338359295,-0.13143466457246467,1584.73,977025984,1557.13,1469.4134408602151,1.0072391848753484,-0.00026444705200878715,4441.67,4468.0,4261.46806451613,1.0047331478458152
11.55,8623181,67.25,20.646559139784944,0.9519826671558467,-0.7751428389309969,756.07,444625984,782.03,715.3949677419354,1.0057615499855916,-0.14268468607565743,1566.06,839281024,1584.73,1478.309978494624,1.0060544822764113,-0.046176445335295524,4509.37,4468.0,4284.620193548388,1.0054328998086455
12.4,7569566,67.25,19.738774193548387,0.95603214365694,-0.7673598315579604,763.06,358691008,782.03,719.7501290322582,1.006087771771822,-0.13767870738170584,1592.61,839248000,1584.73,1488.4352473118277,1.0068492190166465,0.014897059747352337,4535.43,4509.37,4307.743655913979,1.005396852304531
11.34,4163890,67.25,18.84832258064516,0.9548882010518024,-0.7856009085822881,729.94,297360992,782.03,721.7535053763442,1.0027834331155725,-0.13508520358688814,1549.18,651900992,1592.61,1495.2317849462365,1.0045662299698181,0.0010432453359059402,4458.58,4535.43,4324.514215053764,1.0038931191081348
11.69,8588940,67.25,18.075892473118277,0.9590186286221528,-0.8479900401995173,710.83,548590016,782.03,722.3950752688172,1.0008889044357858,-0.15189429881305716,1545.73,1104976000,1592.61,1501.4116774193546,1.0041330665488364,0.025293286776390644,4432.99,4535.43,4338.507462365591,1.0032357963498226
10.8,6794633,67.25,17.332860215053763,0.9588937442967466,-0.8010899895860961,714.02,364225984,782.03,723.1303010752688,1.0010177613768727,-0.1345024315611909,1539.56,794862976,1592.61,1506.7349892473121,1.0035455377815545,0.005033937550317669,4455.48,4535.43,4352.819892473119,1.0032989294663386
10.34,4159197,67.25,16.644516129032255,0.9602867572067721,-0.7194593978367321,711.38,475884000,782.03,723.551935483871,1.0005830683736738,-0.11942474980932194,1485.0,987523968,1592.61,1508.0473548387097,1.0008709996122498,-0.004909555142142086,4357.05,4535.43,4359.396344086021,1.0015108485476907
10.42,3749595,67.25,16.01578494623656,0.9622259260694862,-0.7016701302419595,709.12,436985984,782.03,723.6798709677419,1.0001768158961324,-0.06880067872909756,1480.1,924926016,1592.61,1508.6782795698925,1.0004183719623647,-0.002778424621505682,4391.36,4535.43,4367.078580645161,1.0017622248478422
11.04,5962028,67.25,15.480236559139787,0.9665612151452734,-0.6907533566323006,708.28,314067008,782.03,723.6373548387097,0.9999412500875902,-0.12015441837085716,1491.56,763875008,1592.61,1509.7309677419357,1.000697755238011,-0.02740684698743112,4471.37,4535.43,4378.959268817204,1.0027205116538773
10.86,4572342,67.25,14.982709677419356,0.9678605117034415,-0.660229151711377,724.4,315592000,782.03,724.5169247311827,1.0012154843673997,-0.09826896510676186,1534.41,738278016,1592.61,1513.216666666667,1.0023088212398163,-0.019763972572825583,4544.9,4535.43,4394.383247311828,1.0035222932089045
11.12,2731489,67.25,14.547225806451612,0.9709342381756174,-0.7010086612444111,741.35,420180992,782.03,726.3560430107527,1.0025384062356477,-0.06629209595505481,1559.32,893368000,1592.61,1517.9461075268819,1.0031254221318042,0.003101008807849359,4605.38,4544.9,4412.482580645161,1.0041187425662985
13.15,5300795,67.25,14.29552688172043,0.9826978058854662,-0.32928134969501277,752.65,662680000,782.03,728.7473763440861,1.0032922329983258,-0.04864818370831259,1548.87,1305160960,1592.61,1521.5671182795697,1.002385467267074,-0.011754722019708286,4697.53,4605.38,4435.267913978494,1.0051638353051586
12.05,4693867,67.25,13.984516129032258,0.9782441909793573,-0.3882198359275434,759.55,484920992,782.03,731.3776344086021,1.0036092864961124,-0.03512143577296123,1558.37,897025024,1592.61,1525.428322580645,1.0025376496736083,-0.017700131906094763,4682.85,4697.53,4455.883075268817,1.004648008122655
12.21,6889973,67.25,13.7007311827957,0.9797072030509935,-0.4024666898697884,754.52,457196992,782.03,733.4972903225806,1.002898168899699,-0.0303969188620552,1547.73,910998016,1592.61,1528.2952688172045,1.0018794368729889,-0.04930938330962986,4697.96,4697.53,4476.403440860216,1.0046052298152282
12.17,4085529,67.25,13.433569892473118,0.9805002166119381,-0.47427650147312694,752.84,369496000,782.03,735.3485161290324,1.0025238345538232,0.013697677853962142,1534.35,772281984,1592.61,1530.0680430107527,1.0011599683841985,-0.012941218267697785,4594.62,4697.96,4489.143182795699,1.0028459771563922
13.51,7333415,67.25,13.274688172043012,0.98817278491854,-0.3958754862615328,737.77,717436032,782.03,736.0400860215053,1.000940465476307,-0.05774246963617102,1517.43,1426366976,1592.61,1530.488064516129,1.0002745116514882,-0.021840483957026535,4538.43,4697.96,4497.368623655913,1.0018322963927142
13.99,7294968,67.25,13.161225806451613,0.9914527283714012,-0.41960080448115267,742.69,477764000,782.03,736.9451397849464,1.0012296256421755,-0.10260201858580209,1565.37,1024244992,1592.61,1533.8443655913977,1.0021929612867186,-0.03920464852886729,4712.02,4697.96,4516.135720430108,1.0041729060578848
14.77,13565611,67.25,13.114365591397851,0.9964395250303516,-0.35770782180856886,787.44,761676032,782.03,740.6359784946237,1.0050082950689578,-0.057256733237994295,1603.75,1519144960,1592.61,1539.3995913978492,1.0036217662828586,-0.003616909254002154,4620.64,4712.02,4527.849978494624,1.002593867587177
15.39,3414212,67.25,13.121311827956989,1.0005296662282843,-0.3413769609305972,791.23,414244992,787.44,744.3883010752689,1.0050663520131333,-0.014670604690597333,1625.57,894587008,1603.75,1546.02576344086,1.0043043872949153,0.0067927901126501045,4725.78,4712.02,4545.347935483872,1.0038645178334873
14.1,3134709,67.25,13.057634408602153,0.9951470233929537,-0.4378246640206114,799.27,305176992,791.23,748.4433118279569,1.005447440195971,-0.007029219251499352,1643.92,643782976,1625.57,1553.4312258064517,1.004789999326473,0.030211768935487937,4766.18,4725.78,4564.33047311828,1.0041762562302916
13.53,3705336,67.25,12.972344086021504,0.9934681643005366,-0.580550044333759,783.83,528064000,799.27,751.2646236559141,1.0037695731705674,0.019232491325064105,1567.5,1083789952,1643.92,1555.4266451612903,1.0012845237830228,-0.01879033859762047,4677.02,4766.18,4576.407440860215,1.002645945076296
14.34,4706673,67.25,12.966258064516127,0.9995308464326093,-0.548973401501006,769.34,445060000,799.27,752.9872043010754,1.0022929079726643,0.008874538894301676,1563.07,1043144000,1643.92,1556.8797849462362,1.0009342387115885,-0.03153947616122377,4662.85,4766.18,4586.646387096775,1.0022373327482037
13.82,7326534,67.25,12.953763440860214,0.9990363739797755,-0.5613101614979048,751.93,362247008,799.27,753.4296989247312,1.0005876522484423,0.012815235626887134,1509.42,858723968,1643.92,1554.60088172043,0.9985362368707967,0.0021480273563772023,4397.93,4766.18,4578.7261935483875,0.9982732059810261
14.5,4981118,67.25,13.014924731182798,1.0047215074292357,-0.5499180359586451,767.91,536361984,799.27,754.8062365591397,1.0018270286350182,0.01638563684500549,1520.3,1277963008,1643.92,1552.9307956989248,0.9989257139622506,-0.0015628794649242828,4431.85,4766.18,4572.742279569893,0.9986931050852252
14.68,3470868,67.25,13.113806451612904,1.0075975637564152,-0.532954474843867,761.51,445873984,799.27,755.6689677419354,1.0011429836440255,0.03445523582381815,1540.71,1097234944,1643.92,1552.52376344086,0.9997378941423583,-0.0038366928025828084,4500.54,4766.18,4571.018989247312,0.9996231385419903
15.67,3591046,67.25,13.301913978494627,1.0143442354114192,0.018563369983201516,746.57,508727008,799.27,755.4840860215052,0.9997553403297972,0.0509374402920687,1518.33,1089154944,1643.92,1550.5884516129029,0.9987534414135679,-0.008218594073772012,4418.64,4766.18,4563.730129032258,0.9984054189597114
14.63,3320114,67.25,13.420086021505377,1.0088838375591513,0.03926084387750861,734.1,438660992,799.27,754.4392258064516,0.998616965950195,0.02907287887379162,1484.43,1004057024,1643.92,1546.4243870967741,0.9973145262936808,-0.016521182988303296,4348.87,4766.18,4551.743247311828,0.9973734464173997
14.52,2833458,67.25,13.528236559139785,1.0080588557674741,0.07216199157692871,742.67,438448992,799.27,753.9548387096776,0.999357950806102,0.014428592408668561,1524.66,897788992,1643.92,1544.9572043010755,0.9990512418143812,-0.006626513688770763,4384.62,4766.18,4542.198150537634,0.9979029799671081
12.98,5823622,67.25,13.533763440860215,1.0004085441362789,-0.08524155406413392,756.15,609833984,799.27,754.3338494623656,1.0005026968900905,0.0037546904087415456,1542.57,1171026944,1643.92,1544.6754408602153,0.9998176237891406,0.02014559435990726,4328.87,4766.18,4529.079161290323,0.997111753205712
12.85,3603731,67.25,13.53251612903226,0.9999078370304457,-0.0034946465940035587,758.05,475428000,799.27,754.8300215053764,1.0006577618694488,0.005074180670001538,1499.91,1038068992,1643.92,1541.6551397849462,0.9980447018219004,0.022270365068195352,4204.31,4766.18,4508.155548387097,0.9953801618037373
13.49,4592882,67.25,13.57159139784946,1.0028875094952496,0.10409687555149083,794.98,564758016,799.27,757.7308817204301,1.0038430641765792,0.014073768308424217,1593.48,1215836032,1643.92,1544.7946666666667,1.0020364650956624,0.0006989348413701801,4463.09,4766.18,4504.4944946236565,0.9991879042938635
12.48,2738172,67.25,13.542537634408601,0.9978592220625312,0.09350324560294743,797.11,417180992,799.27,760.7413118279569,1.003972954224449,0.04478193543447251,1589.78,882424000,1643.92,1547.6766666666667,1.001865620112619,0.00767961574556475,4543.04,4766.18,4505.945440860215,1.0003221107803084
12.54,3515758,67.25,13.515354838709678,0.9979927841861884,0.06133975411796577,801.2,403750016,799.27,763.9273548387096,1.0041880767630418,0.036249226967017156,1609.25,917030976,1643.92,1551.7637849462362,1.0026408088766836,0.008148586195176444,4545.86,4766.18,4507.505913978494,1.0003463142505298
12.43,2621296,67.25,13.480774193548385,0.997441380890552,0.08394662435980393,837.64,452811008,801.2,769.3823440860216,1.0071407172589908,0.08481562022179312,1664.58,977635968,1643.92,1559.3847956989246,1.0049111925581846,0.06782970736449734,4488.28,4766.18,4505.329118279569,0.99951707313524
11.82,3472629,67.25,13.404494623655914,0.994341603175211,0.05616908198478354,819.11,321206016,837.64,773.4102365591398,1.0052352286273258,0.10681834383010957,1615.79,188436992,1664.58,1563.6098924731182,1.0027094638769387,0.054438350422507,4392.59,4766.18,4496.914903225807,0.9981323861514084
10.26,3648925,67.25,13.227290322580645,0.9867802325973153,-0.023065561664068368,788.62,381548992,837.64,775.2381720430108,1.002363474644457,0.029809415894640257,1557.49,876480000,1664.58,1563.9230322580647,1.0002002672063242,0.0528763102223182,4271.78,4766.18,4480.793376344086,0.9964149806637086
9.3,2930993,67.25,12.989311827956989,0.9820085226210393,-0.06766861587806361,799.1,482168992,837.64,777.5818064516128,1.0030231153381235,0.08633321869433064,1518.45,1095500032,1664.58,1561.6789032258064,0.9985650642736439,0.0741932388921751,4131.93,4766.18,4456.044322580645,0.9944766357908621
8.41,4928809,67.25,12.696150537634411,0.9774305756759488,-0.1552906976354541,794.16,487929984,837.64,779.4180860215054,1.0023615258930403,0.11440040469360668,1511.65,1065182016,1664.58,1558.924129032258,0.9982360175399321,0.08234961122078155,4123.34,4766.18,4431.225204301075,0.9944302353201917
9.94,8302696,67.25,12.506021505376342,0.9850246709272641,-0.08218695201182125,796.37,514083008,837.64,781.214064516129,1.0023042556066297,0.1905764636323597,1497.4,1088742016,1664.58,1555.1821505376342,0.9975996404026752,0.10399207405021016,4023.89,4766.18,4400.566344086023,0.9930811775972718
8.6,5470755,67.25,12.231806451612906,0.9780733582102389,-0.17237811121950986,812.47,429991008,837.64,783.8593118279568,1.0033860723097277,0.23280692616819187,1510.91,913745024,1664.58,1552.2992258064517,0.9981462462579153,0.12628074179184667,3901.36,4766.18,4362.964645161291,0.9914552591678875
10.05,7478509,67.25,12.055999999999997,0.9856271064859985,-0.04454522228626323,835.59,393065984,837.64,787.8067741935484,1.0050359322215439,0.18946258249623127,1559.34,867961984,1664.58,1552.5913548387095,1.0001881911859527,0.0971036199144033,4158.24,4766.18,4343.319806451613,0.9954973646803522
9.99,4133713,67.25,11.87862365591398,0.9852872972722282,-0.2062671549454158,811.86,378230016,837.64,790.0206021505376,1.0028101154109208,0.16928810243903136,1510.43,833420032,1664.58,1549.7279569892473,0.9981557298766747,0.10056482080896534,4108.54,4766.18,4321.430107526882,0.9949601457179793
9.37,3796133,67.25,11.668043010752687,0.9822723026453951,-0.19508412501189287,788.04,308647008,837.64,790.5703225806453,1.000695830499371,0.18375332317930437,1459.09,750729984,1664.58,1543.6349677419353,0.9960683491448723,0.10328259569250353,3900.86,4766.18,4287.408344086021,0.9921271980352978
9.93,6349183,67.25,11.49935483870968,0.9855427193842573,-0.14756442589994767,763.75,513254016,837.64,789.4916774193547,0.9986356113675383,0.2041457580288243,1393.22,1165408000,1664.58,1533.5058064516131,0.993438111015884,0.11794955828962106,3674.84,4766.18,4240.486344086022,0.9890558593363931
11.62,4173927,67.25,11.444602150537634,0.9952386295631356,0.044614981463269254,834.12,359881984,837.64,792.9331827956988,1.0043591407924573,0.22993125930600444,1506.72,843795968,1664.58,1531.031505376344,0.9983865068753836,0.13061837633622453,3911.74,4766.18,4211.0484731182805,0.993057902188791
