3.95,40837,10.0,4.23334193548387,0.9945947912340426,-0.11799644853870539,278.75,243491008,276.86,253.1678924731183,1.009546015428706,0.31426754798624856,490.56,24554956,485.49,447.48997849462364,1.0085478693820378,0.08406782732947082,2810.3,2786.24,2616.3774838709674,1.0065405270559824
3.99,36375,10.0,4.213324731182795,0.9952715361513109,-0.14777333179803098,285.68,258752000,278.75,255.87686021505374,1.0107002816015584,0.31588254423665085,501.29,24554956,490.56,451.7730322580646,1.0095712842058482,0.0384164846391577,2872.87,2810.3,2636.615548387097,1.0077351470270977
3.7,6691,10.0,4.175479569892473,0.9910177440133606,-0.20139491373547813,277.55,282671008,285.68,257.9137419354839,1.0079603982897019,0.28766208473072374,487.21,24554956,501.29,454.9504946236559,1.00703331571101,0.03336696038461584,2762.13,2872.87,2648.7425161290316,1.0045994448259068
3.81,10744,10.0,4.145784946236559,0.9928883321882286,-0.15232709560559832,264.61,368696992,285.68,258.9858279569892,1.0041567619214857,0.25400277164976526,458.95,24554956,501.29,456.1507311827957,1.0026381695883915,0.04635440332329788,2619.55,2872.87,2650.9461505376344,1.0008319549352889
3.0,97680,10.0,4.064580645161291,0.9804128042992236,-0.337030107545088,279.54,255244000,285.68,260.93027956989243,1.0075079460070924,0.284180676819334,480.61,24554956,501.29,458.6493548387096,1.0054776272076447,0.062268499299136026,2732.22,2872.87,2660.074129032258,1.0034432908012003
3.0,13215,10.0,3.986172043010753,0.9807093009105675,-0.29053424629590596,280.76,180732000,285.68,262.8412688172043,1.0073237542628701,0.30746329316107057,482.42,24554956,501.29,461.11662365591405,1.0053794228448705,0.05504209209247257,2747.3,2872.87,2669.616559139785,1.0035872797691539
2.9,33593,10.0,3.9039354838709674,0.9793695409399158,-0.26755696455038613,276.01,276548000,285.68,264.3259569892473,1.0056486113414538,0.2959606773438296,471.44,24554956,501.29,462.72752688172034,1.0034934833037126,0.0335589191395671,2691.25,2872.87,2674.9510322580645,1.0019982169724024
3.0,26416,10.0,3.830838709677419,0.9812761316124341,-0.17878257327468627,286.28,192708000,285.68,266.3692688172043,1.00773027307356,0.3068196138403442,492.13,24554956,501.29,465.5645376344086,1.006131061127499,0.06033391887294015,2786.57,2872.87,2685.9740645161287,1.0041208351574045
3.0,10863,10.0,3.7594838709677423,0.9813735727036952,-0.22272011440553408,283.18,248326000,286.28,268.0795698924731,1.0064207897662645,0.2625868189458641,480.3,24554956,501.29,467.46064516129024,1.004072706088217,0.04368226116713814,2752.01,2872.87,2694.024946236559,1.0029973788007818
3.01,52731,10.0,3.691032258064516,0.9817922844590883,-0.3011978399825964,265.66,198948000,286.28,268.5407956989247,1.0017204809998634,0.2346122948746726,445.64,24554956,501.29,466.9643440860216,0.9989383040467558,0.025794809740165014,2588.26,2872.87,2690.809247311828,0.9988063588909141
3.02,26205,10.0,3.625677419354839,0.9822936148642745,-0.34414872476026426,272.36,176615008,286.28,269.3571827956989,1.0030400859379651,0.23414285742446428,457.53,24554956,501.29,467.15987096774194,1.0004187190825096,0.048923619522257544,2640.87,2872.87,2690.6754623655916,0.999950280776547
3.08,22357,10.0,3.566944086021506,0.9838007283770479,-0.47958106382670807,267.23,197019008,286.28,269.7528172043011,1.001468809572835,0.22734565806715312,450.91,24554956,501.29,466.82660215053767,0.9992866064961575,0.0731785227611772,2604.47,2872.87,2687.839913978495,0.9989461574140928
3.25,14190,10.0,3.5244903225806445,0.9880980014216558,-0.34541023623419387,272.89,178392000,286.28,270.4339569892473,1.002525051608378,0.23920794665417788,455.57,24554956,501.29,466.6814408602151,0.9996890466617501,0.04384033967629253,2656.3,2872.87,2688.040623655914,1.0000746732260262
3.3,10112,10.0,3.4889612903225804,0.989919384363056,-0.3845910081204199,281.2,190186000,286.28,271.5696989247312,1.0041997016503703,0.24731170355106835,462.86,24554956,501.29,466.9124946236559,1.000495099533024,0.02789987237016045,2670.14,2872.87,2688.798602150537,1.0002819817855255
4.104,31107,10.0,3.5091741935483873,1.0057933870696336,-0.23491677246438147,279.03,247226000,286.28,272.47040860215054,1.0033166795890178,0.20548669691300703,459.78,24554956,501.29,466.85847311827956,0.9998843005788057,0.011791189263401058,2669.91,2872.87,2689.180623655914,1.0001420788842539
4.11,38655,10.0,3.532647311827957,1.0066890718399575,-0.15094577314705182,284.85,200024992,286.28,273.66120430107526,1.0043703670612667,0.20912820262036202,452.01,24554956,501.29,466.23713978494624,0.9986691184392922,-0.01099650283790643,2663.42,2872.87,2688.8201720430106,0.9998659622898765
4.22,97887,10.0,3.5651311827956986,1.009195333725781,-0.07056346482704257,293.91,200910000,286.28,275.3457204301075,1.0061554802162567,0.2438174051658475,468.28,24554956,501.29,466.6337419354839,1.0008506446970753,0.011864688427063896,2727.72,2872.87,2692.3627526881723,1.0013175223400939
3.0,109897,10.0,3.5199376344086017,0.9873234542938594,-0.2487078699327806,292.67,162396000,293.91,276.84578494623656,1.0054479311092464,0.2597134684946668,463.09,24554956,501.29,466.6207096774193,0.999972071762298,-0.005898240710692004,2712.97,2872.87,2694.5783440860214,1.0008229171182959
2.99,25533,10.0,3.476851612903226,0.9877594361092665,-0.29867566089751574,293.78,146866000,293.91,278.31662365591393,1.005312844874857,0.20439540409774215,461.21,24554956,501.29,466.4411397849462,0.9996151694754456,-0.016819027115066332,2721.33,2872.87,2697.037032258064,1.0009124574824253
3.0,34065,10.0,3.4370344086021505,0.9885479138214278,-0.3928053760072051,293.49,166847008,293.91,279.6770752688172,1.0048881435648098,0.1950131052307732,455.23,24554956,501.29,465.8398924731182,0.9987109899609087,-0.031541772207927865,2734.62,2872.87,2700.0515053763443,1.00111769808209
2.96,59828,10.0,3.3972387096774197,0.9884215011565987,-0.4715125767424114,301.2,224455008,293.91,281.4474193548387,1.0063299578069453,0.25698025893718723,465.17,24554956,501.29,465.85589247311833,1.000034346564686,-7.418323771157809e-05,2779.03,2872.87,2705.615483870967,1.0020606934658631
3.1,111108,10.0,3.3689720430107526,0.991679517077753,-0.33386902952120345,299.94,189862000,301.2,283.02690322580645,1.005612003388016,0.2593922143693487,456.35,24554956,501.29,465.2321075268817,0.9986609916149711,-0.024817460454009455,2779.66,2872.87,2710.797032258065,1.0019151089347273
3.08,8949,10.0,3.341135483870968,0.9917373730667982,-0.3324755588170851,299.52,192404992,301.2,284.47055913978494,1.0051007727446557,0.22197545741698388,449.85,24554956,501.29,464.13952688172037,0.9976515364535579,-0.022516773877369722,2754.88,2872.87,2713.948021505376,1.0011623847930387
3.192,52772,10.0,3.321858064516129,0.9942302790629416,-0.2917363052812526,293.37,188492992,301.2,285.4165591397849,1.0033254759397972,0.17048943331716104,441.15,24554956,501.29,462.45197849462363,0.9963641355899283,-0.06267867756455414,2718.37,2872.87,2714.415655913979,1.0001723077984168
3.4,16835,10.0,3.3170279569892474,0.9985459620992009,-0.2902602130655839,297.03,106901000,301.2,286.5167741935484,1.0038547695238125,0.14091472248263437,442.61,24554956,501.29,460.89187096774197,0.9966264442592285,-0.08584004893168873,2759.82,2872.87,2717.393720430108,1.0010971291407196
3.49,62411,10.0,3.3191655913978497,1.0006444426867425,-0.2655681928647806,305.17,197975008,301.2,288.06060215053765,1.0053882637808367,0.1763316964395184,447.65,24554956,501.29,459.7017634408603,0.9974178161910672,-0.07972080260207082,2801.31,2872.87,2722.815612903226,1.00199525465609
3.66,72499,10.0,3.3334752688172045,1.0043112273326888,-0.23607434033325325,308.13,169391008,305.17,289.7023440860215,1.0056992935626299,0.18006845769107171,457.59,24554956,501.29,459.1856129032258,0.9988772056609678,-0.06338347731196503,2801.83,2872.87,2728.0011612903227,1.0019044801868047
3.719,16431,10.0,3.3524516129032254,1.0056926608286354,-0.15812163876971397,305.74,234558000,308.13,291.09058064516125,1.0047919410646104,0.17991328258633033,466.93,24554956,501.29,459.29133333333334,1.0002302346309135,-0.04786753536326227,2818.82,2872.87,2734.0280215053763,1.002209258669158
3.823,14365,10.0,3.3783118279569893,1.0077138220143822,-0.17388245289249704,303.82,240056992,308.13,292.2632043010753,1.004028380627484,0.07842626944784237,466.49,24554956,501.29,459.36223655913966,1.0001543752748212,-0.046939904201943494,2840.35,2872.87,2741.1316344086026,1.0025982224203083
3.579,22608,10.0,3.3890473118279565,1.0031777658243761,-0.297126706726916,304.53,164859008,308.13,293.4152258064516,1.0039417261168107,0.047978681963092074,463.85,24554956,501.29,459.27449462365587,0.9998089918402064,-0.06145649138362819,2833.28,2872.87,2747.570086021505,1.002348829779673
3.23,31132,10.0,3.3792903225806454,0.9971210230045303,-0.23623703892378556,308.42,155291008,308.13,294.7587096774194,1.0045787803522304,0.03302564220706605,466.68,24554956,501.29,459.4158709677419,1.0003078253761988,-0.06285192477239687,2850.13,2872.87,2754.9944731182795,1.0027021647726282
3.28,11162,10.0,3.3743075268817213,0.9985254904955551,-0.23289321670739405,315.13,131787000,308.42,296.4712903225806,1.0058101104019468,0.06475721877140694,467.79,24554956,501.29,459.6802150537634,1.0005753917152767,-0.06746109765977049,2874.69,2872.87,2763.9177204301077,1.0032389347415744
2.88,56993,10.0,3.3450451612903223,0.9913278901350047,-0.21916246124923466,320.25,132930000,315.13,298.45086021505375,1.0066771048566598,0.08025085076122807,469.32,24554956,501.29,460.115311827957,1.0009465205591732,-0.0871839567829169,2901.52,2874.69,2774.5680215053767,1.0038533350673013
2.6,71854,10.0,3.2994817204301077,0.9863788263944876,-0.3695433108016486,314.67,140035008,320.25,299.9786021505376,1.0051189061220431,0.08332447645518859,468.63,24554956,501.29,460.5443655913979,1.0009324918176192,-0.07515773362432077,2871.68,2901.52,2782.9933978494623,1.0030366443636565
1.82,114647,10.0,3.2061978494623657,0.9717277200264102,-0.44505140533990084,323.36,146128000,320.25,301.9593333333333,1.0066029082361072,0.06818067212012391,466.98,24554956,501.29,460.84615053763434,1.0006552787717833,-0.09159042572849785,2904.98,2901.52,2793.0249462365587,1.0036045893586554
1.71,346691,10.0,3.1083548387096775,0.9694831649989738,-0.5219890162368673,328.66,203156992,323.36,304.1877634408601,1.0073799014023748,0.08625001059521886,477.54,24554956,501.29,461.8585376344087,1.0021968005929816,-0.07649720508385882,2929.67,2904.98,2804.277870967742,1.0040289381397562
0.87,4319016,10.0,2.9590924731182797,0.9519802682330314,-0.819319577499386,324.45,146418000,328.66,306.04156989247315,1.0060942834473137,0.08016201956065916,458.18,24554956,501.29,461.63238709677427,0.9995103467421155,-0.1108873897558007,2913.98,2929.67,2814.126344086021,1.0035119462376532
0.873,4599224,10.0,2.8143892473118286,0.951098782102621,-0.8198927913545375,316.54,161240992,328.66,307.28088172043016,1.0040494885331834,0.07806686112102557,465.07,24554956,501.29,461.87926881720426,1.0005348015592723,-0.0905130195229773,2885.57,2929.67,2821.662924731183,1.0026781244776022
0.786,10160337,10.0,2.668647311827957,0.9482154305332577,-0.8388052123670786,303.74,224003008,328.66,307.62931182795705,1.0011339140449482,0.08743527232696335,439.16,24554956,501.29,460.5127311827957,0.9970413531702601,-0.09114896516615123,2767.13,2929.67,2821.3453118279567,0.9998874376877399
0.86,4710974,10.0,2.5324408602150537,0.9489604898297314,-0.8098611480372901,305.61,180860992,328.66,308.0541720430107,1.0013810784561754,0.09315903755244714,442.52,24554956,501.29,459.45144086021514,0.9976954158903388,-0.07636050479473588,2767.78,2929.67,2821.0371182795698,0.9998907636200735
0.84,2962865,10.0,2.3995677419354844,0.9475316006912454,-0.7835752656762868,294.55,252730000,328.66,307.6795698924731,0.9987839731302673,0.06736214175695676,419.35,24554956,501.29,456.90202150537635,0.9944511669175189,-0.09019585620832016,2658.69,2929.67,2813.304795698925,0.9972590496840537
0.922,2245265,10.0,2.27667311827957,0.9487846825458705,-0.7632351971707004,298.01,266156992,328.66,307.4804731182796,0.9993529086956826,0.08064832440934033,437.89,24554956,501.29,455.6308387096774,0.9972178219052069,-0.07440819807069943,2723.06,2929.67,2809.6870537634413,0.9987140597275438
0.791,3578990,10.0,2.1499677419354843,0.9443462588780273,-0.8441305361305361,308.38,187572992,328.66,307.88421505376346,1.0013130652863558,0.04459274475415742,449.32,24554956,501.29,455.1250752688172,0.9988899710074663,-0.060667840517387606,2781.01,2929.67,2809.5529892473123,0.9999522848938107
0.799,4353224,10.0,2.0290666666666666,0.943766098015974,-0.8065377007674657,301.48,189232000,328.66,307.7664731182796,0.9996175772263501,-0.03380385703877331,443.61,24554956,501.29,454.26436559139785,0.998108850238781,-0.06635574109371034,2736.27,2929.67,2806.2642795698926,0.9988294544754962
0.72,909086,10.0,1.9084473118279572,0.9405542672302326,-0.9204891698401255,285.18,146972992,328.66,306.5535053763441,0.9960588048150738,-0.04057696322290405,430.5,24554956,501.29,452.5992473118279,0.996334473038839,-0.04969339523122629,2632.56,2929.67,2796.142387096774,0.996393107895501
0.74,1223932,10.0,1.7963956989247312,0.9412865043699319,-0.9185823086893217,305.32,198532000,328.66,306.62666666666667,1.000238657490583,-0.009576912173303143,447.08,24554956,501.29,452.0667741935484,0.9988235218652216,-0.0472323146116399,2760.17,2929.67,2794.333720430108,0.9993531564504681
0.725,1320393,10.0,1.6906236559139785,0.9411198528954035,-0.9990918980397046,293.4,208326000,328.66,305.8867741935484,0.9975869924127551,-0.0792637773890964,415.43,24554956,501.29,449.5029677419355,0.9943286996568449,-0.0781641842058195,2633.08,2929.67,2784.117634408602,0.9963439993058762
0.725,1028678,10.0,1.5923677419354836,0.9418818531050448,-0.938362441730473,288.2,231288000,328.66,304.81249462365594,0.9964879829383774,-0.10828407012726149,400.72,24554956,501.29,446.1037849462366,0.9924379080014208,-0.09302310210355058,2599.95,2929.67,2771.9676559139784,0.9956359679833698
0.673,992089,10.0,1.4956494623655916,0.9392613420739525,-0.9211563683796178,261.12,323531008,328.66,302.0007311827957,0.9907754324692895,-0.11450634782669655,379.4,24554956,501.29,441.463247311828,0.9895976277471669,-0.0654102515373497,2416.62,2929.67,2748.2329892473126,0.9914376105305457
0.72,512029,10.0,1.40694623655914,0.9406925031309448,-0.8028772919605078,274.53,162250000,328.66,300.1243655913978,0.9937868839454493,-0.0500987086250394,392.06,24554956,501.29,437.8154193548387,0.991736961164487,-0.047754203020679786,2485.74,2929.67,2729.6129677419353,0.9932247296432909
0.86,1167540,10.0,1.3321784946236561,0.9468581385751188,-0.7259493181963363,282.54,169572000,328.66,298.80554838709674,0.9956057642914052,-0.028916115029141487,402.54,24554956,501.29,434.97956989247314,0.9935227282160495,-0.04572663087446893,2531.94,2929.67,2714.508817204301,0.9944665596492498
0.805,4268495,10.0,1.258378494623656,0.9446020181996342,-0.7815098409419763,290.76,194376000,328.66,298.0571827956989,0.9974954762539137,-0.04814458276270639,406.73,24554956,501.29,432.5487311827956,0.994411602571867,-0.042753040207973214,2596.26,2929.67,2704.085720430108,0.996160227328004
0.85,1690579,10.0,1.1924172043010752,0.947582312790312,-0.760535225613933,296.68,200200000,328.66,297.7104946236559,0.9988368400694418,-0.02349655305806131,431.64,24554956,501.29,431.8316989247312,0.9983423087241438,-0.009927105110849155,2670.71,2929.67,2698.860258064516,0.9980675677822962
0.826,411594,10.0,1.1297032258064517,0.9474060100203076,-0.7554078612670658,297.55,257740000,328.66,297.42604301075266,0.9990445361583143,-0.0042262733503035665,431.63,24554956,501.29,431.1531827956989,0.9984287486751857,-0.0018585843155485282,2664.76,2929.67,2693.4319354838713,0.9979886611155859
0.799,960333,10.0,1.070335483870968,0.9474483735380119,-0.7581939978563774,304.83,245464992,328.66,297.60227956989246,1.0005925390976385,-0.003529745886142077,432.1,24554956,501.29,430.5254623655914,0.9985440895367228,-0.004436279278714261,2706.53,2929.67,2690.8137419354844,0.9990279340220578
0.78,443829,10.0,1.0153354838709676,0.9486142421429515,-0.8004524104173527,306.17,193972000,328.66,297.8481935483871,1.0008263175230043,-0.049638904661785554,425.53,24554956,501.29,429.49647311827954,0.9976099224383665,-0.016061351325384887,2707.88,2929.67,2688.397247311828,0.9991019465279234
0.799,435719,10.0,0.9673892473118281,0.9527779366319943,-0.803924604729593,316.1,179059008,328.66,298.7326021505376,1.0029693267285398,-0.055061743480668834,437.75,24554956,501.29,429.303440860215,0.9995505614826984,-0.033995852278442706,2775.6,2929.67,2690.5507096774195,1.0008010208936737
0.816,696035,10.0,0.9266924731182795,0.957931334975413,-0.7759085625386449,317.43,145746000,328.66,299.6856774193548,1.003190395899062,-0.04621355988565656,438.13,24554956,501.29,429.1775913978495,0.9997068519597389,-0.05240254938240174,2792.67,2929.67,2693.861870967742,1.001230663030588
0.852,590694,10.0,0.8945612903225806,0.9653270273280855,-0.7970533307534882,323.54,207047008,328.66,301.0078064516129,1.0044117191173205,0.028168804692255467,441.64,24554956,501.29,429.34012903225806,1.000378718827978,-0.040363306492994355,2803.69,2929.67,2697.9402365591395,1.001513947554383
0.95,3504010,10.0,0.875141935483871,0.9782917559156769,-0.7784576435798263,316.99,169415008,328.66,301.86494623655915,1.0028475666297512,-0.02015319314483599,429.74,24554956,501.29,428.7883655913979,0.998714857047945,-0.041697280816032856,2743.07,2929.67,2698.18647311828,1.0000912683519834
0.845,2159885,10.0,0.8546021505376343,0.9765297672144118,-0.8189060312848482,332.09,214751008,328.66,303.6694838709678,1.0059779635128436,0.023189950922572145,442.54,24554956,501.29,429.1357634408603,1.0008101848775286,-0.04202578164162907,2822.48,2929.67,2703.749935483871,1.0020619265647572
0.849,739304,10.0,0.8394494623655915,0.9822693072296738,-0.7679701720382037,325.9,177876000,332.09,305.0237634408602,1.00445971571667,-0.04067001665485526,421.09,24554956,501.29,428.1512043010753,0.9977057164103718,-0.07409617199019747,2800.71,2929.67,2707.9683440860217,1.0015602066399665
0.819,525796,10.0,0.8275892473118278,0.9858714364765435,-0.7887012458179257,331.67,194387008,332.09,306.7271397849463,1.0055844053750795,-0.04061398473007105,427.19,24554956,501.29,427.66062365591404,0.9988541883329229,-0.06663547237305989,2834.4,2929.67,2714.519397849463,1.002419176641318
0.85,362527,10.0,0.8221612903225806,0.9934412427337858,-0.6560897615587304,336.43,159507008,332.09,308.7130537634408,1.0064745297070448,-0.030751055636150992,441.4,24554956,501.29,428.17741935483866,1.0012084247890458,-0.06543922788992906,2892.74,2929.67,2724.9786666666664,1.0038530831002679
0.835,909486,10.0,0.8195290322580644,0.9967983677953466,-0.535800673456784,340.08,133408000,336.43,310.88765591397845,1.0070440887550027,-0.0497864748719572,450.63,24554956,501.29,429.34825806451613,1.002734470938336,-0.03584870066158785,2907.41,2929.67,2736.3390967741934,1.0041689978150998
0.839,302997,10.0,0.8192731182795698,0.9996877304300137,-0.4802745625703502,342.64,125815000,340.08,313.19146236559146,1.007410414687711,-0.027810750892845792,453.66,24554956,501.29,430.7497419354839,1.0032642123139979,-0.04159577862418118,2905.03,2929.67,2747.540752688172,1.0040936651189114
0.864,828388,10.0,0.8225032258064516,1.0039426504480762,0.01954773422527789,351.93,168070000,342.64,316.064559139785,1.0091736114148595,-0.019087621504657593,459.96,24554956,501.29,432.60903225806453,1.004316404959934,-0.005003251238901774,2939.88,2929.67,2761.043784946237,1.0049145885260677
0.88,379969,10.0,0.826778494623656,1.0051978748326642,0.030569731541397416,352.64,167279008,351.93,318.9243655913979,1.009048171865255,-0.03171450398341169,465.52,24554956,501.29,434.8232043010753,1.0051181826497093,-0.019849781226709107,2945.64,2939.88,2774.8627311827954,1.0050049717834617
0.835,2659066,10.0,0.8281354838709677,1.0016412972230602,0.03341696223074031,349.24,163183008,352.64,321.48718279569897,1.0080358150107118,-0.021780770907467994,455.03,24554956,501.29,436.3596344086022,1.0035334593285943,-0.005158322924421421,2881.4,2945.64,2784.407978494624,1.0034398989198863
0.896,909718,10.0,0.8333225806451612,1.0062635847336807,0.018900302915610512,353.85,163896992,352.64,324.2495698924731,1.0085925263730642,0.007317161058526311,445.52,24554956,501.29,437.24838709677425,1.002036743589669,-0.02636995639471018,2859.53,2945.64,2792.2965161290326,1.002833111273684
0.928,1056488,10.0,0.8404967741935483,1.0086091433437852,0.027969708754645106,352.27,145600992,353.85,326.8062795698924,1.0078850056093125,0.030422867622631244,444.42,24554956,501.29,438.0597204301075,1.0018555433416698,-0.003169057839397249,2826.06,2945.64,2797.828387096774,1.001981118744298
0.951,191205,10.0,0.8489655913978494,1.0100759663383918,-0.02671558058672563,347.22,128931000,353.85,328.9130537634408,1.006446553586183,0.025021301686830588,430.65,24554956,501.29,437.92875268817204,0.9997010276548438,-0.027183616396930232,2752.06,2945.64,2798.2261290322585,1.0001421609478691
0.93,309635,10.0,0.8560172043010752,1.0083061233278194,0.10589857305746286,365.46,194744000,353.85,332.0907741935484,1.0096612779387986,0.056272147886703205,448.64,24554956,501.29,438.974,1.0023867976364005,-0.03471356630786471,2873.34,2945.64,2806.386021505376,1.0029160947317504
0.995,382532,10.0,0.866963440860215,1.0127874025243186,0.19675525257635873,362.82,151232000,365.46,334.9754193548387,1.0086863152651422,0.0777297962176442,450.55,24554956,501.29,440.14393548387096,1.0026651589476163,-0.03943425662746192,2886.98,2945.64,2815.2273548387097,1.0031504337840849
1.11,1497369,10.0,0.8849075268817206,1.0206976271152808,0.49051930697631585,369.42,176430000,365.46,338.1539569892473,1.0094888682892926,0.14285918159333777,452.28,1461469952,501.29,441.41055913978494,1.002877748740356,-0.07016464730241267,2950.46,2945.64,2827.840064516129,1.0044801744540246
1.1,1125627,10.0,0.901367741935484,1.0186010566683354,0.44013070447496694,369.37,174827008,369.42,341.1481075268817,1.0088544004165818,0.11867496241676334,458.92,1419180032,501.29,443.05873118279567,1.0037338754338425,-0.039306469943113154,2941.76,2950.46,2839.2078279569896,1.0040199456763852
1.085,158572,10.0,0.9160860215053762,1.0163288288288286,0.4784422072375065,377.54,111359000,369.42,344.53161290322583,1.0099179954444788,0.17214216869155985,467.83,809369984,501.29,445.2562795698925,1.0049599482696803,-0.009573625360606908,2990.41,2950.46,2853.323784946237,1.0049717941921161
1.47,1226759,10.0,0.9548688172043011,1.042335320907085,1.0601902395005842,384.86,150708992,377.54,348.2064301075268,1.010666124868295,0.2023991396416942,469.97,1059420032,501.29,447.47920430107524,1.0049924612704622,0.013649335597931467,3013.77,2990.41,2868.1783870967743,1.0052060695771394
1.67,1318068,10.0,1.004952688172043,1.0524510488408023,1.5222100925740771,380.85,161695008,384.86,351.4146666666667,1.0092136051541298,0.27619203678303483,463.68,1448070016,501.29,449.1473978494623,1.0037279800543863,-0.00958425327729695,2976.61,3013.77,2879.745634408602,1.004032959513211
1.67,2174212,10.0,1.0528924731182796,1.0477035242658403,1.3199854236167465,392.55,195387008,384.86,355.1202580645161,1.010544782985294,0.23723066505438073,476.09,1336600064,501.29,451.4349892473119,1.0050931863544188,-0.0029579680001232678,3025.86,3013.77,2893.2860215053765,1.0047019385792229
1.57,775982,10.0,1.0923376344086022,1.0374636178882546,0.8399111417393635,376.83,186046000,392.55,357.5578494623656,1.0068641293829164,0.1073026210106458,457.56,1474320000,501.29,452.3463870967741,1.0020188905848477,-0.021343002821441415,2932.05,3025.86,2899.612602150538,1.002186641969766
1.75,700336,10.0,1.1418688172043012,1.0453442060728004,1.2727812903285702,379.92,208862000,392.55,359.9920215053764,1.006807771236657,0.1062616294812384,449.93,1563449984,501.29,452.6472043010752,1.0006650151584757,-0.017961807650260786,2918.65,3025.86,2904.214215053764,1.0015869750668807
1.62,1144906,10.0,1.1809806451612903,1.0342524704832108,1.0239682529731493,376.32,168368000,392.55,362.0021935483871,1.005583934984461,0.08945519284201775,440.19,1552979968,501.29,452.2267311827957,0.9990710798293149,-0.061806827776449635,2888.68,3025.86,2906.1889677419354,1.0006799610985773
1.71,484763,10.0,1.224243010752688,1.0366325779924102,1.1978127733241921,368.29,144487008,392.55,363.3230322580646,1.0036487036079271,0.0795447948680208,431.84,1212800000,501.29,451.2491612903226,0.9978383190884885,-0.06794364976379419,2847.11,3025.86,2905.0130322580644,0.9995953685404069
1.816,445413,10.0,1.2724430107526883,1.0393712682667193,1.3818358174070582,380.05,133144000,392.55,365.25045161290325,1.0053049743168212,0.10079716935482064,445.65,1180140032,501.29,451.16210752688175,0.9998070827141442,-0.04990054725599813,2926.46,3025.86,2908.564301075269,1.0012224622670434
1.76,315647,10.0,1.314843010752688,1.0333217280787443,1.3978752555981724,389.91,124848000,392.55,367.65223655913974,1.006575720675034,0.1271678553887785,454.01,974449984,501.29,451.5852688172042,1.0009379362390207,-0.03308720911113605,2978.71,3025.86,2915.0135698924737,1.0022173375416938
1.64,521474,10.0,1.347393548387097,1.0247562160411645,1.222320259786332,378.58,212684992,392.55,369.1429677419354,1.00405473171263,0.10009461772591188,471.68,1587570048,501.29,453.0871827956989,1.0033258701782466,-0.005999877450466151,3007.39,3025.86,2922.730731182796,1.0026473843449746
1.46,731026,10.0,1.366522580645161,1.0141970638652402,0.9245427890782483,371.83,186320000,392.55,370.0638494623656,1.0024946478760337,0.05316314977249115,466.96,1504540032,501.29,454.2116129032257,1.0024817080469783,-0.00559881644657545,2992.07,3025.86,2928.961032258065,1.0021316712514081
1.55,433923,10.0,1.39007311827957,1.017233917659297,0.9504430845632844,370.39,174394000,392.55,370.77483870967745,1.0019212610157537,0.010752969379839605,466.03,1291590016,501.29,455.2140430107527,1.00220696714714,-0.0011639958792011296,2961.79,3025.86,2932.808967741935,1.0013137544137634
1.55,183563,10.0,1.4121225806451612,1.0158620881704992,0.7370975714055638,370.23,194148992,392.55,371.374752688172,1.0016180007806956,0.034884507134149034,455.67,1382640000,501.29,455.49563440860214,1.0006185911928092,-0.015831321034432078,2952.01,3025.86,2935.6859354838707,1.0009809598148327
1.41,200253,10.0,1.4238494623655913,1.008304436088737,0.7852776733638194,373.19,154742000,392.55,372.0511397849463,1.0018213060846983,0.021413018699484754,459.31,1252950016,501.29,455.9563010752688,1.0010113525396676,-0.014466873225875254,2970.27,3025.86,2939.291634408602,1.001228230472868
1.394,208197,10.0,1.4333290322580643,1.006657705145826,0.6878902163225363,370.58,161636000,392.55,372.470752688172,1.0011278366287717,0.025195936727886892,466.45,1394150016,501.29,456.84154838709674,1.0019415178817361,0.04149080518260484,2986.2,3025.86,2943.607247311829,1.0014682493062976
1.42,147012,10.0,1.4433139784946238,1.0069662624644038,0.7968892319072826,373.95,181572000,392.55,373.01169892473126,1.0014523186925555,0.038645654706986,475.59,1231640064,501.29,458.21892473118277,1.003014997976758,0.04691764036949353,3022.55,3025.86,2949.86911827957,1.0021272780101556
1.51,288623,10.0,1.4578129032258063,1.0100455790958975,0.7655204342487538,382.04,160538000,392.55,373.98365591397857,1.0026057010867195,0.06470023564540162,482.76,1280749952,501.29,459.95479569892467,1.0037883004696069,0.03349250603809151,3066.91,3025.86,2958.588301075269,1.002955786323423
1.72,10071270,10.0,1.4844408602150538,1.0182656889168191,1.083199932328851,380.49,165456000,392.55,374.7575268817205,1.0020692641389652,0.09038562510417592,494.49,1356080000,501.29,462.3584946236559,1.0052259459999295,0.03346944193872603,3093.08,3066.91,2968.621311827956,1.0033911479840032
1.66,631773,10.0,1.505294623655914,1.0140482278545195,0.9638507694437579,383.41,130669000,392.55,375.63288172043,1.0023357898799077,0.035980490652054664,493.22,977249984,501.29,464.58593548387097,1.0048175623160729,0.013044287391869025,3120.46,3093.08,2980.0214838709676,1.003840224415822
1.56,461227,10.0,1.5179311827956985,1.0083947414288201,0.7690945806330423,383.57,161440992,392.55,376.43088172043014,1.0021244146581236,0.03429632526153803,495.51,1100189952,501.29,466.87604301075265,1.004929351820555,0.019324378556534905,3110.29,3120.46,2990.30223655914,1.0034498921379646
1.83,363299,10.0,1.5464903225806452,1.0188145155120583,1.0548903991281282,393.21,121791000,392.55,377.78277419354845,1.0035913431622285,0.05521630676992051,498.96,854739968,501.29,469.31227956989244,1.0052181657114578,0.005518687977122072,3140.98,3120.46,3002.1965161290314,1.0039776178556379
1.96,985694,10.0,1.581393548387097,1.0225693140764103,1.3731913174790051,390.94,177455008,393.21,378.90096774193546,1.002959884951806,0.054750238690290276,502.58,1258659968,501.29,471.9101505376344,1.0055354847525466,0.012699479062475705,3145.91,3140.98,3013.9887741935486,1.0039278768065862
2.18,1246673,10.0,1.6280709677419354,1.029516637020839,1.4867104518044632,398.5,158495008,393.21,380.41722580645165,1.0040017265554964,0.10268413988065839,507.63,1254729984,502.58,474.7315698924731,1.0059787214825202,0.03125599027311665,3168.8,3145.91,3026.6889677419354,1.0042137494529273
2.11,880489,10.0,1.6674709677419353,1.0242004192573042,1.3342778435653129,401.8,212935008,398.5,382.05036559139785,1.0042930226976028,0.09267286343862446,510.17,1659929984,507.63,477.5832903225807,1.0060070166194204,0.008118457120012135,3221.22,3168.8,3042.106,1.0050936955935603
2.59,1074609,10.0,1.7352967741935483,1.0406758544908652,1.749314732940201,403.03,79912000,401.8,383.65634408602153,1.0042035779553244,0.09840043612497329,511.89,546160000,510.17,480.4045806451613,1.0059074309753906,0.011337890600947809,3240.02,3221.22,3057.8861290322575,1.0051872383908573
2.35,1460594,10.0,1.7841139784946238,1.0281319051744118,1.5770458085688792,402.19,99812000,403.03,385.08810752688174,1.0037318904351005,0.06552209140292953,510.52,768470016,511.89,482.9627741935484,1.0053250815072403,0.012112706728182765,3234.85,3240.02,3072.2833333333333,1.004708221200386
2.47,732970,9.6,1.8376193548387096,1.0299898868508568,1.5034590111919557,410.89,159300992,403.03,387.00217204301083,1.0049704586527526,0.09998186671812337,509.47,1128960000,511.89,485.3201505376344,1.0048810725588992,-0.0002873326774912588,3265.35,3240.02,3087.870838709677,1.005073589797928
2.52,553070,9.6,1.8911784946236556,1.0291459380006622,1.3631161408646943,428.68,181500000,410.89,389.9606021505376,1.0076444793369221,0.11180280661977093,515.28,1571369984,511.89,487.92565591397846,1.0053686321770439,0.010785467601746701,3329.62,3265.35,3106.7910967741936,1.0061272828601933
2.44,330191,9.6,1.9365440860215057,1.0239880008824223,1.3293340968035294,429.13,241368000,428.68,392.82062365591395,1.007334129370003,0.07289425291615514,504.03,1123840000,515.28,489.669870967742,1.0035747557699057,-0.0219415455683869,3295.47,3329.62,3122.692731182796,1.005118346845114
2.3,328966,9.6,1.9699956989247311,1.0172738710906135,1.2338239021307706,417.26,225484992,429.13,394.7863225806451,1.005004062430421,0.061688162826200044,497.1,1403750016,515.28,490.86997849462364,1.0024508502524565,-0.016055864359613592,3225.52,3329.62,3133.320795698925,1.0034034935330007
2.92,1178182,9.6,2.040834408602151,1.0359588143852727,1.0373923405282293,427.13,203352000,429.13,397.303376344086,1.0063757369986563,0.04639867035981404,512.49,1273990016,515.28,493.0000430107527,1.0043393660428397,-0.013694673066119822,3327.71,3329.62,3150.0361505376345,1.0053347090606408
2.82,1036781,9.6,2.1021032258064514,1.0300214544335646,0.7049286145833993,442.07,174850000,429.13,400.6933978494624,1.0085325766334299,0.02001569645389445,516.18,977180032,515.28,495.27673118279563,1.0046180283436472,-0.022349051851564106,3380.16,3329.62,3169.4602365591404,1.0061663057480121
2.75,405260,9.6,2.1563827956989248,1.0258215530170502,0.6761517830374434,438.49,162770000,442.07,403.72079569892475,1.007555397382913,-0.015344422971366845,509.7,1081609984,516.18,497.0224516129033,1.0035247374249516,-0.032478932579273145,3337.75,3380.16,3185.2803440860216,1.0049914200987282
2.66,727916,9.6,2.2025333333333337,1.0214018298265317,0.715718031613714,376.95,381729984,442.07,402.6790752688172,0.9974197008397744,0.027449400907761712,440.7,2611780096,516.18,494.24427956989246,0.9944103691211629,-0.04440888913862251,2954.22,3380.16,3175.6858494623652,0.9969878649326832
2.27,1185911,9.6,2.221178494623656,1.0084653253633644,0.21799593771157766,374.88,348080000,442.07,401.5035483870967,0.9970807351215463,-0.014693442539383428,422.74,2944910080,516.18,490.34365591397847,0.9921079032835576,-0.07883739248769195,2972.37,3380.16,3167.2146451612903,0.9973324803829355
1.68,1374104,9.6,2.200640860215054,0.990753721748021,-0.05957927716235889,350.15,423420000,442.07,398.7433763440861,0.993125410587033,0.01741646280398268,381.2,3454240000,516.18,483.821505376344,0.9866988173315356,-0.07250817434269963,2711.02,3380.16,3141.766623655914,0.9919651730758904
1.17,1135138,9.5,2.1470709677419357,0.9756571399533666,-0.4278521113157253,272.2,538049984,442.07,391.0104516129031,0.9806067631716344,0.03389329073194525,312.65,3462299904,516.18,473.0036344086022,0.9776407810576194,-0.0855697886012059,2304.92,3380.16,3090.5006666666673,0.9836824426730999
1.33,1139610,9.3,2.1049849462365584,0.9803984022243852,-0.3720842956197107,313.16,466550016,442.07,386.1267526881721,0.98751005528219,0.024500059811597086,349.66,3101349888,516.18,464.8298279569893,0.9827193580408052,-0.08383839798407566,2541.47,3380.16,3055.6620000000003,0.9887271771067945
1.0,924138,9.3,2.0426537634408604,0.970388775032744,-0.6027098453318657,286.99,346200000,442.07,379.6985161290323,0.9833520041945111,-0.0037200314156240477,325.95,2216069888,516.18,455.3327741935484,0.9795687514177347,-0.11754338851095958,2488.65,3380.16,3018.2435268817203,0.9877543808450411
1.13,1175782,8.6,1.9903440860215054,0.9743913146928831,-0.48276021144724135,337.35,301760000,442.07,376.7406451612903,0.9922099485721011,-0.03565012789698585,388.28,2023139968,516.18,450.13240860215046,0.9885789780878206,-0.10446966650802403,2789.82,3380.16,3001.3092688172046,0.9943893665591619
1.079,557155,8.6,1.9358408602150534,0.9726161791876909,-0.3984426913988237,323.86,350550016,442.07,373.0011182795699,0.9900740020230113,-0.012010322249591754,372.64,2345659904,516.18,444.1023655913979,0.9866038461227923,-0.1627135084734881,2874.56,3380.16,2990.31,0.9963351764739862
1.07,707202,8.0,1.8815763440860218,0.9719685035871165,-0.4400303319467115,320.38,320249984,442.07,369.1402365591398,0.989649141701671,0.021792918160108532,360.99,1949379968,516.18,437.5235483870968,0.9851862594887548,-0.18317212575535902,2836.74,3380.16,2977.123440860215,0.9955902367514455
1.15,1432173,8.0,1.8335053763440858,0.9744517580203281,-0.3599873661939138,337.07,335529984,442.07,366.4636774193548,0.9927492078221166,0.07563969107883561,365.79,1955270016,516.18,431.48030107526887,0.9861876067377264,-0.15615736171524974,2830.71,3380.16,2963.816774193548,0.9955303611250926
1.08,2048767,7.999,1.7817784946236561,0.9717879847052479,-0.3418530068169209,352.63,248210000,442.07,364.86230107526876,0.9956301908135536,0.09285104463782179,369.6,1728140032,516.18,425.8761505376344,0.9870118044238203,-0.18168968720951229,2929.8,3380.16,2957.1638709677422,0.9977552919992444
1.33,1833556,7.5,1.7468903225806454,0.9804194673197132,-0.11244599998682736,344.25,290200000,442.07,362.7644946236559,0.9942504159913739,0.15269627975943323,348.6,2344240128,516.18,419.11008602150537,0.9841126005586662,-0.21163098277947712,2863.7,3380.16,2946.333483870968,0.9963375762827679
1.36,884520,7.5,1.7140752688172045,0.9812151608264886,-0.1398073771603877,361.84,237390000,442.07,361.8581505376345,0.9975015634124789,0.13884690552023693,363.6,1732940032,516.18,413.56520430107514,0.9867698680958356,-0.21327613697057635,2955.45,3380.16,2941.685892473118,0.998422584740223
1.58,1526515,7.2,1.6955827956989244,0.9892113996072992,-0.02274990977446989,374.6,270889984,442.07,361.8010752688172,0.9998422717058258,0.09701083774453334,387.52,2086279936,516.18,409.80438709677424,0.990906350038184,-0.18991331297435377,3044.31,3380.16,2942.9155053763443,1.0004179959887534
1.72,880400,7.2,1.685972043010753,0.9943318882967258,-0.06141307467141144,397.01,302340000,442.07,363.2058064516129,1.0038826064343562,0.06139638065064523,434.64,2228349952,516.18,409.28838709677416,0.998740862674371,-0.15363883332223782,3193.93,3380.16,2953.846623655914,1.0037143840044336
1.61,1234008,7.0,1.6692645161290323,0.9900902705053846,-0.112131357524204,376.76,311929984,442.07,363.2685591397849,1.0001727744630107,0.059510877759918035,394.14,2468539904,516.18,406.2881935483872,0.9926697320447609,-0.17551913680768805,3041.31,3380.16,2954.71440860215,1.000293781315281
1.65,643825,7.0,1.6552451612903225,0.9916014779543627,-0.006629136413825565,374.9,299020000,442.07,363.2256129032258,0.9998817782726345,0.050058128486423215,396.68,2329809920,516.18,403.66494623655916,0.9935433828659468,-0.19541607709261022,3097.74,3380.16,2959.393053763441,1.001583450890438
1.71,682080,7.0,1.6449032258064513,0.9937520219205418,-0.15801306409003746,363.3,328449984,442.07,362.4529247311828,0.9978727046094933,0.04547888342371276,375.84,2044569984,516.18,399.90972043010754,0.9906971714005334,-0.20475043234500478,3009.05,3380.16,2958.376752688172,0.9996565846250208
1.88,599142,7.0,1.6457870967741937,1.0005373391904615,-0.10772440452504117,375.55,185204000,442.07,362.5348817204302,1.000226117610468,0.030358733217722422,381.75,1422419968,516.18,396.800559139785,0.9922253420422524,-0.2353652542507194,3130.01,3380.16,2965.448043010753,1.002390260238543
1.63,583617,6.7,1.6307139784946234,0.9908413923592462,-0.3871854606942069,369.58,220708992,442.07,362.26477419354836,0.9992549474809155,-0.010468654112539721,389.97,1680780032,516.18,394.4815698924731,0.99415578130147,-0.23690795999127523,3185.04,3380.16,2976.103849462366,1.0035933209070136
1.71,522771,6.7,1.6219849462365588,0.9946471101780076,-0.3029396853267634,377.15,220476000,442.07,362.54524731182795,1.0007742213382573,0.024871013012487952,397.87,1921720064,516.18,392.9252903225807,0.9960548738175103,-0.22121235345996293,3224.73,3380.16,2989.2853763440853,1.004429121948853
1.5,510776,6.7,1.6005677419354838,0.9867956824440519,-0.5079766222015826,379.94,243772992,442.07,363.05873118279567,1.0014163304436483,0.03952634387339293,402.85,1590809984,516.18,391.93180645161294,0.9974715705620473,-0.20548678352687144,3215.63,3380.16,3001.8722580645153,1.0042106658066297
1.47,480336,6.7,1.5795591397849462,0.9868742811690476,-0.4565674599007231,374.91,209966000,442.07,363.29735483870974,1.0006572591027811,-0.0082620022148584,399.06,1573500032,516.18,390.92830107526885,0.9974395918886262,-0.22953867869662925,3271.12,3380.16,3018.0915913978497,1.0054030724624479
1.67,733215,6.7,1.5733462365591397,0.9960666852735552,-0.45106414794513217,392.64,204156000,442.07,364.73851612903235,1.0039668917792215,0.011756029462357653,412.08,1383970048,516.18,391.00449462365583,1.0001949041503964,-0.21747514908522547,3351.28,3380.16,3039.4045376344084,1.00706172943767
1.62,2233816,6.7,1.5656279569892473,0.9950943540648929,-0.5402684007786936,394.41,180932000,442.07,366.3331182795699,1.0043719050224282,0.015620614477570682,417.39,1466729984,516.18,391.6327096774194,1.0016066696480517,-0.20295784643823067,3372.85,3380.16,3061.9243010752693,1.0074092682175135
1.64,1164153,6.7,1.561135483870968,0.9971305615116132,-0.54170795208386,401.14,172744000,442.07,368.4356129032259,1.0057392971553598,0.039179248933456146,403.18,1258119936,516.18,391.5546666666666,0.99980072397217,-0.23094480685241803,3397.16,3380.16,3085.9194838709677,1.0078366348858696
2.12,2422805,6.7,1.5893311827956988,1.0180610198256574,-0.30440170121063603,429.75,173751008,442.07,372.44410752688174,1.010879769716259,0.10024779897729064,420.73,1300569984,516.18,392.8257634408602,1.0032462817644712,-0.24121073722418773,3508.01,3397.16,3116.8475913978496,1.0100223313305912
1.76,2040702,6.7,1.5946881720430106,1.0033705934328228,-0.6087672833183972,408.35,231895008,442.07,375.04509677419355,1.0069835693322764,0.05022858597390045,419.21,1613660032,516.18,394.1630322580645,1.0034042289016147,-0.21183862288365607,3426.96,3508.01,3141.9391612903223,1.0080503037625974
1.745,507188,6.7,1.6015720430107527,1.0043167505023398,-0.5563584232497003,400.12,155852000,442.07,377.1555053763441,1.0056270795707034,0.05654366881772588,409.33,1279190016,516.18,395.0634838709677,1.002284464902111,-0.1954073078865718,3340.97,3508.01,3161.2695483870975,1.0061523747292538
1.86,508927,6.7,1.6181870967741936,1.0103742156563913,-0.5043290188145467,406.64,242535008,442.07,379.77677419354836,1.0069501008995976,0.07995764118437954,408.43,2008659968,516.18,396.13565591397844,1.002713923424421,-0.19320875796015247,3319.47,3508.01,3179.29711827957,1.0057026361139214
1.71,431454,6.7,1.6270387096774193,1.0054700800178613,-0.5524671829824042,394.67,207854000,442.07,381.69427956989244,1.0050490327651445,0.10120300218398803,391.1,1686429952,516.18,396.3075483870968,1.0004339232547037,-0.22907305440172931,3298.46,3508.01,3196.0085161290317,1.0052563183709313
1.74,355189,6.7,1.6398688172043012,1.007885557639514,-0.4065697677793063,407.61,166962000,442.07,384.40851612903225,1.0071110223663773,0.14042717382458603,404.0,1532899968,516.18,397.41836559139784,1.002802917100171,-0.17085178180942562,3348.44,3508.01,3215.2041290322577,1.0060061206991011
1.77,419544,6.7,1.6557741935483872,1.0096991760421434,-0.12258152751430607,422.47,162416000,442.07,388.01107526881725,1.0093716944048547,0.15669596035196776,419.12,1564300032,516.18,399.54496774193547,1.00535104145822,-0.1831157132611978,3477.13,3508.01,3241.893569892472,1.0083010097614697
1.84,444512,6.7,1.6760021505376346,1.0122166156883374,0.39938224591689964,410.94,158116992,442.07,390.71423655913975,1.0069667116807162,0.1779928860777158,415.21,1662409984,516.18,401.3377634408603,1.0044870936782333,-0.18343223200037828,3483.81,3508.01,3267.366430107527,1.0078574017517483
1.66,386904,6.7,1.6831763440860215,1.0042805395840844,0.10270961975615633,403.16,204380992,442.07,392.61709677419356,1.0048702095726316,0.14840525313864772,419.47,1451280000,516.18,403.1848387096774,1.0046022962129986,-0.16388654803646374,3465.39,3508.01,3289.1156559139777,1.006656500356385
1.53,372062,6.7,1.68125376344086,0.9988577663582805,0.39530590262817755,363.94,244132000,442.07,391.79608602150546,0.9979088767161857,0.10562093742369405,396.09,1714249984,516.18,403.3733978494624,1.0004676741823637,-0.0987629516791324,3269.96,3508.01,3296.2695698924726,1.0021750265806653
1.71,366243,6.7,1.6898043010752686,1.0050858102568103,0.38457811795536867,393.94,182327008,442.07,392.7450752688173,1.0024221509126043,0.16666019364615559,414.07,1720230016,516.18,404.57111827956993,1.0029692598383857,-0.19152381763836712,3509.44,3508.01,3317.1935698924735,1.0063477818049582
1.65,812686,6.7,1.6932365591397853,1.002031157135967,0.4118021574437889,425.11,227400992,442.07,395.58333333333337,1.0072267184065222,0.22966321292435055,448.35,2102509952,516.18,407.9249892473118,1.0082899416597115,-0.04402760919712523,3585.15,3509.44,3341.454516129033,1.007313696269267
1.71,953120,6.7,1.6993118279569894,1.0035879622279658,0.45862844980546535,411.64,182062000,442.07,397.33481720430115,1.0044275977357517,0.17060114322258713,450.77,1442530048,516.18,411.27217204301076,1.008205387960848,-0.005389538468490995,3557.54,3585.15,3362.4060215053764,1.0062701752411147
1.92,861750,6.7,1.7175591397849463,1.0107380596826039,0.547362027154713,430.12,119052000,442.07,400.0823010752688,1.0069147825763152,0.15892503944371117,471.52,1136080000,516.18,415.76498924731175,1.0109241945108582,0.003732048700318291,3638.35,3585.15,3387.0209677419343,1.0073206347119072
2.21,3471644,6.7,1.7528602150537633,1.0205530478986808,0.9145858336169477,438.08,193622000,442.07,403.14322580645165,1.0076507376681154,0.12605190896560492,480.05,1722439936,516.18,420.580752688172,1.011582897948138,0.03625210333048745,3699.12,3638.35,3413.8196989247317,1.0079121834314075
2.72,3040123,6.7,1.8186344086021504,1.037523924031997,0.9068322981366459,423.95,195046000,442.07,405.1087741935484,1.0048755585143838,0.06254777926429611,471.58,1389319936,516.18,424.6125376344086,1.00958623265679,0.07350749507791243,3663.46,3699.12,3436.663333333334,1.0066915175443498
2.3,1376996,6.7,1.8543225806451615,1.0196236098218563,0.5805913642052565,433.55,203827008,442.07,407.5222795698924,1.005957672432913,0.08872779743927528,472.13,1697849984,516.18,428.41533333333336,1.0089559194839388,0.043378989601746465,3709.41,3699.12,3460.7515698924735,1.0070091929941172
2.37,833186,6.7,1.892505376344086,1.0205912369818846,0.3772624135929501,431.61,117364000,442.07,409.6564086021506,1.005236840141625,0.10715236558173369,481.31,1045980032,516.18,432.57698924731176,1.009714068545582,0.025638924986157274,3703.06,3709.41,3482.808709677419,1.0063735114582728
2.57,13045131,6.7,1.9418924731182798,1.026096146088419,0.33017804348345514,451.97,97975000,442.07,412.98148387096774,1.0081167417352583,0.14501690204458362,490.43,687720000,516.18,437.12533333333323,1.0105145308212895,-0.04764350315586241,3756.07,3709.41,3506.869182795699,1.0069083533216812
2.52,1337380,6.7,1.9862258064516132,1.0228299630113624,0.461473801560758,452.56,215647008,451.97,416.2264301075269,1.0078573649504659,0.19086198521236364,513.24,1751069952,516.18,443.02531182795695,1.0134972238960231,0.044600386598495634,3824.68,3756.07,3534.1472043010754,1.0077784542517865
3.25,3098976,6.7,2.075698924731183,1.045046800816375,0.8688029722512483,429.78,221988992,452.56,417.8386881720429,1.0038735119826474,0.10929432694285723,513.38,1625350016,516.18,448.67819354838707,1.012759726294432,0.0777404434701583,3768.25,3824.68,3556.099913978494,1.0062116002555588
3.44,1012132,6.7,2.173989247311828,1.0473528802320764,0.9136408420225437,430.43,186555008,452.56,419.3748602150537,1.0036764715343407,0.08986316580124742,504.11,1268889984,516.18,453.4820430107526,1.0107066702403655,0.06465004004982333,3841.47,3824.68,3581.3345376344087,1.0070961514767123
2.81,1662116,6.7,2.227913978494623,1.0248045068527702,0.361267452285698,411.01,311724992,452.56,419.5137634408602,1.00033121495584,0.05929652076190939,480.98,1730290048,516.18,456.51778494623653,1.0066942935939185,0.07328015637837626,3714.24,3841.47,3596.570623655914,1.0042543040482248
3.22,831566,6.5,2.3062903225806446,1.0351792505646826,0.8925133423113374,444.02,247494000,452.56,421.7060860215054,1.0052258656847484,0.11444929996349362,512.69,1358259968,516.18,461.3859354838709,1.0106636602081291,0.0943514116721691,3886.83,3841.47,3621.6851397849455,1.006982906428653
3.51,985885,6.5,2.399956989247312,1.0406135627200042,0.9328813523384447,448.01,202922000,452.56,423.9957419354838,1.005429506449811,0.08892710759153011,522.92,1152050048,516.18,466.6501720430108,1.0114096164496629,0.09409415802365895,3934.83,3886.83,3648.3872043010747,1.007372828803587
3.34,893868,6.5,2.478784946236559,1.0328455707091524,1.0862885132988949,441.31,160716000,452.56,425.700752688172,1.0040212921594567,0.06396114025588306,537.59,1166870016,522.92,472.59193548387105,1.012732800279162,0.11955413780840884,3906.71,3934.83,3671.7479784946236,1.0064030413674319
2.88,1100141,6.5,2.5239784946236554,1.0182321376671712,0.8186940885522522,457.8,239940000,452.56,428.3376559139785,1.0061942648894917,0.18799992115535002,535.64,1825570048,537.59,478.1181290322582,1.0116933725132848,0.17716405327937013,3811.15,3934.83,3687.4573978494623,1.0042784579570407
2.67,930247,6.5,2.5525913978494623,1.0113364290887403,0.4853383173497483,471.03,224719008,457.8,431.6498494623655,1.0077326695485587,0.18736558333208198,558.63,1720120064,537.59,484.8338279569892,1.0140461080995276,0.2092250981750945,3841.94,3934.83,3703.9919139784947,1.0044839883814456
3.35,728231,6.5,2.622924731182796,1.0275536983289173,0.9679159382879423,492.12,218684000,471.03,436.15410752688166,1.0104349812009117,0.1578712276816232,576.35,1550179968,558.63,492.37759139784936,1.0155594824574192,0.21170103312032396,3943.34,3934.83,3726.013182795699,1.0059452799381388
2.93,636878,6.5,2.6624408602150544,1.0150656740403066,0.6682572653827012,459.27,259580992,492.12,438.32888172043016,1.0049862517766486,0.06631036307613924,566.65,2062749952,576.35,498.9536989247312,1.0133558221206056,0.25357774109445974,3913.1,3943.34,3744.856623655914,1.0050572662885955
2.71,590644,6.5,2.6849892473118278,1.0084690658987827,0.16174372917900404,471.59,218448992,492.12,441.17348387096774,1.0064896525626434,-0.005868585953362704,572.1,1462200064,576.35,505.52987096774206,1.0131799244242157,0.2267895022259645,3974.54,3943.34,3766.5543870967736,1.0057940171337394
2.63,2343561,6.5,2.701107526881721,1.0060031076794929,0.3824624371578469,473.94,154130000,492.12,444.0797204301075,1.0065875141308125,0.04272859179579047,572.97,1165510016,576.35,511.8366451612904,1.0124755717826825,0.19377174385301266,4019.87,3974.54,3790.1733763440857,1.0062707150408408
2.53,637459,6.5,2.7089032258064525,1.002886112028917,0.34168226789754974,489.32,166611008,492.12,447.8371612903226,1.008461185429895,0.07868228060486482,583.88,1154889984,576.35,518.5166236559139,1.0130509969494632,0.19061979185248323,4128.8,4019.87,3819.5450322580646,1.007749422782952
2.265,480331,6.5,2.697913978494624,0.9959432853831253,0.1078274297921229,497.02,171330000,492.12,451.8995483870968,1.0090711255070246,0.04641532887760036,588.09,1543820032,583.88,525.0928387096775,1.0126827468083792,0.17899451791993193,4185.47,4128.8,3850.8785591397855,1.0082034709938206
2.75,839432,6.5,2.717344086021505,1.0072019003132644,0.49656010012367346,498.38,179143008,497.02,455.85531182795694,1.0087536344193724,0.036689944071242486,587.97,1429500032,588.09,531.2749462365591,1.0117733609585555,0.23606550292184192,4180.17,4185.47,3880.007784946237,1.0075643065235893
2.54,504751,6.5,2.7209892473118282,1.0013414426642084,0.3398300147974589,508.92,210364000,498.38,460.2680430107527,1.0096801135542348,0.06608016599753119,601.98,1301900032,588.09,537.9375483870967,1.0125407798687556,0.2413575767690137,4181.17,4185.47,3907.305376344086,1.0070354475843475
2.45,578563,6.5,2.717107526881721,0.9985734157406383,0.24752755382000413,511.06,165504000,508.92,464.6009677419355,1.009413916079943,0.0535477324973479,627.29,1203120000,601.98,545.8072903225807,1.0146294713188917,0.2794152630462783,4232.6,4185.47,3936.1302150537635,1.0073771655740529
2.63,747451,6.5,2.723376344086022,1.0023071656687417,0.2791368556228213,500.48,173642000,511.06,468.0607956989247,1.0074468806507328,0.046112097131907115,629.04,1316569984,627.29,553.3422580645162,1.0138051797319934,0.31692191020667315,4173.85,4232.6,3959.540064516129,1.0059474275959759
2.78,519809,6.5,2.7376236559139784,1.0052314884275526,0.4981549943190666,501.43,159982000,511.06,471.38935483870966,1.0071113820477415,0.045851114735960596,623.58,1186720000,629.04,560.0651182795699,1.0121495514160965,0.28734280583930816,4155.86,4232.6,3980.3053118279568,1.0052443584288786
2.7,701179,6.5,2.7443010752688175,1.0024391297687738,0.572670190103665,501.79,155347008,511.06,474.529806451613,1.0066621182270394,0.1020285796628897,630.13,1311629952,629.04,566.7716129032259,1.011974490831097,0.3051995336673876,4204.11,4232.6,4002.6985806451607,1.0056260178712069
3.0,1661015,6.5,2.767817204301075,1.0085690776584906,0.5392246900961486,510.97,132240000,511.06,477.96606451612905,1.0072413956253061,0.03686005849910923,637.75,943230016,630.13,573.4664086021505,1.011812157748394,0.3349093542155588,4229.89,4232.6,4024.7461505376345,1.005508176408557
2.9,353477,6.5,2.78210752688172,1.0051630297544354,0.5415302743161239,513.76,137612992,511.06,481.3306451612903,1.0070393714009118,-0.01286970038114088,622.55,1264160000,637.75,578.6995268817205,1.009125413801178,0.20380428044166243,4247.44,4232.6,4046.376623655914,1.0053743695401485
2.77,212453,6.5,2.7853225806451607,1.0011556180817514,0.44383965494180333,502.13,196422000,513.76,483.7542580645161,1.0050352349836642,0.01147826105926053,583.92,1972470016,637.75,581.0657634408602,1.004088886285928,0.12422304638008752,4166.45,4247.44,4061.3576559139788,1.0037023326426122
3.09,716487,6.5,2.806903225806452,1.007747987723667,0.4044620498449798,522.9,207047008,513.76,487.3232688172043,1.0073777350652533,-0.0129231692850178,614.75,1390259968,637.75,585.1346881720431,1.0070025201744603,0.1272124909782537,4280.7,4247.44,4082.4001720430106,1.0051811531787629
2.93,318790,6.5,2.8156451612903224,1.0031144413542648,0.1136361097145413,520.26,188188992,522.9,490.5224301075268,1.0065647620276523,-0.024367098022187506,614.07,1082230016,637.75,588.8517204301077,1.0063524387345357,0.10259130692020291,4352.34,4280.7,4106.683225806452,1.005948229654147
2.77,335448,6.5,2.812516129032258,0.9988886979435183,-0.22185314389971977,521.19,150488000,522.9,493.60486021505386,1.0062839738171634,-0.05147205347075601,610.19,1087910016,637.75,592.0302150537634,1.0053977843884605,0.10118824064017162,4369.55,4352.34,4130.67182795699,1.0058413568399414
2.4,538394,6.5,2.7854086021505373,0.9903618234925295,-0.2108921591697086,532.96,189636992,522.9,497.2375268817204,1.0073594629215843,-0.05723531322152198,600.62,1440519936,637.75,594.2932043010753,1.0038224218794414,0.10561370169713724,4327.16,4369.55,4150.40711827957,1.0047777434626999
2.39,238403,6.5,2.7574408602150533,0.9899591959636045,-0.22270278974404123,538.94,213296000,532.96,501.04221505376347,1.0076516513061737,-0.04312707203887989,602.61,1452099968,637.75,596.4082580645162,1.0035589398433864,0.060627463196337494,4411.8,4369.55,4174.274559139784,1.0057506264277294
2.45,164518,6.5,2.733301075268817,0.991245583796726,-0.2688425651939865,533.29,172378000,538.94,504.2515698924732,1.0064053581560295,-0.0927400026346561,606.9,1271890048,637.75,598.5392258064516,1.0035730017368485,0.06731026220560543,4395.26,4411.8,4195.550731182796,1.0050969747537153
2.73,572128,6.5,2.727483870967742,0.9978717294067201,-0.1847984326844152,527.55,180114000,538.94,506.91572043010757,1.0052833757923698,-0.1494098860711195,628.53,1237629952,637.75,601.8152043010753,1.0054732895579397,0.06466019805180512,4436.52,4411.8,4218.11423655914,1.0053779603256003
2.28,1063385,6.5,2.692182795698925,0.9870572744188981,-0.5831947171158309,518.24,200066000,538.94,508.8179569892473,1.0037525696727767,-0.08542044767090129,640.34,1158720000,637.75,605.605182795699,1.0062975785050583,0.06160591519391945,4468.0,4436.52,4241.392924731183,1.0055187429421142
2.35,656784,6.5,2.6634838709677418,0.9893399048619459,-0.5992951357088444,506.68,188200000,538.94,509.78415053763433,1.0018988982898798,-0.10345157575867048,625.58,1121750016,640.34,608.169870967742,1.004234917806026,0.08471704259669632,4441.67,4468.0,4261.46806451613,1.0047331478458152
2.53,357267,6.5,2.6487419354838715,0.9944651681038662,-0.4157779160066277,515.74,157339008,538.94,511.17088172043015,1.0027202320459225,-0.023335244559199442,647.31,1013849984,640.34,611.8752688172042,1.0060927020991126,0.13173869847277664,4509.37,4468.0,4284.620193548388,1.0054328998086455
2.85,1599054,6.5,2.6552473118279565,1.002456024974323,-0.3932321823349828,492.36,220864992,538.94,510.824,0.999321397730515,-0.17959094038693157,631.43,1275239936,647.31,614.1984516129033,1.0037968241471664,0.06473073916866312,4535.43,4509.37,4307.743655913979,1.005396852304531
3.08,1122950,6.5,2.677387096774194,1.0083381253594024,-0.31251431804588836,493.82,165579008,538.94,510.4673548387097,0.9993018237958861,-0.12229570828311198,623.21,880460032,647.31,615.7359569892473,1.0025032713324276,0.05868228722869895,4458.58,4535.43,4324.514215053764,1.0038931191081348
3.39,2026870,6.5,2.7204516129032257,1.0160845311389293,-0.21442566533745788,493.13,222036000,538.94,509.9676774193548,0.9990211373663399,-0.11364467072488416,622.64,1647340032,647.31,617.0210107526882,1.002087020822569,0.02349425148469364,4432.99,4535.43,4338.507462365591,1.0032357963498226
3.56,1587034,6.5,2.7743763440860216,1.019821977691876,-0.011544756995363503,515.53,184612992,538.94,510.8017204301074,1.0016354821054017,-0.11130325315586687,636.42,1357459968,647.31,619.012193548387,1.0032270907489356,0.01908430101707448,4455.48,4535.43,4352.819892473119,1.0032989294663386
3.07,758831,6.5,2.795225806451613,1.007515008700977,-0.06251212206905032,513.64,171495008,538.94,511.389677419355,1.0011510473941876,-0.13598011791270537,634.54,1362919936,647.31,620.6653548387097,1.0026706441449016,0.0018105137279058603,4357.05,4535.43,4359.396344086021,1.0015108485476907
2.89,681178,6.5,2.803602150537635,1.0029966609733958,-0.4129004755662934,512.88,153012000,538.94,511.8369677419355,1.0008746565336197,-0.1091426372004809,648.89,1163069952,647.31,623.0810752688172,1.0038921464059087,0.012246674719977424,4391.36,4535.43,4367.078580645161,1.0017622248478422
2.74,513650,6.5,2.803290322580645,0.9998887759602659,-0.30708189629100835,516.59,158699008,538.94,512.4789677419355,1.0012543056489889,-0.07925614554883165,656.87,1319049984,648.89,625.8556344086021,1.0044529664756514,0.01654950828725288,4471.37,4535.43,4378.959268817204,1.0027205116538773
2.64,617111,6.5,2.796935483870968,0.9977330786403077,-0.18182869179111705,518.85,175874000,538.94,513.143505376344,1.0012967120140297,-0.09216586853200726,675.17,1146470016,656.87,629.616817204301,1.0060096651510584,0.036657411911522386,4544.9,4535.43,4394.383247311828,1.0035222932089045
2.58,801133,6.5,2.7868602150537636,0.9963977471502988,-0.20005299220467176,479.69,260439008,538.94,511.1799569892473,0.9961734907164874,-0.17889994635171935,669.09,1169689984,675.17,632.7640860215054,1.004998705134941,0.022103510279152472,4605.38,4544.9,4412.482580645161,1.0041187425662985
2.73,609276,6.5,2.7865698924731186,0.9998958244912763,-0.0818591687533603,493.99,212648992,538.94,510.126623655914,0.997939407993347,-0.18512640534391833,664.86,1182720000,675.17,635.4317419354837,1.0042158775646564,0.0009458369527719501,4697.53,4605.38,4435.267913978494,1.0051638353051586
2.66,426232,6.5,2.781333333333334,0.9981207867227988,0.013060056588348967,497.98,191018000,538.94,509.3206666666666,0.9984200844420326,-0.1617596544312052,666.61,1029710016,675.17,638.0381505376344,1.0041017916325863,0.014682056928678744,4682.85,4697.53,4455.883075268817,1.004648008122655
2.39,1284418,6.5,2.7578279569892477,0.9915488819472364,-0.3173569201146096,469.93,250624000,538.94,506.70296774193554,0.9948604109433394,-0.19690695866347163,647.83,1066489984,675.17,639.2640860215054,1.0019214140766317,-0.022060252671180836,4697.96,4697.53,4476.403440860216,1.0046052298152282
2.53,513070,6.5,2.7441290322580643,0.995032712357395,-0.169865471855296,454.31,188588992,538.94,503.13870967741934,0.9929657841152976,-0.22450779376533747,643.93,981089984,675.17,640.109677419355,1.0013227575525354,-0.029197104695847687,4594.62,4697.96,4489.143182795699,1.0028459771563922
2.38,626252,6.0,2.720774193548387,0.991489161611887,-0.20258123774589198,447.49,289646016,538.94,499.2518924731183,0.992274859537655,-0.252231366761124,631.2,1713149952,675.17,640.0437634408602,0.9998970270551751,-0.06602266214795294,4538.43,4697.96,4497.368623655913,1.0018322963927142
2.45,455452,6.0,2.702086021505376,0.993131303550539,-0.26641122849302645,482.19,205728000,538.94,497.7404946236559,0.9969726747714956,-0.20687458720946605,647.84,1231600000,675.17,641.0429892473118,1.0015611835682607,-0.09905169835924732,4712.02,4697.96,4516.135720430108,1.0041729060578848
2.36,488384,6.0,2.677978494623656,0.991078179343717,-0.3418595093816721,475.21,254812000,538.94,495.8181075268817,0.9961377723582091,-0.23072953273022068,639.39,1766060032,675.17,641.456623655914,1.000645252214813,-0.08648365773354727,4620.64,4712.02,4527.849978494624,1.002593867587177
2.3,455338,6.0,2.6509032258064518,0.989889661596775,-0.3178873478296135,486.76,234624992,538.94,494.6972688172043,0.9977394155383552,-0.19003870137795043,646.5,898750016,675.17,642.2949677419355,1.001306938076722,-0.09810694983433166,4725.78,4712.02,4545.347935483872,1.0038645178334873
2.35,238497,5.899,2.6279139784946235,0.9913277681780199,-0.37766987090734083,486.72,244284992,538.94,493.60617204301076,0.9977944152050763,-0.21486834582947734,650.04,701289984,675.17,643.3264946236559,1.001606001811515,-0.10751492877350866,4766.18,4725.78,4564.33047311828,1.0041762562302916
2.19,280572,5.615,2.5960000000000005,0.9878557750536018,-0.4484239898033001,497.88,363423008,538.94,493.28722580645166,0.9993538447154358,-0.119375930213095,684.91,1563849984,675.17,646.5812688172042,1.0050592882785783,-0.0009699070211142136,4677.02,4766.18,4576.407440860215,1.002645945076296
2.06,385703,5.55,2.557225806451613,0.9850638699736566,-0.45906049168001617,496.84,341527008,538.94,492.93533333333335,0.99928663777469,-0.1063992374377084,679.12,1572969984,684.91,649.3283870967742,1.0042486821255978,0.04389383693903581,4662.85,4766.18,4586.646387096775,1.0022373327482037
1.89,224637,5.55,2.509010752688172,0.9811455626476946,-0.5740507932139916,470.25,810046016,538.94,490.87933333333336,0.9958290675044598,-0.15163409040996545,635.39,1529490048,684.91,649.0494838709677,0.9995704743064545,0.006188915885863011,4397.93,4766.18,4578.7261935483875,0.9982732059810261
1.78,374333,5.55,2.456279569892473,0.9789832774773075,-0.5417001795792988,504.41,781633024,538.94,491.14043010752687,1.0005318960413765,-0.07915708515408637,643.77,1981970048,684.91,649.2668387096775,1.0003348817680486,0.03009748767031728,4431.85,4766.18,4572.742279569893,0.9986931050852252
1.705,197480,5.55,2.4011827956989245,0.9775690133692881,-0.5308236455615144,510.96,589923008,538.94,491.8581935483871,1.0014614220228277,-0.03906389531408139,666.38,1498710016,684.91,650.8790322580645,1.0024830985540414,0.062108156205510134,4500.54,4766.18,4571.018989247312,0.9996231385419903
1.67,618314,5.55,2.3461182795698923,0.9770677533473647,-0.4693823978617795,507.11,453017984,538.94,492.349569892473,1.0009990203488144,-0.03334594363815768,666.25,1490800000,684.91,652.3620000000001,1.002278407612534,0.08812953370197629,4418.64,4766.18,4563.730129032258,0.9984054189597114
1.61,219984,5.55,2.288752688172043,0.97554872152125,-0.5026530183584493,506.57,531239008,538.94,492.86169892473123,1.0010401736156083,-0.02621736085072568,651.02,1315849984,684.91,652.7212473118278,1.0005506870599878,0.09459790017237513,4348.87,4766.18,4551.743247311828,0.9973734464173997
1.61,110722,5.55,2.233064516129032,0.9756687682636924,-0.505013141032603,502.61,455529984,538.94,493.1879569892473,1.0006619667651755,-0.04704836136367996,649.25,1364690048,684.91,652.862193548387,1.0002159363390417,0.07220164318674849,4384.62,4766.18,4542.198150537634,0.9979029799671081
1.51,147193,5.55,2.172731182795699,0.9729818225592876,-0.5600248655865274,452.56,715158976,538.94,490.35116129032247,0.9942480434513394,-0.14173678925070943,617.65,2034439936,684.91,650.8733548387097,0.9969536623052596,0.006954281817065477,4328.87,4766.18,4529.079161290323,0.997111753205712
1.62,261658,5.55,2.1221182795698925,0.9767054002692215,-0.3894158932692561,440.49,564246016,538.94,486.89692473118276,0.992955586053778,-0.131573166249901,603.92,1880489984,684.91,648.0221075268815,0.9956193516132877,0.002141422868764953,4204.31,4766.18,4508.155548387097,0.9953801618037373
1.63,225442,5.55,2.0735698924731185,0.9771226761655275,-0.4128224406068125,484.8,668761984,538.94,486.4686021505376,0.9991203013227458,-0.04566877284932325,647.02,1840120064,684.91,648.0298279569892,1.000011913837534,0.029449684950516364,4463.09,4766.18,4504.4944946236565,0.9991879042938635
1.73,130687,5.55,2.033021505376344,0.9804451312473422,-0.41929290408129605,481.57,431273984,538.94,485.87894623655916,0.9987878849500836,-0.0757530670509049,657.82,1243040000,684.91,648.6882150537633,1.001015982703836,0.008769749642185909,4543.04,4766.18,4505.945440860215,1.0003221107803084
1.64,189439,5.55,1.988387096774194,0.9780452845756358,-0.5784075573549258,492.33,458254016,538.94,486.05696774193547,1.0003663906550289,-0.01379466739090962,636.27,1587160064,684.91,647.9336774193548,0.998836825431851,0.0053654693331344205,4545.86,4766.18,4507.505913978494,1.0003463142505298
1.55,225292,5.55,1.9405483870967737,0.975940947436729,-0.6859373289874782,477.47,508599008,538.94,485.2763440860215,0.9983939667410993,-0.09583998353659162,630.05,1455110016,684.91,646.7674408602151,0.9982000680011189,0.004314119950147077,4488.28,4766.18,4505.329118279569,0.99951707313524
1.4,158352,5.55,1.8863225806451616,0.9720564522831927,-0.7437781791957837,475.45,340588992,538.94,484.40055913978495,0.9981952861356017,-0.08136323864399919,613.38,1165869952,684.91,644.5110107526883,0.9965112187704971,-0.005758669529567606,4392.59,4766.18,4496.914903225807,0.9981323861514084
1.22,149177,5.55,1.824763440860215,0.967365528877944,-0.8279117195541477,468.5,465840000,538.94,483.11440860215055,0.9973448615750601,-0.16589595500565268,601.3,1531619968,684.91,641.4951397849463,0.9953206835609838,-0.013953558132729804,4271.78,4766.18,4480.793376344086,0.9964149806637086
1.14,111059,5.55,1.7630752688172047,0.966193879896054,-0.8041653827630049,473.25,436305984,538.94,482.23584946236554,0.9981814677348849,-0.11561124637751097,573.7,1551970048,684.91,636.7741505376343,0.9926406468973489,-0.044212493981045986,4131.93,4766.18,4456.044322580645,0.9944766357908621
1.01,202573,5.55,1.6971505376344083,0.9626081016796161,-0.7562197437309424,456.36,462303008,538.94,480.3544731182795,0.9960986385682783,-0.11572409716381671,576.98,1566780032,684.91,632.3956129032258,0.993123876604112,-0.04978653178706638,4123.34,4766.18,4431.225204301075,0.9944302353201917
0.87,282008,5.55,1.6262365591397845,0.9582158583330692,-0.755085749282265,438.14,744028032,538.94,477.4191612903227,0.9938892797044194,-0.08565649769405692,556.31,1583369984,684.91,626.8381720430108,0.9912120818885797,-0.05301294217263797,4023.89,4766.18,4400.566344086023,0.9930811775972718
1.2,1239770,5.55,1.5806344086021507,0.9719584765934941,-0.6958347306536721,436.78,540790976,538.94,474.56481720430105,0.9940213038825103,-0.04694628793084343,546.49,1441539968,684.91,620.8634408602151,0.9904684630750507,-0.048992962114051464,3901.36,4766.18,4362.964645161291,0.9914552591678875
1.212,139500,5.55,1.5389032258064514,0.9735984598534683,-0.6117056085140391,470.08,380694016,538.94,474.0353548387096,0.9988843202310898,0.0423093664281714,590.46,1386000000,684.91,618.0022150537634,0.9953915376262332,-0.02042702890371595,4158.24,4766.18,4343.319806451613,0.9954973646803522
1.2,186878,5.55,1.4993397849462364,0.9742911443703797,-0.6756212391432987,467.34,307831008,538.94,473.3497849462366,0.9985537578885729,0.03667093803103827,577.81,1074840064,684.91,614.4939569892473,0.9943232273622015,-0.005546905812205072,4108.54,4766.18,4321.430107526882,0.9949601457179793
1.13,139624,5.55,1.4585505376344083,0.9727951944440061,-0.705240371991579,434.6,327863008,538.94,470.6092688172043,0.9942103784216495,0.01897008404890188,538.67,1117250048,684.91,608.6477419354839,0.9904861309256687,-0.024936126137235726,3900.86,4766.18,4287.408344086021,0.9921271980352978
0.961,270136,5.55,1.4101483870967744,0.9668148965094234,-0.6700274376997568,408.26,514528000,538.94,466.30569892473113,0.990855322711154,0.06068050403546954,512.37,1944770048,684.91,601.3798924731182,0.9880590217269941,0.008681566159880694,3674.84,4766.18,4240.486344086022,0.9890558593363931
0.855,129185,5.55,1.3579806451612904,0.9630054947317371,-0.6840959767596924,433.45,363419008,538.94,463.7599139784946,0.9945405236262242,0.0760509671989712,538.72,1223600000,684.91,596.1033548387097,0.9912259493533959,-0.014761322994158,3911.74,4766.18,4211.0484731182805,0.993057902188791
