74.95,14555370,93.24,69.44354838709678,1.0020300485666314,-0.3017493358741027,1226.9,55800076,1415.8,1194.5406451612903,1.0001744800036734,-0.10506916030865276,790.58,0,889.61,791.9502150537635,0.9990520237473981,-0.058370140782050495,2022.19,2126.64,1981.013569892473,1.000991764673807
75.46,14107477,93.24,69.65251612903225,1.0030091743119263,-0.23160560692429732,1222.1,65496256,1415.8,1194.712043010753,1.0001434843177224,-0.12450651701225679,774.47,0,889.61,790.3306881720431,0.9979550142787569,-0.10362601352172618,2049.58,2126.64,1984.8925591397851,1.0019580831278823
76.37,11916502,93.24,69.94339784946237,1.004176183957106,-0.2784359096758334,1221.3,50204028,1415.8,1195.0139784946236,1.0002527265759453,-0.1425995593064745,779.28,0,889.61,789.1347956989247,0.9984868454546737,-0.08344977291235822,2035.94,2126.64,1987.722322580645,1.0014256506871517
79.2,10547849,93.24,70.44363440860215,1.007152019697648,-0.22801564170711497,1242.3,68663384,1415.8,1196.8468817204302,1.0015337922892882,-0.1900581729333778,793.79,0,889.61,788.9815913978493,0.9998058578814287,-0.07674115289025263,2072.78,2126.64,1992.827634408602,1.0025684230488134
79.14,14776767,93.24,70.95335483870967,1.0072358621809734,-0.22426512265135468,1217.4,66592352,1415.8,1197.1313978494625,1.0002377214106313,-0.21112585140132278,800.89,0,889.61,789.2827956989247,1.0003817634078658,-0.06059057351263886,2047.6,2126.64,1995.9824946236558,1.0015831074201207
80.33,15124137,93.24,71.55178494623657,1.0084341340714225,-0.1628512928160849,1235.4,58890444,1415.8,1198.7679569892473,1.0013670672598887,-0.17189699625076982,809.71,0,889.61,790.1818494623656,1.001139076853493,-0.07558696970447387,2080.73,2126.64,2001.0886451612903,1.0025582140882439
80.91,19618080,93.24,72.19225806451614,1.0089511829615547,-0.09688562167865356,1283.4,53578072,1415.8,1203.6726881720429,1.0040914767150717,-0.07748843751752332,830.88,0,889.61,792.469505376344,1.0028951005588587,-0.008091199601598431,2091.58,2126.64,2006.630924731183,1.0027696322115935
80.62,14649714,93.24,72.8108817204301,1.0085691135379242,-0.05794263569764735,1264.3,62187768,1415.8,1207.2890322580645,1.0030044248088021,-0.0692082642697418,806.34,0,889.61,793.0494623655915,1.0007318350867924,-0.036412859604907144,2065.3,2126.64,2010.13311827957,1.001745310263698
80.9,21546540,93.24,73.44169892473118,1.0086637764767525,-0.0833095394212251,1250.6,63847436,1415.8,1210.005376344086,1.0022499534191418,-0.0854176585350932,799.45,0,889.61,793.1476129032259,1.000123763450191,-0.010260651285360689,2057.14,2126.64,2012.8638279569889,1.0013584720596793
77.92,13307500,93.24,73.87382795698925,1.0058839737994207,-0.09903532372407997,1223.2,55445292,1415.8,1210.9582795698927,1.0007875198279579,-0.08952767914274473,798.63,0,889.61,793.1746451612905,1.000034082253574,-0.01588233241472259,2046.61,2126.64,2014.8243225806452,1.0009739827386368
77.12,12775752,93.24,74.2436559139785,1.0050062108221138,-0.061867276542235894,1238.3,51835504,1415.8,1212.9956989247312,1.0016824851765844,0.010665990546486537,803.65,0,889.61,793.541569892473,1.0004626026984358,0.014911572868089418,2052.32,2126.64,2017.1241720430105,1.0011414640157905
77.36,9485919,93.24,74.61146236559138,1.0049540455286716,-0.08810970992305145,1256.3,51290224,1415.8,1216.1387096774195,1.0025911145072273,-0.02097582270932552,821.2,0,889.61,795.0340215053764,1.0018807478644194,-0.014068064023018634,2099.06,2126.64,2022.4886021505379,1.002659444659817
78.14,8677462,93.24,75.01116129032258,1.0053570713139584,-0.04847559133169521,1282.6,46038388,1415.8,1220.944516129032,1.0039516926921004,-0.030251208126131024,833.58,0,889.61,797.3333333333334,1.0028920923705924,0.005533816471556707,2099.13,2126.64,2027.8151827956988,1.0026336764714012
79.55,8944086,93.24,75.48425806451614,1.0063070183964022,0.00824429565349405,1293.4,51668424,1415.8,1226.3520430107526,1.00442897020322,-0.0007252250528202442,827.01,0,889.61,799.1989677419353,1.0023398424857048,-0.006070491773356057,2096.07,2126.64,2032.944494623656,1.0025294769816673
77.43,9599182,93.24,75.79240860215054,1.0040823152473861,0.0209223621291732,1278.5,65354416,1415.8,1230.569247311828,1.0034388203005085,0.011331403906695625,809.83,0,889.61,799.9043655913979,1.0008826310817889,-0.009819746016359931,2071.22,2126.64,2036.3135268817207,1.0016572180238932
76.72,14405171,93.24,76.03322580645163,1.0031773261826944,-0.009699459337370708,1272.9,76600000,1415.8,1234.256559139785,1.0029964277394483,-0.0007802410239943214,802.2,0,889.61,800.1501720430108,1.0003072947994616,-0.009628886252498137,2037.41,2126.64,2037.5398709677422,1.0006022373616992
76.66,11083978,93.24,76.2545376344086,1.0029107252205811,0.031574757799497366,1289.4,67512608,1415.8,1238.8879569892474,1.0037523785595195,-0.05040672166574889,834.22,0,889.61,802.524064516129,1.0029668086767474,0.002153207042481009,2102.95,2126.64,2043.1079354838712,1.0027327389247527
78.21,11941332,93.24,76.5556129032258,1.00394829315287,0.1109511403629051,1292.6,51134908,1415.8,1243.5868817204303,1.003792856896117,-0.07117390128657308,850.85,0,889.61,805.957440860215,1.0042782222937527,-0.008256898977432758,2129.9,2126.64,2050.390494623656,1.003564451497302
78.71,10768941,93.24,76.86333333333333,1.0040195671935448,0.0965072796197648,1301.3,51645336,1415.8,1248.6683870967743,1.004086168365908,-0.05870522221247265,856.25,0,889.61,809.6518279569893,1.0045838488603458,-0.028128374241942256,2161.74,2129.9,2059.4744946236556,1.004430375591293
80.35,8834144,93.24,77.24623655913979,1.0049816109866836,-0.001037401922195702,1340.7,52546316,1415.8,1256.1077419354838,1.0059578306903456,-0.04478471488739455,866.91,0,889.61,813.946688172043,1.0053045766917996,-0.02120403782304603,2175.03,2161.74,2069.0800215053764,1.0046640669291105
77.13,16744832,93.24,77.39681720430107,1.001949358983282,-0.040326412182415394,1296.5,63779640,1415.8,1260.4963440860215,1.0034938102871458,-0.07094815176606328,869.78,0,889.61,818.3651827956991,1.0054284816043408,-0.01957086507802197,2173.6,2175.03,2078.3480430107525,1.0044792958266704
75.84,14961511,93.24,77.44374193548386,1.0006062876081703,-0.030421254872147196,1293.8,67033952,1415.8,1264.5858064516126,1.0032443270341702,-0.04013336681206203,869.5,0,889.61,822.6870107526881,1.0052810506212213,-0.03062946791076926,2182.87,2175.03,2087.9352903225804,1.004612917140644
76.64,11839195,93.24,77.51739784946236,1.0009510892957607,-0.022734630443154602,1292.5,51512208,1415.8,1268.3544086021507,1.0029801078988168,-0.028163539136492277,864.03,0,889.61,826.4781290322583,1.0046082145822401,-0.044066450965000836,2184.05,2182.87,2097.0377204301076,1.0043595364998696
74.51,14165462,93.24,77.42703225806451,0.9988342540654767,-0.11621210643199475,1280.1,49755640,1415.8,1270.9980645161293,1.0020843195687648,-0.026939494489614857,858.23,0,889.61,829.6997419354839,1.0038980013990182,-0.050606975384478226,2183.87,2184.05,2105.475376344086,1.0040236071253157
74.26,10749399,93.24,77.30184946236561,0.998383215886647,-0.17711579431978253,1241.6,47555732,1415.8,1270.912258064516,0.9999324889203148,-0.04336304746158537,842.77,0,889.61,831.7643655913977,1.0024883985754864,-0.022677415598202355,2169.04,2184.05,2112.360623655914,1.0032701628283982
76.51,9323868,93.24,77.31176344086022,1.0001282502108755,-0.10599594534301882,1249.5,51460996,1415.8,1271.151827956989,1.0001885023068688,-0.05105945885488694,837.98,0,889.61,833.3623440860216,1.0019211913382315,-0.033230925311404036,2179.98,2184.05,2119.459634408602,1.0033607001916187
75.94,11327496,93.24,77.26916129032257,0.9994489564247201,-0.05819677636712739,1234.3,44130068,1415.8,1270.121505376344,0.9991894574998952,-0.04975550537530582,824.4,0,889.61,833.8821075268817,1.0006236944164186,-0.03212248753545599,2127.81,2184.05,2122.5478279569893,1.0014570664608335
75.29,14589616,93.24,77.1632688172043,0.9986295635755589,-0.09393757776043632,1247.3,70927192,1415.8,1269.6339784946238,0.9996161572891598,-0.022543432343411496,834.4,0,889.61,834.8728817204299,1.001188146603225,-0.018882653325136278,2139.16,2184.05,2125.802623655914,1.001533438095507
76.12,10939550,93.24,77.09443010752688,0.9991078824065827,-0.09691670545903053,1259.3,52236384,1415.8,1269.6806451612904,1.0000367560001207,-0.08271113451123147,845.97,0,889.61,836.4521075268817,1.0018915763597418,-0.021434336302682766,2164.69,2184.05,2130.228430107527,1.0020819460858514
75.63,12021006,93.24,76.98176344086022,0.9985385887604394,-0.17176481053193404,1255.6,49403584,1415.8,1269.3374193548389,0.9997296754835481,-0.03218799430330499,833.79,0,889.61,837.0956559139786,1.0007693786426095,-0.011976135079667216,2168.27,2184.05,2134.419311827957,1.0019673391178139
74.23,9152872,93.24,76.77311827956989,0.9972896806728697,-0.2101615029537236,1232.9,56866772,1415.8,1267.409677419355,0.9984813006328421,0.002783558565321087,831.56,0,889.61,837.4746451612903,1.0004527430582564,-0.013217872984470969,2153.74,2184.05,2137.3108817204293,1.0013547337566
80.32,19859774,93.24,76.9589247311828,1.002420201963613,-0.16186637815005045,1213.1,50668288,1415.8,1264.1916129032259,0.9974609121474585,-0.0005553353512104398,804.38,0,889.61,836.0119569892474,0.9982534537845488,-0.0020713041198081594,2132.98,2184.05,2138.5801935483873,1.000593882639542
81.74,11663213,93.24,77.22589247311826,1.00346896403332,-0.09559191157353863,1256.0,52734344,1415.8,1263.7606451612903,0.9996590961864192,0.017920099234224995,805.46,0,889.61,834.5546236559139,0.9982568032416883,-0.018086173829752195,2141.16,2184.05,2140.1978924731184,1.0007564359426928
77.31,17029076,93.24,77.19550537634409,0.9996065167290265,-0.22612468466785018,1201.4,69187800,1415.8,1259.7324731182796,0.9968125514444259,0.020529311337348255,783.1,0,889.61,831.5984086021506,0.9964577332987347,-0.039340502503946495,2126.41,2184.05,2140.637698924731,1.0002054980304202
75.33,16537611,93.24,77.04144086021506,0.9980042294512106,-0.2463587863550606,1195.3,91921144,1415.8,1255.3987096774194,0.9965597747669928,0.05029727676829632,769.12,0,889.61,827.7632473118281,0.9953882051112037,-0.05802156292275451,2085.18,2184.05,2138.3021720430106,0.998908957418206
69.58,49807276,93.24,76.52460215053765,0.9932914194762378,-0.3603006641632217,1263.0,103159280,1415.8,1255.4802150537632,1.0000649238968589,0.10214359720724275,813.91,0,889.61,826.8860860215053,0.9989403234642619,-0.03504883647969659,2164.45,2184.05,2141.000021505376,1.0012616783061057
72.39,20896444,93.24,76.21217204301074,0.9959172593029324,-0.3654124817335166,1303.4,66831768,1415.8,1258.1088172043012,1.0020937025681647,0.07813202813207532,803.93,0,889.61,825.3560215053765,0.9981496066483708,-0.07561815581875464,2181.9,2184.05,2144.6436344086023,1.0017018275883363
71.39,11881787,93.24,75.85354838709678,0.9952944044724041,-0.36870594289085235,1332.6,39456596,1415.8,1262.5782795698926,1.0035525244752066,0.10016784882065188,801.37,0,889.61,823.7187526881719,0.9980162877903062,-0.07784815409059287,2213.35,2184.05,2150.122043010753,1.0025544610369084
70.31,10481077,93.24,75.44509677419354,0.9946152603063627,-0.3862813954314982,1354.2,84399472,1415.8,1268.2944086021505,1.0045273462443889,0.17052708365934477,788.57,0,889.61,821.2663655913979,0.9970227858856305,-0.07914208633911668,2191.95,2213.35,2153.9014193548387,1.0017577496851267
73.25,13978441,93.24,75.24909677419353,0.9974020843185258,-0.3435256315996351,1345.7,245958448,1415.8,1273.2393548387097,1.0038988946123395,0.13723884117402418,793.7,0,889.61,819.1683440860214,0.9974453824078554,-0.1102085251350946,2259.53,2213.35,2161.7508817204302,1.003644299732131
74.16,17027154,93.24,75.1218494623656,0.9983089855256366,-0.2805662274935101,1347.4,269459392,1415.8,1278.0305376344086,1.0037629867294715,0.10431862134695191,805.54,0,889.61,817.8447956989246,0.9983842779122849,-0.09790062723782222,2258.07,2259.53,2169.048258064516,1.0033756786712993
74.46,7432658,93.24,75.02032258064516,0.9986485039645981,-0.2710504240075847,1347.2,171706000,1415.8,1282.574193548387,1.003555201366619,0.10967869592384427,803.78,0,889.61,816.4036344086021,0.9982378547887061,-0.09969084461432831,2263.79,2259.53,2176.272193548387,1.0033304632375109
74.02,5099247,93.24,74.89664516129032,0.998351414455438,-0.31874810959447075,1325.6,104971000,1415.8,1285.528817204301,1.0023036668527843,0.06415141539152192,796.91,0,889.61,814.5567096774193,0.9977377308804846,-0.11054235948045865,2238.83,2263.79,2181.531548387097,1.0024166806221673
76.62,9979129,93.24,74.94956989247311,1.0007066368736384,-0.2664259547463975,1351.4,176556000,1415.8,1290.055483870968,1.003521248692434,0.05538383759499854,820.25,0,889.61,814.2944516129035,0.9996780358428086,-0.0944831649369019,2276.98,2263.79,2188.9517634408603,1.0034013787512033
79.4,11693245,93.24,75.18815053763441,1.0031832156675962,-0.24943364981410965,1367.4,227019008,1415.8,1295.489677419355,1.0042123719609959,0.10990241767249975,819.5,0,889.61,813.9983440860215,0.999636363079356,-0.0862718699242282,2274.64,2276.98,2195.831956989247,1.0031431453462325
79.71,10933106,93.24,75.44249462365592,1.0033827682181675,-0.19220990727348175,1356.5,179447008,1415.8,1300.0294623655916,1.0035043003625315,0.09727013805180307,807.33,0,889.61,812.8962795698926,0.9986461096338393,-0.10840770306157799,2271.31,2276.98,2202.059849462366,1.002836233644062
79.52,12437486,93.24,75.67815053763442,1.0031236495446507,-0.23875804741911155,1360.7,222392000,1415.8,1304.6604301075267,1.0035622021469486,0.13849324297653953,806.11,0,889.61,811.7044731182795,0.9985338763609009,-0.1248728276768385,2294.69,2276.98,2209.2931182795696,1.0032847739442547
83.8,13243882,93.24,76.18378494623656,1.0066813790375424,-0.22809794584125243,1373.3,226278000,1415.8,1309.9509677419353,1.0040551069936048,0.14719348243525265,825.74,0,889.61,811.8395698924732,1.000166435911921,-0.1081632446921621,2297.42,2294.69,2216.2901720430104,1.0031671006918672
83.63,8827373,93.24,76.66643010752688,1.006335274122058,-0.21007208994657778,1375.8,173383008,1415.8,1315.229247311828,1.0040293718619036,0.13666318794523913,829.52,0,889.61,812.2725376344086,1.0005333168744077,-0.1026229601607086,2316.1,2297.42,2224.132129032258,1.0035383259323027
84.63,9458533,93.24,77.20301075268817,1.0069988995758472,-0.19615674049362752,1376.4,271049984,1415.8,1320.3860215053764,1.0039208177616854,0.11542171380531618,850.54,0,889.61,814.1191182795699,1.002273351073199,-0.09986135313245903,2351.16,2316.1,2233.9040645161294,1.0043935948572098
87.07,7937015,93.24,77.88780645161289,1.0088700646807465,-0.12788724591096834,1413.7,191411008,1415.8,1327.8724731182795,1.0056698961447408,0.1591989539180121,863.34,0,889.61,816.8267096774193,1.0033257926721721,-0.09653740635558794,2367.34,2351.16,2244.3410967741934,1.0046721040638442
88.53,9054946,93.24,78.6454193548387,1.0097269770165689,-0.08057321029677689,1438.9,220456000,1415.8,1336.7326881720428,1.0066724894394088,0.17026581488039583,875.04,0,889.61,820.3029892473118,1.0042558348407402,-0.08536554724830592,2383.12,2367.34,2255.3795483870967,1.004918348475982
85.75,10634269,93.24,79.19638709677419,1.0070057194233983,-0.14011487680463852,1432.3,220371008,1438.9,1344.8550537634408,1.006076282613022,0.1975804652400397,876.38,0,889.61,823.8538064516131,1.0043286654453856,-0.07203695597299098,2372.6,2383.12,2265.3086451612903,1.0044024061410393
84.59,14108407,93.24,79.6529247311828,1.0057646270384877,-0.13301319824742164,1425.0,202870000,1438.9,1352.2058064516127,1.0054658326691799,0.16836263351769087,869.94,0,889.61,826.9625806451612,1.0037734536991918,-0.07536276847654566,2378.25,2383.12,2275.196774193548,1.004365025072137
86.04,16081017,93.24,80.18133333333331,1.0066338882587655,-0.0613576358930521,1390.6,231500992,1438.9,1357.0255913978494,1.0035643871097437,0.16375274434454024,858.59,0,889.61,829.3139139784947,1.0028433370364824,-0.06188175989499789,2343.98,2383.12,2282.4559139784947,1.0031905547103808
88.99,20704720,93.24,80.87473118279568,1.008647871276719,-0.0722521105301357,1400.0,238467008,1438.9,1362.1313978494622,1.0037624982785722,0.17074950120016896,859.75,0,889.61,831.7060645161289,1.0028844934316345,-0.05784731680984834,2362.72,2383.12,2290.547870967742,1.0035452851201592
87.9,11178712,93.24,81.47096774193548,1.0073723467196716,-0.05055623643568108,1410.6,197434000,1438.9,1367.5974193548388,1.004012844512656,0.14859768373771676,859.9,0,889.61,834.0610752688173,1.0028315421194607,-0.06396391272225843,2355.54,2383.12,2297.783612903226,1.0031589568710595
87.72,4998044,93.24,82.02987096774193,1.0068601520430789,0.0013168032193484613,1406.4,106865000,1438.9,1372.4133333333334,1.0035214412592022,0.11807636387370146,854.9,0,889.61,836.0171612903225,1.002345255137191,-0.06415318899111067,2328.95,2383.12,2302.8141290322583,1.002189290628057
83.55,14959150,93.24,82.29301075268818,1.0032078532105668,-0.09617716490439299,1427.5,208751008,1438.9,1378.2483870967742,1.004251673764542,0.15859559822127145,851.57,0,889.61,837.7143225806451,1.0020300555645332,-0.07838100356478961,2348.69,2383.12,2308.710043010752,1.0025603082351122
84.21,9219917,93.24,82.58275268817204,1.00352085715219,-0.05162822399372158,1450.8,251960992,1438.9,1385.2249462365594,1.0050619026331538,0.1825538077634895,872.26,0,889.61,840.7342795698925,1.0036049962473415,-0.053447590149820146,2384.2,2383.12,2316.501225806451,1.0033746909098809
83.5,12453243,93.24,82.80823655913977,1.0027303990679404,-0.0342068399653459,1469.0,284676000,1450.8,1392.9559139784947,1.0055810197202548,0.16196118988920527,877.59,0,889.61,844.0153763440861,1.0039026561113604,-0.058657183384028366,2399.29,2384.2,2324.8015913978493,1.0035831475066492
84.61,8022174,93.24,83.08539784946237,1.0033470256322226,-0.043633642060368016,1466.0,201964000,1469.0,1399.9855913978495,1.0050465900239993,0.20390367825659195,869.16,0,889.61,846.6536129032257,1.003125815752987,-0.040385951445274904,2390.9,2399.29,2332.032602150538,1.003110377582089
82.15,9932637,93.24,83.19462365591397,1.00131462097166,-0.12643052758603845,1454.3,199726000,1469.0,1405.7165591397847,1.0040935905177517,0.1464656969616407,865.83,0,889.61,848.9376989247314,1.00269778098941,-0.037404025448190215,2381.73,2399.29,2338.1173333333336,1.0026091964482762
82.7,5399646,93.24,83.33845161290321,1.0017288131211952,-0.015337962886482703,1480.4,140852992,1469.0,1412.7049462365592,1.0049714055449777,0.17789751528742315,875.05,0,889.61,851.6867956989247,1.0032382785894363,-0.018684678792151077,2415.82,2399.29,2345.884064516129,1.0033217884629095
83.33,7019826,93.24,83.51133333333334,1.0020744532335824,0.013868537133054692,1499.6,134436992,1480.4,1420.3320430107528,1.0053989311742075,0.1716150543932209,893.13,0,889.61,855.4046021505378,1.004365227299975,-0.008480545045828514,2439.07,2415.82,2354.528408602151,1.0036848982508457
83.57,8303760,93.24,83.68249462365591,1.0020495576287758,0.12320105371182932,1508.6,164867008,1499.6,1427.885376344086,1.0053180053005928,0.09966436174114213,894.13,0,893.13,858.9202365591399,1.0041099082232707,-0.024943550478436993,2431.77,2439.07,2361.9407311827954,1.0031481134623663
83.41,8697263,93.24,83.81324731182796,1.001562485544439,0.1332667114641306,1522.0,195738000,1508.6,1435.7750537634408,1.0055254277059378,0.061654600322699205,898.6,0,894.13,862.551741935484,1.004227989074855,0.002607077066374197,2433.15,2439.07,2368.867204301075,1.0029325346850728
86.24,12621259,93.24,84.1028817204301,1.0034557115717584,0.18330788311787027,1553.0,247044992,1522.0,1445.194623655914,1.0065606167677748,0.0713008474861434,931.36,0,898.6,868.0932043010753,1.0064244984922954,0.06057644502778281,2438.3,2439.07,2375.585612903226,1.0028361271539208
87.2,7952288,93.24,84.42251612903226,1.0038005167250352,0.237018286536959,1550.9,166988000,1553.0,1454.0047311827957,1.0060961391515522,0.05472630093920827,916.93,0,931.36,872.4241505376343,1.0049890336833658,0.057180182852953676,2423.41,2439.07,2380.8596129032258,1.0022200841642388
86.14,6163662,93.24,84.63744086021507,1.0025458223829091,0.19926950059855775,1557.1,102845000,1553.0,1462.7918279569892,1.0060433756409068,0.12142585576898424,916.54,0,931.36,876.4538924731182,1.0046190169460583,0.08145709791731015,2425.18,2439.07,2385.7500430107525,1.002054060676666
86.64,6277355,93.24,84.85690322580643,1.0025929702429663,0.2265417416402845,1563.4,141456992,1557.1,1471.5307526881718,1.0059741410665302,0.10614870036850488,925.82,0,931.36,880.8181720430103,1.0049794742283331,0.06021334604073969,2459.27,2439.07,2392.4835913978495,1.0028224031292898
85.73,9758065,93.24,84.99081720430107,1.0015781153141812,0.1875618560282053,1579.5,152092992,1563.4,1480.843870967742,1.0063288641861934,0.10653796985319608,936.04,0,931.36,885.5831397849463,1.0054097064447296,0.07233489610639321,2472.54,2459.27,2399.640580645161,1.0029914475790114
80.44,17080118,93.24,84.75920430107527,0.997274847908933,0.14117326339989655,1558.0,215228000,1579.5,1488.2703225806451,1.0050150132356963,0.11617790058224786,924.28,0,936.04,889.3049677419356,1.0042026861056694,0.055637027770571335,2472.1,2472.54,2406.320258064516,1.0027836157936447
78.87,10618677,93.24,84.4124946236559,0.9959094746077628,0.11319433845305726,1563.1,212507008,1579.5,1495.5260215053763,1.0048752560705168,0.12165673496821472,918.6,0,936.04,892.3864301075268,1.0034650232230407,0.032132703544195396,2476.83,2472.54,2412.803440860215,1.0026942310666966
79.37,11500463,93.24,84.09320430107526,0.9962174992694605,0.08400455733558276,1549.3,243940992,1579.5,1501.4361290322581,1.0039518587051617,0.09464563985002594,908.0,0,936.04,894.5725161290325,1.0024497078258374,0.03471514883141458,2441.32,2476.83,2416.5658709677423,1.0015593603870965
77.53,7745436,93.24,83.65526881720432,0.9947922607122566,0.006473804978537445,1542.4,189879008,1579.5,1506.5098924731183,1.003379273578644,0.10431525933769059,900.71,0,936.04,896.0979569892471,1.0017052176684518,0.047757270049162415,2425.55,2476.83,2418.9524301075267,1.00098758290368
79.51,7482027,93.24,83.34976344086023,0.9963480438152479,0.039472771309895016,1565.6,163612000,1579.5,1512.6806451612904,1.0040960585250736,0.08422729246870397,910.4,0,936.04,898.047741935484,1.0021758613899623,0.06472078965500239,2443.05,2476.83,2422.136322580645,1.001316227815599
78.67,9587205,93.24,82.99008602150538,0.995684721773565,0.012814358106318036,1599.2,155200000,1579.5,1520.5784946236558,1.005221095072267,0.10388663859789382,937.49,0,936.04,901.5209892473117,1.0038675530816903,0.05736308493983078,2476.55,2476.83,2427.162451612903,1.002075080987557
77.05,9648031,93.24,82.5369247311828,0.9945395731942589,0.011160633496254402,1592.5,145550000,1599.2,1527.5582795698926,1.0045902167963807,0.09910210391883423,951.83,0,937.49,905.6790752688172,1.0046123008461256,0.08469899370872103,2461.43,2476.83,2430.827870967742,1.001510166471306
79.24,9199826,93.24,82.23920430107526,0.9963928819606838,0.015203989757019198,1590.7,201503008,1599.2,1533.9559139784944,1.0041881442391862,0.10111773642230348,955.98,0,951.83,909.841870967742,1.0045963253569585,0.06056555661155261,2500.23,2476.83,2436.6839784946233,1.0024091000423447
78.22,14385472,93.24,81.88726881720429,0.9957205874392637,-0.03011739046266626,1549.0,220407008,1599.2,1537.2023655913981,1.0021163917315483,0.09252464511812608,944.95,0,955.98,913.0663010752688,1.0035439456134254,0.03755288817077673,2502.22,2500.23,2442.347892473119,1.002324435186706
79.59,10036005,93.24,81.64275268817202,0.9970139909101365,0.013420574458264278,1577.2,183247008,1599.2,1541.9772043010753,1.0031061874588256,0.08201337229049277,946.31,0,955.98,916.2029677419354,1.0034353109549357,0.024278951681007133,2519.36,2502.22,2448.827548387097,1.0026530437919787
76.64,10655128,93.24,81.22713978494623,0.9949093717502007,0.06701893671108472,1588.4,139136000,1599.2,1547.1772043010753,1.003372293692472,0.051566499598322046,959.6,0,955.98,920.0437849462365,1.0041921029941294,0.020470904257382072,2549.33,2519.36,2456.94776344086,1.0033159603497237
74.58,16376747,93.24,80.69821505376343,0.9934883250526467,0.05817248070310321,1525.2,204658000,1599.2,1547.9640860215052,1.0005085918524668,0.012030075187970057,953.06,0,959.6,923.2836989247312,1.0035214780334438,0.02199694020807952,2553.17,2549.33,2464.9356559139783,1.003251144607947
81.05,22087074,93.24,80.60823655913978,0.9988850001878765,0.1106004249473328,1615.5,227023008,1599.2,1554.361290322581,1.0041326567966558,0.11948830456628623,970.4,0,959.6,927.4635698924731,1.0045271794277424,0.03157668392925772,2575.21,2553.17,2473.969311827957,1.0036648647977098
76.67,14477555,93.24,80.24640860215052,0.995511278097198,0.051355472845902916,1663.7,258680992,1615.5,1563.3845161290324,1.005805101981521,0.17095782859482256,950.09,0,970.4,930.0926666666666,1.0028347170277516,0.012662382671782879,2581.07,2575.21,2482.8837634408605,1.0036032991881847
76.43,14764727,93.24,79.89559139784946,0.9956282504050696,0.07526109742320153,1660.8,270272992,1663.7,1571.6535483870969,1.0052891864878761,0.15016563595044752,943.75,0,970.4,932.1184516129033,1.0021780463590761,-0.0011072372553120324,2587.84,2581.07,2491.7654193548387,1.0035771533266098
78.68,11289259,93.24,79.71460215053763,0.9977346779197044,0.051300744024427636,1643.2,215416992,1663.7,1578.2490322580643,1.0041965252951173,0.11581862788342612,938.63,0,970.4,933.6335913978496,1.0016254798757869,-0.01084164824706102,2582.3,2587.84,2499.7900860215054,1.0032204743690296
75.24,11955482,93.24,79.33111827956989,0.9951892895326311,0.026402443193352276,1638.6,196254000,1663.7,1584.038494623656,1.003668281904351,0.11142884489881633,938.86,0,970.4,934.9835053763442,1.0014458712614158,0.004509732717740356,2578.85,2587.84,2507.0473333333334,1.002903142688824
77.19,6047235,93.24,79.09131182795699,0.9969771452008553,0.0307834645097661,1658.4,109786000,1663.7,1590.6513978494625,1.0041747111880495,0.08197865787352754,944.77,0,970.4,936.5269892473118,1.001650814011255,-0.008398672823297426,2602.42,2587.84,2515.3302580645163,1.0033038565411407
84.05,17985116,93.24,79.30918279569893,1.0027546763697113,0.10025602927262123,1751.4,237904992,1663.7,1602.8178494623658,1.0076487227995727,0.13909483626838126,961.86,0,970.4,939.0171182795699,1.0026588972457264,-0.005226447307068005,2642.22,2602.42,2525.7116344086025,1.0041272418644835
84.84,12365745,93.24,79.57683870967742,1.0033748414060446,0.06753316961921163,1749.3,233420000,1751.4,1614.2415053763439,1.007127232778079,0.1368411812759851,957.88,0,970.4,941.0692473118279,1.00218540108834,-0.006921044940096932,2651.5,2642.22,2536.1692903225808,1.0041404789729398
88.46,13958176,93.24,80.07754838709677,1.0062921534147153,0.13965601597939348,1745.5,223338000,1751.4,1624.810752688172,1.006547500653791,0.14803500504010025,969.66,0,970.4,943.6905806451613,1.0027854840021828,-0.0035536589238678307,2675.81,2651.5,2547.6349032258067,1.004520838946744
89.09,12366242,93.24,80.6053333333333,1.0065909228849665,0.09853879796069609,1747.4,174636992,1751.4,1634.8763440860218,1.0061949315519958,0.15930776606301777,960.14,0,970.4,945.4744301075269,1.0018902906301619,-0.013496569368762978,2683.34,2675.81,2558.9538924731182,1.0044429400904265
87.84,5090941,93.24,81.03873118279569,1.0053767887500709,0.12203426962589559,1747.7,72206000,1751.4,1644.3870967741937,1.005817414095308,0.139320395675252,956.32,0,970.4,946.8288387096773,1.0014325174314829,-0.025408423375577138,2673.61,2683.34,2569.0698279569892,1.0039531526979153
86.93,10058422,93.24,81.40372043010751,1.0045038864995126,0.10080957185236239,1807.1,126779000,1751.4,1657.196559139785,1.0077898095835949,0.1884749512498647,987.31,0,970.4,950.0467096774195,1.0033985772678065,-0.023833615249688744,2743.15,2683.34,2583.167827956989,1.0054875892615232
88.8,8733532,93.24,81.88212903225805,1.0058769869438744,0.04386178030456778,1830.8,176662000,1807.1,1670.89311827957,1.008264897162769,0.24139653696797314,1004.45,0,987.31,954.17,1.004340092208709,-0.027322066118793176,2786.24,2743.15,2599.3761935483876,1.0062746080281657
93.01,10047915,93.24,82.62055913978494,1.009018208444922,0.07253431868667848,1900.3,152543008,1830.8,1688.4094623655917,1.0104832223524012,0.25546455801184165,1023.13,0,1004.45,959.2708172043012,1.0053458159492557,-0.054031984290693114,2810.3,2786.24,2616.3774838709674,1.0065405270559824
97.07,10229518,93.24,83.60636559139785,1.0119317329957187,0.11478475230236684,1945.9,144664992,1900.3,1708.1208602150534,1.011674536472832,0.2544395810263447,1059.33,0,1023.13,966.5097634408603,1.0075463009055734,-0.030165093515856833,2872.87,2810.3,2636.615548387097,1.0077351470270977
99.69,19515768,97.07,84.73997849462364,1.013558930533663,0.19755314525798184,1835.0,220076992,1945.9,1719.8279569892472,1.0068537871334935,0.18780953669760259,1005.72,0,1059.33,969.9837634408603,1.0035943765199353,-0.04163742275670934,2762.13,2872.87,2648.7425161290316,1.0045994448259068
97.84,12580848,99.69,85.72509677419355,1.011625189161836,0.10790795817792964,1758.2,247792992,1945.9,1725.9825806451613,1.003578627519632,0.18859580637836526,949.09,0,1059.33,969.612430107527,0.9996171757225955,-0.04003933635689849,2619.55,2872.87,2650.9461505376344,1.0008319549352889
101.0,8770270,99.69,86.89,1.0135888236892272,0.16538054547583902,1804.6,172003008,1945.9,1734.7118279569895,1.0050575523818817,0.19729840522620123,987.19,0,1059.33,971.6491182795698,1.0021005178036104,-0.05038050056689558,2732.22,2872.87,2660.074129032258,1.0034432908012003
100.84,5889571,101.0,88.01174193548387,1.012909908337943,0.21791395708615546,1804.0,141888992,1945.9,1742.9182795698925,1.0047307290355931,0.21770216189670122,986.16,0,1059.33,973.5093548387098,1.0019145147400883,-0.044372948239891574,2747.3,2872.87,2669.616559139785,1.0035872797691539
101.38,12212901,101.0,89.12445161290323,1.012642741217814,0.1956768173433998,1788.3,199531008,1945.9,1749.5827956989247,1.0038237685651428,0.22770849728476283,966.5,0,1059.33,973.9681290322582,1.0004712581253257,-0.03442576603356384,2691.25,2872.87,2674.9510322580645,1.0019982169724024
103.9,7847497,101.38,90.35133333333333,1.013765938507637,0.24373094900946723,1798.0,234582000,1945.9,1756.3888172043007,1.0038900825511703,0.19175667877139635,999.36,0,1059.33,976.4438924731182,1.0025419347585018,-0.04080265597631838,2786.57,2872.87,2685.9740645161287,1.0041208351574045
102.77,9365726,103.9,91.45255913978494,1.0121882629267778,0.27953282767751975,1781.9,214154000,1945.9,1761.6212903225808,1.0029791086501045,0.17562882866366436,989.91,0,1059.33,978.1135053763442,1.0017098912862235,-0.03555916926720348,2752.01,2872.87,2694.024946236559,1.0029973788007818
98.78,8294378,103.9,92.24208602150537,1.0086331852180719,0.1896161466119104,1687.8,185348000,1945.9,1760.2677419354839,0.9992316462144658,0.1566670039512893,922.73,0,1059.33,975.2570967741937,0.9970796757365583,-0.04589450022118968,2588.26,2872.87,2690.809247311828,0.9988063588909141
97.0,9532587,103.9,92.87533333333333,1.0068650584471857,0.1642925248628857,1703.0,164798000,1945.9,1759.6320430107526,0.9996388623675895,0.11800872579076238,940.73,0,1059.33,973.5354623655915,0.9982346866131026,-0.06289432957278751,2640.87,2872.87,2690.6754623655916,0.999950280776547
96.24,12607605,103.9,93.42012903225806,1.005865881492661,0.17864694431287997,1737.2,181830000,1945.9,1760.9795698924734,1.0007658003768873,0.15729852820657708,924.95,0,1059.33,970.7887956989247,0.9971786680887899,-0.08635289761967557,2604.47,2872.87,2687.839913978495,0.9989461574140928
96.28,8116180,103.9,93.9262365591398,1.005417542580218,0.14085013460743,1751.0,165930000,1945.9,1762.9062365591399,1.0010940880289623,0.17864831174374762,946.91,0,1059.33,969.5167096774193,0.9986896366880815,-0.07190990333740876,2656.3,2872.87,2688.040623655914,1.0000746732260262
97.45,8807133,103.9,94.47118279569894,1.0058018532044135,0.1989296777392593,1799.0,149474000,1945.9,1767.5849462365593,1.0026539753393529,0.2222583223765373,949.72,0,1059.33,968.4454193548386,0.9988950264478297,-0.06206052160239106,2670.14,2872.87,2688.798602150537,1.0002819817855255
96.25,12176829,103.9,94.89735483870969,1.0045111327115739,0.11621700026423842,1837.7,164652000,1945.9,1774.2227956989248,1.003755321336323,0.20472435010139456,966.38,0,1059.33,968.4387096774195,0.9999930717030769,-0.03854854510878836,2669.91,2872.87,2689.180623655914,1.0001420788842539
97.55,12833939,103.9,95.37156989247312,1.0049971366912114,0.14045274308772915,1788.1,269724992,1945.9,1777.1004301075268,1.001621912656955,0.16084239243859577,936.97,0,1059.33,966.4914193548386,0.9979892477416258,-0.06833567789440875,2663.42,2872.87,2688.8201720430106,0.9998659622898765
101.78,9297133,103.9,96.07372043010753,1.0073622625529395,0.26675895579329234,1810.9,234072000,1945.9,1781.0195698924733,1.0022053563876012,0.2331669370892071,960.18,0,1059.33,966.0902150537636,0.9995848858116683,-0.060895318670574294,2727.72,2872.87,2692.3627526881723,1.0013175223400939
102.83,8112550,103.9,96.7851182795699,1.0074047080333473,0.1945816487778631,1843.6,169980992,1945.9,1786.4339784946237,1.0030400612624808,0.2101277723743632,961.78,0,1059.33,965.7769247311827,0.9996757131811304,-0.06237760132660375,2712.97,2872.87,2694.5783440860214,1.0008229171182959
103.69,8482997,103.9,97.50516129032259,1.0074396045957479,0.2317916573328942,1855.5,150558000,1945.9,1792.1255913978493,1.003186019171009,0.14994141208592893,958.6,0,1059.33,965.2770107526882,0.9994823711711339,-0.04538475780594675,2721.33,2872.87,2697.037032258064,1.0009124574824253
104.32,5852794,103.9,98.20774193548387,1.0072055738984866,0.23944175609625962,1832.6,156924000,1945.9,1795.927311827957,1.0021213471022097,0.13745402430416453,962.68,0,1059.33,965.0220215053764,0.999735838267698,-0.036660838955825614,2734.62,2872.87,2700.0515053763443,1.00111769808209
105.39,8767738,104.32,98.91937634408603,1.0072462149579782,0.24121097295299365,1883.2,168432992,1945.9,1802.6240860215053,1.0037288670590638,0.19944033051118293,982.32,0,1059.33,965.9934193548385,1.0010066069248313,-0.029637459452613868,2779.03,2872.87,2705.615483870967,1.0020606934658631
106.51,8358431,105.39,99.64582795698924,1.0073438757880588,0.3564780870544231,1940.3,316752992,1945.9,1812.4886021505379,1.0054723090662814,0.24077000296821816,989.86,0,1059.33,967.3573118279571,1.0014119065883798,-0.02354684390798889,2779.66,2872.87,2710.797032258065,1.0019151089347273
106.74,8800579,106.51,100.31987096774193,1.0067643876775618,0.33631385772483013,1938.0,246368992,1945.9,1821.5559139784943,1.005002686260867,0.20487041610329149,983.37,0,1059.33,968.1928172043009,1.000863698827856,-0.017727428658048883,2754.88,2872.87,2713.948021505376,1.0011623847930387
102.6,8037265,106.74,100.6632688172043,1.003423029217938,0.21581158900357233,1864.6,218416992,1945.9,1825.2864516129034,1.0020479951264636,0.08591472839470427,965.78,0,1059.33,967.8104731182796,0.9996050951016913,-0.024745024407739846,2718.37,2872.87,2714.415655913979,1.0001723077984168
105.22,5384645,106.74,101.13580645161291,1.0046942409079394,0.24758125163165667,1908.2,113835000,1945.9,1831.5864516129031,1.0034515130457649,0.08540394575096255,995.69,0,1059.33,969.3493763440861,1.0015900873864778,-0.0013797624351803428,2759.82,2872.87,2717.393720430108,1.0010971291407196
106.55,5485775,106.74,101.65032258064517,1.0050873785169097,0.17608686118332306,1960.7,159868000,1945.9,1840.9318279569895,1.0051023397426078,0.1344044212741965,1011.6,0,1059.33,971.8334193548386,1.002562587928948,-0.0036494118517140794,2801.31,2872.87,2722.815612903226,1.00199525465609
108.0,8635473,106.74,102.21948387096774,1.0055992079107374,0.24518007240687467,1927.7,178760992,1960.7,1847.6853763440859,1.0036685488753765,0.10695714217577057,1003.27,0,1059.33,973.6898494623656,1.001910234892683,0.0007628781556576758,2801.83,2872.87,2728.0011612903227,1.0019044801868047
124.15,15692082,108.0,103.78991397849462,1.0153633147816443,0.43151865123289723,1952.1,194784992,1960.7,1855.6253763440861,1.0042972684103344,0.13471099500193273,1017.08,0,1059.33,976.344494623656,1.002726376538439,0.009222884077286997,2818.82,2872.87,2734.0280215053763,1.002209258669158
130.16,10664000,124.15,105.67,1.0181143422268848,0.4749557332810692,1979.7,208331008,1960.7,1864.9064516129033,1.0050015888913433,0.06079999728088126,1038.48,0,1059.33,980.24911827957,1.0039992274012044,0.016393976717083536,2840.35,2872.87,2741.1316344086026,1.0025982224203083
128.17,7893414,130.16,107.3287311827957,1.0156972762637997,0.4277722498094165,2010.5,221462000,1979.7,1875.8034408602152,1.0058431827708503,0.046190285445327994,1036.36,0,1059.33,983.9069247311826,1.0037315070051094,0.01488566187117124,2833.28,2872.87,2747.570086021505,1.002348829779673
131.57,6857544,130.16,109.12215053763441,1.0167095924369427,0.36055708906643846,2053.9,180828000,2010.5,1889.1139784946233,1.007095912793669,0.007415523059015605,1052.91,0,1059.33,988.5638494623655,1.0047330947817603,0.014933896519669476,2850.13,2872.87,2754.9944731182795,1.0027021647726282
131.36,6232642,131.57,110.81909677419355,1.0155508870398764,0.2704099951051002,2061.7,147327008,2053.9,1902.5974193548386,1.007137441686266,0.021179586711328025,1060.95,0,1059.33,993.6754408602152,1.0051707245825645,0.0008957556712663184,2874.69,2872.87,2763.9177204301077,1.0032389347415744
134.11,6069184,131.57,112.61972043010753,1.0162483155731088,0.2451231830446785,2082.6,147612000,2061.7,1917.1802150537633,1.00766467753534,0.06133657702406614,1071.38,0,1060.95,999.4564516129032,1.0058178058095946,0.014821883249833245,2901.52,2874.69,2774.5680215053767,1.0038533350673013
132.47,8189449,134.11,114.24051612903227,1.0143917574358623,0.2658405570663074,2095.4,166480000,2082.6,1932.0563440860217,1.0077593795906354,0.08592744916351203,1068.04,0,1071.38,1004.8807741935484,1.0054272725658948,0.029081224013176588,2871.68,2901.52,2782.9933978494623,1.0030366443636565
133.63,7799278,134.11,115.86167741935483,1.0141907735123632,0.2507139777895644,2093.4,169540000,2095.4,1946.0782795698926,1.0072575189262942,0.0714586068148666,1078.92,0,1071.38,1010.7512258064517,1.005841938430571,0.029689676195209458,2904.98,2901.52,2793.0249462365587,1.0036045893586554
133.37,10274286,134.11,117.39589247311827,1.0132417818206656,0.2890645909461105,2112.1,235734000,2095.4,1960.6855913978493,1.0075060247993648,0.08642880151716659,1091.93,0,1078.92,1017.2637634408604,1.0064432646413193,0.040872862671032406,2929.67,2904.98,2804.277870967742,1.0040289381397562
139.12,9392468,134.11,119.2311182795699,1.0156327940253265,0.32741972439527367,2123.2,200498000,2112.1,1975.3464516129034,1.0074774151854717,0.09193396085535044,1101.36,0,1091.93,1024.1572258064516,1.0067764749058536,0.05677360359791028,2913.98,2929.67,2814.126344086021,1.0035119462376532
138.97,8168676,139.12,120.9755053763441,1.014630300562006,0.2680014815244194,2127.7,171100992,2123.2,1989.5774193548389,1.0072042895211195,0.15573656010036085,1092.32,0,1101.36,1030.177440860215,1.0058782137176476,0.05749198429637725,2885.57,2929.67,2821.662924731183,1.0026781244776022
133.86,8053667,139.12,122.31479569892473,1.011070756170137,0.23684338971155783,2059.5,239831008,2127.7,1998.6993548387095,1.0045848607825618,0.17062003967113215,1054.06,0,1101.36,1033.5293548387097,1.0032537248881084,0.05930970497673971,2767.13,2929.67,2821.3453118279567,0.9998874376877399
133.71,9357987,139.12,123.5775483870968,1.0103237934622424,0.2983170545397138,2088.3,201596992,2127.7,2009.0823655913978,1.0051948837265354,0.18007000059363354,1058.82,0,1101.36,1037.0504086021504,1.0034068251152772,0.07812692565380575,2767.78,2929.67,2821.0371182795698,0.9998907636200735
127.86,10799968,139.12,124.38776344086024,1.006556328915229,0.2557120229187235,2008.1,220323008,2127.7,2013.4298924731181,1.0021639366091597,0.165043524735359,1011.7,0,1101.36,1037.2387956989246,1.0001816566438928,0.06869363621907243,2658.69,2929.67,2813.304795698925,0.9972590496840537
134.44,15427407,139.12,125.55612903225806,1.009392930293769,0.33967391391139734,2047.3,228418000,2127.7,2019.6503225806453,1.003089469432624,0.1439722869674025,1033.3,0,1101.36,1038.6681075268818,1.0013779968835375,0.07160821082002222,2723.06,2929.67,2809.6870537634413,0.9987140597275438
143.95,10046606,139.12,127.25589247311828,1.0135378770750691,0.46849052369538624,2161.2,281324000,2127.7,2032.552258064516,1.0063882026208304,0.14880647632531163,1074.78,0,1101.36,1042.5405376344086,1.0037282651498245,0.08809046955584399,2781.01,2929.67,2809.5529892473123,0.9999522848938107
140.29,9967184,143.95,128.61701075268817,1.0106959155534383,0.34921283314571694,2113.9,229070000,2161.2,2041.520430107527,1.004412271324109,0.06911834487994706,1063.52,0,1101.36,1045.4115268817204,1.0027538394370987,0.09505829881992511,2736.27,2929.67,2806.2642795698926,0.9988294544754962
134.93,6822796,143.95,129.5401935483871,1.0071777659136711,0.2897198748075236,2053.5,152304000,2161.2,2045.9146236559136,1.0021524122333447,0.05481179142573511,1035.74,0,1101.36,1046.2455268817205,1.000797771957315,0.08576224413957323,2632.56,2929.67,2796.142387096774,0.996393107895501
143.99,10502057,143.95,130.9647096774194,1.0109967114453955,0.36790108132812915,2169.1,278105984,2161.2,2057.302795698925,1.0055662987650293,0.13163603547327862,1096.84,0,1101.36,1050.8723010752688,1.004422264253151,0.1342989834271917,2760.17,2929.67,2794.333720430108,0.9993531564504681
135.86,8403741,143.99,131.76483870967743,1.0061095010574135,0.22164556896153997,2048.4,216858000,2169.1,2060.084516129032,1.0013521200845703,0.053621704458199915,1046.01,0,1101.36,1051.8759139784945,1.0009550284103965,0.12408513271856503,2633.08,2929.67,2784.117634408602,0.9963439993058762
126.73,10340610,143.99,131.90264516129034,1.0010458514802765,0.11241600151285636,2007.5,220504000,2169.1,2059.7167741935486,0.9998214918210373,-0.004108747590690909,1026.67,0,1101.36,1051.4472043010753,0.9995924332217118,0.10912779296356656,2599.95,2929.67,2771.9676559139784,0.9956359679833698
120.08,13382905,143.99,131.56002150537637,0.9974024504550685,0.037619136766481986,1817.4,351915008,2169.1,2046.7320430107525,0.9936958656911069,-0.0238682717098172,958.02,0,1101.36,1046.4499139784944,0.9952472265824295,0.1113659357459913,2416.62,2929.67,2748.2329892473126,0.9914376105305457
122.51,5005279,143.99,131.3389247311828,0.9983194227876853,0.031533336311433624,1870.3,128369000,2169.1,2037.2421505376344,0.995363392826372,0.035075016854670626,987.48,0,1101.36,1043.3545161290324,0.997042000951872,0.11677223290625016,2485.74,2929.67,2729.6129677419353,0.9932247296432909
123.39,6012143,143.99,131.13548387096773,0.9984510238634018,0.04323867307440432,1850.8,147591008,2169.1,2026.4131182795697,0.99468446485107,0.015831318346954726,994.77,0,1101.36,1040.6761075268817,0.9974328873256926,0.10158639602052144,2531.94,2929.67,2714.508817204301,0.9944665596492498
129.14,8256427,143.99,131.2643010752688,1.0009823214929974,0.07890204586075988,1908.3,208612992,2169.1,2019.3634408602154,0.996521105516066,-0.034030756544388474,1017.28,0,1101.36,1039.423182795699,0.9987960473752393,0.09368017942556872,2596.26,2929.67,2704.085720430108,0.996160227328004
134.54,7675028,143.99,131.6928387096774,1.0032646929203004,0.10498241999880253,1989.2,203038000,2169.1,2017.601935483871,0.9991276927467827,0.012404273196866988,1042.81,0,1101.36,1039.7583870967742,1.0003224906915908,0.09099825868066758,2670.71,2929.67,2698.860258064516,0.9980675677822962
132.9,6698656,143.99,131.95578494623658,1.0019966631377644,0.10382192131042745,2006.3,125717000,2169.1,2016.833548387097,0.9996191582277651,0.05752035911973663,1029.15,0,1101.36,1039.0844731182794,0.9993518552128476,0.08533673468364833,2664.76,2929.67,2693.4319354838713,0.9979886611155859
139.71,10488675,143.99,132.59292473118282,1.00482843389705,0.11931523653326992,2040.9,173224992,2169.1,2017.992688172043,1.0005747324988088,0.03975225710583041,1050.21,0,1101.36,1039.6329892473118,1.0005278840587293,0.07406522866502274,2706.53,2929.67,2690.8137419354844,0.9990279340220578
139.53,5512207,143.99,133.1442795698925,1.0041582523338064,0.15164387850565064,2001.1,159214000,2169.1,2016.2987096774193,0.9991605626201955,-0.03231088072856236,1040.39,0,1101.36,1039.4307096774196,0.999805431751412,0.06181211861254565,2707.88,2929.67,2688.397247311828,0.9991019465279234
144.26,5050094,143.99,133.92987096774195,1.0059003015404584,0.10351167465117861,2086.3,188372000,2169.1,2020.0146236559137,1.0018429382316516,0.0013467632786101635,1073.62,0,1101.36,1041.310387096774,1.0018083720269704,0.07948244387169046,2775.6,2929.67,2690.5507096774195,1.0008010208936737
144.04,5672414,144.26,134.62329032258063,1.0051774809445289,-0.09437101597311992,2045.5,199330000,2169.1,2020.7572043010755,1.000367611519474,-0.036602752072749434,1070.06,0,1101.36,1042.8090967741934,1.001439253555895,0.06136722919699489,2792.67,2929.67,2693.861870967742,1.001230663030588
138.47,7761030,144.26,134.91458064516127,1.0021637438951512,-0.13061314146034286,1930.3,263176992,2169.1,2013.8666666666666,0.9965901209607256,-0.06169132379835052,1073.74,0,1101.36,1044.4312903225807,1.0015555997290446,0.0468603305268831,2803.69,2929.67,2697.9402365591395,1.001513947554383
124.74,13490613,144.26,134.3021935483871,0.9954609272485914,-0.19447653898843897,1816.0,293112000,2169.1,1999.7081720430106,0.9929694975054675,-0.15781080624431643,1032.22,0,1101.36,1043.2989462365592,0.9989158271142262,0.027844672000949533,2743.07,2929.67,2698.18647311828,1.0000912683519834
132.35,12093369,144.26,134.1881505376344,0.9991508477431413,-0.15946256189935415,1900.3,265950000,2169.1,1991.406666666667,0.9958486415706036,-0.12834060100768652,1065.44,0,1101.36,1044.3187311827958,1.0009774618769771,0.021601664226786443,2822.48,2929.67,2703.749935483871,1.0020619265647572
134.44,8243374,144.26,134.20726881720432,1.0001424736796305,-0.1218047933518871,1884.2,185047008,2169.1,1982.396774193548,0.9954756139848622,-0.1609403884080043,1049.44,0,1101.36,1044.279311827957,0.9999622535212078,0.01488618119794094,2800.71,2929.67,2707.9683440860217,1.0015602066399665
130.38,6892982,144.26,133.9578279569893,0.998141375929833,-0.18490595210741667,1850.1,266192992,2169.1,1971.568602150538,0.9945378381442257,-0.18791292266816906,1062.47,0,1101.36,1045.1052903225805,1.0007909555281504,0.014816325850099843,2834.4,2929.67,2714.519397849463,1.002419176641318
134.08,6439041,144.26,133.9551182795699,0.9999797721606812,-0.14815504758757503,1885.3,219067008,2169.1,1963.5113978494621,0.9959133025894776,-0.20017011754464997,1065.28,0,1101.36,1046.1317204301076,1.000982130812112,-0.00991785908201126,2892.74,2929.67,2724.9786666666664,1.0038530831002679
127.87,6950414,144.26,133.5483010752688,0.996963033518047,-0.21553580360597901,1744.7,230980000,2169.1,1946.8350537634412,0.9915068768613792,-0.26806467888506924,1039.31,0,1101.36,1045.4886021505376,0.9993852415838174,-0.03754913313588182,2907.41,2929.67,2736.3390967741934,1.0041689978150998
115.24,14577813,144.26,132.33903225806452,0.990945082734353,-0.3112544548137013,1679.9,366163008,2169.1,1926.7279569892473,0.9896719053135371,-0.2749775732295303,993.64,0,1101.36,1041.9842150537636,0.9966480867514331,-0.08160442412475577,2905.03,2929.67,2747.540752688172,1.0040936651189114
125.55,12987715,144.26,131.83391397849462,0.9961831496652862,-0.2541940511418185,1798.4,277505984,2169.1,1915.1954838709676,0.9940144777178088,-0.2567614403828866,1030.02,0,1101.36,1041.038301075269,0.999092199320461,-0.07366264795704724,2939.88,2929.67,2761.043784946237,1.0049145885260677
125.61,13061277,144.26,131.3618494623656,0.9964192482656168,-0.22916203773328092,1783.0,289079008,2169.1,1903.3679569892472,0.9938243761635158,-0.30776604411819464,1043.06,0,1101.36,1041.0870967741937,1.0000468721456977,-0.06591405246958104,2945.64,2939.88,2774.8627311827954,1.0050049717834617
123.75,8363184,144.26,130.79851612903227,0.9957115910316509,-0.21257053253728142,1812.2,258756992,2169.1,1894.1655913978493,0.9951652198632396,-0.29165763000993217,1027.08,0,1101.36,1040.2108602150538,0.9991583446170307,-0.06689175975438655,2881.4,2945.64,2784.407978494624,1.0034398989198863
123.51,6896111,144.26,130.24144086021505,0.9957409664474507,-0.22686875440040555,1797.1,240474000,2169.1,1884.520860215054,0.9949081900618426,-0.28997464342917745,1021.94,0,1101.36,1039.0610322580644,0.998894620311163,-0.06798053821535344,2859.53,2945.64,2792.2965161290326,1.002833111273684
123.84,9540275,144.26,129.72759139784947,0.9960546392993526,-0.19593492203986995,1827.7,208931008,2169.1,1877.476559139785,0.9962620201113268,-0.25537323480487295,1033.95,0,1101.36,1038.7653548387098,0.9997154378711401,-0.04095936975679337,2826.06,2945.64,2797.828387096774,1.001981118744298
120.96,6458968,144.26,129.03658064516128,0.9946733709826695,-0.25777613622026585,1793.7,169868992,2169.1,1868.6266666666668,0.9952862833732673,-0.2639778488073248,1007.0,0,1101.36,1036.6831182795697,0.9979954697666411,-0.03610221764870292,2752.06,2945.64,2798.2261290322585,1.0001421609478691
128.41,8062636,144.26,128.85520430107528,0.9985943804215893,-0.26365016934603147,1838.8,250362000,2169.1,1863.231827956989,0.9971129392478909,-0.27800054535166396,1050.52,0,1101.36,1037.4651827956989,1.0007543910982433,-0.0557722295432328,2873.34,2945.64,2806.386021505376,1.0029160947317504
126.63,6185696,144.26,128.59240860215053,0.9979605348472328,-0.1930760367323473,1840.6,155480992,2169.1,1858.646451612903,0.9975390199569992,-0.2550202197356318,1052.28,0,1101.36,1038.4129677419357,1.0009135583168998,-0.06564730653538875,2886.98,2945.64,2815.2273548387097,1.0031504337840849
128.23,7013676,144.26,128.46221505376343,0.9989875487223363,-0.14577046477645583,1887.7,186800000,2169.1,1857.6875268817205,0.9994840736223124,-0.23327340182340772,1085.15,914767872,1101.36,1041.505569892473,1.002978200625963,-0.0730519593011929,2950.46,2945.64,2827.840064516129,1.0044801744540246
135.17,10040927,144.26,128.79417204301075,1.002584082713414,-0.17023980148807272,1855.5,204624992,2169.1,1855.0077419354839,0.9985574619480087,-0.23568103210227864,1072.47,1264445312,1101.36,1043.6738494623655,1.0020818703543912,-0.08800779879360121,2941.76,2950.46,2839.2078279569896,1.0040199456763852
138.53,4193693,144.26,129.36187096774196,1.0044077997919163,-0.05066320593180307,1880.8,112921000,2169.1,1854.6346236559139,0.999798858909785,-0.19645352113608383,1085.09,577807552,1101.36,1046.7087311827959,1.002907883264483,-0.09834697266814985,2990.41,2950.46,2853.323784946237,1.0049717941921161
141.51,6479115,144.26,130.1160860215054,1.0058302732336912,-0.045102852602251664,1997.9,219364992,2169.1,1862.1767741935482,1.004066650347963,-0.1377750164333299,1069.57,932012160,1101.36,1048.6582795698923,1.00186255099343,-0.11737902070096662,3013.77,2990.41,2868.1783870967743,1.0052060695771394
139.48,5676020,144.26,130.70754838709675,1.0045456513769835,-0.026798182164271545,1940.7,146204000,2169.1,1866.0492473118277,1.0020795410897316,-0.11448860639904823,1061.01,825691904,1101.36,1049.9633118279569,1.0012444780949994,-0.12422149979380936,2976.61,3013.77,2879.745634408602,1.004032959513211
145.06,7361246,144.26,131.61729032258063,1.0069601331117437,0.006695275459245087,1932.1,187840992,2169.1,1869.1017204301074,1.0016357945122172,-0.15962487935436775,1064.81,899301248,1101.36,1051.2920215053764,1.0012654820053724,-0.13897696057778886,3025.86,3013.77,2893.2860215053765,1.0047019385792229
127.14,16087436,145.06,131.32240860215055,0.9977595518057897,-0.13798170953830735,1896.8,198232000,2169.1,1869.743870967742,1.0003435610435834,-0.20156592058940515,1052.76,1223475712,1101.36,1051.6770107526881,1.0003662058109797,-0.09973018945007883,2932.05,3025.86,2899.612602150538,1.002186641969766
127.5,8115268,145.06,131.042688172043,0.9978699718267049,-0.16058030668734835,1907.9,214046000,2169.1,1871.0032258064516,1.00067354403898,-0.20059263655286774,1057.12,1048724672,1101.36,1052.2185806451612,1.0005149583825983,-0.08501151559685294,2918.65,3025.86,2904.214215053764,1.0015869750668807
123.93,8269386,145.06,130.53617204301077,0.9961347242177507,-0.22195477086215898,1877.2,180758000,2169.1,1870.2827956989245,0.9996149498314111,-0.2352862225850284,1045.86,906450432,1101.36,1051.9480215053763,0.9997428679318522,-0.07869021150357836,2888.68,3025.86,2906.1889677419354,1.0006799610985773
119.78,6922212,145.06,129.7847311827957,0.9942434280977117,-0.2909604615271928,1795.3,174600992,2169.1,1864.5193548387094,0.9969184120853439,-0.26336547970959034,1025.47,802831872,1101.36,1050.3554193548387,0.9984860448254291,-0.07200594398614024,2847.11,3025.86,2905.0130322580644,0.9995953685404069
120.2,5087863,145.06,129.08860215053764,0.9946362794304547,-0.33289334084450706,1814.2,159491008,2169.1,1860.4290322580648,0.9978062321691488,-0.2570417658820401,1046.74,788636416,1101.36,1050.1429892473118,0.9997977540710388,-0.08456313017345207,2926.46,3025.86,2908.564301075269,1.0012224622670434
126.1,7199755,145.06,128.81507526881722,0.9978810919231936,-0.29648549159487847,1798.6,139872992,2169.1,1855.8197849462367,0.9975224815180218,-0.24753466945161506,1053.74,628475712,1101.36,1050.3896344086022,1.0002348681692073,-0.08718378372441449,2978.71,3025.86,2915.0135698924737,1.0022173375416938
129.07,7377819,145.06,128.76204301075268,0.9995883070521531,-0.285652653707413,1837.3,205820000,2169.1,1854.1427956989246,0.9990963620169828,-0.21691439649004318,1055.71,917624320,1101.36,1050.7346666666667,1.0003284802579557,-0.10019175173422767,3007.39,3025.86,2922.730731182796,1.0026473843449746
124.28,7977275,145.06,128.4326451612903,0.9974418093891625,-0.30262823395504745,1835.6,179858000,2169.1,1852.891612903226,0.9993251960967617,-0.22082871410389449,1066.2,861253888,1101.36,1051.7949892473118,1.0010091249620694,-0.07500847822428158,2992.07,3025.86,2928.961032258065,1.0021316712514081
118.96,8601103,145.06,127.80251612903226,0.9950937004258792,-0.33876251591451023,1722.7,196612000,2169.1,1844.8079569892473,0.9956372753496829,-0.24159943200371625,1034.11,798872768,1101.36,1050.7932903225806,0.9990476291150159,-0.09329834811664584,2961.79,3025.86,2932.808967741935,1.0013137544137634
117.62,8111201,145.06,127.12789247311827,0.9947213585745615,-0.2599696567283075,1740.0,182071008,2169.1,1838.28688172043,0.9964651739254965,-0.1749205382035144,1043.45,855209984,1101.36,1050.4793978494622,0.999701280474467,-0.06529066686693752,2952.01,3025.86,2935.6859354838707,1.0009809598148327
120.43,6296032,145.06,126.64987096774195,0.9962398377250107,-0.31369590426757277,1755.6,160384992,2169.1,1832.9356989247312,0.9970890382513687,-0.17849448388817735,1040.49,726030016,1101.36,1049.9503870967742,0.9994964101592368,-0.07577930797325183,2970.27,3025.86,2939.291634408602,1.001228230472868
123.64,4730343,145.06,126.40458064516127,0.9980632406436233,-0.3350240588389435,1879.5,175648992,2169.1,1835.889247311828,1.001611375886688,-0.11439575971623395,1061.63,756080000,1101.36,1050.8389032258065,1.0008462458226137,-0.05461391576877972,2986.2,3025.86,2943.607247311829,1.0014682493062976
126.27,4900389,145.06,126.35219354838708,0.99958556013946,-0.20999604176442443,1890.6,156968000,2169.1,1839.5690322580645,1.0020043610754976,-0.06693974245044965,1065.01,894400000,1101.36,1051.9192688172043,1.0010280982061868,-0.0639902361633582,3022.55,3025.86,2949.86911827957,1.0021272780101556
133.65,10081381,145.06,126.7847741935484,1.0034236100934462,-0.1278072708401583,1954.8,194820000,2169.1,1847.3036559139787,1.0042045846175285,-0.03400615439866339,1097.41,894590016,1101.36,1055.084494623656,1.003009000690719,-0.030048267277594798,3066.91,3025.86,2958.588301075269,1.002955786323423
136.84,7290162,145.06,127.42408602150536,1.0050424968772749,-0.07236408317019705,2030.9,227599008,2169.1,1859.7984946236559,1.0067638250320547,0.13560030572639215,1100.18,924840000,1101.36,1058.3593333333336,1.003103863933519,-0.005293258589636585,3093.08,3066.91,2968.621311827956,1.0033911479840032
138.05,6969967,145.06,128.12217204301075,1.005478446369924,0.04004000803814467,2110.5,160152992,2169.1,1876.8133333333333,1.0091487538885875,0.17331741291168035,1126.75,801459968,1101.36,1063.2174623655915,1.0045902453724833,0.05980441645983392,3120.46,3093.08,2980.0214838709676,1.003840224415822
139.2,8755252,145.06,128.84539784946236,1.0056448138126226,-0.03535105124172344,2143.9,171968992,2169.1,1895.0569892473115,1.0097205489698735,0.1365072964637537,1135.88,1338060032,1126.75,1068.3783655913978,1.0048540429483952,0.04480975245343877,3110.29,3120.46,2990.30223655914,1.0034498921379646
138.66,4542486,145.06,129.5044301075269,1.0051149072381655,-0.056631105512014335,2152.5,114487000,2169.1,1913.1124731182797,1.0095276732960625,0.14740479761357084,1148.69,642070016,1135.88,1074.1380645161291,1.0053910666017118,0.03495438171189713,3140.98,3120.46,3002.1965161290314,1.0039776178556379
144.61,6466659,145.06,130.51926881720428,1.0078363242773607,0.01328816693910051,2161.8,142618000,2169.1,1930.9733333333334,1.0093360220405345,0.12826279767801196,1159.11,782380032,1148.69,1080.3428602150539,1.0057765346037892,0.03674977047391326,3145.91,3140.98,3013.9887741935486,1.0039278768065862
142.86,7192100,145.06,131.37634408602153,1.0065666569893033,0.07861433375255644,2151.0,145878000,2169.1,1947.3855913978496,1.0084994742191413,0.17342911345044354,1163.7,976540032,1159.11,1086.5598494623657,1.0057546446376053,0.030562421483722346,3168.8,3145.91,3026.6889677419354,1.0042137494529273
147.53,10063120,145.06,132.49309677419356,1.00850040923228,0.12638776591137946,2226.8,195328000,2169.1,1967.9270967741938,1.0105482475926093,0.17043236016282948,1190.45,1261619968,1163.7,1094.1977849462364,1.0070294659678893,0.011534104504773213,3221.22,3168.8,3042.106,1.0050936955935603
149.26,3121977,147.53,133.67051612903228,1.0088866468027793,0.1430982179196465,2243.5,62105000,2226.8,1988.6877419354837,1.0105494991127062,0.18843317931897552,1192.49,351809984,1190.45,1101.6307741935482,1.006793094767302,0.006893415026451466,3240.02,3221.22,3057.8861290322575,1.0051872383908573
147.94,3538218,149.26,134.70191397849462,1.007715971175474,0.05131771416451958,2203.7,93204000,2243.5,2005.9133333333334,1.0086617878888744,0.1634632541376837,1180.33,471340000,1192.49,1107.8803440860215,1.0056730168027925,-0.0022478771723084545,3234.85,3240.02,3072.2833333333333,1.004708221200386
148.14,4655064,149.26,135.70421505376345,1.0074408822092078,0.008470512878749226,2244.2,137208000,2243.5,2024.9670967741938,1.009498796944132,0.18676824974118622,1198.13,768230016,1192.49,1114.9991397849462,1.0064255997833391,0.007542961932885284,3265.35,3240.02,3087.870838709677,1.005073589797928
148.4,6912717,149.26,136.6770322580645,1.0071686587179007,-0.007870632493694574,2277.0,165224000,2244.2,2045.2690322580647,1.0100258100569695,0.15761898873191438,1217.69,901840000,1198.13,1123.0662150537635,1.0072350506659342,-0.006368978561376748,3329.62,3265.35,3106.7910967741936,1.0061272828601933
143.45,5190376,149.26,137.2871182795699,1.0044637055065222,-0.06446780309123956,2226.1,140410000,2277.0,2061.4498924731183,1.0079113602953198,0.11083579170279778,1193.25,758192000,1217.69,1129.2714838709678,1.005525292038909,-0.007619010086907796,3295.47,3329.62,3122.692731182796,1.005118346845114
138.8,11341229,149.26,137.57939784946237,1.0021289657293064,-0.1853706594677782,2089.6,192536000,2277.0,2068.027311827957,1.003190676319058,0.06749735626897757,1153.96,1004976000,1217.69,1132.682172043011,1.003020255289146,-0.015151936536782484,3225.52,3329.62,3133.320795698925,1.0034034935330007
145.93,9575220,149.26,138.33109677419353,1.0054637462910956,-0.10996013484222122,2200.0,178792000,2277.0,2081.2782795698927,1.006407540009819,0.0377227376298761,1199.27,1036518976,1217.69,1138.867978494624,1.0054612022721745,0.017095152306545902,3327.71,3329.62,3150.0361505376345,1.0053347090606408
149.57,7636548,149.26,139.30812903225805,1.0070629979870642,-0.04294508722227608,2284.0,174948992,2277.0,2099.5139784946236,1.0087617783281242,0.036164930864243994,1209.53,886390016,1217.69,1145.4367956989247,1.0057678478351666,0.004406141006102926,3380.16,3329.62,3169.4602365591404,1.0061663057480121
148.0,4135462,149.57,140.16217204301074,1.0061306042704437,-0.08317664778669753,2284.2,125142000,2284.0,2117.024301075269,1.0083401790890671,0.049862843538119206,1203.41,684537024,1217.69,1151.291376344086,1.0051112210356303,0.027089238515551006,3337.75,3380.16,3185.2803440860216,1.0049914200987282
127.01,14482009,149.57,139.6556989247312,0.9963865206218114,-0.1470789700579247,1952.0,338935008,2284.2,2112.3451612903227,0.9977897562240691,0.05623259979974149,1075.66,1603106048,1217.69,1148.6059569892473,0.9976674720144554,0.01419108361592114,2954.22,3380.16,3175.6858494623652,0.9969878649326832
127.2,16546383,149.57,139.16176344086023,0.9964631913507719,-0.1864735319246703,2121.6,337055008,2284.2,2118.4892473118275,1.0029086562812262,0.11058047506165924,1129.02,1582723968,1217.69,1149.313870967742,1.0006163244881217,0.049609214316936656,2972.37,3380.16,3167.2146451612903,0.9973324803829355
104.28,21262556,149.57,137.18976344086022,0.9858294408518469,-0.32715348739771033,1982.0,358377984,2284.2,2115.1673118279573,0.9984319318646128,0.14278617073669775,1053.92,1870640000,1217.69,1145.022,0.9962657102849299,0.06920871579148324,2711.02,3380.16,3141.766623655914,0.9919651730758904
78.5,30347328,149.57,133.59679569892472,0.9738102344386332,-0.40926583209257317,1551.2,392920000,2284.2,2083.8264516129034,0.9851827985238819,0.15883568011282256,916.59,1988199040,1217.69,1131.8527956989249,0.9884987325124975,0.08425950845255692,2304.92,3380.16,3090.5006666666673,0.9836824426730999
87.33,23869792,149.57,130.6622795698925,0.9780345320882883,-0.36429723303630956,1789.3,378107008,2284.2,2068.3718279569894,0.9925835360982428,0.1867781594141259,990.69,1692722048,1217.69,1123.6983870967742,0.9927955219679294,0.0780076441375317,2541.47,3380.16,3055.6620000000003,0.9887271771067945
81.83,13778058,149.57,127.4436129032258,0.9753665198765724,-0.4743590349354213,1704.7,259987008,2284.2,2047.5126881720428,0.9899151886024526,0.20803104562413166,1010.87,1319353984,1217.69,1116.9664516129035,0.9940091259708367,0.12383722309520873,2488.65,3380.16,3018.2435268817203,0.9877543808450411
108.06,16168745,149.57,126.01240860215054,0.9887699016963523,-0.2659617570902516,1970.3,214691008,2284.2,2043.9909677419355,0.9982800006806056,0.145645671684567,1106.01,1028777024,1217.69,1116.4647741935485,0.9995508572181102,0.11999078344645053,2789.82,3380.16,3001.3092688172046,0.9943893665591619
115.66,13962305,149.57,125.11670967741937,0.9928919783800094,-0.18631322137316753,2128.3,224418000,2284.2,2050.376774193548,1.003124185259325,0.2764576452225682,1173.93,1168333952,1217.69,1120.2368602150539,1.0033785983299206,0.14031489425380161,2874.56,3380.16,2990.31,0.9963351764739862
107.83,15249561,149.57,123.7343870967742,0.9889517348705131,-0.18907300732666343,2116.2,188902000,2284.2,2055.3524731182797,1.0024267241939906,0.3852332648076302,1168.43,1090572032,1217.69,1123.422430107527,1.0028436574492483,0.17211055944613518,2836.74,3380.16,2977.123440860215,0.9955902367514455
104.86,11577410,149.57,122.18438709677422,0.9874731670284372,-0.20663876407981974,2071.6,223034000,2284.2,2056.6045161290326,1.0006091621885433,0.3557803492158558,1137.89,1176935040,1217.69,1124.3488172043012,1.000824611536985,0.13159809795537258,2830.71,3380.16,2963.816774193548,0.9955303611250926
107.92,10824016,149.57,120.85924731182794,0.9891545899076556,-0.18470711405479645,2116.3,179844000,2284.2,2060.027311827957,1.0016642945554581,0.35340044870273457,1157.47,969673984,1217.69,1126.3353333333332,1.0017668147986063,0.1260528224288373,2929.8,3380.16,2957.1638709677422,0.9977552919992444
98.74,18376656,149.57,118.96875268817206,0.9843578818691612,-0.2609008739792159,2136.4,218736000,2284.2,2063.971182795699,1.0019144750873437,0.3604323536555746,1167.63,1077079040,1217.69,1128.7257634408602,1.0021223076616559,0.14086849720810968,2863.7,3380.16,2946.333483870968,0.9963375762827679
106.69,20739812,149.57,117.64470967741937,0.9888706657770623,-0.2899964243396087,2140.0,162740992,2284.2,2067.5948387096773,1.0017556717575242,0.30314670800538446,1158.51,921249984,1217.69,1130.2998494623657,1.0013945690552035,0.10999240107001085,2955.45,3380.16,2941.685892473118,0.998422584740223
106.9,9028703,149.57,116.37632258064515,0.9892184943950976,-0.3919366995366439,2227.6,163370000,2284.2,2076.33376344086,1.0042266137289433,0.25603915689030277,1198.14,927134016,1217.69,1134.2296344086021,1.0034767632218173,0.09915782879305002,3044.31,3380.16,2942.9155053763443,1.0004179959887534
115.56,10586803,149.57,115.72417204301077,0.9943961922565265,-0.3155455496935097,2260.9,182954000,2284.2,2086.634408602151,1.0049609775377446,0.13122896554512486,1200.89,1037033984,1217.69,1138.1202150537636,1.0034301525256744,0.05893452532271892,3193.93,3380.16,2953.846623655914,1.0037143840044336
100.55,15479784,149.57,114.14939784946235,0.9863920029346753,-0.4424278495773005,2091.0,203210000,2284.2,2085.4791397849463,0.9994463482378887,0.06761571827322832,1134.51,1083065984,1217.69,1137.5116344086023,0.9994652756034805,0.0322519146203889,3041.31,3380.16,2954.71440860215,1.000293781315281
97.53,12293310,149.57,112.46043010752689,0.9852038839121795,-0.48662627721955154,2125.0,205424000,2284.2,2086.559354838709,1.0005179697236743,0.0638458549378984,1169.95,1136642944,1217.69,1139.172817204301,1.0014603655430412,0.03402935912350458,3097.74,3380.16,2959.393053763441,1.001583450890438
92.48,17825334,149.57,110.53526881720433,0.9828814340432287,-0.516415269494271,2070.1,242428000,2284.2,2084.1382795698923,0.9988396806143077,0.08326403905377333,1137.37,1059713024,1217.69,1138.658795698925,0.9995487765353832,0.03214811035405829,3009.05,3380.16,2958.376752688172,0.9996565846250208
97.97,8168261,149.57,109.06361290322579,0.9866860963950587,-0.478311411921456,2160.4,131971000,2284.2,2087.7202150537637,1.001718664984461,0.06907777947292892,1184.43,706768000,1217.69,1141.205247311828,1.0022363605520126,0.026898527554131246,3130.01,3380.16,2965.448043010753,1.002390260238543
96.72,8871014,149.57,107.61161290322579,0.986686668804119,-0.5602646887695025,2099.7,164171008,2284.2,2087.3890322580646,0.9998413662935718,0.03825411904831977,1173.97,762638976,1217.69,1143.0224086021506,1.0015923176787023,0.003700330174169375,3185.04,3380.16,2976.103849462366,1.0035933209070136
106.06,12776953,149.57,106.86141935483869,0.993028693389609,-0.46024980378603875,2204.6,167732000,2284.2,2093.9359139784947,1.003136397489522,0.07625047992190392,1233.67,842268032,1217.69,1148.6690967741936,1.0049401377694323,0.035215949459849405,3224.73,3380.16,2989.2853763440853,1.004429121948853
125.51,16749445,149.57,107.45524731182797,1.0055569911065607,-0.33762395829248504,2200.3,145064992,2284.2,2100.25311827957,1.0030169043182762,0.07756173702500535,1224.52,842203008,1233.67,1153.6325161290324,1.0043210175748416,0.03438749533347896,3215.63,3380.16,3001.8722580645153,1.0042106658066297
126.64,9709511,149.57,108.17305376344086,1.0066800502494762,-0.3782434217276871,2203.5,168512992,2284.2,2106.869677419355,1.003150362726377,0.059475879535911935,1228.58,863617024,1233.67,1158.7889892473117,1.004469770959284,0.02966613200288637,3271.12,3380.16,3018.0915913978497,1.0054030724624479
130.27,8533010,149.57,109.17086021505375,1.0092241682831193,-0.2956708244300851,2263.0,209776000,2284.2,2117.3253763440857,1.004962669991785,0.06454895982816689,1239.1,821912000,1233.67,1164.5204086021506,1.0049460422976246,0.007879244920347528,3351.28,3380.16,3039.4045376344084,1.00706172943767
134.43,5912054,149.57,110.47548387096772,1.0119502919858285,-0.21156686174722972,2296.2,162699008,2284.2,2129.882580645161,1.005930691825343,0.10399584312627785,1243.21,673443968,1239.1,1170.4288817204301,1.0050737394335336,0.007974251439353264,3372.85,3380.16,3061.9243010752693,1.0074092682175135
132.51,6119717,149.57,111.68627956989248,1.0109598587532682,-0.28933883780554637,2254.4,147168992,2296.2,2139.701720430108,1.0046101789244986,0.11711705516554038,1243.13,649537024,1243.21,1176.2773118279572,1.004996826546975,0.01094429134047159,3397.16,3380.16,3085.9194838709677,1.0078366348858696
135.99,8259714,149.57,113.14511827956989,1.0130619330798325,-0.15139521355073182,2241.4,160120992,2296.2,2148.6212903225805,1.0041686043467217,0.14295990649208534,1255.85,771142976,1243.21,1182.8391182795701,1.0055784519395479,0.0007162777238021167,3508.01,3397.16,3116.8475913978496,1.0100223313305912
137.05,8984820,149.57,114.6783870967742,1.0135513475129856,-0.14975324096115017,2215.3,194760992,2296.2,2155.5305376344086,1.0032156654795088,0.10115101006024407,1229.65,952924032,1255.85,1187.4914838709678,1.0039332192514605,-0.004493238293406199,3426.96,3508.01,3141.9391612903223,1.0080503037625974
134.0,6211571,149.57,116.03397849462365,1.0118208097634431,-0.08356486654899531,2130.6,138304000,2296.2,2156.942365591398,1.0006549793344792,0.08427527038949068,1216.07,633918976,1255.85,1191.2023870967741,1.0031249935483406,0.01700118466210887,3340.97,3508.01,3161.2695483870975,1.0061523747292538
132.25,7758302,149.57,117.31015053763443,1.0109982615400015,-0.1269907840285992,2180.8,222964000,2296.2,2161.9227956989253,1.0023090232669067,0.10732578740484999,1226.34,901916032,1255.85,1195.561806451613,1.0036596798344768,0.024530930998440503,3319.47,3508.01,3179.29711827957,1.0057026361139214
120.55,11261402,149.57,117.86535483870968,1.0047327899464005,-0.03365737898065557,2118.4,194843008,2296.2,2163.0997849462365,1.0005444177977367,0.13944001670302453,1201.81,817011968,1255.85,1198.2893333333334,1.0022813767276622,0.0007519990287201406,3298.46,3508.01,3196.0085161290317,1.0052563183709313
127.05,7488622,149.57,118.85380645161291,1.0083862778358905,0.015313049722908034,2195.4,152675008,2296.2,2168.8866666666668,1.0026752726622707,0.08790430315755626,1214.11,733280000,1255.85,1201.53911827957,1.0027120202574085,-0.051155686842284,3348.44,3508.01,3215.2041290322577,1.0060061206991011
133.96,7630616,149.57,120.28838709677419,1.0120701278990616,0.258199346603156,2301.6,129814000,2296.2,2181.366451612903,1.0057540051022658,0.11140716744167811,1263.33,721617984,1255.85,1207.7813978494623,1.0051952362390253,-0.08389475855550788,3477.13,3508.01,3241.893569892472,1.0083010097614697
135.12,6490854,149.57,121.73397849462364,1.0120177137023747,0.6452790339076497,2323.7,131327000,2301.6,2194.5847311827956,1.0060596327408076,0.1662956823485462,1257.6,774230976,1263.33,1213.2036559139783,1.0044894366432293,-0.13942475008650956,3483.81,3508.01,3267.366430107527,1.0078574017517483
136.59,5516795,149.57,123.15264516129032,1.0116538265175432,0.4945253540821546,2355.9,124953000,2323.7,2208.2191397849465,1.0062127510541834,0.1776723736353869,1255.97,759193024,1263.33,1217.7873978494622,1.0037782130915445,-0.09576467134998423,3465.39,3508.01,3289.1156559139777,1.006656500356385
123.94,7823088,149.57,123.64924731182795,1.0040324115644226,0.4939985601587882,2160.1,180184000,2355.9,2208.0027956989247,0.9999020278005367,0.10463690705639905,1184.32,967664000,1263.33,1217.1780645161289,0.9994996389891951,-0.14236445752139537,3269.96,3508.01,3296.2695698924726,1.0021750265806653
138.5,8656601,149.57,124.99464516129031,1.0108807605279588,0.19942114164027558,2440.1,233824000,2355.9,2224.8716129032255,1.007639853190929,0.23735241119743855,1282.04,1057603968,1263.33,1222.5002365591397,1.0043725500797014,-0.09878726405389893,3509.44,3508.01,3317.1935698924735,1.0063477818049582
149.75,11208103,149.57,127.00038709677419,1.0160466229004907,0.24689730333197168,2527.2,216816000,2440.1,2246.3494623655915,1.0096535230787271,0.10445470828629677,1305.4,1303024000,1282.04,1228.9509462365593,1.005276653111803,-0.13520822610247096,3585.15,3509.44,3341.454516129033,1.007313696269267
147.34,8089968,149.75,128.77733333333333,1.013991660003407,0.39136336570526375,2401.1,216911008,2527.2,2258.833978494624,1.0055576909729287,0.02038000868111589,1266.25,1240445056,1305.4,1232.5931182795698,1.0029636431414648,-0.17037531001711215,3557.54,3585.15,3362.4060215053764,1.0062701752411147
153.05,5568509,149.75,130.8376989247312,1.015999442899355,0.5563072384192413,2433.6,110305000,2527.2,2272.802580645161,1.0061839879705752,0.0576137797920373,1272.68,714640000,1305.4,1236.4397634408604,1.003120774490985,-0.16685748879195317,3638.35,3585.15,3387.0209677419343,1.0073206347119072
157.68,5919575,153.05,133.09313978494626,1.0172384632162674,0.5358668393828575,2518.5,172627008,2527.2,2291.4701075268817,1.0082134396716593,0.07377859826774347,1308.88,1225150976,1305.4,1242.3320215053764,1.0047655035358283,-0.1317733110239352,3699.12,3638.35,3413.8196989247317,1.0079121834314075
157.57,6497630,157.68,135.2344731182796,1.0160889835253217,0.6819011704433713,2442.5,150320992,2527.2,2304.369462365591,1.005629292215656,-0.025691600755465727,1298.49,1061934976,1308.88,1247.2283440860213,1.0039412351093646,-0.1672018898637342,3663.46,3699.12,3436.663333333334,1.0066915175443498
164.34,9057772,157.68,137.68606451612902,1.0181284501009236,0.6519898453501112,2437.7,199088992,2527.2,2316.3008602150535,1.0051777278098513,0.029658430279524417,1312.65,1324295936,1308.88,1252.7567956989246,1.0044325897812678,-0.12205814808617865,3709.41,3699.12,3460.7515698924735,1.0070091929941172
164.24,5837990,164.34,140.0072258064516,1.0168583603466324,0.6366564008131135,2447.8,103206000,2527.2,2328.2436559139787,1.005155977750583,0.05381414508973981,1299.88,555259008,1312.65,1257.1298924731184,1.0034907787283276,-0.13147234150732334,3703.06,3709.41,3482.808709677419,1.0063735114582728
164.46,3659735,164.34,142.2192688172043,1.0157994917620228,0.5897279299694903,2496.9,86998000,2527.2,2342.8806451612904,1.0062867085281784,0.11096531213962069,1324.01,491950016,1312.65,1262.8409677419356,1.004542947632549,-0.07347864354594957,3756.07,3709.41,3506.869182795699,1.0069083533216812
172.28,9010718,164.46,144.83066666666664,1.0183617724319678,0.9180068922097915,2642.8,204412992,2527.2,2366.4230107526882,1.010048469878318,0.25356577354500165,1368.54,995977984,1324.01,1271.1601720430108,1.0065876895932118,-0.051293616213429205,3824.68,3756.07,3534.1472043010754,1.0077784542517865
168.77,5301380,172.28,147.06135483870966,1.0154020431127133,0.8834185543435285,2580.3,146174000,2642.8,2384.746451612903,1.007743096131569,0.1771674476181746,1363.26,1006081024,1368.54,1278.6354408602153,1.0058806663248347,-0.05122206509967864,3768.25,3824.68,3556.099913978494,1.0062116002555588
166.97,4365628,172.28,149.02270967741939,1.0133369833350228,0.9674773751746812,2575.8,129159000,2642.8,2401.800430107527,1.00715127534128,0.1493724613320082,1370.9,696924032,1368.54,1286.1878924731184,1.0059066496763316,-0.07131424170213774,3841.47,3824.68,3581.3345376344087,1.0070961514767123
162.48,7930931,172.28,150.5341935483871,1.0101426411735468,0.7785445663750042,2483.9,178710000,2642.8,2411.8378494623657,1.0041791229733394,0.11461579439356462,1340.92,1089232000,1370.9,1291.3039354838709,1.0039776793427244,-0.05453173135215739,3714.24,3841.47,3596.570623655914,1.0042543040482248
176.79,11993019,172.28,152.83017204301075,1.015252205764703,0.9672971645522632,2458.9,170354000,2642.8,2419.5666666666666,1.0032045343371752,0.08410353223661349,1347.65,1092056960,1370.9,1296.5176344086024,1.0040375459111242,-0.0723970103037308,3886.83,3841.47,3621.6851397849455,1.006982906428653
173.51,6782590,176.79,154.74234408602155,1.0125117443594362,0.7257969404563975,2493.4,170835008,2642.8,2428.748817204301,1.0037949566193538,0.03204312298936607,1365.94,835689984,1370.9,1302.5378279569888,1.0046433564716861,-0.11298780354531068,3934.83,3886.83,3648.3872043010747,1.007372828803587
177.37,4457001,176.79,156.7584946236559,1.0130290810155596,0.5370646313327365,2460.7,152396992,2642.8,2435.2002150537637,1.0026562639181802,0.02078313429737655,1332.52,734072000,1370.9,1306.117440860215,1.0027481834511023,-0.12671496091032441,3906.71,3934.83,3671.7479784946236,1.0064030413674319
172.03,9111867,177.37,158.31860215053763,1.0099522997501809,0.5075939450825674,2438.4,193300992,2642.8,2439.6529032258068,1.0018284690287549,0.07350999020228222,1311.27,1092728064,1370.9,1308.0938279569891,1.0015131771730055,-0.09778489993867012,3811.15,3934.83,3687.4573978494623,1.0042784579570407
183.71,8231807,177.37,160.5346451612903,1.013997363421928,0.5395120171526712,2536.6,194135008,2642.8,2449.935913978495,1.0042149482572262,0.10861850856601962,1315.13,1039792000,1370.9,1310.1414193548387,1.0015653245616545,-0.08505067908954866,3841.94,3934.83,3703.9919139784947,1.0044839883814456
189.43,9628829,183.71,163.0047956989247,1.0153870246210879,0.48987506538849446,2621.4,187296000,2642.8,2465.101505376344,1.006190199225751,0.05175939530495399,1332.42,881809024,1370.9,1313.1409892473116,1.0022895008494197,-0.09738403537419171,3943.34,3934.83,3726.013182795699,1.0059452799381388
188.6,9072265,189.43,165.30311827956987,1.0140997236970268,0.5678648998583264,2653.6,194856000,2642.8,2481.6451612903224,1.0067111459215359,0.09847430266166324,1337.41,1078305024,1370.9,1316.2706451612905,1.0023833357877077,-0.07603309706098038,3913.1,3943.34,3744.856623655914,1.0050572662885955
191.07,6985641,189.43,167.64017204301075,1.01413798957796,0.48684973864122894,2711.6,219820992,2653.6,2501.0722580645156,1.0078283136836905,0.10655208647084158,1365.45,823524992,1370.9,1321.0065806451614,1.0035979952157108,-0.045718359706216516,3974.54,3943.34,3766.5543870967736,1.0057940171337394
186.15,5914250,191.07,169.54135483870968,1.0113408544773572,0.3630454747633257,2660.9,150406000,2711.6,2516.217204301075,1.0060553813220412,0.08325314793829075,1357.4,653168000,1370.9,1324.9874623655917,1.003013521490927,-0.06912204843366476,4019.87,3974.54,3790.1733763440857,1.0062707150408408
190.88,6491120,191.07,171.64210752688172,1.0123907980455302,0.35663343894591093,2704.3,149268992,2711.6,2533.203870967742,1.0067508745420035,0.12501603372214776,1375.56,746526976,1370.9,1329.8652258064517,1.0036813657331907,-0.10465677252010797,4128.8,4019.87,3819.5450322580646,1.007749422782952
196.93,6791063,191.07,174.01086021505378,1.0138005336936398,0.45603089665366103,2797.4,166606000,2711.6,2554.963225806451,1.0085896579774278,0.1068951315775788,1415.24,855958976,1375.56,1336.9599999999998,1.005334957299335,-0.10684943523796675,4185.47,4128.8,3850.8785591397855,1.0082034709938206
202.5,8501059,196.93,176.59987096774194,1.0148784435034026,0.6549467953459118,2839.0,159994000,2797.4,2578.0804301075273,1.0090479596996076,0.11407583395806298,1440.34,829728000,1415.24,1345.267892473118,1.0062140172279785,-0.06883396037404999,4180.17,4185.47,3880.007784946237,1.0075643065235893
201.06,8329620,202.5,178.91974193548387,1.0131363117936008,0.582736174992967,2820.3,183367008,2839.0,2598.4415053763437,1.0078977657295072,0.1021743735351488,1412.92,862056000,1440.34,1351.2937849462364,1.0044793252755333,-0.08494235030138797,4181.17,4185.47,3907.305376344086,1.0070354475843475
210.52,6941737,202.5,181.6907741935484,1.0154875712880456,0.6278179265675735,2957.0,219390000,2839.0,2626.2780645161292,1.0107127903715323,0.12861079843200685,1444.6,1011828992,1440.34,1358.936,1.0056554800583706,-0.07378239762711858,4232.6,4185.47,3936.1302150537635,1.0073771655740529
211.5,6968063,210.52,184.3603870967742,1.0146931670860841,0.6704440293714231,2909.6,237368000,2957.0,2649.6470967741934,1.0088981561296975,0.08036238954799924,1436.47,855516992,1444.6,1365.6638709677418,1.004950837248952,-0.05583926917415205,4173.85,4232.6,3959.540064516129,1.0059474275959759
206.38,5994484,211.5,186.5354193548387,1.011797720173601,0.6220236101442176,2935.9,213763008,2957.0,2673.4529032258065,1.0089845196670135,0.04829215038960388,1447.14,769729024,1444.6,1372.6954623655915,1.0051488448565802,-0.04703836557464025,4155.86,4232.6,3980.3053118279568,1.0052443584288786
214.79,7482865,211.5,189.10294623655912,1.0137642861103837,0.8342103185832913,2934.1,206106000,2957.0,2695.8952688172044,1.008394524386167,0.08157409823177919,1437.44,892344000,1447.14,1378.690129032258,1.004367076916198,-0.07195025739105998,4204.11,4232.6,4002.6985806451607,1.0056260178712069
213.77,5121024,214.79,191.40929032258066,1.0121962356056389,0.6628157495062773,2891.4,129570000,2957.0,2713.918279569892,1.0066853527142376,-0.07526420189097083,1420.85,697768000,1447.14,1383.0701290322581,1.0031769285264083,-0.09701641014315121,4229.89,4232.6,4024.7461505376345,1.005508176408557
211.69,5265870,214.79,193.4195698924731,1.0105025182764356,0.5162382019409029,2844.7,169540992,2957.0,2727.957849462366,1.0051731734143075,-0.09577085035741373,1448.24,958392000,1447.14,1388.9187096774192,1.0042286942089143,-0.075309062459463,4247.44,4232.6,4046.376623655914,1.0053743695401485
201.36,7488182,214.79,194.63019354838713,1.0062590546374757,0.4741830434176595,2774.4,208144992,2957.0,2736.7791397849464,1.0032336607856016,-0.052879334598004535,1437.17,929857024,1448.24,1393.7459139784946,1.0034755124741581,-0.03617916476674443,4166.45,4247.44,4061.3576559139788,1.0037023326426122
207.62,7484229,214.79,196.12851612903228,1.007698304940917,0.398400367275098,2869.2,215351008,2957.0,2750.9137634408603,1.005164692850233,-0.049636330934691,1466.12,896588992,1448.24,1400.0732903225805,1.004539834901488,-0.024555592738412457,4280.7,4247.44,4082.4001720430106,1.0051811531787629
214.85,5728672,214.79,197.97593548387098,1.0094194326827175,0.43871563324683194,2893.8,159252000,2957.0,2765.6987096774196,1.0053745582406284,-0.06294113336010243,1495.32,706662016,1466.12,1407.8685376344083,1.0055677423215692,-0.03414555174430056,4352.34,4280.7,4106.683225806452,1.005948229654147
218.79,3826765,214.85,199.95460215053762,1.0099944807020642,0.39102016193731814,2897.7,115850000,2957.0,2779.928172043011,1.0051449792111486,-0.0944722962283766,1501.46,580069696,1495.32,1415.6589677419356,1.0055334925806476,-0.03642622661394679,4369.55,4352.34,4130.67182795699,1.0058413568399414
219.2,5357711,218.79,201.82806451612907,1.0093694385897705,0.3119294203905063,2910.7,149135008,2957.0,2794.0174193548387,1.0050682055218259,-0.0924929978051896,1498.96,694866688,1501.46,1422.8516129032257,1.0050807753316202,-0.02460166297821975,4327.16,4369.55,4150.40711827957,1.0047777434626999
248.46,12042881,219.2,205.47129032258064,1.0180511358278443,0.47592200703528054,2938.2,164330000,2957.0,2808.8636559139786,1.0053135805297049,-0.09145747779553504,1531.58,944710912,1501.46,1431.7481075268818,1.0062525807631504,-0.013145841293975336,4411.8,4369.55,4174.274559139784,1.0057506264277294
248.2,6741179,248.46,208.916623655914,1.0167679549192705,0.34514190092680797,2897.9,161071008,2957.0,2820.0552688172047,1.0039843916523548,-0.11206430594384598,1538.58,868772096,1531.58,1440.597935483871,1.0061811347334524,-0.008114500215930853,4395.26,4411.8,4195.550731182796,1.0050969747537153
250.12,6171802,248.46,212.3057419354839,1.0162223485152229,0.1954978331117565,2866.9,198800992,2957.0,2828.3845161290324,1.002953575911766,-0.23031524343886423,1548.95,956175104,1538.58,1449.6553548387096,1.0062872638726894,-0.02814493502788351,4436.52,4411.8,4218.11423655914,1.0053779603256003
242.98,5881029,250.12,215.06681720430106,1.0130051841445542,0.24759563556142106,2829.3,194892992,2957.0,2833.8060215053765,1.001916820483717,-0.19474627742070583,1557.13,1000698624,1548.95,1458.8525376344087,1.0063443926620217,-0.0434856946588158,4468.0,4436.52,4241.392924731183,1.0055187429421142
249.34,5278988,250.12,218.078623655914,1.0140040499541678,0.2860871564845644,2902.2,166236992,2957.0,2843.395268817204,1.0033838756919338,-0.1538820958396223,1584.73,977025984,1557.13,1469.4134408602151,1.0072391848753484,-0.00026444705200878715,4441.67,4468.0,4261.46806451613,1.0047331478458152
251.85,4758190,250.12,221.07522580645164,1.0137409256363692,0.3571222382939725,2873.3,126488000,2957.0,2850.4180645161287,1.0024698626237238,-0.12137696681907939,1566.06,839281024,1584.73,1478.309978494624,1.0060544822764113,-0.046176445335295524,4509.37,4468.0,4284.620193548388,1.0054328998086455
252.95,4790501,251.85,223.95060215053763,1.0130063254876118,0.23386521230323787,2926.5,156554000,2957.0,2860.0356989247316,1.003374113618044,-0.0982935757133192,1592.61,839248000,1584.73,1488.4352473118277,1.0068492190166465,0.014897059747352337,4535.43,4509.37,4307.743655913979,1.005396852304531
256.7,6440142,252.95,226.90412903225808,1.0131882962285366,0.2610917582149912,2809.8,130203000,2957.0,2861.1187096774192,1.0003786703617352,-0.09765288734664068,1549.18,651900992,1592.61,1495.2317849462365,1.0045662299698181,0.0010432453359059402,4458.58,4535.43,4324.514215053764,1.0038931191081348
258.74,11386185,256.7,229.81036559139784,1.012808213634255,0.20799195548165428,2890.3,233679008,2957.0,2866.714838709677,1.0019559233992388,-0.056483329490876866,1545.73,1104976000,1592.61,1501.4116774193546,1.0041330665488364,0.025293286776390644,4432.99,4535.43,4338.507462365591,1.0032357963498226
256.33,6789368,258.74,232.38612903225808,1.0112082126244903,0.29158617077263327,2833.3,188610000,2957.0,2867.7096774193546,1.0003470309276123,-0.07545589562945665,1539.56,794862976,1592.61,1506.7349892473121,1.0035455377815545,0.005033937550317669,4455.48,4535.43,4352.819892473119,1.0032989294663386
247.79,8884457,258.74,234.22963440860212,1.0079329406794677,0.12953430250410092,2750.3,225547008,2957.0,2862.500430107527,0.9981834816289648,-0.14219481799333655,1485.0,987523968,1592.61,1508.0473548387097,1.0008709996122498,-0.004909555142142086,4357.05,4535.43,4359.396344086021,1.0015108485476907
240.42,6208891,258.74,235.45984946236558,1.0052521751010268,0.06294614543479593,2796.1,189967008,2957.0,2859.786451612903,0.9990518853845126,-0.08468369203422821,1480.1,924926016,1592.61,1508.6782795698925,1.0004183719623647,-0.002778424621505682,4391.36,4535.43,4367.078580645161,1.0017622248478422
246.88,5419414,258.74,236.9971827956989,1.006529067851031,0.1092832549358147,2878.1,192763008,2957.0,2861.9870967741936,1.0007695138075954,-0.11946085405522466,1491.56,763875008,1592.61,1509.7309677419357,1.000697755238011,-0.02740684698743112,4471.37,4535.43,4378.959268817204,1.0027205116538773
253.11,7624569,258.74,238.81111827956988,1.0076538271994342,0.21368116606390286,3018.4,194322000,2957.0,2872.756559139785,1.0037629318377186,-0.07923650612524136,1534.41,738278016,1592.61,1513.216666666667,1.0023088212398163,-0.019763972572825583,4544.9,4535.43,4394.383247311828,1.0035222932089045
250.46,8299114,258.74,240.32066666666663,1.006321097602037,0.24431786601825012,3058.4,212676992,3018.4,2885.4468817204306,1.0044174723194943,-0.04164673753464565,1559.32,893368000,1592.61,1517.9461075268819,1.0031254221318042,0.003101008807849359,4605.38,4544.9,4412.482580645161,1.0041187425662985
248.27,6383606,258.74,241.55062365591397,1.0051179825951189,0.12376516576942231,3054.3,241078000,3058.4,2897.0178494623656,1.0040101128928203,-0.0652467514195838,1548.87,1305160960,1592.61,1521.5671182795697,1.002385467267074,-0.011754722019708286,4697.53,4605.38,4435.267913978494,1.0051638353051586
245.27,4961056,258.74,242.46361290322588,1.003779701470001,0.06323098851044517,3077.2,193368992,3058.4,2909.3135483870965,1.0042442606720607,-0.06366971775371377,1558.37,897025024,1592.61,1525.428322580645,1.0025376496736083,-0.017700131906094763,4682.85,4697.53,4455.883075268817,1.004648008122655
239.06,5228687,258.74,242.87199999999999,1.0016843232346666,0.15144156500096329,2959.2,215203008,3077.2,2913.394623655914,1.0014027622670922,-0.09748315170009758,1547.73,910998016,1592.61,1528.2952688172045,1.0018794368729889,-0.04930938330962986,4697.96,4697.53,4476.403440860216,1.0046052298152282
231.0,4668314,258.74,242.68176344086024,0.9992167209100277,0.03690280602903684,2927.6,172662000,3077.2,2915.178494623656,1.0006122998076736,-0.07915652887684765,1534.35,772281984,1592.61,1530.0680430107527,1.0011599683841985,-0.012941218267697785,4594.62,4697.96,4489.143182795699,1.0028459771563922
230.03,9885529,258.74,242.36455913978492,0.9986929207346368,0.03684745157739333,2903.2,275963008,3077.2,2915.1574193548386,0.9999927705048399,-0.14603695660978266,1517.43,1426366976,1592.61,1530.488064516129,1.0002745116514882,-0.021840483957026535,4538.43,4697.96,4497.368623655913,1.0018322963927142
243.55,6199598,258.74,242.8776559139785,1.0021170453964667,0.28750277681979963,3103.3,245216000,3077.2,2928.1617204301074,1.0044609258453516,-0.10375694555650572,1565.37,1024244992,1592.61,1533.8443655913977,1.0021929612867186,-0.03920464852886729,4712.02,4697.96,4516.135720430108,1.0041729060578848
253.79,10615018,258.74,243.98247311827953,1.0045488630897046,0.24344693015119534,3171.2,311092000,3103.3,2945.1301075268816,1.0057948941065598,-0.09829330188319285,1603.75,1519144960,1592.61,1539.3995913978492,1.0036217662828586,-0.003616909254002154,4620.64,4712.02,4527.849978494624,1.002593867587177
252.05,5429146,258.74,244.8730752688172,1.0036502710180575,0.22567903544038137,3218.4,175234000,3171.2,2964.637634408602,1.0066236553800678,-0.06319080260926557,1625.57,894587008,1603.75,1546.02576344086,1.0043043872949153,0.0067927901126501045,4725.78,4712.02,4545.347935483872,1.0038645178334873
256.92,3718311,258.74,245.99774193548387,1.0045928555658152,0.129463626812085,3259.7,145500000,3218.4,2986.1982795698927,1.0072726072525864,-0.0400318500255914,1643.92,643782976,1625.57,1553.4312258064517,1.004789999326473,0.030211768935487937,4766.18,4725.78,4564.33047311828,1.0041762562302916
252.21,8687493,258.74,246.7257419354839,1.0029593767579825,0.031954572208025445,3037.8,261660992,3259.7,2992.650752688172,1.0021607651315132,-0.02058593608577408,1567.5,1083789952,1643.92,1555.4266451612903,1.0012845237830228,-0.01879033859762047,4677.02,4766.18,4576.407440860215,1.002645945076296
257.0,6260670,258.74,247.67563440860212,1.0038499933799636,0.047900514384578985,3099.6,275929984,3259.7,3002.6750537634407,1.0033496394680417,0.021350415821414614,1563.07,1043144000,1643.92,1556.8797849462362,1.0009342387115885,-0.03153947616122377,4662.85,4766.18,4586.646387096775,1.0022373327482037
237.93,6419271,258.74,247.27554838709676,0.9983846371385676,-0.04458685020268005,3000.8,229202000,3259.7,3005.625806451613,1.000982707963845,-0.005079178643643267,1509.42,858723968,1643.92,1554.60088172043,0.9985362368707967,0.0021480273563772023,4397.93,4766.18,4578.7261935483875,0.9982732059810261
236.61,11189632,258.74,246.72511827956987,0.9977740212846875,-0.10417686111315705,3037.6,315204992,3259.7,3010.6677419354837,1.0016774993989765,0.0010008972273125583,1520.3,1277963008,1643.92,1552.9307956989248,0.9989257139622506,-0.0015628794649242828,4431.85,4766.18,4572.742279569893,0.9986931050852252
239.08,8229360,258.74,246.28724731182794,0.9982252679792182,-0.04394796060915018,3107.9,271313984,3259.7,3019.935913978494,1.0030784439989555,0.05310455389816804,1540.71,1097234944,1643.92,1552.52376344086,0.9997378941423583,-0.0038366928025828084,4500.54,4766.18,4571.018989247312,0.9996231385419903
237.57,6448839,258.74,245.70832258064522,0.9976493921731573,-0.04811104940230626,3096.2,272328000,3259.7,3027.9972043010757,1.00266935807653,0.07888713238997191,1518.33,1089154944,1643.92,1550.5884516129029,0.9987534414135679,-0.008218594073772012,4418.64,4766.18,4563.730129032258,0.9984054189597114
244.1,7068917,258.74,245.51118279569891,0.9991976674502688,-0.15710201483248543,3049.9,205020000,3259.7,3032.6724731182794,1.0015440135844784,0.0718614564219845,1484.43,1004057024,1643.92,1546.4243870967741,0.9973145262936808,-0.016521182988303296,4348.87,4766.18,4551.743247311828,0.9973734464173997
253.29,4881827,258.74,245.9163225806452,1.0016501887218856,-0.09274262800886657,3119.8,210526000,3259.7,3041.6172043010756,1.0029494550638365,0.08705400349138837,1524.66,897788992,1643.92,1544.9572043010755,0.9990512418143812,-0.006626513688770763,4384.62,4766.18,4542.198150537634,0.9979029799671081
265.41,7524250,258.74,247.09245161290326,1.0047826391510566,0.07037017398670686,3220.9,370987008,3259.7,3056.607311827957,1.004928334671991,0.1238891960098154,1542.57,1171026944,1643.92,1544.6754408602153,0.9998176237891406,0.02014559435990726,4328.87,4766.18,4529.079161290323,0.997111753205712
267.0,6879359,265.41,248.33827956989245,1.005041950690347,0.10767158259930254,3125.5,285944000,3259.7,3064.681290322581,1.0026414837337398,0.12314405431878594,1499.91,1038068992,1643.92,1541.6551397849462,0.9980447018219004,0.022270365068195352,4204.31,4766.18,4508.155548387097,0.9953801618037373
260.68,10559879,267.0,249.12470967741933,1.0031667695728945,0.08376113590284873,3263.0,352328000,3259.7,3080.989247311828,1.0053212570718995,0.12183378305275339,1593.48,1215836032,1643.92,1544.7946666666667,1.0020364650956624,0.0006989348413701801,4463.09,4766.18,4504.4944946236565,0.9991879042938635
260.08,7647102,267.0,249.8480430107527,1.002903498951469,0.03332578993163604,3281.5,232938000,3263.0,3097.7148387096777,1.0054286432230957,0.13256786044019364,1589.78,882424000,1643.92,1547.6766666666667,1.001865620112619,0.00767961574556475,4543.04,4766.18,4505.945440860215,1.0003221107803084
250.75,6755593,267.0,249.95174193548385,1.0004150479766885,0.015152001362996326,3272.6,286644992,3281.5,3112.9883870967737,1.0049305856679365,0.10453040168403271,1609.25,917030976,1643.92,1551.7637849462362,1.0026408088766836,0.008148586195176444,4545.86,4766.18,4507.505913978494,1.0003463142505298
258.69,7989085,267.0,250.57243010752688,1.0024832320320585,0.017721702875248102,3423.7,254560992,3281.5,3137.266021505376,1.0077988194588943,0.15575454799218713,1664.58,977635968,1643.92,1559.3847956989246,1.0049111925581846,0.06782970736449734,4488.28,4766.18,4505.329118279569,0.99951707313524
260.94,4718534,267.0,251.334,1.003039320375934,0.02775837143535531,3376.4,168230000,3423.7,3157.171827956989,1.0063449533176856,0.12267260985949635,1615.79,188436992,1664.58,1563.6098924731182,1.0027094638769387,0.054438350422507,4392.59,4766.18,4496.914903225807,0.9981323861514084
210.64,8862030,267.0,248.84567741935481,0.9900995385397711,-0.17815603479060715,3245.1,233270000,3423.7,3167.561290322581,1.003290749737975,0.07067343614333543,1557.49,876480000,1664.58,1563.9230322580647,1.0002002672063242,0.0528763102223182,4271.78,4766.18,4480.793376344086,0.9964149806637086
214.55,17583212,267.0,246.70787096774194,0.991409107548972,-0.14252299929451395,3146.9,404473984,3423.7,3170.7296774193546,1.0010002607073314,0.10722604578748296,1518.45,1095500032,1664.58,1561.6789032258064,0.9985650642736439,0.0741932388921751,4131.93,4766.18,4456.044322580645,0.9944766357908621
227.35,9883445,267.0,245.4673548387097,0.9949717205042297,-0.0627953452998754,3163.2,385540000,3423.7,3174.0967741935488,1.0010619312009388,0.12576713058192168,1511.65,1065182016,1664.58,1558.924129032258,0.9982360175399321,0.08234961122078155,4123.34,4766.18,4431.225204301075,0.9944302353201917
214.92,10565183,267.0,243.45301075268816,0.9917938412325944,-0.14216842209825387,3077.7,416339008,3423.7,3171.1582795698923,0.999074226517746,0.13555605438714657,1497.4,1088742016,1664.58,1555.1821505376342,0.9975996404026752,0.10399207405021016,4023.89,4766.18,4400.566344086023,0.9930811775972718
204.78,9360827,267.0,240.85320430107524,0.9893211160397029,-0.26359013096074124,3071.7,317940000,3423.7,3167.4034408602156,0.9988159409343056,0.1288888111298251,1510.91,913745024,1664.58,1552.2992258064517,0.9981462462579153,0.12628074179184667,3901.36,4766.18,4362.964645161291,0.9914552591678875
215.55,7489332,267.0,239.05217204301073,0.992522282345004,-0.1463380797514391,3198.0,261692000,3423.7,3171.682365591398,1.0013509250750894,0.10798791982427525,1559.34,867961984,1664.58,1552.5913548387095,1.0001881911859527,0.0971036199144033,4158.24,4766.18,4343.319806451613,0.9954973646803522
207.59,8552943,267.0,236.81266666666667,0.9906317296462752,-0.09669099661778591,3060.6,260776992,3423.7,3166.7965591397847,0.9984595536726445,0.09268206427611636,1510.43,833420032,1664.58,1549.7279569892473,0.9981557298766747,0.10056482080896534,4108.54,4766.18,4321.430107526882,0.9949601457179793
196.72,7091488,267.0,233.95935483870966,0.9879511857700869,-0.15267763199067952,3014.9,241958000,3423.7,3158.9488172043007,0.9975218673543034,0.12599859387829426,1459.09,750729984,1664.58,1543.6349677419353,0.9960683491448723,0.10328259569250353,3900.86,4766.18,4287.408344086021,0.9921271980352978
173.1,17357050,267.0,229.6865806451613,0.9817371090098365,-0.36115989812558214,2836.1,356572992,3423.7,3139.6995698924734,0.9939064390005334,0.1503137343980966,1393.22,1165408000,1664.58,1533.5058064516131,0.993438111015884,0.11794955828962106,3674.84,4766.18,4240.486344086022,0.9890558593363931
182.33,10395507,267.0,226.15113978494622,0.9846075428077493,-0.24547770856594386,3064.6,379691008,3423.7,3135.4569892473114,0.9986487303798601,0.16876276195921036,1506.72,843795968,1664.58,1531.031505376344,0.9983865068753836,0.13061837633622453,3911.74,4766.18,4211.0484731182805,0.993057902188791
