70.6,77885,97.7,77.42516129032258,0.993835918953238,-0.1705116722312937,578.97,14497623,595.76,566.101182795699,1.0014966310583018,-0.09190602973650641,159.15,502683584,167.39,154.79225806451612,1.002436372843314,-0.07539580643574362,1962.87,1949.44,1876.2554623655915,1.0039344698201202
72.2,140224,97.7,77.06946236559139,0.9954059001130471,-0.1363455406113776,581.33,14900109,595.76,567.0429247311829,1.001663557618504,-0.1081816775985629,158.81,502683584,167.39,155.14240860215054,1.0022620675091416,-0.068230484166099,1960.96,1962.87,1883.1453548387096,1.003672150520714
72.2,77839,97.7,76.72967741935483,0.9955911857199063,-0.13487776600385315,589.93,10487822,595.76,568.4875268817204,1.0025476063407763,-0.07724639157409241,160.4,502683584,167.39,155.58920430107526,1.002879906938086,-0.06239574498609324,1985.44,1962.87,1891.2809462365587,1.0043202142505594
68.0,120961,97.7,76.13182795698926,0.9922083673166237,-0.13097472498110774,576.81,15604512,595.76,569.0159569892472,1.0009295368544413,-0.1291178302258993,161.35,502683584,167.39,156.0848172043011,1.0031853939060373,-0.03868476794458364,1967.57,1985.44,1897.8757849462365,1.0034869693594708
68.2,59361,97.7,75.56150537634409,0.9925087496786841,-0.14853382509726465,575.88,14397958,595.76,569.4366021505376,1.0007392502022545,-0.14997669161836202,162.89,502683584,167.39,156.65720430107524,1.0036671542243916,-0.016998145747760818,1978.22,1985.44,1904.7442795698926,1.0036190432894168
65.3,49715,97.7,74.82688172043011,0.9902778054479581,-0.17987045028106208,585.7,18545848,595.76,570.4736774193549,1.0018212304318,-0.14285740871608743,162.71,502683584,167.39,157.1947741935484,1.0034315044422726,-0.028471590953162096,1978.34,1985.44,1911.2766451612902,1.0034295236696407
67.8,67307,97.7,74.28172043010753,0.9927143657762002,-0.11185644659688221,564.2,19010154,595.76,570.1077634408601,0.9993585786812285,-0.16438765673392508,160.8,502683584,167.39,157.59376344086022,1.0025381839145655,-0.003991675331210587,1925.15,1985.44,1914.0829032258064,1.0014682636716252
69.3,76710,97.7,73.85634408602151,0.9942734721056137,-0.0847758716448136,567.91,15385359,595.76,570.0116129032259,0.999831346731618,-0.12902078875102063,157.42,502683584,167.39,157.75909677419355,1.0010491108894382,-0.00021793858189589344,1931.59,1985.44,1917.1029677419356,1.0015778128058297
69.3,52373,97.7,73.44623655913979,0.9944472268163712,-0.04248647869750333,574.76,9712395,595.76,570.367440860215,1.0006242468555626,-0.1349753663324882,158.31,502683584,167.39,157.96627956989246,1.0013132858892788,-0.015844381741565883,1955.06,1985.44,1921.4453548387096,1.0022650776561515
68.8,42726,97.7,73.01032258064517,0.9940648561598712,-0.08015168453124666,577.5,10851448,595.76,570.8988172043013,1.000931638635061,-0.1293187011131447,157.72,502683584,167.39,158.11997849462367,1.000972985659659,-0.052134559880272935,1988.4,1985.44,1927.6884731182795,1.0032491781584358
70.1,63685,97.7,72.66516129032259,0.9952724316490819,-0.015465015434173335,575.3,10114076,595.76,571.245440860215,1.000607154272295,-0.10963725246485234,160.57,502683584,167.39,158.43879569892474,1.002016299314839,-0.04656399390550181,2003.37,1988.4,1934.4713548387099,1.0035186607250175
69.6,49543,97.7,72.28430107526881,0.9947586958001496,-0.10910097264223573,575.2,11201118,595.76,571.539376344086,1.0005145519996246,-0.1375788261405786,161.18,502683584,167.39,158.7721935483871,1.0021042690206754,-0.008715906053667455,2007.71,2003.37,1941.059440860215,1.0034056260409472
66.2,72987,97.7,71.7,0.9919166255109753,-0.1262944188529307,566.51,14544194,595.76,571.2567956989246,0.9995055797433084,-0.09356974721680933,156.92,502683584,167.39,158.79681720430108,1.000155087961964,-0.019631613197311548,1985.54,2007.71,1945.7641075268818,1.002423762285498
65.5,125029,97.7,71.09569892473118,0.9915718120604069,-0.15307621106110125,563.61,17970704,595.76,570.8169462365591,0.9992300319826789,-0.09774382445252827,162.26,502683584,167.39,159.1467741935484,1.0022038035485124,0.00010565061660061659,2010.4,2007.71,1951.7567096774196,1.0030798194536308
64.8,81609,97.7,70.47763440860214,0.9913065835841437,-0.12087155573982722,555.18,17465272,595.76,569.8696774193548,0.9983405033374539,-0.11864006558699502,160.7,502683584,167.39,159.36582795698925,1.001376426035343,0.02312781572462419,1982.85,2010.4,1955.5973763440861,1.001967799904375
62.7,112944,97.7,69.75655913978494,0.9897687362115947,-0.15243873181553713,543.73,17802144,595.76,568.2709677419355,0.9971946047653226,-0.14251115944333081,160.96,502683584,167.39,159.57326881720428,1.0013016646220483,0.03905885467342918,1967.9,2010.4,1958.2081505376343,1.0013350264349552
57.9,91023,97.7,68.76752688172043,0.9858216593498743,-0.2155526439443387,520.03,17608874,595.76,565.2502580645162,0.9946843850048819,-0.1588606545464576,156.78,502683584,167.39,159.48335483870963,0.9994365348334272,0.03684221289431466,1906.13,2010.4,1956.6405161290324,0.9991994546605418
59.3,111722,97.7,67.92172043010751,0.9877004962957633,-0.21732536829456583,531.65,21852292,595.76,563.0799569892473,0.9961604598241136,-0.15765854471003082,155.09,502683584,167.39,159.26172043010752,0.9986102975522038,0.013258245420890491,1886.76,2010.4,1953.6834193548389,0.9984886867312531
59.5,75214,97.7,67.13913978494624,0.9884781975455619,-0.26522349979206705,550.03,15798416,595.76,562.1757634408601,0.9983942004378529,-0.1504348262080828,156.11,502683584,167.39,159.0980430107527,0.9989722739468543,-0.04440407872698304,1964.58,2010.4,1955.7034408602153,1.0010339553918328
65.1,127679,97.7,66.77182795698926,0.9945290954109105,-0.22309130509696795,563.07,15734062,595.76,562.1512903225807,0.9999564671409354,-0.13368489290011087,160.83,502683584,167.39,159.23451612903224,1.0008577925642388,-0.052897718067783206,2018.05,2010.4,1960.94311827957,1.0026791778906161
67.5,97721,97.7,66.60064516129033,0.9974363020912174,-0.23443112367027252,568.07,13611620,595.76,562.4550752688172,1.0005403971341276,-0.08575447019252813,161.07,502683584,167.39,159.37668817204303,1.0008928468931673,-0.07270499212349257,2031.92,2018.05,1966.7486881720429,1.0029606008651422
65.5,79647,97.7,66.33182795698924,0.9959637447407592,-0.2315201950952005,567.34,8608947,595.76,562.6463225806451,1.000340022377319,-0.10558978033235888,164.71,502683584,167.39,159.7383440860215,1.0022691895416227,-0.0439814010031121,2039.82,2031.92,1972.598924731183,1.00297457249842
61.5,73741,97.7,65.84516129032258,0.9926631500795934,-0.2797591229717631,573.18,11804405,595.76,563.2029462365591,1.0009892958215048,-0.09255754263100369,161.76,502683584,167.39,159.8928602150538,1.0009673076925667,-0.03803814903091718,2063.5,2039.82,1979.600623655914,1.003549479236224
61.2,67989,97.7,65.38150537634408,0.9929583904892546,-0.29110680369977116,582.91,7781253,595.76,564.3431612903225,1.00202451897914,-0.07211215264416038,162.61,502683584,167.39,160.07965591397848,1.0011682554097379,-0.053443254333548795,2067.56,2063.5,1986.4339354838712,1.0034518638488492
68.7,130212,97.7,65.44279569892473,1.0009374259926849,-0.20802071250207776,595.23,11292682,595.76,566.2148387096775,1.0033165590508362,-0.02823394583478467,156.32,502683584,167.39,159.845376344086,0.9985364813001698,-0.1257329200461289,2075.37,2067.56,1993.3702150537636,1.0034918249461957
68.3,115018,97.7,65.50129032258064,1.0008938283126692,-0.16689686816498317,580.14,22242022,595.76,567.0255913978494,1.0014318817394818,-0.03587732099664054,147.3,502683584,167.39,159.0363440860215,0.9949386571162186,-0.15426506477534951,2002.33,2075.37,1995.170817204301,1.000903295402399
74.0,174352,97.7,65.94494623655915,1.0067732393025173,-0.12115793671895791,590.19,16949796,595.76,568.4131397849462,1.0024470648382486,-0.07518196944009659,152.85,502683584,167.39,158.61593548387097,0.9973565249844832,-0.13138487494705464,2070.65,2075.37,2001.1114838709677,1.002977522834356
74.8,41097,97.7,66.4531182795699,1.0077060043568438,0.0007980668616052178,602.13,5476246,595.76,570.5150107526882,1.003697787437738,-0.07127251411832702,155.71,502683584,167.39,158.39440860215055,0.9986033756252508,-0.11445519091532663,2088.77,2075.37,2007.8553333333332,1.0033700518520439
77.4,60388,97.7,67.12107526881721,1.0100515522302083,0.07842951288399203,589.23,6075513,602.13,571.7215053763441,1.0021147465025753,-0.0829133623678413,153.35,502683584,167.39,158.03047311827956,0.9977023463954141,-0.08761057149591711,2058.2,2088.77,2012.2716559139783,1.0021995222999027
74.5,124194,97.7,67.58602150537635,1.0069269783700134,0.08461602409394042,576.61,10529814,602.13,572.0801505376346,1.0006273074528733,-0.15851088669848035,151.59,502683584,167.39,157.56382795698923,0.9970471191278338,-0.09698937147457709,2044.81,2088.77,2015.5902150537634,1.001649160604152
74.8,87276,97.7,68.05526881720431,1.0069429639646805,0.07760846763087781,568.48,9614373,602.13,571.8910537634409,0.9996694575506317,-0.20271106269226735,154.48,502683584,167.39,157.29752688172042,0.9983098844530389,-0.05815324169934932,2019.42,2088.77,2017.0370537634408,1.0007178238408143
76.5,56909,97.7,68.62516129032258,1.008373965499262,0.051919128230788925,585.77,6979899,602.13,572.8399999999999,1.001659312958848,-0.18601705928573753,152.74,502683584,167.39,156.92901075268816,0.9976572032864232,-0.08455622288087339,2051.82,2088.77,2020.452602150538,1.0016933493515772
72.7,57203,97.7,68.94064516129033,1.0045972040726152,0.04089533980579785,569.89,9746846,602.13,572.7548817204301,0.9998514100279838,-0.20747506150230732,149.13,502683584,167.39,156.3406451612903,0.9962507531999606,-0.0750718623097345,1994.99,2088.77,2020.0063010752688,0.9997791083667124
81.0,103945,97.7,69.7905376344086,1.0123278868529573,0.1846058494131515,580.6,9388363,602.13,573.4038279569893,1.0011330261116411,-0.14128748179961081,159.49,502683584,167.39,156.44490322580643,1.0006668647453039,-0.05620213005826247,2055.47,2088.77,2023.4413978494624,1.0017005376529593
80.3,110439,97.7,70.56731182795698,1.0111300789459088,0.12145283403576435,608.11,9220393,602.13,575.8194623655914,1.0042127978412856,-0.07627108011977679,159.6,502683584,167.39,156.56025806451615,1.000737351210114,-0.0802365021956315,2096.99,2088.77,2029.3661720430105,1.002928068092234
80.4,50337,97.7,71.32451612903228,1.0107302415447164,0.1889150062189171,610.49,6774211,608.11,578.3193333333334,1.0043414145077207,-0.09049342389500525,157.44,502683584,167.39,156.54333333333332,0.9998918963765642,-0.09909129963920682,2110.3,2096.99,2035.8942365591397,1.0032167997111912
77.5,46245,97.7,71.8621505376344,1.0075378626842628,0.05267436911741785,615.2,8728323,610.49,581.0697634408604,1.0047559020579062,-0.0418272429657629,158.95,502683584,167.39,156.6351612903226,1.0005865976853434,-0.10466654694995026,2104.5,2110.3,2041.764322580645,1.002883296153648
75.5,57464,97.7,72.24989247311828,1.0053956350120752,0.0356723545433022,598.46,9110480,615.2,582.6305161290322,1.0026859988014687,-0.03451719435833489,154.5,502683584,167.39,156.44387096774193,0.9987787523503352,-0.09085740989975144,2071.26,2110.3,2045.1041935483872,1.0016357769262618
76.3,55991,97.7,72.67591397849462,1.0058965001994273,0.07498184573833533,589.72,8635789,615.2,583.5616989247312,1.0015982389695028,-0.06279151317475229,153.61,502683584,167.39,156.20144086021506,0.9984503700526762,-0.07998883222605979,2053.4,2110.3,2046.9914408602153,1.0009228123035403
78.6,67022,97.7,73.23526881720431,1.0076965642134919,0.09729900332225916,603.57,9323231,615.2,585.3542580645161,1.003071755982423,-0.08822853880347448,156.02,502683584,167.39,156.12460215053764,0.9995080793797146,-0.07097775007802021,2108.1,2110.3,2052.19623655914,1.0025426563077064
77.6,68812,97.7,73.70903225806452,1.0064690612666791,0.071825752141226,595.53,7706274,615.2,586.5720430107529,1.0020804238278942,-0.06182988527062894,153.04,502683584,167.39,155.85916129032256,0.9982998140167612,-0.07567194659075827,2061.02,2110.3,2054.106193548387,1.0009306892563303
77.5,48445,97.7,74.16021505376342,1.0061211330806685,0.05077973878151343,611.28,7799219,615.2,588.7624516129032,1.003734253325316,-0.03198182586012677,155.55,502683584,167.39,155.7718494623656,0.9994398030424767,-0.06444112623834863,2066.96,2110.3,2056.275397849463,1.0010560331826508
74.8,92929,97.7,74.42021505376343,1.0035059229508911,0.05010494904375795,611.72,6930956,615.2,590.9036559139784,1.0036367881396129,-0.048329288220221756,154.57,502683584,167.39,155.63341935483874,0.9991113278297418,-0.07366007123678553,2102.06,2110.3,2060.581698924731,1.0020942238961628
74.8,82494,97.7,74.66172043010752,1.0032451582700967,0.09202110549347164,591.77,9890291,615.2,591.6605376344087,1.0012808885388593,-0.07566689904730084,153.02,502683584,167.39,155.40004301075274,0.9985004740944879,-0.09215256679073791,2081.18,2110.3,2063.2903225806454,1.001314494667854
77.2,77491,97.7,75.03806451612903,1.005040656495102,0.098433207514947,606.77,12759443,615.2,593.3246021505377,1.0028125325423634,-0.0494446126271344,158.27,502683584,167.39,155.52524731182797,1.000805690260115,-0.08312447093189379,2117.69,2110.3,2068.2022150537637,1.0023806114046883
64.2,87115,97.7,74.54903225806453,0.9934828775073299,-0.06842018145616002,593.94,11941574,615.2,594.0499784946236,1.0012225623907332,-0.01261820562883198,159.64,502683584,167.39,155.74406451612901,1.001406956157172,-0.07954080234281091,2108.29,2117.69,2072.217677419355,1.0019415230949682
63.4,114483,97.7,74.00516129032256,0.9927045200820412,-0.052730882372038046,596.85,15134349,615.2,594.8551182795699,1.0013553401466095,0.05059317278474729,157.33,502683584,167.39,155.816688172043,1.0004663012753623,-0.10664703055407787,2116.1,2117.69,2076.4350967741934,1.0020352202381029
64.0,64246,97.7,73.48817204301075,0.9930141460636285,-0.05284017477803449,601.88,9047750,615.2,595.8195698924732,1.001621321870261,0.04445225354915361,157.69,502683584,167.39,155.91135483870968,1.0006075515259454,-0.10830179179333355,2122.73,2117.69,2080.6287096774195,1.0020196214703465
61.9,92303,97.7,72.82559139784946,0.990983846423973,-0.04778633159352497,598.5,7562989,615.2,596.4149247311826,1.0009992200135636,0.0465755919281341,157.83,502683584,167.39,156.0094623655914,1.000629251968102,-0.0711778135785075,2126.06,2122.73,2084.5296989247313,1.0018749088817085
62.6,372858,97.7,72.20301075268817,0.9914510732668121,-0.07456137227946935,583.43,7055689,615.2,595.9337849462366,0.9991932801058544,0.027826960651401,157.11,502683584,167.39,156.05741935483874,1.0003073979521508,-0.06740047216382872,2107.39,2126.06,2086.8789032258064,1.0011269708952992
61.2,87138,97.7,71.49548387096775,0.9902008673274877,-0.11273235106002177,579.09,6919812,615.2,595.1288602150538,0.9986493050880553,0.03675247740055365,153.4,502683584,167.39,155.87402150537633,0.9988248053170391,-0.07759562149990884,2092.83,2126.06,2088.0966236559143,1.0005835127415519
62.9,69655,97.7,70.91118279569892,0.9918274407888007,-0.0546768541125493,575.84,7099790,615.2,594.090559139785,0.9982553340214527,0.027855837051592447,153.66,502683584,167.39,155.72389247311833,0.9990368566178757,-0.09370270201271402,2094.11,2126.06,2089.265935483871,1.0005599893293777
64.9,92988,97.7,70.46150537634408,0.9936585824460099,0.045095781429917325,579.02,11716376,615.2,593.2391397849461,0.998566852575352,0.025410299004629877,154.65,502683584,167.39,155.66139784946236,0.9995986831393471,-0.0664836885128618,2109.99,2126.06,2091.3430107526883,1.0009941650957594
63.2,79363,97.7,69.89483870967742,0.9919577837055847,0.04542613165879594,575.48,11606033,615.2,592.1467741935483,0.9981586420751101,0.042630985564830914,156.44,502683584,167.39,155.72967741935486,1.00043864163393,-0.05435419420779797,2101.49,2126.06,2092.7717204301075,1.0006831541598262
59.2,69670,97.7,69.0658064516129,0.9881388629923294,-0.08102720852025413,561.15,8981902,615.2,590.145870967742,0.9966209336721773,-0.011237955850193049,154.75,502683584,167.39,155.70219354838707,0.9998235155211054,-0.010722897438584011,2076.78,2126.06,2092.5332688172043,0.9998860594251273
54.5,196170,97.7,67.95397849462366,0.9839019043704618,-0.19329327333065094,575.06,11579521,615.2,589.1156774193549,0.9982543408349233,0.020954456941580824,152.36,502683584,167.39,155.52389247311828,0.9988548582957929,-0.0027501131582248206,2076.62,2126.06,2092.2814623655913,0.9998796643019419
53.4,109516,97.7,66.80086021505376,0.9830308937737747,-0.26565366260888024,582.68,8401026,615.2,588.5880215053763,0.9991043254589829,0.025146046942366218,154.42,502683584,167.39,155.4676129032258,0.9996381291067403,-0.016768310400114173,2126.64,2126.06,2095.0969892473117,1.0013456731000892
50.3,154863,97.7,65.49204301075268,0.980407180385289,-0.288661459483717,578.72,9860488,615.2,587.8210322580644,0.9986968996661701,0.007357460730629151,149.72,502683584,167.39,155.10473118279572,0.9976658693495476,-0.03410274273770564,2079.65,2126.64,2094.7604946236556,0.9998393894767722
46.9,124399,97.7,64.01655913978495,0.9774707918223671,-0.4151012614413214,601.63,10162606,615.2,588.5824516129032,1.001295325129681,0.05721049441680914,151.71,502683584,167.39,154.8831182795699,0.9985712047496177,-0.03286920550043948,2103.84,2126.64,2096.0042580645163,1.000593749712224
46.7,99733,97.7,62.593763440860215,0.9777745677361704,-0.39649769673219626,590.07,10799573,615.2,588.5713978494623,0.9999812196856861,0.08599234765753871,149.8,502683584,167.39,154.54180645161287,0.9977963264702551,-0.02782921517598347,2077.57,2126.64,2095.4550322580644,0.9997379653193267
49.1,134916,97.7,61.38559139784947,0.9806982041565171,-0.40951308753166327,605.96,8425806,615.2,589.5565591397849,1.0016738178136453,0.13046401156183063,151.29,502683584,167.39,154.30047311827957,0.9984383945103628,-0.05636314690927979,2091.54,2126.64,2095.7366451612907,1.0001343922436372
44.4,85938,97.7,59.92946236559139,0.9762789768885555,-0.3912178607209482,569.14,8979233,615.2,588.085634408602,0.9975050320306349,0.06949452865425887,147.31,502683584,167.39,153.80922580645162,0.9968162941959914,0.0038924221872714826,1970.89,2126.64,2088.0792903225806,0.9963462227678322
40.4,125399,97.7,58.28430107526882,0.9725483722799565,-0.4285692769735746,560.93,15882306,615.2,586.1207956989248,0.9966589241520019,0.09173314603841898,146.96,502683584,167.39,153.30707526881721,0.9967352378571471,-0.011483378281289536,1988.87,2126.64,2081.755978494624,0.9969717089493378
38.3,154431,97.7,56.57311827956989,0.970640759790718,-0.476884916837839,551.41,11401631,615.2,583.5610322580646,0.995632703259048,0.08912669377082305,143.57,502683584,167.39,152.59088172043013,0.9953283725025002,-0.0345046411523956,1921.22,2126.64,2071.081311827957,0.9948722776459199
34.0,169507,97.7,54.676344086021494,0.9664721646741298,-0.5062222369031723,565.32,8357279,615.2,581.9614623655914,0.9972589501285174,0.05223414571631957,145.2,502683584,167.39,152.0140860215054,0.9962199858050397,-0.02539931295006559,1961.05,2126.64,2063.2650322580644,0.9962259909713569
37.8,335543,97.7,53.124301075268825,0.9716139943755043,-0.4653288048773154,571.1,11665595,615.2,580.8268172043012,0.9980503087667042,0.02926487415954737,143.08,502683584,167.39,151.3314838709677,0.9955096125076125,-0.019053731908806326,1958.03,2126.64,2055.546258064516,0.996258951674715
35.7,197084,97.7,51.528387096774196,0.9699588710591511,-0.451123369268845,560.92,9431174,615.2,579.1201075268817,0.997061585954942,-0.003215639264883885,141.79,502683584,167.39,150.5965376344086,0.9951434677189464,-0.025677650708935573,1931.34,2126.64,2046.4330107526885,0.9955665082816435
35.5,150600,97.7,50.0094623655914,0.9705225640319357,-0.47450940858578955,565.37,12891531,615.2,577.8172258064517,0.9977502391930511,-0.017538841431726127,140.29,502683584,167.39,149.80172043010754,0.9947222079817626,-0.034086640569330195,1951.36,2126.64,2038.98376344086,0.9963598870460516
41.5,198958,97.7,48.96365591397849,0.9790878285399751,-0.45253335234554737,587.62,12216813,615.2,578.0209892473118,1.0003526434169139,0.020086028146659052,143.71,502683584,167.39,149.25810752688173,0.9963711170895434,-0.04569466788089316,2014.89,2126.64,2035.8910752688173,0.9984832207948416
41.9,100458,97.7,48.01849462365592,0.9806966764903529,-0.458487963538068,598.48,10161679,615.2,578.9299139784947,1.0015724770347292,0.04798717541464004,146.4,502683584,167.39,148.90933333333336,0.9976632814168198,-0.02608644539343763,2033.11,2126.64,2034.0566881720433,0.9990989758150338
43.1,129663,97.7,47.229677419354836,0.9835726377829329,-0.4736541746319358,612.84,12072910,615.2,580.7762365591396,1.0031891987891188,0.046056082697480294,148.71,502683584,167.39,148.73027956989247,0.9987975652067418,-0.035149085332283114,2075.15,2126.64,2035.095827956989,1.00051087061191
42.5,127752,97.7,46.47634408602151,0.9840495769927786,-0.4594325603387497,616.06,10255017,615.2,582.7930752688171,1.0034726605234856,0.037102986165088114,149.37,502683584,167.39,148.60311827956988,0.9991450208344237,-0.04572913886475227,2079.36,2126.64,2036.376193548387,1.0006291426545173
35.4,178919,97.7,45.34021505376344,0.9755546815352935,-0.5304651633633367,614.0,10293400,616.06,584.6667311827956,1.0032149591226942,0.03656144814130691,146.95,502683584,167.39,148.33311827956987,0.998183079849697,-0.04793748255480579,2099.2,2126.64,2038.909892473118,1.0012442194780897
34.6,126205,97.7,44.237204301075266,0.9756725734233893,-0.5460006728658402,596.84,8329052,616.06,585.4283870967743,1.001302718067159,0.059126353719831326,142.7,502683584,167.39,147.80531182795698,0.996441749100035,-0.0395060896961138,2023.04,2126.64,2036.5361935483872,0.9988357999863097
37.9,131655,97.7,43.43354838709678,0.9818330311176795,-0.5232737289551803,615.39,7925144,616.06,587.3759139784946,1.0033266697082772,0.029620831673968118,147.32,502683584,167.39,147.5977634408602,0.9985957988618274,-0.055718064277717416,2089.17,2126.64,2038.5539784946236,1.0009907925784125
36.4,67561,97.7,42.61763440860214,0.9812146598932491,-0.463092184332789,611.8,6622614,616.06,589.0732903225805,1.002889761571238,0.011719772988705524,146.87,502683584,167.39,147.3847311827957,0.9985566701479872,-0.07136938095204004,2090.11,2126.64,2040.693741935484,1.0010496476735145
34.5,97887,97.7,41.73892473118279,0.9793815473427124,-0.49035049678530485,617.45,9013747,616.06,591.0967741935484,1.0034350290604075,0.03017113821143158,148.78,502683584,167.39,147.3223870967742,0.9995769976610117,-0.04280900002848398,2091.69,2126.64,2042.9745376344085,1.0011176570261646
33.2,158433,97.7,40.83849462365591,0.9784270890223922,-0.4787744234731175,600.39,11580818,617.45,591.9753118279571,1.0014862839263625,0.018671491720474,144.95,502683584,167.39,147.03133333333335,0.9980243751871216,-0.028801771384714847,2012.37,2126.64,2040.1904086021507,0.9986372179481583
34.6,287969,97.7,40.09462365591397,0.9817850541603693,-0.44405815292134465,600.31,12419851,617.45,592.8518924731183,1.0014807723018961,-0.002604696774772597,146.9,502683584,167.39,146.89348387096774,0.9990624483962675,-0.012569412777727829,2005.55,2126.64,2037.2036129032256,0.9985360211055146
34.3,85386,97.7,39.39010752688172,0.9824286633769579,-0.5102841743596412,617.39,6036618,617.45,594.8265161290323,1.0033307200010388,0.01782225024461681,151.34,502683584,167.39,147.06559139784946,1.0011716484785187,-0.014708104300382718,2060.99,2126.64,2038.052752688172,1.000416816355306
32.4,94290,97.7,38.62387096774193,0.9805474874975431,-0.5320639989923338,614.69,5474054,617.45,596.5539139784946,1.0029040363914907,-0.0049591749125368345,149.91,502683584,167.39,147.1578494623656,1.0006273259682243,0.0006097346922885327,2043.94,2126.64,2037.9016774193547,0.999925872738761
27.2,265141,97.7,37.58408602150537,0.9730792144809884,-0.5687658170813212,576.53,12763562,617.45,595.7428172043011,0.998640362999575,-0.02885884216877188,145.45,502683584,167.39,146.96987096774194,0.9987226064031893,0.028743683902677453,1922.03,2126.64,2029.9905806451613,0.9961180184197055
27.9,146999,97.7,36.66623655913978,0.9755787739033909,-0.5635450452145407,575.22,11967873,617.45,594.8457204301076,0.9984941542754918,0.004532963951492275,145.22,502683584,167.39,146.7847096774194,0.9987401411656461,0.04786771942584933,1880.33,2126.64,2019.759225806452,0.9949599003383268
30.4,111486,97.7,35.98924731182796,0.9815364403101504,-0.5332710701380379,583.7,9545515,617.45,594.5038924731184,0.9994253502290611,-0.010614415590655568,151.58,502683584,167.39,147.03015053763443,1.0016721146279775,0.06152998207713811,1906.9,2126.64,2011.7359569892471,0.9960276112545042
34.2,117076,97.7,35.62795698924731,0.9899611592470868,-0.5057509193234936,607.98,11194965,617.45,595.7108387096775,1.0020301738169253,0.05981469395849537,158.12,502683584,167.39,147.70797849462363,1.0046101289736196,0.0875230704249329,1940.24,2126.64,2006.2821290322581,0.9972889941455582
31.7,128225,97.7,35.159139784946234,0.9868413110400193,-0.43172114150354335,582.75,11606497,617.45,595.1893333333334,0.999124566245137,0.03922263136864368,161.38,502683584,167.39,148.58888172043007,1.0059638161376536,0.15386051822265767,1880.05,2126.64,1997.2387096774194,0.9954924488316103
34.4,170234,97.7,34.913548387096775,0.9930148632943911,-0.3747006920624294,593.69,15786792,617.45,595.3570967741936,1.000281865671081,0.09238842962416838,159.45,502683584,167.39,149.32587096774193,1.0049599218917236,0.15570670627390293,1864.78,2126.64,1987.6328602150538,0.9951904349661252
32.3,94279,97.7,34.57333333333333,0.9902555005297262,-0.41606756337836936,612.41,10226846,617.45,596.7089247311828,1.0022706170201277,0.09597438167492178,161.16,502683584,167.39,150.16236559139784,1.0056018064266747,0.15424451001103856,1917.78,2126.64,1982.0095053763441,0.9971708281990763
31.2,71604,97.7,34.200860215053766,0.989226577758979,-0.37469628972067237,625.66,10273122,617.45,598.8431397849463,1.0035766434274884,0.06428524568307636,163.14,502683584,167.39,151.102,1.0062574560869597,0.1493914193390421,1948.05,2126.64,1978.6871612903224,0.9983237496707207
35.9,115673,97.7,34.16537634408602,0.998962486009281,-0.31632108831569317,640.26,12092773,625.66,601.8676129032258,1.0050505264523288,0.07758936428853236,166.45,502683584,167.39,152.23060215053763,1.0074691410473562,0.14848989968144266,1999.99,2126.64,1979.050817204301,1.0001837864626066
36.5,71649,97.7,34.19182795698925,1.000774222787328,-0.3031898753441541,634.18,9583620,640.26,604.3918924731183,1.0041940777602507,0.03517077335796581,168.47,502683584,167.39,153.45372043010752,1.0080346412763996,0.1467141317469518,2022.19,2126.64,1981.013569892473,1.000991764673807
28.8,236559,97.7,33.748602150537636,0.987037083626849,-0.4937943355028782,650.21,10286629,640.26,607.8896774193547,1.0057872797266088,0.08275128195408499,169.88,502683584,168.47,154.73086021505375,1.0083226381306793,0.1132881852129175,2049.58,2126.64,1984.8925591397851,1.0019580831278823
25.9,81335,97.7,33.15182795698925,0.9823170692852273,-0.5175403100896973,649.91,6810469,650.21,611.1937634408602,1.005435338259949,0.07887516356151725,170.8,502683584,169.88,156.0188172043011,1.0083238533506325,0.1385543073058948,2035.94,2126.64,1987.722322580645,1.0014256506871517
27.4,137925,97.7,32.683010752688176,0.9858584810192272,-0.5069888005603294,674.04,10878671,650.21,615.8632688172042,1.0076399754965693,0.05360689437129107,172.21,502683584,170.8,157.34647311827956,1.0085095883802269,0.12059719833779625,2072.78,2126.64,1992.827634408602,1.0025684230488134
22.8,174255,97.7,31.940860215053764,0.9772924672316681,-0.5055244088720181,664.88,9795697,674.04,619.6780860215054,1.006194259988305,0.03289889750411312,168.2,502683584,172.21,158.35382795698925,1.0064021443807796,0.11426768408417853,2047.6,2126.64,1995.9824946236558,1.0015831074201207
26.7,96842,97.7,31.47440860215054,0.9853963979128093,-0.4730764634109058,673.57,11867860,674.04,623.839440860215,1.0067153493605472,0.06813242987767931,167.32,502683584,172.21,159.25494623655914,1.005690536763119,0.10675068592866932,2080.73,2126.64,2001.0886451612903,1.0025582140882439
26.5,74982,97.7,31.018924731182793,0.9855284375085407,-0.4487641951168261,668.09,13352800,674.04,627.4268817204301,1.0057505836041216,0.09281390757654462,165.25,502683584,172.21,159.9703870967742,1.0044924247385845,0.08248765419043247,2091.58,2126.64,2006.630924731183,1.0027696322115935
18.2,195569,97.7,30.047741935483874,0.9686906363094332,-0.6619706352091004,664.11,12675277,674.04,630.5270752688173,1.0049411232427377,0.09947089067649562,167.13,502683584,172.21,160.75666666666666,1.0049151570122588,0.1329279382589421,2065.3,2126.64,2010.13311827957,1.001745310263698
17.1,265908,97.7,29.042795698924728,0.9665550163896879,-0.7238219273745881,667.46,11585937,674.04,633.6310537634407,1.0049228314157646,0.05204914051845089,167.13,502683584,172.21,161.48522580645158,1.0045320617483045,0.14199819985466022,2057.14,2126.64,2012.8638279569889,1.0013584720596793
13.0,119515,97.7,27.825806451612902,0.9580966908307356,-0.8120640307873024,671.69,10429046,674.04,636.8362365591398,1.0050584370457571,0.07304996033194588,167.09,502683584,172.21,162.16083870967745,1.0041837443633117,0.13468506303016947,2046.61,2126.64,2014.8243225806452,1.0009739827386368
11.8,240791,97.7,26.59354838709677,0.955715279387897,-0.8121948613665999,665.53,10649894,674.04,639.486559139785,1.0041617019078013,0.07528016786020997,163.6,502683584,172.21,162.56679569892472,1.002503421864844,0.1111293797906644,2052.32,2126.64,2017.1241720430105,1.0011414640157905
10.4,226902,97.7,25.338279569892475,0.9527979945010514,-0.8497005066351445,674.22,9548959,674.04,642.5842150537635,1.0048439734498023,0.06069376660121084,166.24,502683584,172.21,163.11105376344082,1.0033479042394615,0.1034669500019505,2099.06,2126.64,2022.4886021505379,1.002659444659817
8.66,263997,97.7,24.039784946236555,0.9487536389329755,-0.8482173945048677,671.01,8916379,674.22,645.3496989247311,1.0043036909500433,0.026907740270034397,167.18,502683584,172.21,163.67967741935485,1.0034861135575686,0.1376992187824172,2099.13,2126.64,2027.8151827956988,1.0026336764714012
17.9,829873,97.7,23.394924731182797,0.9731752918549003,-0.6252599916399784,681.95,10918114,674.22,648.6983870967742,1.0051889513199164,0.05214625948871299,171.84,502683584,172.21,164.50544086021506,1.0050449967514572,0.16810548715656193,2096.07,2126.64,2032.944494623656,1.0025294769816673
17.7,653051,97.7,22.7730752688172,0.9734194715515907,-0.6184232827276746,667.97,10651560,681.95,650.9621075268816,1.0034896347441815,0.03144526694880745,174.23,502683584,172.21,165.42273118279567,1.0055760485354406,0.19125551831723786,2071.22,2126.64,2036.3135268817207,1.0016572180238932
15.5,743692,97.7,22.052731182795696,0.9683686073348268,-0.6441987074710187,654.64,13128372,681.95,652.252752688172,1.0019826732560422,0.023224070490445836,176.6,502683584,174.23,166.43505376344083,1.0061196098831575,0.2276378962563952,2037.41,2126.64,2037.5398709677422,1.0006022373616992
16.9,226906,97.7,21.467655913978493,0.973469260384689,-0.5813733670859929,661.43,14061871,681.95,653.8893333333334,1.002509120334742,-0.031921587145380625,183.85,502683584,176.6,167.85118279569892,1.0085085984006161,0.2303339594052305,2102.95,2126.64,2043.1079354838712,1.0027327389247527
15.9,199708,97.7,20.855913978494623,0.9715040180476556,-0.6411063230586866,672.45,8139591,681.95,656.1423010752687,1.0034454878327046,-0.019857992468561347,181.81,502683584,183.85,169.06027956989243,1.0072033854874003,0.19589081167336708,2129.9,2126.64,2050.390494623656,1.003564451497302
17.4,124155,97.7,20.378150537634408,0.9770921839554547,-0.6276090686478655,678.65,12125416,681.95,658.6403010752688,1.003807100983897,0.0013819115954067929,183.0,502683584,183.85,170.26688172043012,1.0071371120029342,0.1678665189463433,2161.74,2129.9,2059.4744946236556,1.004430375591293
18.2,168347,97.7,19.98898924731183,0.9809030122923141,-0.5756900923604998,683.02,13995906,681.95,661.2517634408601,1.003964929509063,-0.012675150643918442,183.78,502683584,183.85,171.44617204301073,1.0069261286203441,0.15901915926471877,2175.03,2161.74,2069.0800215053764,1.0046640669291105
16.6,113756,97.7,19.53122580645161,0.9770992202158604,-0.580725625222309,671.9,12408656,683.02,663.0046666666666,1.0026508862776942,-0.024792222208411152,182.67,502683584,183.85,172.4840860215054,1.0060538766548504,0.15509481427870586,2173.6,2175.03,2078.3480430107525,1.0044792958266704
17.4,122347,97.7,19.159053763440863,0.9809447677939492,-0.5229396001024385,670.3,9756748,683.02,664.531311827957,1.0023026160116877,0.029406336663932553,179.35,502683584,183.85,173.23735483870968,1.0043671786457469,0.09735910253605318,2182.87,2175.03,2087.9352903225804,1.004612917140644
15.8,106621,97.7,18.704731182795697,0.9762867944182035,-0.6104936755380737,676.92,7490921,683.02,666.2833978494623,1.002636574064036,0.016257093989351823,179.68,502683584,183.85,173.93901075268815,1.0040502576054209,0.07577029968556981,2184.05,2182.87,2097.0377204301076,1.0043595364998696
18.1,82736,97.7,18.424817204301075,0.9850351242282442,-0.5664863664643878,678.19,8054588,683.02,667.8987096774193,1.002424361515191,0.03699152733476163,172.78,502683584,183.85,174.12139784946237,1.0010485692426614,-0.0053860712678688305,2183.87,2184.05,2105.475376344086,1.0040236071253157
16.1,92429,97.7,18.042322580645163,0.9792402486594752,-0.6371709480286458,673.6,6942682,683.02,669.0146881720431,1.0016708798481775,-0.009573227224301206,171.58,502683584,183.85,174.18077419354836,1.0003410054411424,-0.03279833449788816,2169.04,2184.05,2112.360623655914,1.0032701628283982
16.5,71608,97.7,17.724559139784947,0.9823878860695521,-0.6524339210774542,683.53,8821129,683.02,670.6301935483871,1.0024147532257597,0.0012513913931830878,173.2,502683584,183.85,174.31572043010752,1.0007747481728908,-0.08628971440571909,2179.98,2184.05,2119.459634408602,1.0033607001916187
16.1,77488,97.7,17.41367741935484,0.9824603975772636,-0.6546670370998565,666.53,8548200,683.53,670.9321935483871,1.0004503227008048,-0.05253252348547677,168.88,502683584,183.85,174.1465376344086,0.9990294461378384,-0.08191069484080837,2127.81,2184.05,2122.5478279569893,1.0014570664608335
15.6,117287,97.7,17.10989247311828,0.9825548079868005,-0.6110008557269273,669.96,14586404,683.53,671.2988387096775,1.0005464712601602,-0.026835827379573685,169.74,502683584,183.85,174.01255913978494,0.9992306565697854,-0.0621965385687675,2139.16,2184.05,2125.802623655914,1.001533438095507
15.5,70615,97.7,16.83556989247312,0.9839670190168551,-0.5813306276776851,674.54,8964958,683.53,671.8372043010754,1.0008019760505362,-0.0637109504297595,173.0,502683584,183.85,174.0704516129032,1.0003326913494317,-0.05076975769632375,2164.69,2184.05,2130.228430107527,1.0020819460858514
16.2,89301,97.7,16.640172043010754,0.9883937490259996,-0.6091594753419725,678.94,10209394,683.53,672.554322580645,1.0010673988802326,-0.01828278835906394,170.58,502683584,183.85,173.95101075268815,0.9993138360984972,-0.059328164769390845,2168.27,2184.05,2134.419311827957,1.0019673391178139
16.5,58320,97.7,16.506494623655914,0.9919665842991697,-0.595833817545427,664.55,9670118,683.53,672.259870967742,0.9995621891005426,0.04578179651767633,164.03,502683584,183.85,173.40010752688173,0.9968329978456425,-0.0914080749891667,2153.74,2184.05,2137.3108817204293,1.0013547337566
15.3,63885,97.7,16.33840860215054,0.9898169765696658,-0.5019700366035587,671.81,9939825,683.53,672.3684946236559,1.000161579860118,0.040029074053264724,165.11,502683584,183.85,172.92843010752688,0.9972798320250077,-0.06876990732448052,2132.98,2184.05,2138.5801935483873,1.000593882639542
15.0,39036,97.7,16.18,0.9903045268356374,-0.44396031312681294,664.93,12876134,683.53,671.9867956989249,0.9994323069451005,0.012618644013050018,158.84,502683584,183.85,172.0624946236559,0.9949925209907212,-0.12170470647154474,2141.16,2184.05,2140.1978924731184,1.0007564359426928
13.9,209849,97.7,15.974064516129031,0.9872722197854779,-0.40766126639368594,616.72,14966236,683.53,668.4624731182795,0.9947553692971306,-0.031587347720403725,157.87,502683584,183.85,171.1596989247312,0.9947530942120806,-0.1091438902655012,2126.41,2184.05,2140.637698924731,1.0002054980304202
13.8,776473,97.7,15.790709677419356,0.988521716653608,-0.3097891823771919,608.4,11366599,683.53,664.5246451612902,0.9941091263678276,-0.016496941198644532,154.25,502683584,183.85,170.0541935483871,0.9935410883327724,-0.10129017376916882,2085.18,2184.05,2138.3021720430106,0.998908957418206
13.8,70978,97.7,15.626709677419353,0.9896141463334911,-0.40615332724024744,621.71,10824067,683.53,661.5669892473117,0.9955492156152302,0.002809914826806037,154.1,502683584,183.85,168.96901075268818,0.9936186060863583,-0.11924615845765307,2164.45,2184.05,2141.000021505376,1.0012616783061057
16.2,144016,97.7,15.645290322580644,1.0011890311872973,-0.33901527785348085,634.91,13451712,683.53,659.5724731182796,0.9969851637680694,0.01288445465609811,158.76,502683584,183.85,168.21290322580643,0.9955251704231823,-0.08245649326999027,2181.9,2184.05,2144.6436344086023,1.0017018275883363
18.3,66921,97.7,15.821505376344087,1.0112631373486956,0.01701368153461924,656.46,7232573,683.53,659.039634408602,0.9991921453192876,0.0346266843284303,166.1,502683584,183.85,167.9443010752688,0.9984032012682341,-0.07784736827011385,2213.35,2184.05,2150.122043010753,1.0025544610369084
15.2,214980,97.7,15.797505376344086,0.9984830773413076,-0.06644925871546203,637.65,10765980,683.53,657.3096989247312,0.9973750660907926,0.0430249945773048,163.3,502683584,183.85,167.4972688172043,0.9973382112092974,-0.08844902261284582,2191.95,2213.35,2153.9014193548387,1.0017577496851267
15.6,272241,97.7,15.803397849462366,1.0003730002287008,0.2412094865190788,644.01,71168312,683.53,656.054193548387,0.9980899332865498,-0.004117800348324874,169.57,502683584,183.85,167.46298924731184,0.9997953425143317,-0.08919315319376198,2259.53,2213.35,2161.7508817204302,1.003644299732131
14.6,107663,97.7,15.739182795698925,0.9959366299339464,0.2711258288602404,643.01,43900392,683.53,654.7936989247312,0.9980786730180959,-0.017623731534055276,173.41,502683584,183.85,167.6711182795699,1.0012428360033074,-0.04028907210359889,2258.07,2259.53,2169.048258064516,1.0033756786712993
15.1,67172,97.7,15.701204301075268,0.9975870097503389,0.5020550813133353,640.42,33092000,683.53,653.4145376344085,0.9978937468509739,-0.012808637607542916,177.57,502683584,183.85,168.12653763440863,1.0027161467014216,-0.010323509926763341,2263.79,2259.53,2176.272193548387,1.0033304632375109
15.1,220482,97.7,15.65311827956989,0.9969374310031692,0.8027240862960261,631.37,18325000,683.53,651.524193548387,0.9971069757754928,-0.028449361186837052,176.61,502683584,183.85,168.49565591397848,1.0021954789812688,-0.010145112117717625,2238.83,2263.79,2181.531548387097,1.0024166806221673
15.3,107151,97.7,15.604086021505378,0.9968675725060796,-0.08034927772436984,637.69,29436000,683.53,650.1268387096774,0.9978552525715135,-0.05436133065603033,174.57,502683584,183.85,168.71288172043012,1.0012892071624835,-0.07042226893063219,2276.98,2263.79,2188.9517634408603,1.0034013787512033
15.6,33015,97.7,15.58,0.9984564285615843,-0.07051316371409155,635.82,37316000,683.53,648.7040215053763,0.9978114775154877,-0.0077630972821346456,172.67,502683584,183.85,168.8016559139785,1.000526185034854,-0.10716632953302252,2274.64,2276.98,2195.831956989247,1.0031431453462325
15.0,52888,97.7,15.521720430107525,0.9962593344099824,0.013629751688197023,624.6,31309000,683.53,646.6264731182797,0.9967973862991084,-0.01429447915810067,174.03,502683584,183.85,168.9815268817204,1.001065575848578,-0.12935527842976835,2271.31,2276.98,2202.059849462366,1.002836233644062
16.3,38222,97.7,15.548387096774196,1.0017180226113946,0.004667581008585775,634.86,43641000,683.53,645.2754623655915,0.9979106782526654,0.04302566600634439,171.0,502683584,183.85,168.971440860215,0.9999403128750727,-0.16107061565088554,2294.69,2276.98,2209.2931182795696,1.0032847739442547
16.4,77201,97.7,15.58279569892473,1.0022130013831256,0.08243917973841086,638.16,42558000,683.53,644.1944946236559,0.9983247964551872,0.03376853659916135,167.75,502683584,183.85,168.779311827957,0.9988629496719689,-0.15598505989297995,2297.42,2294.69,2216.2901720430104,1.0031671006918672
16.2,57958,97.7,15.603225806451613,1.0013110681755453,-0.02583577436950124,649.38,58460000,683.53,643.9111397849464,0.9995601408564115,0.03628300320753475,168.24,502683584,183.85,168.64903225806452,0.9992281069967551,-0.15206117961745136,2316.1,2297.42,2224.132129032258,1.0035383259323027
15.9,37303,97.7,15.60688172043011,1.0002343050099924,-0.08589164927193094,655.37,47994000,683.53,644.077182795699,1.0002578663428745,0.048311855745912013,168.65,502683584,183.85,168.57694623655917,0.999572567831904,-0.16330488836559565,2351.16,2316.1,2233.9040645161294,1.0043935948572098
15.6,33593,97.7,15.596129032258066,0.9993110290470153,-0.040818430740374945,658.85,29069000,683.53,644.5272043010754,1.0006987074179883,0.04937919750948283,172.62,502683584,183.85,168.79352688172045,1.0012847583847992,-0.14415047939673886,2367.34,2351.16,2244.3410967741934,1.0046721040638442
15.1,64068,97.7,15.555268817204299,0.9973801053473427,-0.10415168366883243,651.51,43423000,683.53,644.531741935484,1.0000070402527284,0.03008333544064501,170.67,502683584,183.85,168.90591397849465,1.0006658258693353,-0.14013401423654992,2383.12,2367.34,2255.3795483870967,1.004918348475982
14.2,48302,97.7,15.461290322580645,0.9939584139799813,-0.05165877911643002,643.34,39234000,683.53,644.0495913978494,0.9992519367065047,0.039810945749609195,170.17,502683584,183.85,169.00470967741936,1.0005849155698436,-0.13925786768896797,2372.6,2383.12,2265.3086451612903,1.0044024061410393
13.6,78137,97.7,15.332043010752688,0.9916405869671048,-0.1958017273635161,642.37,39293000,683.53,643.5770752688172,0.9992663357987595,0.0023512946540775737,172.3,502683584,183.85,169.261376344086,1.0015186953497126,-0.09178522886230733,2378.25,2383.12,2275.196774193548,1.004365025072137
13.9,43868,97.7,15.231827956989248,0.9934636855836396,-0.07344821926498568,631.03,39218000,683.53,642.4499784946238,0.9982486996235491,-0.01945144242236252,169.01,502683584,183.85,169.30681720430107,1.0002684656192486,-0.0956316279107442,2343.98,2383.12,2282.4559139784947,1.0031905547103808
14.0,30887,97.7,15.142795698924733,0.9941548540125374,-0.08802123025346587,640.13,37763000,683.53,642.0015268817205,0.9993019664909101,-0.013192599333225363,167.68,502683584,183.85,169.2719784946236,0.999794227366312,-0.11569712686941802,2362.72,2383.12,2290.547870967742,1.0035452851201592
13.0,70961,97.7,14.994623655913976,0.9902150140597038,-0.1492777137325576,637.69,38771000,683.53,641.4889892473118,0.9992016566737807,-0.03750518135756731,165.83,502683584,183.85,169.12965591397847,0.999159207673291,-0.12508569435590444,2355.54,2383.12,2297.783612903226,1.0031589568710595
12.8,53310,97.7,14.84021505376344,0.9897024022947294,-0.12173746308620015,631.27,35162000,683.53,640.6242795698925,0.9986520272492379,-0.06722887245031162,165.32,502683584,183.85,168.96098924731186,0.9990027374811642,-0.11476156685987426,2328.95,2383.12,2302.8141290322583,1.002189290628057
14.0,83424,97.7,14.769247311827957,0.995217876447317,-0.0268598815728186,627.38,66402000,683.53,639.591806451613,0.9983883328321983,-0.044884980728012724,162.73,502683584,183.85,168.6347311827957,0.9980690331776016,-0.14436478549559106,2348.69,2383.12,2308.710043010752,1.0025603082351122
13.6,90815,97.7,14.675698924731181,0.9936660017181879,-0.07505181461152022,620.93,71692000,683.53,638.2446236559141,0.9978936834679404,-0.05835172820058454,160.33,502683584,183.85,168.1757204301075,0.9972780770042523,-0.1596754138834905,2384.2,2383.12,2316.501225806451,1.0033746909098809
13.4,26460,97.7,14.57483870967742,0.9931273995486652,-0.12920750656060265,625.56,55871000,683.53,637.3209032258064,0.9985527172562512,-0.08820980754545327,158.45,502683584,183.85,167.61746236559142,0.9966805073699798,-0.14802914366365938,2399.29,2384.2,2324.8015913978493,1.0035831475066492
12.9,30840,97.7,14.448387096774196,0.991323978575539,-0.0866792110631186,624.66,37662000,683.53,636.4229677419355,0.9985910779336972,-0.07475401289645589,157.44,502683584,183.85,167.00604301075268,0.996352293214503,-0.16737390661156204,2390.9,2399.29,2332.032602150538,1.003110377582089
12.8,22303,97.7,14.320645161290324,0.9911587407903549,-0.07650890569934676,618.28,45850000,683.53,635.2148172043011,0.9981016547188405,-0.08157422961077465,156.41,502683584,183.85,166.34466666666668,0.9960398059126315,-0.12765339864609704,2381.73,2399.29,2338.1173333333336,1.0026091964482762
12.7,17073,97.7,14.191182795698927,0.9909597393041102,-0.08420679463693281,615.41,33532000,683.53,633.9218279569893,0.9979644850650644,-0.056455691417004794,155.99,502683584,183.85,165.6614193548387,0.9958925805947412,-0.14801116541313863,2415.82,2399.29,2345.884064516129,1.0033217884629095
13.2,29292,97.7,14.096559139784945,0.993332222037006,-0.07508575593859879,627.63,32475000,683.53,633.4200430107527,0.999208443495543,-0.051357890594635025,159.62,502683584,183.85,165.21640860215055,0.9973137333096552,-0.13490314879866183,2439.07,2415.82,2354.528408602151,1.0036848982508457
12.1,135835,97.7,13.93225806451613,0.9883445971715817,-0.09225758596148681,602.48,55854000,683.53,631.2543225806453,0.99658090953388,-0.12572409863287326,159.93,502683584,183.85,164.77984946236558,0.9973576526479507,-0.08567224021688813,2431.77,2439.07,2361.9407311827954,1.0031481134623663
11.1,63951,97.7,13.707096774193548,0.9838388515860151,-0.28114075077424205,613.53,42093000,683.53,629.8428602150537,0.9977640353260135,-0.13973467010117868,160.06,502683584,183.85,164.33913978494624,0.9973254637696463,-0.10696347123314442,2433.15,2439.07,2368.867204301075,1.0029325346850728
9.7,201463,97.7,13.40258064516129,0.9777840534688883,-0.39216453076935753,605.4,42238000,683.53,627.9528602150538,0.9969992515286199,-0.17187094196652297,155.71,502683584,183.85,163.61498924731183,0.9955935601307027,-0.16418594994277458,2438.3,2439.07,2375.585612903226,1.0028361271539208
10.3,50772,97.7,13.155268817204302,0.9815474471294247,-0.2859064121135584,614.4,39131000,683.53,626.753311827957,0.9980897477134096,-0.12698751718610024,154.03,502683584,183.85,162.80479569892472,0.9950481703900462,-0.1623621614283195,2423.41,2439.07,2380.8596129032258,1.0022200841642388
9.8,29939,97.7,12.886236559139785,0.9795494670764402,-0.3113920830182999,605.11,28516000,683.53,625.0044086021505,0.9972095827930998,-0.09606989577789282,150.68,502683584,183.85,161.79840860215052,0.9938184431702164,-0.18471112848440363,2425.18,2439.07,2385.7500430107525,1.002054060676666
9.7,51733,97.7,12.623225806451611,0.9795897932277496,-0.2847618637772309,610.31,37704000,683.53,623.6746451612902,0.9978723935022564,-0.10501461697427006,149.14,502683584,183.85,160.73329032258064,0.9934170039818567,-0.22905996731782496,2459.27,2439.07,2392.4835913978495,1.0028224031292898
10.0,65599,97.7,12.39010752688172,0.9815325905482299,-0.31117203507383706,623.4,39567000,683.53,623.2597204301074,0.9993347096368245,-0.09247004965760441,150.66,502683584,183.85,159.8184301075269,0.9943082094989925,-0.2437584861293446,2472.54,2459.27,2399.640580645161,1.0029914475790114
9.57,26550,97.7,12.140215053763445,0.9798312910056588,-0.3178383242495795,600.82,108990000,683.53,621.4246236559139,0.9970556467648397,-0.10752577838950539,161.19,502683584,183.85,159.64079569892473,0.998888523629705,-0.19150383928792936,2472.1,2472.54,2406.320258064516,1.0027836157936447
9.3,22346,97.7,11.88479569892473,0.978960887125345,-0.3340565318633215,600.64,55545000,683.53,619.6436129032259,0.997133987478304,-0.09309595642858315,161.07,502683584,183.85,159.4885806451613,0.9990465153152299,-0.16510264027977317,2476.83,2472.54,2412.803440860215,1.0026942310666966
7.62,83114,97.7,11.53389247311828,0.9704746101913896,-0.4279770762407358,582.69,45508000,683.53,616.7842150537635,0.9953854154389405,-0.12194192652127,158.89,502683584,183.85,159.22475268817203,0.9983457877929439,-0.1530829387930479,2441.32,2476.83,2416.5658709677423,1.0015593603870965
8.83,39544,97.7,11.27821505376344,0.9778325123152707,-0.32767979506884404,572.35,35681000,683.53,613.3719784946237,0.9944676979795237,-0.11638214180921669,155.98,502683584,183.85,158.80281720430108,0.9973500634998801,-0.17162569720924692,2425.55,2476.83,2418.9524301075267,1.00098758290368
9.17,28543,97.7,11.057741935483872,0.9804514174247815,-0.31745985637333896,558.7,66419000,683.53,609.1914623655914,0.9931843705359799,-0.18632042214383993,159.06,502683584,183.85,158.61840860215054,0.9988387573633956,-0.13447817474561596,2443.05,2476.83,2422.136322580645,1.001316227815599
8.79,19764,97.7,10.828086021505376,0.9792312105565116,-0.3349031667262893,555.76,46087000,683.53,604.9850537634409,0.9930950959394337,-0.18972886876156014,156.92,502683584,183.85,158.32161290322583,0.9981288697728071,-0.14253042845015507,2476.55,2476.83,2427.162451612903,1.002075080987557
8.62,11800,97.7,10.60382795698925,0.9792892239615816,-0.3222392184910279,554.79,43431000,683.53,600.8932688172043,0.9932365520093717,-0.20406827093111657,149.85,502683584,183.85,157.59197849462365,0.9953914415396452,-0.17205585370557197,2461.43,2476.83,2430.827870967742,1.001510166471306
8.67,50601,97.7,10.399096774193548,0.9806927098755165,-0.30908932042133186,559.93,49906000,683.53,597.3365161290322,0.9940808911120386,-0.20020594288768456,155.68,502683584,183.85,157.2780215053763,0.9980077857245884,-0.1403075783719595,2500.23,2476.83,2436.6839784946233,1.0024091000423447
9.13,27752,97.7,10.239591397849463,0.9846616124642752,-0.2936993459855264,579.1,46962000,683.53,595.2217849462365,0.9964597322854126,-0.12422590125010913,161.59,502683584,183.85,157.37324731182795,1.000605461624836,-0.12087291790659616,2502.22,2500.23,2442.347892473119,1.002324435186706
10.7,70940,97.7,10.195290322580647,0.9956735504818952,-0.1760433047995178,576.36,47631000,683.53,593.1017849462366,0.9964383024048903,-0.12944913930118973,162.37,502683584,183.85,157.54251612903226,1.0010755882597309,-0.10580061622568526,2519.36,2502.22,2448.827548387097,1.0026530437919787
10.4,53766,97.7,10.141096774193548,0.9946844526568243,-0.17109368055880902,581.25,45105000,683.53,591.4588817204301,0.9972299809788037,-0.15393100136613558,160.56,502683584,183.85,157.61286021505376,1.0004465085854277,-0.13096084239158834,2549.33,2519.36,2456.94776344086,1.0033159603497237
10.5,25560,97.7,10.10152688172043,0.9960980657857627,-0.1185338255669035,572.09,50116000,683.53,589.3585376344085,0.9964488755669505,-0.16769306518939897,153.11,502683584,183.85,157.2232258064516,0.997527902177078,-0.18492538694796423,2553.17,2549.33,2464.9356559139783,1.003251144607947
10.2,40451,97.7,10.0492688172043,0.9948267162847733,-0.182102300030885,577.97,76021000,683.53,587.788688172043,0.9973363422057705,-0.12632519594231972,154.76,502683584,183.85,156.98131182795697,0.998461334340052,-0.18296299023317364,2575.21,2553.17,2473.969311827957,1.0036648647977098
10.1,23610,97.7,9.998516129032259,0.9949496138380582,-0.12110341426183524,539.33,96953000,683.53,583.8400430107527,0.9932822028719707,-0.17486732857191367,149.87,502683584,183.85,156.45455913978498,0.9966444879200062,-0.19862889216956325,2581.07,2575.21,2482.8837634408605,1.0036032991881847
10.7,114027,97.7,9.994860215053762,0.9996343543450531,0.00575189053760139,521.2,73000000,683.53,578.938494623656,0.991604638212514,-0.2098806628585933,145.95,502683584,183.85,155.71320430107528,0.9952615325319646,-0.21850038245252867,2587.84,2581.07,2491.7654193548387,1.0035771533266098
10.4,47685,97.7,9.97679569892473,0.9981926194323535,-0.01684402078349989,523.54,71472000,683.53,574.4384301075268,0.9922270421505578,-0.22321050264137887,143.99,502683584,183.85,154.8881505376344,0.9947014527949369,-0.23780542974355756,2582.3,2587.84,2499.7900860215054,1.0032204743690296
10.2,41957,97.7,9.950989247311828,0.9974133527044475,-0.11633915193799171,530.08,67710000,683.53,570.5919784946237,0.993303979310397,-0.19154148527477555,145.16,502683584,183.85,154.18445161290325,0.995456728469618,-0.20596531004293317,2578.85,2587.84,2507.0473333333334,1.002903142688824
10.4,17686,97.7,9.94625806451613,0.9995245515116021,-0.08516447340374644,527.71,32242000,683.53,566.8018709677419,0.9933575870854667,-0.21124445204389575,147.77,502683584,183.85,153.6869247311828,0.9967731708579181,-0.1698659834073769,2602.42,2587.84,2515.3302580645163,1.0033038565411407
10.4,39440,97.7,9.948408602150538,1.0002162157487227,-0.10151024085404559,549.01,73184000,683.53,564.5864301075268,0.996091331074062,-0.17551513868078983,157.69,502683584,183.85,153.85640860215054,1.0011027865334945,-0.10604725245313285,2642.22,2602.42,2525.7116344086025,1.0041272418644835
10.0,46751,97.7,9.931204301075269,0.9982706479233724,-0.11751583559130596,557.64,68637000,683.53,563.0923870967742,0.997353739071504,-0.163696115106016,158.08,502683584,183.85,154.052688172043,1.0012757321692072,-0.10493157150401222,2651.5,2642.22,2536.1692903225808,1.0041404789729398
9.58,64305,97.7,9.893139784946236,0.9961671802356425,-0.15569978407841112,559.01,65543000,683.53,561.8308602150538,0.9977596449346,-0.14806150033345877,164.42,502683584,183.85,154.65662365591402,1.0039203177240021,-0.07226171426562078,2675.81,2651.5,2547.6349032258067,1.004520838946744
9.3,95253,97.7,9.843935483870968,0.9950264221324217,-0.16599573141623636,552.81,44664000,683.53,560.2967956989247,0.9972695260713484,-0.12276969831588092,166.77,502683584,183.85,155.39494623655912,1.0047739473628219,-0.04162973303595763,2683.34,2675.81,2558.9538924731182,1.0044429400904265
9.49,62426,97.7,9.814301075268816,0.9969895771207858,-0.15479194458808243,548.38,23074000,683.53,558.6115483870967,0.9969922238985397,-0.15239238422885337,166.07,502683584,183.85,156.0649247311828,1.0043114561370854,-0.05575113169891943,2673.61,2683.34,2569.0698279569892,1.0039531526979153
9.2,122105,97.7,9.773935483870968,0.9958870640824781,-0.14447953966580018,545.13,46153000,683.53,556.8870537634408,0.9969128912056417,-0.1045805012997657,163.93,502683584,183.85,156.58296774193545,1.0033194070457854,-0.10303570686131192,2743.15,2683.34,2583.167827956989,1.0054875892615232
10.2,51110,97.7,9.804322580645161,1.0031089929767123,-0.01446657160314202,572.66,63902000,683.53,557.0620215053764,1.0003141889199132,-0.02810890549288314,160.48,502683584,183.85,156.8698279569892,1.0018320013931945,-0.14249239688642024,2786.24,2743.15,2599.3761935483876,1.0062746080281657
9.5,81246,97.7,9.791483870967742,0.9986905051754658,0.04761732040501465,564.09,42947000,683.53,556.7719784946237,0.9994793344375391,-0.03640299971236227,161.2,502683584,183.85,157.2022365591398,1.002119009158611,-0.11730746076411624,2810.3,2786.24,2616.3774838709674,1.0065405270559824
9.15,57722,97.7,9.756494623655913,0.9964265633510796,-0.05100595418689324,577.14,46972000,683.53,557.4127096774195,1.0011507963898043,-0.060895774906097766,166.88,502683584,183.85,157.88929032258065,1.0043705088329475,-0.10204062760678911,2872.87,2810.3,2636.615548387097,1.0077351470270977
8.81,94820,97.7,9.702043010752687,0.9944189368206897,-0.03539597624179647,565.4,57019000,683.53,557.3761505376344,0.9999344127983623,-0.056287697227591194,164.75,502683584,183.85,158.41129032258064,1.0033061140431596,-0.04556144834598186,2762.13,2872.87,2648.7425161290316,1.0045994448259068
9.0,71361,97.7,9.661978494623655,0.9958705072648484,0.015528191098422739,556.79,104486000,683.53,556.8695053763441,0.9990910175098062,-0.023697563441031577,155.32,502683584,183.85,158.29464516129033,0.9992636562643181,-0.023736236308402825,2619.55,2872.87,2650.9461505376344,1.0008319549352889
9.14,65394,97.7,9.632451612903225,0.9969440128916804,-0.023231312159127326,584.27,113734000,683.53,558.2508602150538,1.0024805718851064,-0.007983736239236094,159.08,502683584,183.85,158.40729032258065,1.0007116170049564,-0.049138172556335125,2732.22,2872.87,2660.074129032258,1.0034432908012003
9.13,30354,97.7,9.604129032258063,0.997059670602734,0.002756386195571281,571.54,54124000,683.53,558.8950752688171,1.0011539884658935,0.01107402736477181,155.24,502683584,183.85,158.25408602150537,0.9990328456426261,-0.14823531737084317,2747.3,2872.87,2669.616559139785,1.0035872797691539
8.8,32907,97.7,9.555462365591397,0.9949327350243624,0.014846708313999257,559.43,68703000,683.53,558.8209677419355,0.9998674035070967,0.015025672018168068,154.1,502683584,183.85,158.04012903225808,0.9986480160188836,-0.12984344492388156,2691.25,2872.87,2674.9510322580645,1.0019982169724024
9.08,80422,97.7,9.525935483870967,0.9969099473588264,0.22638798631867985,562.42,53487000,683.53,559.0283870967742,1.0003711731785527,-0.003554365340041832,156.9,502683584,183.85,158.0218064516129,0.999884063745345,-0.15394378400576703,2786.57,2872.87,2685.9740645161287,1.0041208351574045
9.07,97914,97.7,9.49262365591398,0.9965030386765279,0.044442232709495544,562.47,62665000,683.53,559.282623655914,1.0004547829144423,0.003089174277782658,155.86,502683584,183.85,157.94066666666671,0.9994865279244164,-0.13536148375794899,2752.01,2872.87,2694.024946236559,1.0029973788007818
9.36,69757,97.7,9.477505376344086,0.9984073655379274,0.07151623013308461,530.32,38243000,683.53,557.4839139784947,0.9967838985133106,0.0278173695300441,147.07,502683584,183.85,157.292688172043,0.9958973296219442,-0.13481835719771074,2588.26,2872.87,2690.809247311828,0.9988063588909141
9.16,22073,97.7,9.449075268817204,0.9970002541388324,0.07507515050161218,537.43,46055000,683.53,556.2049462365591,0.9977058212625217,0.020119409389363074,151.65,502683584,183.85,156.96597849462367,0.997922918851371,-0.09993435828015795,2640.87,2872.87,2690.6754623655916,0.999950280776547
9.31,48922,97.7,9.42952688172043,0.9979311851646175,0.11674497434262587,534.43,38291000,683.53,554.7718494623655,0.9974234375586007,0.029736535284254684,151.38,502683584,183.85,156.6331827956989,0.9978798227353696,-0.04790235037449064,2604.47,2872.87,2687.839913978495,0.9989461574140928
9.6,7768,97.7,9.42720430107527,0.9997536906491393,0.14471754594633246,538.96,31087000,683.53,553.6747956989248,0.998022513643214,0.04042395730001347,150.53,502683584,183.85,156.2422580645161,0.9975042023394706,-0.09550293546683342,2656.3,2872.87,2688.040623655914,1.0000746732260262
9.28,18383,97.7,9.402236559139785,0.997351522133382,0.06003149503242067,553.85,50974000,683.53,553.5834838709677,0.9998350803961705,0.01726173309188017,150.05,502683584,183.85,155.83144086021508,0.9973706396119071,-0.1385237180872957,2670.14,2872.87,2688.798602150537,1.0002819817855255
9.2,139860,97.7,9.37178494623656,0.9967612373171334,-0.10298794302366832,554.92,37087000,683.53,553.6155053763441,1.000057844040347,0.0023592600675447217,152.3,502683584,183.85,155.59060215053765,0.9984544921849663,-0.12177608577985888,2669.91,2872.87,2689.180623655914,1.0001420788842539
8.8,33609,97.7,9.318752688172044,0.9943412852120757,-0.11092142266335803,556.3,31117000,683.53,553.7826666666667,1.0003019447408883,-0.007806337736897095,145.32,502683584,183.85,154.92109677419353,0.9956970063288504,-0.13967072282780468,2663.42,2872.87,2688.8201720430106,0.9998659622898765
10.11,130285,97.7,9.353677419354836,1.0037477903268237,-0.02415539013591761,564.66,27793000,683.53,554.5428387096774,1.001372690206406,0.03285977430466469,146.65,502683584,183.85,154.37017204301077,0.9964438366197099,-0.11055788026539826,2727.72,2872.87,2692.3627526881723,1.0013175223400939
10.96,110754,97.7,9.444279569892473,1.0096862599035283,0.10288497910367167,561.57,25790000,683.53,555.1196344086021,1.001040128297873,0.04055792062153929,144.75,502683584,183.85,153.71055913978495,0.9957270702332182,-0.11817546252572231,2712.97,2872.87,2694.5783440860214,1.0008229171182959
10.76,144231,97.7,9.520344086021504,1.0080540305447456,0.0580411742989515,543.27,27361000,683.53,554.5510537634408,0.9989757511535923,0.04196156477079083,146.49,502683584,183.85,153.18473118279567,0.9965791032188551,-0.07689468314245995,2721.33,2872.87,2697.037032258064,1.0009124574824253
10.71,29619,97.7,9.591763440860218,1.0075017619314386,-0.039683225625981366,542.37,23487000,683.53,553.915935483871,0.998854716305632,0.07462770605533298,145.23,502683584,183.85,152.5848817204301,0.9960841432580525,-0.06165231340162369,2734.62,2872.87,2700.0515053763443,1.00111769808209
11.09,98468,97.7,9.68767741935484,1.0099996188486087,0.0051855930485069646,555.56,20028000,683.53,554.0862580645162,1.0003074881398681,0.11454441613843058,150.11,502683584,183.85,152.3014193548387,0.9981422644078805,-0.033681070402034496,2779.03,2872.87,2705.615483870967,1.0020606934658631
11.3,166274,97.7,9.795655913978496,1.0111459630569375,0.04141920124524323,565.29,30027000,683.53,554.8154623655914,1.0013160483416832,0.12307334822967719,147.15,502683584,183.85,151.81382795698926,0.9967985104806315,-0.06415903120992383,2779.66,2872.87,2710.797032258065,1.0019151089347273
11.23,70820,97.7,9.896752688172043,1.0103205722088788,-0.000520518262507208,570.1,29362000,683.53,555.7792688172043,1.0017371658091565,0.11660238933629863,146.39,502683584,183.85,151.2729247311828,0.9964370622025307,-0.0679227707982395,2754.88,2872.87,2713.948021505376,1.0011623847930387
11.1,71474,97.7,9.987677419354839,1.0091873298290521,0.03268172921048107,568.02,27434000,683.53,556.5177204301075,1.0013286778660793,0.055906684411865304,148.12,502683584,183.85,150.84660215053762,0.9971817654652823,-0.0895091545868123,2718.37,2872.87,2714.415655913979,1.0001723077984168
10.89,4545,97.7,10.063548387096773,1.0075964575702963,0.04504691198622757,582.15,27717000,683.53,558.1269032258064,1.0028915212159915,0.038520699230921274,151.33,502683584,183.85,150.64795698924732,0.9986831313502702,-0.08355224651312654,2759.82,2872.87,2717.393720430108,1.0010971291407196
11.04,38956,97.4,10.147182795698926,1.0083106281586907,0.09420867393104992,591.54,31642000,683.53,560.2891827956989,1.0038741719085664,0.06930812638642447,148.94,502683584,183.85,150.30963440860214,0.9977542172664888,-0.14105081612078207,2801.31,2872.87,2722.815612903226,1.00199525465609
10.99,8822,97.4,10.224451612903223,1.0076148048931424,0.2095781027256053,537.41,64588000,683.53,558.8892473118281,0.9975014054762122,-0.024082400649472868,146.2,502683584,183.85,149.82782795698924,0.9967945737243752,-0.1675011812799494,2801.83,2872.87,2728.0011612903227,1.0019044801868047
10.37,19902,96.2,10.25808602150538,1.003289605142217,0.0993122149881761,544.77,47509000,683.53,557.9972688172041,0.9984040156454714,0.011174258042293661,147.88,502683584,183.85,149.4986451612903,0.9978029261974389,-0.16384445926719837,2818.82,2872.87,2734.0280215053763,1.002209258669158
9.35,84221,94.5,10.224021505376342,0.9966792522447537,0.03714341373697061,533.77,30462000,683.53,556.4033763440859,0.9971435478949623,-0.05555121516312189,151.16,502683584,183.85,149.4201935483871,0.9994752352918076,-0.113332819988327,2840.35,2872.87,2741.1316344086026,1.0025982224203083
7.59,55040,92.4,10.076086021505375,0.9855305973492745,-0.20148707476564476,541.51,20591000,683.53,555.3332688172043,0.9980767414929922,-0.10635880527116948,152.21,502683584,183.85,149.43694623655915,1.0001121179659471,-0.06841586902322783,2833.28,2872.87,2747.570086021505,1.002348829779673
7.06,113033,92.4,9.899569892473119,0.9824816770464724,-0.22695325773882669,547.23,23581000,683.53,554.6991827956989,0.9988581883040144,-0.10330266720067338,157.77,502683584,183.85,149.83019354838711,1.0026315266855457,-0.03545077973978905,2850.13,2872.87,2754.9944731182795,1.0027021647726282
7.79,121368,91.7,9.775397849462362,0.9874568244520231,-0.10938863599308535,554.49,24742000,683.53,554.5697419354839,0.9997666467443441,-0.0775753955013867,156.61,502683584,183.85,150.15597849462367,1.0021743611118765,-0.06217474005778134,2874.69,2872.87,2763.9177204301077,1.0032389347415744
8.59,62531,91.7,9.705763440860213,0.9928765652636861,-0.015544668786916627,560.07,30504000,683.53,554.8490107526882,1.0005035774512863,-0.08302225745351421,153.99,502683584,183.85,150.3348172043011,1.0011910195749136,-0.11577575501196491,2901.52,2874.69,2774.5680215053767,1.0038533350673013
7.55,78361,91.7,9.569505376344086,0.9859611183245518,-0.16193727537411873,557.25,24191000,683.53,554.9578064516129,1.0001960816308875,-0.10503344151603522,154.1,502683584,183.85,150.5438924731183,1.0013907308546701,-0.10410410728620012,2871.68,2901.52,2782.9933978494623,1.0030366443636565
7.59,31005,91.7,9.43894623655914,0.9863567515090498,-0.124605040256897,557.99,24424000,683.53,555.1133548387097,1.0002802886729198,-0.13355606292779765,158.55,502683584,183.85,151.04268817204303,1.0033132908331954,-0.06656228999304514,2904.98,2901.52,2793.0249462365587,1.0036045893586554
7.12,24513,91.7,9.281397849462367,0.9833086890052882,-0.22417755591328936,573.84,41050000,683.53,556.348,1.002224131612991,-0.08033412289439101,158.86,502683584,183.85,151.562623655914,1.00344230819885,-0.04306280595204881,2929.67,2904.98,2804.277870967742,1.0040289381397562
7.13,48505,91.7,9.128817204301075,0.9835605964062697,-0.18410624531788045,556.26,37952000,683.53,556.4435053763441,1.0001716648147276,-0.101005350043186,160.55,502683584,183.85,152.1838064516129,1.004098522318465,-0.04090486118248582,2913.98,2929.67,2814.126344086021,1.0035119462376532
7.28,77671,91.7,8.989505376344086,0.9847393342599354,-0.20581229604539342,566.68,41748000,683.53,557.2180860215054,1.0013920202818027,-0.020059440885209945,156.96,502683584,183.85,152.55950537634408,1.002468718147424,-0.0351451390266031,2885.57,2929.67,2821.662924731183,1.0026781244776022
6.98,96432,91.7,8.834709677419356,0.9827803986488428,-0.19183237487966764,540.76,51407000,683.53,556.311247311828,0.9983725605244578,-0.023766339225458122,152.11,502683584,183.85,152.62217204301078,1.000410768680143,-0.029554219976766105,2767.13,2929.67,2821.3453118279567,0.9998874376877399
6.49,39562,85.3,8.65279569892473,0.9794091730077357,-0.4486890998242633,605.66,75108000,683.53,559.6381935483871,1.005980368458548,0.08484402055365226,153.2,502683584,183.85,152.7632258064516,1.0009242023066025,-0.027678505676843823,2767.78,2929.67,2821.0371182795698,0.9998907636200735
5.38,32270,84.6,8.405440860215053,0.9714133041716891,-0.46147011163513363,563.66,56336000,683.53,560.0934408602151,1.000813467195549,0.034695447559070836,146.55,502683584,183.85,152.46206451612903,0.9980285746865274,-0.04037784553936963,2658.69,2929.67,2813.304795698925,0.9972590496840537
5.6,59560,84.6,8.180408602150537,0.9732277864056308,-0.48917228797908363,582.89,48797000,683.53,561.7329247311828,1.0029271613473099,0.05614269308318187,149.86,502683584,183.85,152.38541935483872,0.9994972837240952,-0.05557421281953534,2723.06,2929.67,2809.6870537634413,0.9987140597275438
5.84,110529,84.6,7.978838709677419,0.9753594346839682,-0.4930099945574191,593.58,35188000,683.53,563.957870967742,1.003960861360626,0.015883670578143105,149.57,502683584,183.85,152.29333333333335,0.9993957031985393,-0.05332622960318667,2781.01,2929.67,2809.5529892473123,0.9999522848938107
4.44,210515,84.6,7.6950322580645185,0.964430105440197,-0.6096983342309162,602.67,36310000,683.53,566.651806451613,1.0047768381692204,-0.01777673485474973,147.98,502683584,183.85,152.1007311827957,0.9987353211967848,-0.0385618931774554,2736.27,2929.67,2806.2642795698926,0.9988294544754962
3.55,48959,84.6,7.364215053763441,0.9570089905790355,-0.6599208189821331,580.33,27353000,683.53,567.7994623655914,1.0020253282543385,-0.016827219814692596,142.03,502683584,183.85,151.52870967741936,0.9962391929287382,-0.05344346302893155,2632.56,2929.67,2796.142387096774,0.996393107895501
3.25,156571,84.6,7.026193548387097,0.9540994521604036,-0.7054795891686959,597.91,40955000,683.53,570.0266666666668,1.0039225192144359,-0.006641524897150308,149.86,502683584,183.85,151.48393548387097,0.9997045167635644,-0.005084077973933843,2760.17,2929.67,2794.333720430108,0.9993531564504681
2.8,80383,84.6,6.671075268817205,0.9494579423233493,-0.7530468428205689,581.6,39801000,683.53,571.112129032258,1.0019042308528103,-0.0475281981247524,143.7,502683584,183.85,151.03197849462364,0.9970164691866258,0.014579720983946998,2633.08,2929.67,2784.117634408602,0.9963439993058762
3.03,341973,84.6,6.346516129032257,0.951348301929369,-0.7545247071264881,578.97,65197000,683.53,571.9914838709678,1.0015397236269519,-0.062026334420964835,144.43,502683584,183.85,150.63346236559138,0.9973613791396737,0.03944843297147349,2599.95,2929.67,2771.9676559139784,0.9956359679833698
2.56,108280,84.6,6.008688172043012,0.9467695425142237,-0.7355940342807766,528.88,58416000,683.53,569.6018064516129,0.995822180073062,-0.02982247290700779,133.59,502683584,183.85,149.53627956989249,0.992716208082398,0.023910366303575903,2416.62,2929.67,2748.2329892473126,0.9914376105305457
2.58,151139,84.6,5.689784946236559,0.9469263145838998,-0.7548814315260926,540.08,27889000,683.53,567.9656559139786,0.9971275538119746,0.010280941814500233,138.39,502683584,183.85,148.77651612903227,0.9949192032659533,0.043913109774067816,2485.74,2929.67,2729.6129677419353,0.9932247296432909
3.49,161859,84.6,5.447075268817204,0.957342908438061,-0.6720721797796404,548.21,31699000,683.53,566.8589462365591,0.9980514496503515,0.019806182045071674,144.11,502683584,183.85,148.4004946236559,0.9974725748716265,0.04894163016488373,2531.94,2929.67,2714.508817204301,0.9944665596492498
3.2,52187,84.6,5.202000000000001,0.9550079158589597,-0.7380422015358394,577.29,39069000,683.53,567.6441720430107,1.0013852225702087,0.0036895807053425322,147.07,502683584,183.85,148.2283440860215,0.9988399598123243,0.06543562950246418,2596.26,2929.67,2704.085720430108,0.996160227328004
3.25,58384,84.6,4.977569892473118,0.9568569574150553,-0.7228576230474946,577.09,28427000,683.53,568.3906881720429,1.001315112822079,-0.0017537086103187605,149.76,502683584,183.85,148.22991397849464,1.000010591041024,0.05357375307762069,2670.71,2929.67,2698.860258064516,0.9980675677822962
3.0,42418,84.6,4.754172043010752,0.9551190933953173,-0.7518064171703128,580.56,25020000,683.53,569.3460430107527,1.001680806632815,0.0036021951176510303,148.72,502683584,183.85,148.15713978494625,0.9995090451610263,0.023772146795038807,2664.76,2929.67,2693.4319354838713,0.9979886611155859
3.09,37130,84.6,4.554,0.9578954986904543,-0.7275220169179085,588.71,28017000,683.53,570.8002365591398,1.0025541471065595,-0.018521146234430574,152.23,502683584,183.85,148.30952688172042,1.0010285504768475,0.025256497873081152,2706.53,2929.67,2690.8137419354844,0.9990279340220578
2.99,32569,84.6,4.3641505376344085,0.9583114926733439,-0.6947649355918452,571.19,43914000,683.53,571.11,1.0005426827478692,-0.0873174978134823,151.73,502683584,183.85,148.42772043010748,1.0007969383415358,0.052084628506238295,2707.88,2929.67,2688.397247311828,0.9991019465279234
3.18,57402,84.6,4.203870967741936,0.9632735927621432,-0.8169336062856257,594.53,59254000,683.53,572.9693333333333,1.0032556483572925,0.02536011491555601,153.28,502683584,183.85,148.63991397849463,1.0014296086187422,0.057788551163500235,2775.6,2929.67,2690.5507096774195,1.0008010208936737
3.7,36843,84.6,4.093935483870968,0.9738489871086558,-0.7493747903377659,602.61,26261000,683.53,575.2271182795699,1.0039404987577636,0.021724585819446363,154.28,502683584,183.85,148.90139784946234,1.001759176683899,0.05255526526611698,2792.67,2929.67,2693.861870967742,1.001230663030588
3.96,48057,84.6,4.015118279569893,0.9807478147587829,-0.7063767275837025,603.11,40389000,683.53,577.3927741935485,1.0037648710312124,0.0931680912989088,155.2,502683584,183.85,149.20847311827958,1.0020622725726704,0.039633507331241935,2803.69,2929.67,2697.9402365591395,1.001513947554383
4.1,50279,84.6,3.956924731182795,0.9855063925057442,-0.54823496654271,589.39,35541000,683.53,578.5241505376345,1.001959457053591,0.027350717480565168,154.99,502683584,183.85,149.49331182795694,1.001908998220574,0.05010366305419256,2743.07,2929.67,2698.18647311828,1.0000912683519834
3.95,81951,84.6,3.8965591397849466,0.9847443164834212,-0.5342365016413593,598.52,44130000,683.53,580.1415913978495,1.0027958052549957,0.04017054182964541,158.56,502683584,183.85,150.00249462365588,1.0034060573645256,0.014708600961700569,2822.48,2929.67,2703.749935483871,1.0020619265647572
3.75,30074,84.6,3.829978494623656,0.9829129642916274,-0.5591734008729901,576.98,34070000,683.53,580.2590537634409,1.0002024718919191,-0.034286594626710576,158.47,502683584,183.85,150.50417204301075,1.0033444605078972,0.037611585041997575,2800.71,2929.67,2707.9683440860217,1.0015602066399665
3.57,21310,84.3,3.7604731182795703,0.9818522802564938,-0.6014340507453197,569.61,38969000,683.53,579.8526666666667,0.9992996454012419,-0.05924004054803533,157.68,502683584,183.85,150.95088172043012,1.0029680883350642,0.04709529783289068,2834.4,2929.67,2714.519397849463,1.002419176641318
3.68,15659,84.2,3.7088602150537637,0.9862748910569478,-0.559635271362741,583.47,31169000,683.53,580.3199569892473,1.0008058776814237,-0.05285037556288663,162.33,502683584,183.85,151.68965591397847,1.0048941363251962,0.046073192445636346,2892.74,2929.67,2724.9786666666664,1.0038530831002679
3.59,5498,84.2,3.6597634408602153,0.9867623012605675,-0.591347293236138,593.89,24075000,683.53,581.4031182795698,1.0018664898170002,-0.03715548000231217,164.85,502683584,183.85,152.573311827957,1.0058254197272334,0.03889860476635709,2907.41,2929.67,2736.3390967741934,1.0041689978150998
3.57,3985,81.2,3.6179784946236557,0.9885826100752736,-0.5902412605322394,626.43,35839000,683.53,584.5084301075269,1.0053410649690804,0.021298644257526256,165.97,502683584,183.85,153.51567741935486,1.0061764772626844,0.05316689284564868,2905.03,2929.67,2747.540752688172,1.0040936651189114
3.45,120774,81.0,3.5760860215053762,0.98842102760408,-0.6550568717575791,633.54,31083000,683.53,587.9593548387096,1.0059039776903609,0.03514303815204611,170.44,502683584,183.85,154.73113978494624,1.007917512960394,0.05271256014047143,2939.88,2929.67,2761.043784946237,1.0049145885260677
3.01,16810,81.0,3.513720430107527,0.9825603771769461,-0.685518485537897,622.77,32128000,683.53,590.5492473118279,1.0044048835209516,-0.04678009823127516,167.45,502683584,183.85,155.73243010752688,1.006471162326939,0.04601493646280286,2945.64,2939.88,2774.8627311827954,1.0050049717834617
3.29,57099,81.0,3.4786021505376343,0.9900053859524567,-0.6770555438159729,621.01,26256000,683.53,592.9049677419355,1.0039890329906114,-0.023177692563491448,164.33,502683584,183.85,156.50987096774193,1.004992157764945,0.03904110462706467,2881.4,2945.64,2784.407978494624,1.0034398989198863
2.98,32000,81.0,3.4314193548387104,0.9864362770857162,-0.5528024617492502,612.91,21255000,683.53,594.5655268817204,1.0028007171977478,-0.13856066444917792,164.76,502683584,183.85,157.2887741935484,1.0049767035202974,0.042307608059900526,2859.53,2945.64,2792.2965161290326,1.002833111273684
3.45,7450,81.0,3.422107526881721,0.9972863042974159,-0.4306943321971497,604.22,19501000,683.53,595.6498494623655,1.0018237225866962,-0.09357879854960482,162.38,502683584,183.85,157.88926881720428,1.0038177843697667,0.04506568604967032,2826.06,2945.64,2797.828387096774,1.001981118744298
2.92,10031,81.0,3.3827526881720424,0.9884998240410233,-0.4849877335346292,586.63,23329000,683.53,595.5121075268818,0.9997687535124737,-0.13369108030678234,157.52,502683584,183.85,158.14217204301076,1.0016017759009277,0.04046458971596678,2752.06,2945.64,2798.2261290322585,1.0001421609478691
2.76,7311,81.0,3.338838709677419,0.9870182710523975,-0.5423236391950953,602.44,26223000,683.53,596.3863225806452,1.00146800550772,-0.11389778293988795,158.98,502683584,183.85,158.4727956989247,1.0020906735480022,0.029713517615394203,2873.34,2945.64,2806.386021505376,1.0029160947317504
2.64,8445,81.0,3.2938064516129035,0.9865125985469162,-0.4036299727474004,601.6,28178000,683.53,597.1872903225807,1.0013430350623562,-0.12750855272004769,161.19,502683584,183.85,158.9257634408602,1.0028583312355774,0.034190191174353846,2886.98,2945.64,2815.2273548387097,1.0031504337840849
2.57,11098,81.0,3.2481290322580643,0.986132330473616,-0.33435075672098147,614.16,32045000,683.53,598.8008817204302,1.0027019854976784,-0.09423878347147663,165.57,937150016,183.85,159.63290322580644,1.0044494974863492,0.04498265067482676,2950.46,2945.64,2827.840064516129,1.0044801744540246
2.2,32501,81.0,3.1806881720430114,0.9792370132019759,-0.3500040525780186,614.01,34813000,683.53,600.3320430107526,1.0025570458178406,-0.06417781113467624,164.23,868274624,183.85,160.20296774193545,1.0035710965885438,0.030100070850124228,2941.76,2950.46,2839.2078279569896,1.0040199456763852
2.73,17851,81.0,3.149698924731183,0.9902570621086935,-0.11150275103163665,631.91,23263000,683.53,602.9834193548388,1.0044165164511112,-0.02813081306480636,168.73,535211584,183.85,161.03245161290317,1.0051777060229241,0.03847433212543727,2990.41,2950.46,2853.323784946237,1.0049717941921161
2.81,14278,81.0,3.1240215053763443,0.9918476591037887,-0.17072978866361666,635.78,26512000,683.53,605.7762795698925,1.0046317363386905,-0.03487042124796513,170.73,708170624,183.85,161.93713978494623,1.0056180488030932,0.022930533270964393,3013.77,2990.41,2868.1783870967743,1.0052060695771394
2.72,3641,81.0,3.093010752688172,0.990073450955826,-0.08630502193314182,607.58,35401000,683.53,606.6276129032259,1.0014053593084526,-0.033527757460293905,165.51,780385664,183.85,162.44849462365593,1.0031577366340345,0.007215565742676011,2976.61,3013.77,2879.745634408602,1.004032959513211
2.82,2742,81.0,3.0681075268817204,0.9919485485833479,-0.06119463783143231,623.37,32134000,683.53,608.3284086021505,1.0028036898795043,-0.03844981306288253,173.05,998224000,183.85,163.37765591397846,1.0057197285359591,0.03316421485539167,3025.86,3013.77,2893.2860215053765,1.0047019385792229
2.81,12300,81.0,3.042043010752688,0.991504692746045,-0.2828196418779765,596.44,24642000,683.53,608.1126666666667,0.9996453528514646,-0.13844280272675413,167.01,934927808,183.85,163.84260215053763,1.0028458373573677,0.000881319267193259,2932.05,3025.86,2899.612602150538,1.002186641969766
3.32,28979,81.0,3.0503440860215054,1.002728783005196,0.020558774619341857,587.07,30588000,683.53,607.188688172043,0.9984805800877519,-0.18344180052398884,165.94,987985152,183.85,164.1892688172043,1.0021158518121445,0.004131474241801936,2918.65,3025.86,2904.214215053764,1.0015869750668807
3.1,11987,81.0,3.044193548387097,0.9979836577576301,-0.029328047751517095,567.38,23099000,683.53,604.9733548387097,0.9963514910990805,-0.19580797916149772,164.35,840600064,183.85,164.39277419354838,1.0012394560120166,0.015807541480694853,2888.68,3025.86,2906.1889677419354,1.0006799610985773
3.4,129753,81.0,3.057720430107527,1.00444350252552,0.18090808874190412,552.94,23825000,683.53,601.8472903225806,0.9948327236379485,-0.20577151658155146,161.06,715996160,183.85,164.35264516129033,0.9997558954007869,0.014544540013134766,2847.11,3025.86,2905.0130322580644,0.9995953685404069
3.66,71572,81.0,3.0871612903225807,1.0096283688741348,0.237310374023309,557.6,23272000,683.53,599.0812688172044,0.9954041140504368,-0.1988076747041504,166.58,701258496,183.85,164.64210752688172,1.0017612273006455,0.013006227430832906,2926.46,3025.86,2908.564301075269,1.0012224622670434
3.8,19573,81.0,3.1244086021505377,1.012065230263387,0.27263623365430634,570.2,20386000,683.53,597.1950537634409,0.9968514871822189,-0.14807354996118793,169.82,600590784,183.85,165.1097419354839,1.0028403086891111,0.01920942874795495,2978.71,3025.86,2915.0135698924737,1.0022173375416938
3.64,92360,81.0,3.1495913978494623,1.0080600199607668,0.15062519127471008,590.98,31820000,683.53,596.6516129032258,0.9990900111164845,-0.10353545417928078,172.31,998218240,183.85,165.6991182795699,1.0035696036901098,0.04064200717496114,3007.39,3025.86,2922.730731182796,1.0026473843449746
3.37,55835,81.0,3.1563655913978494,1.0021508166275195,-0.05487180315178508,581.93,27650000,683.53,595.531935483871,0.998123398319655,-0.1525306027079082,170.66,908409984,183.85,166.14111827956992,1.0026674855279212,0.03476939504523635,2992.07,3025.86,2928.961032258065,1.0021316712514081
3.3,22162,81.0,3.159333333333333,1.0009402402381942,-0.11583016917864641,572.45,48878000,683.53,593.8451182795699,0.9971675453425841,-0.18488787996575617,166.67,793946624,183.85,166.29047311827955,1.000898963725875,0.017514667388077276,2961.79,3025.86,2932.808967741935,1.0013137544137634
3.15,20839,81.0,3.154043010752688,0.9983254940133007,-0.1909024170918342,565.34,48370000,683.53,591.7655268817205,0.9964980912803085,-0.17387521792053373,166.98,769390016,183.85,166.43516129032255,1.0008700929724343,0.0011896991192692496,2952.01,3025.86,2935.6859354838707,1.0009809598148327
2.81,15101,81.0,3.1288602150537637,0.9920157094836464,-0.20307996010412188,547.33,61916000,683.53,588.5757204301076,0.9946096784846163,-0.18787624701629657,168.26,706739968,183.85,166.63664516129032,1.0012105847670991,0.008813827437212929,2970.27,3025.86,2939.291634408602,1.001228230472868
2.74,4742,81.0,3.101612903225807,0.9912916174085173,-0.22009419159531818,548.57,115632000,683.53,585.5759999999999,0.9949034247829394,-0.16114047411107957,170.48,769350016,183.85,166.9604946236559,1.001943446845393,0.009557580617425732,2986.2,3025.86,2943.607247311829,1.0014682493062976
2.66,69707,81.0,3.071376344086022,0.9902513433870688,-0.2500389843618491,566.84,67260000,683.53,583.8160860215054,0.9969945592399714,-0.0936934274832596,170.68,919190016,183.85,167.27141935483868,1.0018622652734925,0.01606456725826777,3022.55,3025.86,2949.86911827957,1.0021272780101556
2.65,65698,81.0,3.042451612903226,0.9905824855236348,-0.2424600739503764,561.63,139928992,683.53,581.726,0.9964199581485523,-0.10830154434631734,173.25,976520000,183.85,167.72019354838707,1.0026829101784351,0.007061023474379979,3066.91,3025.86,2958.588301075269,1.002955786323423
2.7,24265,81.0,3.0189677419354837,0.992281267229314,-0.24003061632592737,589.21,94491000,683.53,581.4622365591398,0.9995465847480426,-0.03631960443673854,175.28,936289984,183.85,168.2764516129032,1.003316583726429,-0.0005913230963818794,3093.08,3066.91,2968.621311827956,1.0033911479840032
2.85,41032,81.0,3.0070752688172044,0.9960607485290138,-0.12207081961178701,576.56,61595000,683.53,580.3924086021506,0.9981601075878632,-0.16261722098241838,177.63,858080000,183.85,168.96189247311824,1.004073302316784,-0.003903921549358591,3120.46,3093.08,2980.0214838709676,1.003840224415822
3.27,126990,81.0,3.0238279569892472,1.0055710904032782,0.04273722121797319,573.41,61070000,683.53,579.2266021505376,0.9979913478633865,-0.15051905132082943,176.92,895630016,183.85,169.57645161290324,1.0036372647748533,-0.01994570664153117,3110.29,3120.46,2990.30223655914,1.0034498921379646
2.94,5607,81.0,3.019677419354839,0.9986273896222122,0.03838813164440491,584.38,53006000,683.53,578.8978494623657,0.9994324281948527,-0.12147414518005983,178.24,642579968,183.85,170.26223655913975,1.0040441048253679,-0.001877814999530214,3140.98,3120.46,3002.1965161290314,1.0039776178556379
3.09,37515,81.0,3.0253548387096774,1.0018801410105758,-0.0030778373635770295,585.17,58204000,683.53,578.702623655914,0.9996627629440443,-0.12236432784253082,179.48,810209984,183.85,171.00481720430108,1.004361393695797,0.00039341397728143157,3145.91,3140.98,3013.9887741935486,1.0039278768065862
3.1,22086,81.0,3.0321075268817195,1.0022320317886817,0.07086022351946519,594.16,62525000,683.53,579.1644731182795,1.0007980773604375,-0.05409103831284778,178.27,810000000,183.85,171.63675268817204,1.0036954250424184,-0.02615607943733922,3168.8,3145.91,3026.6889677419354,1.0042137494529273
3.45,92713,81.0,3.0611827956989255,1.0095891285382967,0.01848664393763877,593.05,96328000,683.53,579.5950322580645,1.0007434142800005,-0.06641615935614098,182.8,1015040000,183.85,172.5318924731183,1.0052153153152026,-0.01407277663839146,3221.22,3168.8,3042.106,1.0050936955935603
3.46,43693,81.0,3.0909032258064517,1.0097088060697599,0.17695373551133398,591.31,28420000,683.53,579.9373548387097,1.0005906237313862,-0.05435562123354898,183.16,400929984,183.85,173.4063440860215,1.0050683476565903,-0.014534199594008923,3240.02,3221.22,3057.8861290322575,1.0051872383908573
3.59,16252,81.0,3.127849462365591,1.011953216862524,0.33282741970094565,583.1,40202000,683.53,579.7399354838709,0.9996595850341565,-0.06708416568936804,183.01,513649984,183.85,174.21597849462367,1.004669001084531,0.02533583485831481,3234.85,3240.02,3072.2833333333333,1.004708221200386
3.66,6206,81.0,3.167526881720429,1.0126852074667398,0.42120406189555115,580.64,72454000,683.53,579.4253978494623,0.999457450461566,-0.06734849872890092,186.63,819120000,183.85,175.20748387096774,1.0056912424733455,0.02676533614221932,3265.35,3240.02,3087.870838709677,1.005073589797928
3.63,37685,81.0,3.203075268817205,1.0112227578247002,0.4331462947842081,601.45,147367008,683.53,580.4985161290322,1.0018520387327734,-0.0693057476491229,191.1,811790016,186.63,176.43266666666668,1.0069927537832872,0.025685825568203535,3329.62,3265.35,3106.7910967741936,1.0061272828601933
3.53,6674,81.0,3.2298924731182796,1.0083723303545649,0.6599842910464884,579.97,71788000,683.53,580.2131612903225,0.9995084314071766,-0.14433357565245353,188.48,796152000,191.1,177.4339139784946,1.0056749542516386,0.027421226364364948,3295.47,3329.62,3122.692731182796,1.005118346845114
3.57,1446,81.0,3.256430107526881,1.0082162594047537,0.41982852962264594,561.05,78959000,683.53,578.7803655913979,0.9975305701516003,-0.1556554543470262,182.84,993284992,191.1,178.01913978494622,1.0032982747961168,0.0050033997207739045,3225.52,3329.62,3133.320795698925,1.0034034935330007
3.55,5687,80.4,3.2798709677419353,1.0071983305156385,0.3651886006809355,571.03,148731008,683.53,578.1438279569893,0.9989002086590167,-0.16527688134624818,188.88,996889984,191.1,178.96369892473118,1.0053059414899208,0.002139672839463369,3327.71,3329.62,3150.0361505376345,1.0053347090606408
3.38,11450,80.4,3.2907526881720432,1.0033177282085581,0.278247308996346,585.95,138664000,683.53,578.6091182795699,1.000804800293769,-0.17633025412590664,191.5,897411968,191.1,180.03825806451616,1.006004341362194,0.0214560971871125,3380.16,3329.62,3169.4602365591404,1.0061663057480121
3.23,1696,78.6,3.290537634408603,0.9999346490654818,0.2071190601258296,584.89,72157000,683.53,579.0525376344087,1.0007663539008118,-0.19410308992326797,189.12,697926016,191.5,180.903376344086,1.0048051913458296,-0.010211494016826972,3337.75,3380.16,3185.2803440860216,1.0049914200987282
2.98,19514,78.6,3.2733118279569897,0.9947650480360759,0.19476151619418747,516.36,133793000,683.53,575.1574193548387,0.9932732903727826,-0.10713234062945654,171.25,1608301952,191.5,180.5810322580645,0.9982181422340709,0.017826438737408523,2954.22,3380.16,3175.6858494623652,0.9969878649326832
2.73,14201,78.6,3.239591397849463,0.9896983752603329,-0.012091751953390628,489.84,104757000,683.53,569.7235483870968,0.9905523761236756,-0.16704658323301802,168.93,1455155968,191.5,180.09989247311827,0.9973356017576716,-0.0003872088651921679,2972.37,3380.16,3167.2146451612903,0.9973324803829355
2.85,31793,78.6,3.2148817204301077,0.9923725944463989,0.14026498711110147,442.04,133881000,683.53,561.4149032258065,0.9854163564331994,-0.13395180634574066,157.61,1904397952,191.5,178.882,0.9932376835077786,0.020492099835721977,2711.02,3380.16,3141.766623655914,0.9919651730758904
1.75,94659,77.6,3.1197419354838716,0.9704064431541488,-0.11811142151366272,349.91,137858000,683.53,547.4319354838708,0.9750933442244023,-0.07238088222677863,138.3,1991255040,191.5,176.4327956989247,0.9863082685732757,0.04912141715050011,2304.92,3380.16,3090.5006666666673,0.9836824426730999
1.5,108977,77.5,3.0120215053763437,0.9654713651528936,-0.2895541783286685,389.98,122164000,683.53,536.4707526881721,0.9799770855786661,-0.10010653880668496,145.91,1826660992,191.5,174.5235053763441,0.9891783706367226,0.007470323884180119,2541.47,3380.16,3055.6620000000003,0.9887271771067945
1.18,198390,77.2,2.8883010752688176,0.9589244532661239,-0.32261994867913374,361.02,89260000,683.53,524.0016559139785,0.9767571732257299,-0.10661541758434312,143.84,1342385024,191.5,172.52511827956985,0.9885494673484531,0.01153536912739217,2488.65,3380.16,3018.2435268817203,0.9877543808450411
1.79,124158,77.2,2.8095698924731183,0.9727413518383392,-0.21997481181379114,420.62,92424000,683.53,515.8275698924731,0.9844006484917533,-0.2150101061808356,158.14,1116019968,191.5,171.50518279569894,0.9940881913657457,-0.009890382594576308,2789.82,3380.16,3001.3092688172046,0.9943893665591619
1.9,81584,77.2,2.741913978494624,0.9759194764437982,-0.13030588228335271,403.92,86191000,683.53,506.9424301075269,0.9827749808200473,-0.1888956510354629,164.69,1107810048,191.5,170.9383010752688,0.9966946671162387,0.004291978553156106,2874.56,3380.16,2990.31,0.9963351764739862
1.91,63488,64.9,2.678064516129032,0.9767135428513163,-0.11858307064001883,399.21,117667000,683.53,498.1362365591397,0.9826288094557023,-0.1458162884637232,164.63,1103789952,191.5,170.3803870967742,0.9967361675236907,0.02998133406882042,2836.74,3380.16,2977.123440860215,0.9955902367514455
2.11,90078,64.9,2.6301075268817202,0.9820926684333092,-0.08835733630724252,428.64,102988000,683.53,491.601311827957,0.9868812500445209,-0.07659575727931,167.99,1226413056,191.5,170.04363440860217,0.9980235243392143,0.047139275290174476,2830.71,3380.16,2963.816774193548,0.9955303611250926
2.5,120808,64.9,2.609548387096774,0.9921831561733442,0.09761642624470157,433.52,149240000,683.53,485.67520430107527,0.9879452975728518,-0.059993086117352545,174.23,1140004992,191.5,170.10729032258064,1.00037435046716,0.04910582750608272,2929.8,3380.16,2957.1638709677422,0.9977552919992444
2.37,89130,64.9,2.5812688172043003,0.9891630406118141,0.13692514938308753,399.38,116721000,683.53,477.79126881720435,0.9837670619911171,-0.048214580718473954,172.15,1095511040,191.5,170.02391397849462,0.9995098602539144,0.050817905176261946,2863.7,3380.16,2946.333483870968,0.9963375762827679
2.4,204219,64.9,2.5557204301075265,0.9901023919219523,0.15320828887545945,424.59,93845000,683.53,471.85462365591394,0.9875748144666041,-0.07972173570018437,179.85,1194665984,191.5,170.43372043010754,1.0024102871297549,0.07592606956870096,2955.45,3380.16,2941.685892473118,0.998422584740223
2.28,327499,64.9,2.5229892473118283,0.987192972122416,0.06382090673407148,447.37,92794000,683.53,467.6935698924731,0.9911814920214173,-0.08695830991264619,180.89,1058963968,191.5,170.89090322580643,1.0026824667943945,0.05146710460293169,3044.31,3380.16,2942.9155053763443,1.0004179959887534
3.2,328817,64.9,2.5504086021505374,1.0108678048738906,0.35850199922432235,487.09,96942000,683.53,466.3408172043011,0.9971076089660951,-0.1553381316197202,185.2,985712000,191.5,171.60972043010753,1.0042062929666378,0.023990121096395756,3193.93,3380.16,2953.846623655914,1.0037143840044336
2.77,155651,64.9,2.549010752688172,0.9994519115638227,0.20980619475704654,439.41,106856000,683.53,462.13154838709676,0.990973835740052,-0.16102113522021144,180.02,1121889024,191.5,171.9730107526882,1.002116956555084,0.03881978446839052,3041.31,3380.16,2954.71440860215,1.000293781315281
3.1,162326,63.2,2.5690752688172043,1.0078714913649824,0.18178911108910278,439.36,124107000,683.53,458.21399999999994,0.9915228717866815,-0.16111531404735036,183.56,1149193984,191.5,172.55954838709678,1.0034106377032155,0.041566081018678425,3097.74,3380.16,2959.393053763441,1.001583450890438
3.09,265346,59.2,2.588860215053763,1.007701193685021,0.32195712742128224,426.05,139838000,683.53,453.72602150537637,0.9902054967883487,-0.14939161167927262,173.97,1423064064,191.5,172.51309677419357,0.9997308082146865,0.018046351212550715,3009.05,3380.16,2958.376752688172,0.9996565846250208
3.03,169700,54.5,2.6044516129032256,1.0060224950574006,0.2178469089805618,446.33,84654000,683.53,450.8869247311828,0.9937427067445371,-0.16753899676136874,183.78,901292992,191.5,173.1087311827957,1.0034526909535557,0.02901228264219824,3130.01,3380.16,2965.448043010753,1.002390260238543
2.69,144644,53.4,2.5982365591397847,0.9976136804643827,0.11005040458310344,450.19,109471000,683.53,448.59544086021515,0.9949178302911893,-0.18020497766597543,192.39,1096802048,191.5,174.2506021505376,1.0065962644399264,0.07408073077797117,3185.04,3380.16,2976.103849462366,1.0035933209070136
2.69,144644,50.3,2.5929032258064515,0.9979473257296099,0.0052223277114498146,459.31,78944000,683.53,447.2019569892473,0.9968936735774762,-0.1392922399555968,190.61,1008017984,192.39,175.2472688172043,1.0057197315496544,0.041634639576940025,3224.73,3380.16,2989.2853763440853,1.004429121948853
