48.93,13767,82.29,48.110129032258065,0.995223452726996,-0.3016275391494012,451.92,27830016,468.64,402.5803225806452,1.00778503798712,0.0812010883476958,191.69,912963008,192.39,177.12470967741936,1.0058960515738722,0.03621683582373403,3271.12,3380.16,3018.0915913978497,1.0054030724624479
49.44,19492,82.29,47.94840860215054,0.9966385367622047,-0.3101983546803564,469.3,46355352,468.64,406.79092473118277,1.0104590361584156,0.10063900471378606,197.39,1064355968,192.39,178.51199999999997,1.00783228000829,0.03133847318881622,3351.28,3380.16,3039.4045376344084,1.00706172943767
49.19,23954,82.29,47.8069247311828,0.9970492478250592,-0.36307912776104445,468.53,46714380,469.3,410.90888172043014,1.0101230306255446,0.11368664478032342,196.89,885753984,197.39,179.84389247311825,1.007461080897185,0.01731480957698972,3372.85,3380.16,3061.9243010752693,1.0074092682175135
49.14,14188,82.29,47.70148387096774,0.9977944437796836,-0.35538171335017954,457.51,36296912,469.3,414.2979354838709,1.0082477014107145,0.11036290217833422,200.3,687713984,197.39,181.38333333333333,1.0085598728933494,0.031854713647328614,3397.16,3380.16,3085.9194838709677,1.0078366348858696
45.72,15249,82.29,47.416494623655915,0.9940255685109771,-0.42007170679612427,459.16,30449122,469.3,417.78761290322586,1.008423110811014,0.10169428438748451,209.9,856681024,200.3,183.51670967741936,1.0117616999582066,0.0604185727605977,3508.01,3397.16,3116.8475913978496,1.0100223313305912
44.7,13321,82.29,47.12027956989248,0.9937529111733272,-0.42663730826403956,450.93,41001504,469.3,420.7162795698925,1.0070099413582783,0.06926457860474722,204.6,1033849024,209.9,185.2499569892473,1.0094446294011843,0.0534021306905359,3426.96,3508.01,3141.9391612903223,1.0080503037625974
47.5,24684,82.29,47.064860215053756,0.9988238746598156,-0.3204070671717516,443.41,29766918,469.3,423.18458064516125,1.0058669017462127,0.0976015088802401,197.76,768910016,209.9,186.5081075268817,1.0067916374075456,0.04428342076102376,3340.97,3508.01,3161.2695483870975,1.0061523747292538
47.09,31400,82.29,47.025118279569895,0.9991555921912385,-0.21919337834828412,450.4,57861748,469.3,426.15810752688185,1.0070265482669225,0.13330137274888776,193.19,977305024,209.9,187.4579569892473,1.0050928052134607,0.02699747089547966,3319.47,3508.01,3179.29711827957,1.0057026361139214
47.66,17988,82.29,47.045677419354845,1.000437194855369,-0.2558561500896561,436.68,33556984,469.3,428.2655268817206,1.0049451584227007,0.11324875576409021,192.42,992832000,209.9,188.34937634408604,1.0047553028377978,0.007095602297383818,3298.46,3508.01,3196.0085161290317,1.0052563183709313
51.0,32358,82.29,47.304580645161295,1.0055032309025682,-0.1744339772716783,443.11,33184456,469.3,430.7354193548387,1.0057671988943446,0.16520356205047226,194.22,828286016,209.9,189.3113978494624,1.0051076436994348,0.023185045546342042,3348.44,3508.01,3215.2041290322577,1.0060061206991011
55.8,27763,82.29,47.879182795698924,1.0121468606782038,0.1553900959122061,444.38,29963894,469.3,433.1912043010753,1.005701376845013,0.2692606318078654,198.57,796393984,209.9,190.49967741935484,1.0062768517024916,-0.02270906710597509,3477.13,3508.01,3241.893569892472,1.0083010097614697
60.29,33040,82.29,48.71670967741935,1.0174925057784334,0.574021002940668,453.89,26659270,469.3,436.0293548387096,1.0065517270652193,0.25161293377789407,200.36,930622976,209.9,191.7153548387097,1.006381519569079,-0.06273214056776566,3483.81,3508.01,3267.366430107527,1.0078574017517483
63.58,29731,82.29,49.71298924731183,1.020450469181712,0.05380636865922894,457.09,24411396,469.3,438.71434408602147,1.006157817627451,0.24270015417875923,204.62,960318976,209.9,193.07240860215057,1.007078482391682,0.038833687122863836,3465.39,3508.01,3289.1156559139777,1.006656500356385
65.28,29380,82.29,50.802193548387095,1.0219098532911932,0.09687630134411229,440.69,26960936,469.3,440.06972043010757,1.0030894279212816,0.1648726461646477,196.55,1165054976,209.9,193.78255913978495,1.0036781565153503,0.0524995020775858,3269.96,3508.01,3296.2695698924726,1.0021750265806653
66.0,28045,82.29,51.91907526881721,1.0219849113280184,0.5058958798488529,480.83,38619368,469.3,443.7810322580645,1.0084334632801586,0.33529288758304876,211.48,1144573056,209.9,195.34258064516126,1.0080503710566182,0.07935110975395743,3509.44,3508.01,3317.1935698924735,1.0063477818049582
65.45,28889,82.29,52.95286021505377,1.0199114668526743,0.41539685745616584,503.25,51047964,480.83,448.6785161290323,1.0110358116164817,0.30293360947808234,213.16,1127622016,211.48,196.89627956989247,1.007953713520113,0.04711095138774435,3585.15,3509.44,3341.454516129033,1.007313696269267
64.18,25292,82.29,53.86361290322581,1.0171993105655344,0.35490657925319236,509.11,29789952,503.25,453.6527096774193,1.0110863198695177,0.32363141704697096,211.22,903884032,213.16,198.2205806451613,1.0067258816579048,0.028903749730032402,3557.54,3585.15,3362.4060215053764,1.0062701752411147
65.77,14124,82.29,54.843720430107524,1.0181960970320099,0.48671428794369165,514.01,22845160,509.11,458.6096129032258,1.0109266474553436,0.30746982578205695,216.99,632369984,213.16,199.81694623655915,1.008053480552837,0.006370450239078451,3638.35,3585.15,3387.0209677419343,1.0073206347119072
64.48,25245,82.29,55.69744086021507,1.015566420793708,0.3012193779245804,530.79,60688536,514.01,464.31963440860216,1.0124507235450846,0.2771721210057929,220.99,928196992,216.99,201.566,1.0087532804218227,0.005796399097664162,3699.12,3638.35,3413.8196989247317,1.0079121834314075
64.1,19845,82.29,56.49120430107528,1.0142513449199997,0.366414579398888,515.59,43218920,530.79,468.72670967741936,1.0094914686828405,0.20520376094939707,221.22,1065702976,220.99,203.22933333333336,1.0082520530909644,0.00576705070634298,3663.46,3699.12,3436.663333333334,1.0066915175443498
65.79,25555,82.29,57.353505376344096,1.0152643422270324,0.35451222048885334,504.41,59669832,530.79,472.11058064516124,1.0072192834286544,0.2005660189558316,220.2,1188903040,221.22,204.72133333333332,1.0073414598942407,-0.030754731109774225,3709.41,3699.12,3460.7515698924735,1.0070091929941172
65.5,13580,82.29,58.15462365591398,1.0139680787479872,0.4264050953034766,504.16,31961298,530.79,475.2216129032258,1.0065896262138696,0.2155839725865314,217.7,636921984,221.22,205.9652688172043,1.0060762377013517,-0.012893456982546292,3703.06,3709.41,3482.808709677419,1.0063735114582728
65.84,23056,82.29,58.93141935483871,1.0133574194120976,0.5473399707051392,518.85,21488244,530.79,479.05623655913985,1.008069127227795,0.21950025886710767,221.92,588433984,221.22,207.40230107526887,1.0069770610662516,0.022269533287693655,3756.07,3709.41,3506.869182795699,1.0069083533216812
64.78,30575,82.29,59.58640860215054,1.0111144319020724,0.49171900683863123,517.27,39702668,530.79,482.5930537634409,1.0073828852113575,0.2814914898021377,221.32,1121356032,221.92,208.72165591397848,1.0063613317300217,-0.02815755141177534,3824.68,3756.07,3534.1472043010754,1.0077784542517865
66.05,31057,82.29,60.27391397849462,1.0115379562633897,0.36032206287838897,501.72,39568592,530.79,484.87535483870965,1.0047292455982748,0.17690397832801952,213.44,1178520960,221.92,209.44380645161286,1.0034598735549127,-0.053670786188393826,3768.25,3824.68,3556.099913978494,1.0062116002555588
65.6,17899,82.29,60.89098924731182,1.0102378496448292,0.468021830521379,512.3,27948324,530.79,487.6500430107527,1.0057224772188433,0.1530142010876654,226.14,856067008,221.92,210.92105376344085,1.0070531916739647,0.023240483264919343,3841.47,3824.68,3581.3345376344087,1.0070961514767123
58.65,32717,82.29,61.01322580645162,1.0020074654830016,0.42267830571931175,512.16,58943776,530.79,490.1968172043011,1.005222544794264,0.1696738765046557,218.57,1725944064,226.14,211.79772043010755,1.004156373444113,0.002648071077787195,3714.24,3841.47,3596.570623655914,1.0042543040482248
57.55,25444,82.29,61.02445161290321,1.000183989721953,0.011466269304185595,532.43,44750712,530.79,493.86410752688164,1.0074812609830799,0.1658669018731096,234.43,1025052992,226.14,213.6227956989247,1.0086170675733002,-0.0018249861804231493,3886.83,3841.47,3621.6851397849455,1.006982906428653
59.16,31385,82.29,61.13154838709678,1.0017549813453943,0.16088216903478236,559.52,45245652,532.43,499.04806451612905,1.0104967275617722,0.157122425587785,237.55,1067569024,234.43,215.55875268817206,1.00906250188756,0.026057518708614502,3934.83,3886.83,3648.3872043010747,1.007372828803587
60.37,29520,82.29,61.299032258064514,1.0027397289188096,0.23462128150768624,554.83,34133312,559.52,503.68412903225806,1.0092898156425556,0.14720264764840074,235.35,802782976,237.55,217.25182795698922,1.0078543564003006,0.03409215015583378,3906.71,3934.83,3671.7479784946236,1.0064030413674319
59.63,26392,82.29,61.39432258064516,1.001554515937209,0.24594020541614847,547.87,42732216,559.52,507.63653763440857,1.0078469984943628,0.17922319799546504,232.08,1319369984,237.55,218.63303225806453,1.0063576187784655,0.04561453944546634,3811.15,3934.83,3687.4573978494623,1.0042784579570407
58.64,21865,82.29,61.4027311827957,1.0001369605819739,0.21543640268469622,554.15,39320616,559.52,511.7877634408602,1.0081775551968666,0.16851824359131418,237.73,1251053056,237.55,220.29189247311828,1.0075874180489603,0.05795725919557304,3841.94,3934.83,3703.9919139784947,1.0044839883814456
59.01,29549,82.29,61.415225806451616,1.0002034864478377,0.2615861467758994,577.68,47429620,559.52,517.2745806451612,1.0107208839215145,0.1430967718210252,239.41,1322830976,237.73,221.9723870967742,1.0076284905667194,0.04681632554010662,3943.34,3934.83,3726.013182795699,1.0059452799381388
57.6,21986,82.29,61.31563440860214,0.9983783923849221,0.16153730984113235,584.33,57119000,577.68,522.9556989247311,1.010982790363455,0.19859448913902789,240.71,1300617984,239.41,223.64531182795702,1.00753663441234,0.049873460717565044,3913.1,3943.34,3744.856623655914,1.0050572662885955
55.5,19409,82.29,61.06236559139785,0.9958694251531912,0.1808909624309194,587.36,43604636,584.33,528.5595698924731,1.0107157661332773,0.17597799014247073,236.19,1568609024,240.71,224.93972043010754,1.0057877743627655,-0.007739809658695362,3974.54,3943.34,3766.5543870967736,1.0057940171337394
55.02,14336,82.29,60.75709677419354,0.9950007043741634,0.1877363904953413,594.76,33429776,587.36,534.3651612903225,1.0109837977184493,0.2010696083240282,244.2,1426782976,240.71,226.69436559139783,1.0078005127681995,0.02053498746561422,4019.87,3974.54,3790.1733763440857,1.0062707150408408
53.16,29625,82.29,60.30963440860215,0.9926352247005086,0.06714946636131103,603.17,30759556,594.76,540.4040215053764,1.0113009991154214,0.21604775552069944,251.95,1293714944,244.2,228.86384946236564,1.009570082896891,0.0382102508190143,4128.8,4019.87,3819.5450322580646,1.007749422782952
52.95,18498,82.29,59.836451612903225,0.9921541093667875,0.10393624460252227,613.45,40419256,603.17,546.7625376344087,1.0117662265194098,0.18616639807388013,251.93,1071345984,251.95,230.91550537634413,1.0089645259345157,0.043167984012400185,4185.47,4128.8,3850.8785591397855,1.0082034709938206
51.9,20303,82.29,59.28292473118279,0.9907493364529478,0.08472981893267884,621.9,35949316,613.45,553.3155698924731,1.0119851522498533,0.19806843488507964,250.35,1252039040,251.95,232.73890322580644,1.0078963855046916,0.03375058789281726,4180.17,4185.47,3880.007784946237,1.0075643065235893
49.9,20230,82.29,58.59124731182795,0.9883326029798423,-0.042388406240830956,619.23,37179568,621.9,559.2980215053764,1.0108120066349584,0.21499714515591517,257.55,1126429056,251.95,234.90223655913974,1.0092951083954984,0.07738159668722422,4181.17,4185.47,3907.305376344086,1.0070354475843475
48.9,19512,82.29,57.837419354838715,0.9871341199995745,-0.11423574181672747,626.28,46304792,621.9,565.3565591397851,1.0108323959704022,0.2531867229942488,257.83,1120376960,257.55,236.94744086021504,1.0087066191068828,0.08116553733758147,4232.6,4185.47,3936.1302150537635,1.0073771655740529
46.98,12193,82.29,56.97455913978495,0.9850812808614433,-0.23310717661578018,608.24,48926592,626.28,569.8600430107526,1.007965740908392,0.16828177454280224,252.8,968390976,257.83,238.54068817204296,1.0067240536806128,0.0636583847307528,4173.85,4232.6,3959.540064516129,1.0059474275959759
44.99,18945,82.29,56.01193548387097,0.9831043246240446,-0.3211778845574478,604.44,39010544,626.28,573.7864301075267,1.0068900901983402,0.12446713333636272,251.18,1795272960,257.83,239.91664516129035,1.0057682276335809,0.028296324461045907,4155.86,4232.6,3980.3053118279568,1.0052443584288786
40.6,21874,82.29,54.806064516129034,0.9784711783778802,-0.40402023990111824,611.55,52167528,626.28,577.8546451612904,1.007090120714429,0.11096753539704274,257.37,1014369024,257.83,241.59182795698928,1.0069823533693243,0.023761524700327108,4204.11,4232.6,4002.6985806451607,1.0056260178712069
40.35,14714,82.29,53.63713978494624,0.9786716170645899,-0.45442264487444906,611.9,27700804,626.28,581.5780000000001,1.0064434107606255,0.0123755061718267,258.81,675211008,257.83,243.22911827956992,1.0067770931509825,0.01851450643434327,4229.89,4232.6,4024.7461505376345,1.005508176408557
39.31,17416,82.29,52.456279569892466,0.9779842806721548,-0.47441342164778233,622.21,27591580,626.28,585.6846451612903,1.0070612113272686,0.014979545101542868,260.93,787097984,258.81,244.90139784946234,1.0068753263660246,0.03937249774301099,4247.44,4232.6,4046.376623655914,1.0053743695401485
38.8,23502,82.29,51.298731182795706,0.9779330826244654,-0.5170684166241937,609.92,35917548,626.28,588.7425591397849,1.0052210929614733,-0.010337526594708102,258.06,934726976,260.93,246.28578494623656,1.005652834605808,0.05059889449934585,4166.45,4247.44,4061.3576559139788,1.0037023326426122
39.8,22001,82.29,50.26027956989247,0.9797567778196529,-0.5173098584119676,637.35,34515992,626.28,593.3533548387095,1.0078315991044735,0.011326007306374342,264.16,871539008,260.93,247.9629892473118,1.0068099923080878,0.040833479886044355,4280.7,4247.44,4082.4001720430106,1.0051811531787629
40.61,20313,82.29,49.32993548387096,0.9814894765014636,-0.4278302874346078,639.13,29045422,637.35,597.8137419354839,1.0075172526798755,-0.00784755191266373,269.14,783276032,264.16,249.86004301075266,1.007650552081177,0.04129521689300275,4352.34,4280.7,4106.683225806452,1.005948229654147
41.5,51993,82.29,48.5083440860215,0.9833449731934458,-0.3799500135180742,636.01,23400580,639.13,601.8398494623656,1.006734718934106,-0.04728105227522472,267.97,637466688,269.14,251.57806451612905,1.0068759353623518,0.01858953105411132,4369.55,4352.34,4130.67182795699,1.0058413568399414
41.65,19033,82.29,47.745032258064505,0.9842643190086351,-0.4137109016568914,630.55,26448122,639.13,605.2547311827957,1.0056740704748626,-0.03645401472290177,267.3,754379712,269.14,253.15232258064518,1.006257533094326,0.04736053965470122,4327.16,4369.55,4150.40711827957,1.0047777434626999
36.54,28563,82.29,46.70395698924731,0.9781951080650626,-0.4691433946305774,639.45,30413032,639.13,608.9725376344087,1.0061425483520758,-0.02345329303921284,275.96,934770240,269.14,255.184,1.0080255136458707,0.07622292118632967,4411.8,4369.55,4174.274559139784,1.0057506264277294
35.5,18684,82.29,45.65806451612903,0.9776059130630178,-0.5040421506974901,645.18,30804052,639.45,612.7690752688172,1.0062343330770815,-0.029182674090686422,273.3,948487296,275.96,256.91877419354836,1.006798130735267,0.06134966410121856,4395.26,4411.8,4195.550731182796,1.0050969747537153
37.83,11970,82.29,44.82774193548387,0.9818143281051294,-0.46387663796711476,662.53,45652220,645.18,617.4132903225807,1.007579062392674,-0.03429121020193082,275.34,844438528,275.96,258.67466666666667,1.0068344264782905,0.0841094155573654,4436.52,4411.8,4218.11423655914,1.0053779603256003
36.7,13911,82.29,43.982473118279565,0.9811440688129949,-0.45741771150940236,656.39,26043510,662.53,621.3489892473119,1.0063744966077341,0.017032834106376793,277.4,645330752,275.96,260.4472903225806,1.0068527145651962,0.11396639055248459,4468.0,4436.52,4241.392924731183,1.0055187429421142
35.95,13675,82.29,43.15193548387097,0.981116622701614,-0.5082725137402246,646.34,30550328,662.53,624.3036774193549,1.004755279598382,-0.018956440499311666,276.32,716272000,277.4,262.01268817204306,1.0060104209474539,0.06565566749097362,4441.67,4468.0,4261.46806451613,1.0047331478458152
36.2,17763,82.29,42.40129032258064,0.9826046003991895,-0.4190440241478195,655.9,23212096,662.53,627.58688172043,1.0052589860028482,0.0025079199554662868,284.06,673705984,277.4,263.9695268817204,1.0074684883519551,0.08555331302135905,4509.37,4468.0,4284.620193548388,1.0054328998086455
36.34,11860,82.29,41.70795698924731,0.9836482963594129,-0.3718878170091918,667.83,28883460,662.53,631.3306451612904,1.005965330936487,-0.0341541799224061,286.77,763848000,284.06,265.9603655913979,1.0075419262715484,0.05639373696821148,4535.43,4509.37,4307.743655913979,1.005396852304531
36.4,10824,82.29,41.06410752688172,0.9845629105608894,-0.41416878456163997,657.03,28191528,667.83,634.0864516129033,1.004365076323689,-0.05027351211573383,283.32,615651968,286.77,267.6160645161291,1.0062253596360102,0.059569094618247886,4458.58,4535.43,4324.514215053764,1.0038931191081348
33.3,23441,82.29,40.26920430107526,0.9806423839776357,-0.46623182145696895,659.95,47572696,667.83,636.8209462365592,1.0043124949550652,-0.041604358073570324,279.82,1031019008,286.77,268.9475268817204,1.0049752707035682,0.054240807415350645,4432.99,4535.43,4338.507462365591,1.0032357963498226
34.2,10670,82.29,39.590580645161296,0.9831478255482727,-0.45674204649537864,685.78,39634464,667.83,640.9958279569893,1.0065558172122047,0.014313943663942341,277.81,958289024,286.77,270.05367741935487,1.0041128860728321,0.02797966710579347,4455.48,4535.43,4352.819892473119,1.0032989294663386
31.86,11185,82.29,38.81567741935484,0.9804270810587072,-0.4094286550172668,654.09,30382508,685.78,642.8296129032259,1.0028608375690702,-0.04609316618839299,272.81,883832000,286.77,270.7389032258065,1.0025373689149493,0.013486867551002701,4357.05,4535.43,4359.396344086021,1.0015108485476907
31.5,14328,82.29,38.075139784946245,0.9809216872242622,-0.43386264503103567,666.15,28716848,685.78,645.2265376344086,1.003728709261475,0.0018196008747422,272.45,990300032,286.77,271.3254623655914,1.002166512210828,0.024391584019159085,4391.36,4535.43,4367.078580645161,1.0017622248478422
30.84,29192,82.29,37.351182795698925,0.9809860976653971,-0.3526498777399354,680.39,27899126,685.78,648.3519139784946,1.0048438434592981,-0.03966949626583238,271.29,1077810048,286.77,271.76612903225805,1.0016241257374985,-0.01562610173299217,4471.37,4535.43,4378.959268817204,1.0027205116538773
30.8,10510,82.29,36.6821935483871,0.9820892085005442,-0.32272731183905967,692.64,25992344,685.78,652.0610322580645,1.0057208411043466,-0.013137324462384248,269.62,963441984,286.77,272.0332903225807,1.0009830558770292,-0.0019648073238200947,4544.9,4535.43,4394.383247311828,1.0035222932089045
31.15,10593,82.29,36.08890322580646,0.9838262038010887,-0.3023355628386437,707.37,38408488,692.64,656.4940645161289,1.0067984928384892,-0.0016954084000939673,275.13,1144641024,286.77,272.5840430107526,1.0020245782695156,-0.018995487275680567,4605.38,4544.9,4412.482580645161,1.0041187425662985
29.6,7037,82.29,35.44694623655914,0.9822117900000832,-0.3002514738041381,692.04,43899200,707.37,659.6958924731182,1.0048771620796744,-0.047332032438267335,279.05,1165244032,286.77,273.3211827956989,1.0027042660927779,-0.03018602113358848,4697.53,4605.38,4435.267913978494,1.0051638353051586
29.3,16508,82.29,34.83630107526882,0.9827729825521467,-0.3398929700862863,681.43,37790024,707.37,662.0220860215054,1.0035261604247172,-0.05287528882697323,277.7,979772992,286.77,273.91294623655915,1.0021650844431715,-0.016544603025726357,4682.85,4697.53,4455.883075268817,1.004648008122655
25.5,16485,82.29,34.031354838709674,0.9768934642395027,-0.44660966856939477,685.34,41669252,707.37,664.4543440860214,1.0036739832641126,-0.037812033959981006,274.93,1065582976,286.77,274.27058064516126,1.0013056498917479,-0.025685623603225682,4697.96,4697.53,4476.403440860216,1.0046052298152282
21.9,8370,82.29,33.050924731182796,0.9711903886232685,-0.4774065019778242,675.86,30209522,707.37,666.1385591397848,1.0025347340547228,-0.025749839344507697,265.98,795932992,286.77,273.997935483871,0.9990059263350487,-0.0661522968057211,4594.62,4697.96,4489.143182795699,1.0028459771563922
19.0,3451,82.29,31.943612903225812,0.9664967973827292,-0.5755772091774072,679.17,59654756,707.37,667.9145376344085,1.0026660797070763,-0.04339179669066873,258.65,1684669952,286.77,273.2342580645161,0.9972128351332054,-0.06907543366392477,4538.43,4697.96,4497.368623655913,1.0018322963927142
19.5,8518,82.29,30.93286021505376,0.9683582226207738,-0.5330004043007399,694.69,34192648,707.37,670.578064516129,1.0039878258843624,-0.02819827482789483,266.26,1204137984,286.77,272.95978494623654,0.9989954659411165,-0.07569483912266906,4712.02,4697.96,4516.135720430108,1.0041729060578848
12.55,18366,82.29,29.53281720430107,0.9547392966243922,-0.6729464686434887,687.36,36088668,707.37,672.5827741935484,1.0029895246854905,-0.041254251173847845,262.92,1544376064,286.77,272.44088172043007,0.9980989755472269,-0.06509787104161413,4620.64,4712.02,4527.849978494624,1.002593867587177
13.48,42032,82.29,28.262537634408602,0.956987524721906,-0.5914565564503533,701.94,20271274,707.37,675.3498064516128,1.004114039734934,-0.012281173890495545,269.61,820499968,286.77,272.3283440860215,0.9995869282403658,-0.076527725678877,4725.78,4712.02,4545.347935483872,1.0038645178334873
12.59,97586,82.29,26.99316129032258,0.9550862572743432,-0.6240756562619599,703.37,27672042,707.37,678.0147096774193,1.0039459598571714,-0.01792438091072457,267.48,792689984,286.77,272.052064516129,0.9989854909490977,-0.09328632455867747,4766.18,4725.78,4564.33047311828,1.0041762562302916
12.8,14377,82.29,25.797032258064522,0.9556877010664592,-0.6267360690104227,668.53,38262552,707.37,678.2351612903227,1.0003251428173414,-0.014022236744323013,260.3,1354513024,286.77,271.29391397849463,0.9972132152756024,-0.10355300882741059,4677.02,4766.18,4576.407440860215,1.002645945076296
12.72,9485,82.29,24.652752688172043,0.9556429763530353,-0.6268918912023295,653.85,32359180,707.37,677.4089032258064,0.9987817528319464,-0.02383827759620294,261.66,1135126016,286.77,270.6248602150538,0.9975338416051092,-0.10519195126488845,4662.85,4766.18,4586.646387096775,1.0022373327482037
11.03,40441,82.29,23.455526881720427,0.9514364249057663,-0.6103397957741619,626.27,28434008,707.37,674.7088172043011,0.9960140972333733,-0.06833010487498026,243.22,1226653952,286.77,268.7583870967742,0.9931030980790294,-0.10665584725447186,4397.93,4766.18,4578.7261935483875,0.9982732059810261
10.22,55859,82.29,22.267913978494626,0.949367459992922,-0.62667264699986,613.75,36488928,707.37,671.2248172043011,0.9948362909878128,-0.08840177978694375,244.55,1753789952,286.77,267.02275268817203,0.9935420269955066,-0.10963342261719966,4431.85,4766.18,4572.742279569893,0.9986931050852252
10.9,27861,82.29,21.18952688172043,0.9515721545441725,-0.6470878799304993,631.28,50081200,707.37,668.9263655913978,0.9965757350533068,-0.02687272666155005,243.93,1739401984,286.77,265.3,0.9935482925300233,-0.11968945021928057,4500.54,4766.18,4571.018989247312,0.9996231385419903
13.23,56544,82.29,20.327268817204303,0.9593073470054695,-0.5858372274068078,605.0,36154080,707.37,664.9426021505376,0.9940445411546334,-0.025363422541378022,234.52,1571916032,286.77,263.0218494623656,0.9914129267333796,-0.14377463171940663,4418.64,4766.18,4563.730129032258,0.9984054189597114
13.98,41719,82.29,19.574516129032258,0.9629683311151501,-0.46302458974392674,591.76,37759880,707.37,660.1595913978493,0.9928068817711195,-0.04073473319260701,228.72,1292076032,286.77,260.44,0.9901838973923913,-0.15692021037731285,4348.87,4766.18,4551.743247311828,0.9973734464173997
13.82,68533,82.29,18.859956989247316,0.963495437891048,-0.41951725669743034,601.81,60799352,707.37,656.1275268817204,0.9938922882153522,-0.05674023765267766,232.93,1117132032,286.77,258.2313548387097,0.9915195624278518,-0.14529234607939134,4384.62,4766.18,4542.198150537634,0.9979029799671081
13.75,10192,82.29,18.187505376344085,0.9643450081415023,-0.4280217617553267,616.56,29316212,707.37,653.1403440860214,0.9954472527468924,-0.06897466278084319,226.71,1244274944,286.77,255.70823655913975,0.9902292334672299,-0.15235348593637665,4328.87,4766.18,4529.079161290323,0.997111753205712
13.6,23253,82.29,17.55716129032258,0.9653419161683727,-0.48313008172395583,609.77,28307076,707.37,649.8139569892471,0.9949070867740851,-0.052570999771669236,219.59,1265155968,286.77,252.83034408602148,0.9887454056551179,-0.1493819657401928,4204.31,4766.18,4508.155548387097,0.9953801618037373
13.11,19499,82.29,16.94488172043011,0.9651265053747639,-0.4397037222225062,627.29,29916254,707.37,647.7181505376344,0.9967747592536745,-0.03195935035815167,232.31,1386748032,286.77,250.89741935483872,0.9923548546430601,-0.16409436916668363,4463.09,4766.18,4504.4944946236565,0.9991879042938635
13.42,18615,82.29,16.401720430107527,0.967945406802828,-0.4006717013287149,646.47,17844680,707.37,646.9007311827955,0.9987380014684467,-0.023875944506652425,237.3,983683008,286.77,249.3810752688172,0.9939563185228423,-0.17207978485208197,4543.04,4766.18,4505.945440860215,1.0003221107803084
13.44,17750,82.29,15.908838709677418,0.9699493889966958,-0.4449221327330548,629.86,15574740,707.37,645.0319784946237,0.9971112218643577,-0.07058952301712285,237.17,998950016,286.77,247.95690322580646,0.9942891735410332,-0.17526058113557885,4545.86,4766.18,4507.505913978494,1.0003463142505298
13.7,4363,82.29,15.481978494623657,0.9731683611328525,-0.44631045514939016,615.17,15286053,707.37,642.2971397849461,0.9957601501927701,-0.12644169511447567,230.73,1825079040,286.77,246.22391397849455,0.9930109255892193,-0.1922818134800286,4488.28,4766.18,4505.329118279569,0.99951707313524
13.28,17346,82.29,15.076838709677418,0.9738315238529152,-0.47768249821628034,604.73,14497095,707.37,638.9787741935484,0.9948335974335666,-0.12918362924559512,223.81,1528039040,286.77,244.15756989247313,0.9916078659759998,-0.19105090365819966,4392.59,4766.18,4496.914903225807,0.9981323861514084
12.8,13943,82.29,14.683784946236559,0.9739299616445078,-0.4963588345829507,580.24,18496784,707.37,634.1991612903226,0.9925199191330604,-0.22856720170904765,206.48,2004147968,286.77,241.09361290322582,0.9874509031581667,-0.21552809044879884,4271.78,4766.18,4480.793376344086,0.9964149806637086
12.9,18409,82.29,14.343204301075268,0.9768056637707309,-0.5468663009604364,550.45,21275020,707.37,627.7245806451613,0.9897909347089195,-0.19542554793855016,198.03,2066535936,286.77,237.63789247311823,0.9856664787237864,-0.22244220020981587,4131.93,4766.18,4456.044322580645,0.9944766357908621
13.24,15142,82.29,14.065333333333333,0.980626995062665,-0.5474175518445086,480.72,35844072,707.37,616.9741720430106,0.9828740040877456,-0.28388361007036234,200.13,1630916992,286.77,234.47847311827954,0.9867049007969296,-0.20440971665517893,4123.34,4766.18,4431.225204301075,0.9944302353201917
12.45,20483,82.29,13.775763440860215,0.9794125111996551,-0.6226697531439913,489.83,41598448,707.37,607.2102795698926,0.9841745523304704,-0.21386991682843026,199.81,1620925952,286.77,231.45393548387096,0.9871010008117765,-0.16340517258597764,4023.89,4766.18,4400.566344086023,0.9930811775972718
12.58,20444,82.29,13.534129032258067,0.9824594542698492,-0.569540159492278,490.82,29710212,707.37,597.920064516129,0.9847001683496791,-0.18014746729420827,193.79,1326824960,286.77,228.1947311827957,0.9859185617463723,-0.1396516072015902,3901.36,4766.18,4362.964645161291,0.9914552591678875
13.08,8747,82.29,13.363935483870966,0.9874248614017607,-0.5879107958829208,492.34,24985026,707.37,589.1619354838709,0.9853523413044425,-0.2416420463177471,200.75,1155680000,286.77,225.54763440860214,0.9883998339467659,-0.17325413404157097,4158.24,4766.18,4343.319806451613,0.9954973646803522
14.29,20829,82.29,13.310666666666663,0.9960139872518395,-0.5575517120726335,483.58,20753560,707.37,580.3010752688172,0.9849602296391119,-0.21060596416960786,200.46,897353024,286.77,223.0417849462366,0.9888899324130088,-0.15625120175038087,4108.54,4766.18,4321.430107526882,0.9949601457179793
13.5,3451,82.29,13.239354838709676,0.9946425051620015,-0.566068227874408,464.43,20605552,707.37,570.6530322580645,0.9833740735250519,-0.17220369794347112,192.17,916790976,286.77,220.17010752688174,0.9871249352669633,-0.14100405078731637,3900.86,4766.18,4287.408344086021,0.9921271980352978
12.9,6693,82.29,13.163311827956989,0.9942562903042412,-0.47387374461979914,429.22,43505368,707.37,559.2000430107528,0.9799300299833816,-0.18179950274280654,183.37,1523049984,286.77,216.91462365591397,0.985213778984187,-0.11525059386518777,3674.84,4766.18,4240.486344086022,0.9890558593363931
13.8,16046,82.29,13.172430107526882,1.0006927040617946,-0.32169412697376665,434.03,26925706,707.37,548.6081720430108,0.9810588874229783,-0.2358440376414236,196.2,1130633984,286.77,214.6837849462365,0.9897155909911534,-0.11372455095808409,3911.74,4766.18,4211.0484731182805,0.993057902188791
