71.86,12888740,87.69,75.22922580645162,0.9951088838019966,-0.2940675057922335,1675.6,58441052,2201.7,1862.2907526881718,0.9909289737419587,-0.28467474813574056,807.72,16521938,938.23,868.4697849462366,0.9948705730842579,0.009858122209684517,2599.95,2929.67,2771.9676559139784,0.9956359679833698
66.47,21165370,87.69,74.53748387096775,0.9908048776513588,-0.3411409344234383,1562.3,77553832,2201.7,1838.7879569892473,0.9873796314216785,-0.24412585896600358,738.36,16521938,938.23,859.5742795698924,0.9897572655600276,-0.01370249862835815,2416.62,2929.67,2748.2329892473126,0.9914376105305457
70.95,8991130,87.69,74.1678064516129,0.9950403823666117,-0.33163995422091763,1636.7,37463272,2201.7,1821.1507526881721,0.9904082446080659,-0.20005678682876915,773.06,16521938,938.23,853.1457204301074,0.9925212290635294,0.004167281694363867,2485.74,2929.67,2729.6129677419353,0.9932247296432909
69.94,15508060,87.69,73.75812903225807,0.9944763444012314,-0.3614045087784886,1648.8,49504720,2201.7,1805.2556989247312,0.9912719725481383,-0.18801556077617654,798.52,16521938,938.23,848.5178494623657,0.9945755210898689,0.003063272523186833,2531.94,2929.67,2714.508817204301,0.9944665596492498
71.89,15745820,87.69,73.50479569892472,0.996565350332808,-0.27922477503126053,1667.0,58648012,2201.7,1791.541075268817,0.9924029467603491,-0.2323288524946555,828.34,16521938,938.23,845.9751182795699,0.9970033262300765,-0.006542569377287477,2596.26,2929.67,2704.085720430108,0.996160227328004
73.08,13786190,87.69,73.35393548387097,0.997947613980567,-0.2294584456754094,1685.4,54972768,2201.7,1779.994193548387,0.9935547770130265,-0.19458647741155055,847.21,16521938,938.23,844.7890967741934,0.9985980420939702,-0.014101380618666504,2670.71,2929.67,2698.860258064516,0.9980675677822962
71.76,12336900,87.69,73.13466666666667,0.9970108104526647,-0.20699561868294092,1679.8,42797956,2201.7,1768.8847311827956,0.993758708648681,-0.16906106190222003,847.09,16521938,938.23,843.6804946236559,0.9986877172601178,-0.006869294282884519,2664.76,2929.67,2693.4319354838713,0.9979886611155859
74.42,13637130,87.69,73.1029247311828,0.9995659796245664,-0.18467218081027736,1749.6,54275568,2201.7,1762.9189247311826,0.9966273627973351,-0.15804084070240154,846.16,16521938,938.23,842.5616559139785,0.9986738596935603,-0.0169659829542419,2706.53,2929.67,2690.8137419354844,0.9990279340220578
73.91,12455130,87.69,73.05148387096773,0.9992963228160265,-0.2273591034525435,1755.5,46189596,2201.7,1757.887311827957,0.9971458625620048,-0.1906011975275399,843.51,16521938,938.23,841.3403440860216,0.9985504777966283,-0.025702908974963634,2707.88,2929.67,2688.397247311828,0.9991019465279234
81.75,19484440,87.69,73.52103225806451,1.0064276365409106,-0.1918626369984756,1858.2,60961340,2201.7,1760.084301075269,1.0012497895812373,-0.1774852091404413,865.07,16521938,938.23,841.6238494623653,1.0003369687170438,-0.021296128145439575,2775.6,2929.67,2690.5507096774195,1.0008010208936737
85.03,12826670,87.69,74.20264516129033,1.0092709920180842,-0.13806796890763562,1939.9,47477856,2201.7,1767.9793548387097,1.004485611148635,-0.11016309081605702,873.67,16521938,938.23,842.5210322580646,1.001066013987451,-0.0071373662945593,2792.67,2929.67,2693.861870967742,1.001230663030588
83.78,10623500,87.69,74.78946236559138,1.0079083057352674,-0.15548731033612073,1903.1,66478244,2201.7,1773.610322580645,1.0031849736969634,-0.08599617863849907,874.97,16521938,938.23,843.533440860215,1.001201641933421,-0.0036824423025682007,2803.69,2929.67,2697.9402365591395,1.001513947554383
82.45,9991660,87.69,75.27843010752689,1.0065379229435465,-0.08481297341792615,1871.4,57718452,2201.7,1777.4081720430106,1.0021413099675918,-0.08658421989057608,852.82,16521938,938.23,843.148559139785,0.999543726778588,-0.017180403630607577,2743.07,2929.67,2698.18647311828,1.0000912683519834
85.76,12996700,87.69,75.96632258064517,1.0091379758070897,-0.08048089863892494,1886.4,65110520,2201.7,1782.2791397849464,1.0027404891113654,-0.09287158767797321,874.67,16521938,938.23,844.2678924731183,1.0013275635962366,-0.012773486404451306,2822.48,2929.67,2703.749935483871,1.0020619265647572
84.57,11581860,87.69,76.5590322580645,1.007802268917126,-0.047042129866724514,1881.2,51644416,2201.7,1786.98064516129,1.0026379175244744,-0.11077115641431279,884.84,16521938,938.23,846.0866021505377,1.002154185530012,-0.005172110965141585,2800.71,2929.67,2707.9683440860217,1.0015602066399665
83.11,13292130,87.69,77.04150537634409,1.0063019751432236,-0.02742500760834199,1880.7,53323424,2201.7,1791.8006451612905,1.0026972871883373,-0.12580109316479937,901.2,16521938,938.23,849.0214838709677,1.0034687722426643,-0.007032057210974552,2834.4,2929.67,2714.519397849463,1.002419176641318
87.44,14311870,87.69,77.79152688172043,1.0097352914083457,0.08364844670658211,1982.1,52617808,2201.7,1803.3733333333334,1.0064586918211547,-0.08578160683475233,930.29,16521938,938.23,853.8934193548388,1.005738294703284,0.006175557822471145,2892.74,2929.67,2724.9786666666664,1.0038530831002679
88.73,8115340,87.69,78.6011182795699,1.0104071925349971,0.046878299064744056,2001.5,40812756,2201.7,1816.1382795698926,1.0070783714057503,-0.10358758258582856,936.24,16521938,938.23,859.1225591397848,1.0061238787727125,0.007260671420511677,2907.41,2929.67,2736.3390967741934,1.0041689978150998
87.23,6767730,88.73,79.29529032258066,1.0088315797307323,-0.04193829917001457,1982.5,32762506,2201.7,1827.6864516129033,1.0063586413947212,-0.0840287026965365,943.97,16521938,938.23,864.8342365591399,1.0066482684671603,0.020830199193005883,2905.03,2929.67,2747.540752688172,1.0040936651189114
88.01,11741640,88.73,80.02630107526882,1.0092188419982364,-0.05555604424240235,2011.7,42045400,2201.7,1841.1776344086018,1.007381563059568,-0.10124318866930637,957.39,16521938,943.97,871.3868172043012,1.0075766896916936,0.01153324455483462,2939.88,2929.67,2761.043784946237,1.0049145885260677
93.33,18428720,88.73,81.08498924731182,1.0132292528558486,0.07818890597140449,2080.9,62100136,2201.7,1859.122365591398,1.0097463334593244,-0.02204265814171591,954.28,16521938,957.39,877.6975483870966,1.00724216967505,0.042814629095840884,2945.64,2939.88,2774.8627311827954,1.0050049717834617
91.53,10101760,93.33,81.98679569892474,1.0111217434938835,0.06624845650194477,1999.9,55132432,2201.7,1871.3486021505375,1.0065763484886323,-0.05668418921573792,930.2,16521938,957.39,882.3319569892473,1.005280188614708,0.03335965064020052,2881.4,2945.64,2784.407978494624,1.0034398989198863
92.93,9764940,93.33,82.94040860215054,1.0116312986145684,0.1493311314809842,1996.7,56313504,2201.7,1882.9251612903224,1.0061862119791476,0.002164916642431569,919.56,16521938,957.39,886.1409462365591,1.004316957146502,0.050585706854676005,2859.53,2945.64,2792.2965161290326,1.002833111273684
89.91,14346220,93.33,83.65129032258066,1.008570993709955,0.1510630313750605,1924.7,54319288,2201.7,1889.287741935484,1.0033790937504927,-0.026728716731965863,899.17,16521938,957.39,888.4816559139783,1.0026414643035741,0.031981031207505506,2826.06,2945.64,2797.828387096774,1.001981118744298
89.44,7528330,93.33,84.28531182795699,1.007579339217977,0.036352794435479785,1906.8,39370948,2201.7,1893.9909677419355,1.0024894174148578,-0.10029933640969291,878.54,16521938,957.39,889.3237419354838,1.0009477809878238,0.01803739722907305,2752.06,2945.64,2798.2261290322585,1.0001421609478691
92.51,9865930,93.33,85.08165591397851,1.0094481952875374,0.12643803628041606,2006.8,59847416,2201.7,1904.9888172043009,1.0058067063938945,-0.0033053733024015486,913.6,16521938,957.39,892.3750752688171,1.0034310714866248,0.01569708892296595,2873.34,2945.64,2806.386021505376,1.0029160947317504
93.42,5859690,93.33,85.89079569892473,1.0095101555823538,0.1127737543434828,2026.8,40294920,2201.7,1916.7956989247311,1.006197874556428,-0.003908799477551517,935.89,16521938,957.39,896.7728817204303,1.0049282040405358,0.0615886343105958,2886.98,2945.64,2815.2273548387097,1.0031504337840849
96.14,8433300,93.42,86.83159139784945,1.0109533936816992,0.15861004450918248,2057.8,53451440,2201.7,1930.1292473118276,1.0069561656438275,-0.006318084913690125,948.84,1116390016,957.39,901.7958924731183,1.0056012072343798,0.06227628337662083,2950.46,2945.64,2827.840064516129,1.0044801744540246
97.74,10415460,96.14,87.8261075268817,1.0114533905577698,0.172713607503866,2086.4,61727004,2201.7,1944.7434408602153,1.0075716139573252,0.05388463240780195,945.58,1159369984,957.39,906.2928817204302,1.0049867040700076,0.04197894053238471,2941.76,2950.46,2839.2078279569896,1.0040199456763852
100.6,8207780,97.74,88.95739784946235,1.0128810254084686,0.24875047201294165,2131.5,33690272,2201.7,1961.6991397849463,1.0087187330567526,0.1286585497626329,965.13,676110016,957.39,911.8533333333334,1.0061353804328108,0.04483584109255445,2990.41,2950.46,2853.323784946237,1.0049717941921161
99.54,10265190,100.6,89.96064516129032,1.011277840135631,0.3005160123178585,2132.5,39849448,2201.7,1977.8223655913976,1.008219010489151,0.13968549435710242,985.83,910049984,965.13,918.4318494623656,1.007214445447037,0.06134498320938131,3013.77,2990.41,2868.1783870967743,1.0052060695771394
94.53,11965820,100.6,90.58113978494626,1.0068974007750107,0.31639882935620256,2062.1,43194952,2201.7,1988.4210752688173,1.0053587773410837,0.13758016946401797,969.52,968990016,985.83,923.5750752688173,1.0056000081110672,0.08134773941659379,2976.61,3013.77,2879.745634408602,1.004032959513211
97.21,13888830,100.6,91.31419354838711,1.008092785818121,0.33065545361799153,2118.9,51290940,2201.7,2001.6094623655915,1.0066325926941764,0.10194951086367521,977.85,1242029952,985.83,928.7586021505377,1.0056124586084263,0.04762087917790847,3025.86,3013.77,2893.2860215053765,1.0047019385792229
93.91,8762290,100.6,91.77787096774195,1.0050778241731844,0.302964261739602,2030.6,68750696,2201.7,2008.0640860215058,1.0032247167977943,0.005142310646635728,933.12,1298189952,985.83,930.6159139784945,1.001999778870049,0.010536767718732243,2932.05,3025.86,2899.612602150538,1.002186641969766
95.58,12246590,100.6,92.29774193548387,1.0056644478920702,0.20588251925084267,2009.8,75111136,2201.7,2012.355698924731,1.0021371892127846,0.005255846320908031,933.03,1186589952,985.83,932.1779569892473,1.0016785045122159,0.0022105262386307167,2918.65,3025.86,2904.214215053764,1.0015869750668807
93.01,9444000,100.6,92.60086021505377,1.0032841353776756,0.1286205557629907,1958.0,58079248,2201.7,2012.568172043011,1.000105584275381,-0.017240161060581016,915.32,1185910016,985.83,932.3722795698925,1.0002084608192976,-0.0012217103347411662,2888.68,3025.86,2906.1889677419354,1.0006799610985773
91.08,9021560,100.6,92.73660215053762,1.0014658820141478,0.100178156848167,1941.4,60061064,2201.7,2011.1234408602152,0.9992821454682307,-0.0024639358366309594,916.38,1255689984,985.83,932.4885161290323,1.0001246675407311,0.013367506258280093,2847.11,3025.86,2905.0130322580644,0.9995953685404069
92.37,7106990,100.6,92.91402150537634,1.0019131534984507,0.08177963669393518,1969.7,46496928,2201.7,2010.9419354838708,0.9999097492612056,-0.020163137199368908,940.47,1063569984,985.83,934.009935483871,1.001631568998999,0.030197433045913824,2926.46,3025.86,2908.564301075269,1.0012224622670434
93.74,4680690,100.6,93.14122580645162,1.0024453176968788,0.1440462073404718,2010.1,41826548,2201.7,2012.893548387097,1.0009704968944102,-0.0013104203306424367,965.06,857440000,985.83,936.9149892473118,1.0031103028491188,0.044084737485690306,2978.71,3025.86,2915.0135698924737,1.0022173375416938
96.05,8329060,100.6,93.47481720430108,1.0035815654664313,0.031843962625525135,2070.0,54872312,2201.7,2018.1621505376345,1.0026174271136985,0.016416921244017058,969.05,1230419968,985.83,939.816064516129,1.0030964124836426,0.03668849371075078,3007.39,3025.86,2922.730731182796,1.0026473843449746
95.22,8170300,100.6,93.72410752688172,1.0026669249540847,-0.0031037406706513337,2010.8,44707804,2201.7,2019.1559139784947,1.0004924101071837,-0.08166494098619048,948.16,1115769984,985.83,941.1457849462366,1.001414873059009,0.0138598214640957,2992.07,3025.86,2928.961032258065,1.0021316712514081
91.45,8172580,100.6,93.70825806451614,0.9998308923628744,-0.01199824465376631,1936.0,49357828,2201.7,2015.171397849462,0.9980266426671421,-0.11676379906120493,939.36,979420032,985.83,941.7475698924733,1.0006394173526167,0.017201122764632704,2961.79,3025.86,2932.808967741935,1.0013137544137634
93.35,9626380,100.6,93.79849462365593,1.0009629520493024,0.0030999891577525585,1941.8,49403312,2201.7,2011.4903225806452,0.9981733190175559,-0.09545142299423626,937.22,1104870016,985.83,942.0728172043009,1.0003453657033219,0.0227956535573397,2952.01,3025.86,2935.6859354838707,1.0009809598148327
93.43,10860150,100.6,93.87045161290322,1.0007671443932658,0.017263764573406837,1943.9,46897836,2201.7,2007.793333333333,0.9981620646115915,-0.0718672720649649,946.48,963960000,985.83,942.8139784946238,1.000786734609881,0.02973778189686649,2970.27,3025.86,2939.291634408602,1.001228230472868
91.15,8770460,100.6,93.77881720430109,0.9990238205204337,-0.037968011433339166,1939.1,43207632,2201.7,2003.6630107526883,0.997942854719122,-0.08112310570923298,958.79,930390016,985.83,944.1949032258063,1.0014646841929384,0.017344796907282856,2986.2,3025.86,2943.607247311829,1.0014682493062976
97.69,12493510,100.6,94.09496774193548,1.0033712361390275,0.032998217240939764,2018.1,42691736,2201.7,2004.5049462365591,1.0004201981467704,-0.01577254708886988,950.76,1149260032,985.83,944.8987311827955,1.000745426558208,-0.011387549689134024,3022.55,3025.86,2949.86911827957,1.0021272780101556
96.31,6678490,100.6,94.29073118279571,1.0020804878896088,-0.11729734709357142,2029.7,41465552,2201.7,2005.799784946237,1.0006459643375332,-0.046855380292644355,956.17,1141389952,985.83,945.845010752688,1.0010014613615874,-0.03239006952800105,3066.91,3025.86,2958.588301075269,1.002955786323423
99.09,6451420,100.6,94.64677419354838,1.0037760128305977,-0.07547127177007429,2098.8,45665552,2201.7,2011.4503225806452,1.0028170995314767,0.020174182592199497,954.04,1317859968,985.83,946.5982150537635,1.0007963295175348,-0.04484874307307685,3093.08,3066.91,2968.621311827956,1.0033911479840032
99.69,7117930,100.6,95.01924731182795,1.0039354021460667,0.007182190732431648,2117.3,34030540,2201.7,2018.0851612903223,1.003298534711593,-0.015012412461489433,951.74,1017169984,985.83,947.164752688172,1.000598498523871,-0.06592638806147466,3120.46,3093.08,2980.0214838709676,1.003840224415822
101.22,6570770,100.6,95.46363440860216,1.0046768113760767,0.06181338802529579,2125.7,40764708,2201.7,2024.9720430107527,1.0034125823094735,0.001060572277998384,944.15,1367719936,985.83,947.2249032258067,1.0000635058868734,-0.07179421593121216,3110.29,3120.46,2990.30223655914,1.0034498921379646
105.0,6215410,101.22,96.12348387096773,1.0069120505043971,0.021137362740985655,2188.1,32865966,2201.7,2035.6395698924734,1.0052679872389054,-0.008314028694569986,960.79,959009984,985.83,948.3870752688171,1.0012269230243553,-0.05949306327896409,3140.98,3120.46,3002.1965161290314,1.0039776178556379
105.47,6727170,105.0,96.78855913978495,1.006918967582469,0.09612943695165632,2195.8,40234700,2201.7,2046.5733333333333,1.0053711686501738,0.03330300609501036,953.2,1132000000,985.83,949.0455698924732,1.0006943310815044,-0.06707326001985137,3145.91,3140.98,3013.9887741935486,1.0039278768065862
107.2,6927410,105.47,97.5352688172043,1.0077148547726693,0.08183617488988038,2246.2,47728972,2201.7,2060.337419354839,1.0067254301604172,0.1014569065239721,963.4,1088850048,985.83,950.3126666666666,1.0013351274315911,-0.06047916223031624,3168.8,3145.91,3026.6889677419354,1.0042137494529273
111.42,12429770,107.2,98.52354838709678,1.0101325354600157,0.20444659351411776,2317.1,69328896,2246.2,2078.139139784946,1.0086401966313272,0.15594641329766135,977.43,1388060032,985.83,952.3906451612902,1.0021866261152894,-0.05279135796535961,3221.22,3168.8,3042.106,1.0050936955935603
112.39,4090930,111.42,99.5281505376344,1.0101965689115313,0.24915383754288656,2338.4,20591784,2317.1,2096.471182795699,1.0088213742091638,0.16401441527407523,991.94,557550016,985.83,955.2364516129032,1.0029880663633892,-0.04822939265422499,3240.02,3221.22,3057.8861290322575,1.0051872383908573
109.99,6150150,112.39,100.32855913978494,1.0080420323077126,0.14597761438065748,2297.6,30432220,2338.4,2111.242795698925,1.0070459413057744,0.10992593145898111,990.5,779640000,991.94,957.7454838709676,1.002626608578251,-0.04164274895059483,3234.85,3240.02,3072.2833333333333,1.004708221200386
108.6,8955150,112.39,101.00169892473116,1.0067093536548088,0.10974363553150512,2258.8,43722280,2338.4,2122.8858064516126,1.005514766362451,0.0819580803455442,994.48,1241350016,991.94,960.3459139784947,1.0027151577859879,-0.06845732063781007,3265.35,3240.02,3087.870838709677,1.005073589797928
113.92,7852900,112.39,101.98541935483871,1.009739642407804,0.1950576305962236,2330.2,36420432,2338.4,2138.6363440860214,1.0074193993791571,0.08376356567363974,1005.68,1113260032,994.48,963.5429247311827,1.0033290199980582,-0.06860404913248197,3329.62,3265.35,3106.7910967741936,1.0061272828601933
108.49,9460820,113.92,102.58058064516129,1.0058357488167189,0.12201218368809308,2218.9,38146276,2338.4,2146.6204301075268,1.0037332602354692,-0.02538822074651148,990.75,988430016,1005.68,965.6544731182795,1.0021914419512612,-0.0724679219941331,3295.47,3329.62,3122.692731182796,1.005118346845114
107.8,14062520,113.92,103.10810752688171,1.0051425608863065,0.10138290007505224,2185.6,54860540,2338.4,2152.1711827956988,1.0025858100530116,-0.018138045459146435,992.01,1454860032,1005.68,967.7501720430108,1.0021702368529024,-0.05077015586400235,3225.52,3329.62,3133.320795698925,1.0034034935330007
110.84,8779980,113.92,103.81627956989246,1.0068682479001578,0.1288145306191515,2233.2,41138920,2338.4,2160.6765591397852,1.0039519980622722,-0.016211905468706878,1016.0,1612039936,1005.68,971.3358064516128,1.0037051240208332,-0.07356487932576172,3327.71,3329.62,3150.0361505376345,1.0053347090606408
113.23,8653180,113.92,104.65434408602151,1.0080725731995128,0.27306132061368915,2275.3,37630220,2338.4,2171.6815053763444,1.0050932871882223,-0.03734025563826515,1042.54,1368850048,1016.0,976.5688172043009,1.0053874372981315,-0.06025806943205492,3380.16,3329.62,3169.4602365591404,1.0061663057480121
109.57,6229790,113.92,105.21606451612901,1.0053673876131295,0.1512921103690148,2245.4,35876944,2338.4,2180.298924731183,1.0039680861735503,-0.07267331257463217,1031.02,1004609984,1042.54,980.901569892473,1.0044367100524219,-0.04870043551274117,3337.75,3380.16,3185.2803440860216,1.0049914200987282
97.2,29989390,113.92,104.95313978494625,0.9975010970768399,0.08097024078620696,1935.3,118287760,2338.4,2168.6378494623655,0.9946516162822695,-0.01980098637397687,915.77,2346099968,1042.54,977.6844946236558,0.9967202873687215,-0.026154798263135937,2954.22,3380.16,3175.6858494623652,0.9969878649326832
90.45,33785300,113.92,104.2476559139785,0.9932781060917919,0.025042798508082886,1779.5,132482160,2338.4,2147.1301075268816,0.990082372701917,-0.11601600808319035,908.3,2276229888,1042.54,974.0227956989248,0.9962547233336859,-0.044910812501137376,2972.37,3380.16,3167.2146451612903,0.9973324803829355
78.63,42210728,113.92,102.79062365591399,0.986023357117336,-0.020155217221848765,1522.7,155650368,2338.4,2109.5498924731182,0.9824974672368368,-0.1353603504877282,813.24,3029809920,1042.54,964.2813763440861,0.9899987768275499,-0.050021699272055464,2711.02,3380.16,3141.766623655914,0.9919651730758904
61.6,62693140,113.92,100.2658064516129,0.9754372810038319,-0.16471353798700583,1170.9,232536096,2338.4,2050.2090322580643,0.9718703689224026,-0.10207672735226792,711.34,3662960128,1042.54,948.1852903225807,0.9833076875522256,-0.03331475946740903,2304.92,3380.16,3090.5006666666673,0.9836824426730999
69.15,41850832,113.92,98.29148387096774,0.9803091138393432,-0.11301454726632532,1296.2,153228800,2338.4,2000.6090322580644,0.9758073449001582,-0.1414270258933652,790.18,3703180032,1042.54,937.6166021505376,0.9888537733290003,-0.02824822934817639,2541.47,3380.16,3055.6620000000003,0.9887271771067945
55.94,31137300,113.92,95.5148387096774,0.9717509080956049,-0.30710419751844553,1026.4,115559000,2338.4,1935.0509677419357,0.9672309464472756,-0.22914031993166295,753.09,3480499968,1042.54,924.9782150537634,0.98652073025607,-0.055123491241922506,2488.65,3380.16,3018.2435268817203,0.9877543808450411
68.45,33090150,113.92,93.62658064516125,0.9802307359775205,-0.1266117278008818,1339.8,139884800,2338.4,1891.8277419354836,0.9776630039585518,-0.27949678294127434,856.78,2955419904,1042.54,919.4853548387096,0.9940616328842571,-0.043510611818294076,2789.82,3380.16,3001.3092688172046,0.9943893665591619
75.62,24124340,113.92,92.26025806451612,0.9854066807606335,-0.06469315688634991,1411.2,107791400,2338.4,1854.7812903225808,0.9804176401520567,-0.18118952811723044,924.09,2314800128,1042.54,918.5765161290323,0.9990115789176036,0.013887802981229824,2874.56,3380.16,2990.31,0.9963351764739862
71.37,14865470,113.92,90.66189247311827,0.9826754701869559,-0.13525559975076318,1350.9,76312096,2338.4,1815.1339784946238,0.9786242658178519,-0.14540831227178597,922.03,2048600064,1042.54,917.5865376344086,0.9989222688831677,0.023772358222787893,2836.74,3380.16,2977.123440860215,0.9955902367514455
72.03,19811640,113.92,89.14929032258065,0.9833160095242208,-0.13582329624099743,1398.9,102295104,2338.4,1779.8417204301077,0.9805566649720339,-0.11438031460714038,911.72,2805240064,1042.54,915.9686666666668,0.9982368191975518,0.013882520551554922,2830.71,3380.16,2963.816774193548,0.9955303611250926
72.19,24429170,113.92,87.69286021505377,0.9836630207345802,-0.12143428278605728,1449.3,86986704,2338.4,1748.9686021505377,0.9826540091036244,-0.1064933318087139,952.09,2540950016,1042.54,917.0101505376344,1.0011370300195506,0.019552249074355155,2929.8,3380.16,2957.1638709677422,0.9977552919992444
68.54,22021560,113.92,86.04662365591398,0.9812272452386358,-0.10561965192362044,1352.6,91170400,2338.4,1712.920430107527,0.9793888969769464,-0.07871283906423343,942.3,2390299904,1042.54,917.4079569892473,1.0004338081223851,0.02382327375465476,2863.7,3380.16,2946.333483870968,0.9963375762827679
78.39,21519550,113.92,85.08449462365591,0.9888185149936219,-0.05687406680527074,1546.8,91409696,2338.4,1690.6625806451616,0.9870059057787243,-0.06230558064522829,982.39,2783869952,1042.54,920.427677419355,1.00329157863424,0.05546792052788296,2955.45,3380.16,2941.685892473118,0.998422584740223
79.31,16339500,113.92,84.22322580645162,0.9898774880074938,-0.02689619072408944,1551.5,74190400,2338.4,1669.721505376344,0.987613687374079,-0.11911608206131685,1002.29,2504420096,1042.54,924.663247311828,1.0046017411214192,0.05560308113544876,3044.31,3380.16,2942.9155053763443,1.0004179959887534
87.2,19327350,113.92,83.90754838709678,0.9962518958834433,0.057652322755983976,1760.0,111133400,2338.4,1663.2604301075269,0.9961304473542365,-0.14344689410049916,1049.92,3100219904,1042.54,931.8725376344084,1.0077966658062156,0.06789388993236156,3193.93,3380.16,2953.846623655914,1.0037143840044336
77.45,21584730,113.92,82.98840860215054,0.9890458033560234,-0.027474638158134224,1551.7,101709296,2338.4,1644.0892473118279,0.9884737336085969,-0.19027743398976005,1016.5,3217649920,1049.92,936.719505376344,1.0052013205091759,0.09340864352716605,3041.31,3380.16,2954.71440860215,1.000293781315281
76.17,18116340,113.92,82.03451612903227,0.9885057143619748,-0.09965053892328501,1519.6,87698704,2338.4,1624.063440860215,0.987819513761582,-0.21246803973977046,1039.83,2731930112,1049.92,942.932365591398,1.0066325726958765,0.10537482299775291,3097.74,3380.16,2959.393053763441,1.001583450890438
71.16,23672710,113.92,80.81126881720431,0.9850886264763979,-0.15409715579043604,1393.3,105971000,2338.4,1597.192688172043,0.9834546163578811,-0.24169240441796513,1020.03,2468349952,1049.92,947.6620430107528,1.005015924356768,0.10366040867962278,3009.05,3380.16,2958.376752688172,0.9996565846250208
74.52,12564880,113.92,79.87756989247312,0.9884459316330843,-0.07373095848242595,1486.8,60759700,2338.4,1578.063440860215,0.988023206308488,-0.25316376407013963,1074.07,1553379968,1049.92,955.7507741935482,1.008535459705759,0.13185862963557782,3130.01,3380.16,2965.448043010753,1.002390260238543
75.24,14279180,113.92,79.0568817204301,0.989725674264405,-0.03481766566074129,1489.5,67057600,2338.4,1560.6331182795698,0.9889546122612511,-0.27477657267501454,1125.92,1789459968,1074.07,966.9247311827957,1.0116912874056272,0.1635692395709738,3185.04,3380.16,2976.103849462366,1.0035933209070136
79.9,15167700,113.92,78.60556989247313,0.9942913024377441,-0.05271269383185495,1564.3,60010400,2338.4,1549.6559139784947,0.992966185215154,-0.23866892687950758,1107.71,2165929984,1125.92,976.5743440860215,1.0099796939637917,0.132198668058634,3224.73,3380.16,2989.2853763440853,1.004429121948853
77.43,10182440,113.92,78.06268817204301,0.9930935972963145,-0.07320537053112752,1521.0,49935700,2338.4,1537.5040860215051,0.9921583702243992,-0.2527378870610285,1122.55,1699680000,1125.92,986.9012043010753,1.0105745766081113,0.13919900175004474,3215.63,3380.16,3001.8722580645153,1.0042106658066297
75.05,12593290,113.92,77.44144086021505,0.9920416869265534,-0.0567054083891404,1470.8,53355200,2338.4,1523.8713978494625,0.9911332345091068,-0.3002871244547177,1145.81,1842119936,1125.92,998.4478279569893,1.0116998779671076,0.14558732975243727,3271.12,3380.16,3018.0915913978497,1.0054030724624479
83.7,17012750,113.92,77.45339784946236,1.000154400397442,0.01203564404763291,1615.0,62790200,2338.4,1521.32,0.9983257131454378,-0.22884678410215242,1167.41,1707929984,1145.81,1011.0539999999999,1.0126257694093093,0.1475741632112968,3351.28,3380.16,3039.4045376344084,1.00706172943767
86.0,14391320,113.92,77.66729032258067,1.002761563456958,-0.08438750813200879,1675.9,66333300,2338.4,1524.0821505376346,1.0018156275718684,-0.18522765281841758,1185.62,1733369984,1167.41,1024.46311827957,1.0132625144448961,0.165940249729982,3372.85,3380.16,3061.9243010752693,1.0074092682175135
87.35,10771260,113.92,78.02832258064515,1.0046484466828312,-0.07586031240799551,1663.9,42118700,2338.4,1527.477204301075,1.0022276054884856,-0.14571969625355108,1214.27,1532710016,1185.62,1039.3336559139784,1.014515444596367,0.19474935302592677,3397.16,3380.16,3085.9194838709677,1.0078366348858696
91.73,14357040,113.92,78.71739784946237,1.0088310916604035,-0.08881386096570554,1798.3,59075600,2338.4,1540.7367741935484,1.008680699034419,-0.10689091996716682,1251.82,1694870016,1214.27,1056.1460860215054,1.0161761624978287,0.17432292471296407,3508.01,3397.16,3116.8475913978496,1.0100223313305912
90.94,15444220,113.92,79.39006451612903,1.0085453366732606,-0.11776201112180906,1775.5,54638300,2338.4,1553.3582795698924,1.0081918635212366,-0.11075606987397169,1220.14,1754759936,1251.82,1070.3559139784945,1.0134544152035987,0.171099881543471,3426.96,3508.01,3141.9391612903223,1.0080503037625974
87.37,8768120,113.92,79.87520430107527,1.0061108375198218,-0.25995148299973914,1705.0,42063700,2338.4,1562.4156989247313,1.0058308630236592,-0.09921012361909753,1196.89,1404749952,1251.82,1082.6267311827958,1.011464240113077,0.15964599903127696,3340.97,3508.01,3161.2695483870975,1.0061523747292538
89.64,16794920,113.92,80.56240860215053,1.0086034747214538,-0.17175122073071325,1727.4,69956096,2338.4,1574.1447311827958,1.007506985667218,-0.07810058589203406,1169.0,1884419968,1251.82,1092.7662580645163,1.0093656720175779,0.13930537903507423,3319.47,3508.01,3179.29711827957,1.0057026361139214
85.93,19951110,113.92,81.0531182795699,1.0060910502296758,-0.12302979803179048,1647.7,53951900,2338.4,1581.8458064516128,1.0048922282152737,-0.09441333597750201,1183.4,1603769984,1251.82,1103.5380860215053,1.009857394367271,0.17572103393725724,3298.46,3508.01,3196.0085161290317,1.0052563183709313
87.96,11818100,113.92,81.69903225806452,1.007969020713882,0.007165032121976833,1673.4,36322200,2338.4,1591.8234408602152,1.0063075897586908,-0.006504254460057202,1213.1,1373849984,1251.82,1115.6504946236562,1.010975976955919,0.20905001391858602,3348.44,3508.01,3215.2041290322577,1.0060061206991011
91.37,9436410,113.92,82.5703010752688,1.0106643713288082,0.13353567143499045,1757.3,32537500,2338.4,1607.4421505376345,1.0098118354564367,0.10422433716588597,1260.08,1357330048,1251.82,1130.138387096774,1.0129860494329859,0.26686544071809437,3477.13,3508.01,3241.893569892472,1.0083010097614697
89.5,8971140,113.92,83.29352688172044,1.0087589096446719,0.41860880703271497,1718.3,29661800,2338.4,1620.0402150537634,1.0078373361753115,0.13579776484583927,1257.8,1368419968,1260.08,1143.5182365591397,1.0118391248497782,0.25674533130860944,3483.81,3508.01,3267.366430107527,1.0078574017517483
94.61,14041450,113.92,84.28643010752688,1.0119205328790604,0.33645213730910406,1808.3,33525300,2338.4,1637.2675268817204,1.0106338791271212,0.2560901472834729,1249.95,1403180032,1260.08,1155.2164516129033,1.0102300205451586,0.2183171296018276,3465.39,3508.01,3289.1156559139777,1.006656500356385
87.81,10831590,113.92,84.78587096774196,1.005925519203719,0.601886354245982,1667.0,36466500,2338.4,1644.2774193548387,1.0042814581966755,0.46161627696219476,1172.03,1816210048,1260.08,1160.898817204301,1.0049188752319653,0.24234540241129565,3269.96,3508.01,3296.2695698924726,1.0021750265806653
92.84,13635510,113.92,85.54129032258064,1.008909731612312,0.3737215464678726,1811.8,39752700,2338.4,1659.251612903226,1.0091068534859906,0.3512029513999959,1258.63,1460749952,1260.08,1171.2673333333332,1.0089314555027302,0.2110785962819155,3509.44,3508.01,3317.1935698924735,1.0063477818049582
105.8,23042080,113.92,87.0803870967742,1.0179924428119982,0.4556877795183987,2062.1,71559800,2338.4,1689.3591397849461,1.0181452449089625,0.3782667858197801,1244.78,2468260096,1260.08,1179.8781075268819,1.0073516727979113,0.09983372620985742,3585.15,3509.44,3341.454516129033,1.007313696269267
101.76,14696490,113.92,88.29393548387097,1.0139359553575265,0.520656251909557,2024.8,44193100,2338.4,1715.6604301075272,1.015568797482535,0.38460451847090127,1243.31,1883619968,1260.08,1187.7043870967743,1.00663312550675,0.09435404329930397,3557.54,3585.15,3362.4060215053764,1.0062701752411147
104.41,9111490,113.92,89.61309677419355,1.0149405650919656,0.5245349160072191,2127.1,25928200,2338.4,1747.1124731182795,1.0183323240769626,0.40342148286538815,1280.15,1367849984,1260.08,1197.216516129032,1.0080088354775798,0.11879075170467912,3638.35,3585.15,3387.0209677419343,1.0073206347119072
110.85,11349720,113.92,91.27810752688173,1.0185799934677366,0.575538240427601,2235.5,34027400,2338.4,1783.9920430107527,1.021108869898141,0.42619870645019686,1274.78,1764450048,1280.15,1205.589870967742,1.0069940188143942,0.0763435657608964,3699.12,3638.35,3413.8196989247317,1.0079121834314075
104.74,10289190,113.92,92.46578494623655,1.013011635007935,0.5404090723117155,2126.6,30926900,2338.4,1812.1550537634407,1.0157865114158013,0.403261245279505,1259.81,1547360000,1280.15,1212.3034623655917,1.0055687191469689,0.05767707465606042,3663.46,3699.12,3436.663333333334,1.0066915175443498
104.61,13556960,113.92,93.56722580645162,1.0119118748719376,0.369883614810665,2119.6,33596600,2338.4,1838.201935483871,1.0143734288444781,0.26085918480680914,1289.04,1660060032,1280.15,1220.2200430107525,1.006530197174982,0.057038547899721515,3709.41,3699.12,3460.7515698924735,1.0070091929941172
106.89,8743250,113.92,94.75937634408602,1.0127411123644985,0.3227178235439314,2138.4,21039400,2338.4,1864.2298924731183,1.0141594655553423,0.33324244873671227,1277.28,1092999936,1289.04,1226.7184516129034,1.0053256038854408,0.05797441866475772,3703.06,3709.41,3482.808709677419,1.0063735114582728
111.26,5979820,113.92,96.17415053763442,1.0149301762857865,0.19001579184839823,2203.1,17799400,2338.4,1893.1698924731184,1.015523836473627,0.258343465549968,1302.56,935129984,1289.04,1234.2564516129032,1.0061448492847636,0.06462525241931272,3756.07,3709.41,3506.869182795699,1.0069083533216812
114.16,13897200,113.92,97.72427956989249,1.0161179383814936,0.34504998397203246,2215.7,35715000,2338.4,1921.969892473118,1.0152125808225152,0.41759066693185987,1352.53,1794940032,1302.56,1244.4750107526881,1.0082791215119284,0.0729989993196214,3824.68,3756.07,3534.1472043010754,1.0077784542517865
108.41,9911120,114.16,98.82449462365591,1.0112583593207924,0.31753362274336716,2150.9,29542500,2338.4,1945.161290322581,1.0120664730182745,0.3783468973185602,1327.14,1901990016,1352.53,1252.3328602150536,1.0063141882275426,0.05985343218675121,3768.25,3824.68,3556.099913978494,1.0062116002555588
104.96,9304870,114.16,99.63279569892472,1.008179157185139,0.3747795294469336,2096.7,24829000,2338.4,1963.4982795698925,1.0094269762299612,0.409929359270212,1368.13,1554989952,1352.53,1262.2173548387098,1.0078928653377015,0.06462566634579203,3841.47,3824.68,3581.3345376344087,1.0070961514767123
101.39,24092040,114.16,100.13808602150537,1.0050715260877308,0.1598622366598248,2001.5,56595000,2338.4,1974.1806451612904,1.0054404761657025,0.31105472047452176,1307.64,2116349952,1368.13,1267.4506666666666,1.0041461257111504,0.0308081932589932,3714.24,3841.47,3596.570623655914,1.0042543040482248
111.67,12162720,114.16,101.24881720430105,1.011091995332896,0.20530463436543323,2205.0,36677500,2338.4,1996.8851612903225,1.011500728762933,0.3933940120879287,1385.96,1778659968,1368.13,1277.2345806451617,1.0077193647341134,0.010618332529928942,3886.83,3841.47,3621.6851397849455,1.006982906428653
112.14,10322850,114.16,102.31152688172041,1.0104960206623947,0.14796722460724432,2213.5,30755900,2338.4,2018.5993548387098,1.0108740322024108,0.3160542109269393,1368.53,1534470016,1385.96,1285.334752688172,1.0063419611132975,0.01525425696497118,3934.83,3886.83,3648.3872043010747,1.007372828803587
116.91,12903450,114.16,103.61264516129033,1.012717220817886,0.24468128230619257,2327.3,36657300,2338.4,2046.2593548387094,1.0137025705143998,0.43254740480223863,1361.14,1180199936,1385.96,1292.3972473118279,1.005494673359516,-0.0023699142223905234,3906.71,3934.83,3671.7479784946236,1.0064030413674319
123.68,21442410,116.91,105.26563440860214,1.0159535474143977,0.36498584952009305,2467.0,65045600,2338.4,2081.1982795698923,1.0170745339042992,0.6442253249612655,1294.47,2253669888,1385.96,1294.6453548387096,1.0017394864710194,-0.03534796593177392,3811.15,3934.83,3687.4573978494623,1.0042784579570407
122.87,15300880,123.68,106.76178494623655,1.0142130957177051,0.30040553177990925,2460.4,45460600,2467.0,2113.5690322580645,1.0155539013297965,0.5111845425848089,1257.91,2245149952,1385.96,1294.2150537634411,0.9996676301555014,-0.06888769405366113,3841.94,3934.83,3703.9919139784947,1.0044839883814456
126.1,10280590,123.68,108.38208602150539,1.0151767889239094,0.34185151447171913,2528.4,37324400,2467.0,2148.508817204301,1.0165311775546353,0.41881600360248483,1330.13,1834659968,1385.96,1298.249483870968,1.0031172795400543,-0.047256227958200725,3943.34,3934.83,3726.013182795699,1.0059452799381388
124.39,12834890,126.1,109.80582795698925,1.013136321579946,0.33108134885993934,2520.4,41118900,2528.4,2181.099139784946,1.0151688102555951,0.43615285473589216,1328.16,2000370048,1385.96,1301.846043010753,1.0027703143228381,-0.058080939716668833,3913.1,3943.34,3744.856623655914,1.0050572662885955
121.12,11555890,126.1,110.93894623655912,1.0103192908851224,0.28423687503789985,2432.3,40925800,2528.4,2206.1636559139783,1.0114916904380162,0.24932767545013412,1325.34,1773970048,1385.96,1305.0157419354837,1.0024347724846174,-0.0742594403541541,3974.54,3943.34,3766.5543870967736,1.0057940171337394
121.65,8413010,126.1,112.04305376344087,1.0099523888078712,0.30641946347295423,2459.9,25187200,2528.4,2231.6453763440863,1.0115502403286356,0.26757545837291796,1354.13,1118850048,1385.96,1309.884752688172,1.0037309977161402,-0.06319813253066342,4019.87,3974.54,3790.1733763440857,1.0062707150408408
124.35,8553240,126.1,113.25531182795699,1.0108195735817376,0.44816905655844164,2485.0,26959900,2528.4,2257.274623655914,1.0114844623538772,0.3132271664059867,1411.45,1619469952,1385.96,1318.1636774193548,1.006320345903861,-0.056544168052997,4128.8,4019.87,3819.5450322580646,1.007749422782952
128.05,10811200,126.1,114.62675268817203,1.012109285101774,0.42593035984247907,2537.6,27490800,2528.4,2284.62,1.0121143329471347,0.29318345067359375,1440.19,1301440000,1411.45,1327.835376344086,1.007337251883367,-0.028900418577390452,4185.47,4128.8,3850.8785591397855,1.0082034709938206
127.4,8739240,128.05,115.87365591397851,1.010877942509621,0.4843827447836525,2545.0,28908500,2537.6,2310.700430107527,1.011415653416116,0.31849073680625195,1422.5,1446279936,1440.19,1335.7825806451613,1.0059850825205126,-0.06526463774777325,4180.17,4185.47,3880.007784946237,1.0075643065235893
128.7,7260020,128.05,117.11524731182797,1.0107150446583923,0.44483695701890746,2543.4,23084800,2545.0,2334.7479569892475,1.0104070292143414,0.3374333669394287,1435.89,1577309952,1440.19,1344.0794623655913,1.0062112516218191,-0.06503847834222642,4181.17,4185.47,3907.305376344086,1.0070354475843475
123.44,12847170,128.7,117.92987096774193,1.0069557438046044,0.29979833241259235,2488.6,30656700,2545.0,2353.389032258064,1.007984191703868,0.2600021447363481,1419.11,1450720000,1440.19,1350.8146451612904,1.0050110004536823,-0.09106199172683338,4232.6,4185.47,3936.1302150537635,1.0073771655740529
123.61,8962990,128.7,118.68649462365593,1.0064158779256271,0.26688796310534957,2480.4,33130900,2545.0,2369.9283870967743,1.0070278881272938,0.27174116539376736,1366.7,1605990016,1440.19,1353.8265376344086,1.0022296859779445,-0.11149076086346632,4173.85,4232.6,3959.540064516129,1.0059474275959759
120.98,8091770,128.7,119.2000860215054,1.0043272943520491,0.14293165304281175,2423.0,25721000,2545.0,2381.12559139785,1.004724701540367,0.1420342681557476,1349.99,1737059968,1440.19,1355.5261720430108,1.0012554299693164,-0.1192122137457936,4155.86,4232.6,3980.3053118279568,1.0052443584288786
125.27,8244360,128.7,119.93374193548387,1.0061548270514344,0.28909395765550405,2492.4,25374100,2545.0,2395.4782795698925,1.006027690527494,0.21839832544226057,1380.08,2165120000,1440.19,1358.9519569892475,1.0025272731850492,-0.10816375637510167,4204.11,4232.6,4002.6985806451607,1.0056260178712069
124.75,5939860,128.7,120.55329032258066,1.0051657555004836,0.10722250138453204,2485.4,21369800,2545.0,2407.6043010752687,1.005062046109453,0.11156932692043897,1366.39,1437250048,1440.19,1361.0470967741933,1.001541732048856,-0.1196722620273003,4229.89,4232.6,4024.7461505376345,1.005508176408557
128.61,8173010,128.7,121.35324731182796,1.0066357126139547,-0.0764949323422297,2513.2,26881900,2545.0,2420.0752688172042,1.005179824498721,-0.0026463848745379437,1388.59,1354919936,1440.19,1364.3427526881724,1.002421412103806,-0.06920100654322092,4247.44,4232.6,4046.376623655914,1.0053743695401485
123.72,9977370,128.7,121.78866666666667,1.003588032166291,-0.03875703202639391,2423.7,30936800,2545.0,2425.8019354838707,1.00236631758543,-0.011342632180185941,1387.66,1598700032,1440.19,1367.2691397849462,1.0021449061029628,-0.05505903404032453,4166.45,4247.44,4061.3576559139788,1.0037023326426122
124.48,11727460,128.7,122.22589247311828,1.0035900368927455,-0.018298591198904868,2449.0,39335600,2545.0,2432.3030107526884,1.0026799695283122,-0.07729761324838891,1424.04,1658560000,1440.19,1372.232193548387,1.0036299025693078,-0.06414891914582777,4280.7,4247.44,4082.4001720430106,1.0051811531787629
126.81,11176180,128.7,122.7702795698925,1.0044539424974455,-0.08226640739972013,2474.7,32898100,2545.0,2439.7698924731185,1.00306988137885,-0.1049577345550976,1453.51,1362329984,1440.19,1378.7870967741937,1.0047768178422172,-0.03638336092059857,4352.34,4280.7,4106.683225806452,1.005948229654147
126.05,7607220,128.7,123.231311827957,1.00375524320446,-0.0027988780702750127,2471.3,23584500,2545.0,2446.503010752688,1.0027597349653103,-0.1187490033878047,1474.52,1133549952,1453.51,1386.3131182795698,1.0054584362756107,-0.022308096894072316,4369.55,4352.34,4130.67182795699,1.0058413568399414
119.75,10095530,128.7,123.24006451612902,1.0000710264951511,-0.11791409990383483,2342.2,26842800,2545.0,2444.165806451613,0.9990446754854572,-0.18150854394687665,1435.67,1281880064,1474.52,1390.870946236559,1.0032877334109378,-0.0527845993000684,4327.16,4369.55,4150.40711827957,1.0047777434626999
125.26,13011670,128.7,123.57174193548389,1.0026913116335756,-0.0540722110270655,2419.9,35248600,2545.0,2446.3627956989253,1.000898870789172,-0.16016016422411572,1476.62,1599810048,1474.52,1397.755376344086,1.0049497260160298,-0.03532704883206805,4411.8,4369.55,4174.274559139784,1.0057506264277294
131.45,12858540,128.7,124.26326881720429,1.0055961571058976,-0.02005145403296238,2496.9,31753400,2545.0,2452.9221505376345,1.00268126822818,-0.1393059072352254,1438.71,1455820032,1476.62,1401.765311827957,1.0028688392487957,-0.06565027421558023,4395.26,4411.8,4195.550731182796,1.0050969747537153
126.66,11139910,131.45,124.60234408602153,1.0027286846068408,-0.09351271272635109,2430.2,33096300,2545.0,2454.5464516129036,1.0006621902268333,-0.2183025366590714,1444.09,1632409984,1476.62,1405.8295483870966,1.0028993701904634,-0.09227619706529011,4436.52,4411.8,4218.11423655914,1.0053779603256003
122.21,9651620,131.45,124.62744086021505,1.0002014149442982,-0.08124776352240293,2347.1,26450700,2545.0,2450.3481720430104,0.9982895904996483,-0.20002905452075903,1444.7,1149760000,1476.62,1409.7362365591398,1.00277892023007,-0.09711481722736792,4468.0,4436.52,4241.392924731183,1.0055187429421142
121.77,12304920,131.45,124.59447311827957,0.9997354696388859,-0.05901482282960946,2301.6,31284300,2545.0,2442.7924731182798,0.9969164794575168,-0.18287501229810665,1412.34,1416249984,1476.62,1411.302365591398,1.0011109376290708,-0.12392809116867975,4441.67,4468.0,4261.46806451613,1.0047331478458152
127.56,7562500,131.45,124.89890322580646,1.0024433676703934,0.05240182725890019,2415.8,24001100,2545.0,2442.1638709677422,0.9997426706699587,-0.07115180908405527,1449.28,1399020032,1476.62,1415.1566451612903,1.0027310090763415,-0.10575882245376045,4509.37,4468.0,4284.620193548388,1.0054328998086455
123.08,9650890,131.45,124.85802150537633,0.9996726815098109,-0.09364463985787497,2341.4,25513500,2545.0,2435.8443010752685,0.9974123071888826,-0.226600499822315,1466.71,1241260032,1476.62,1419.8308387096777,1.003302951347732,-0.10860833879661169,4535.43,4509.37,4307.743655913979,1.005396852304531
127.4,7642320,131.45,125.07131182795699,1.0017082628733747,-0.05590756999303581,2394.6,20412000,2545.0,2432.663655913979,0.998694232977089,-0.14273176185046066,1461.86,1059699968,1476.62,1424.0184731182794,1.0029493896698338,-0.06490886889351777,4458.58,4535.43,4324.514215053764,1.0038931191081348
131.21,7646050,131.45,125.49759139784946,1.0034082921467942,-0.11252712601543924,2491.4,30559800,2545.0,2435.338709677419,1.0010996397948138,-0.16055690487475394,1469.69,1621820032,1476.62,1428.5105591397846,1.0031545138678353,-0.05496248856713848,4432.99,4535.43,4338.507462365591,1.0032357963498226
135.48,10166380,131.45,126.16860215053764,1.00534680184069,-0.16373010835419155,2638.9,40054500,2545.0,2447.1769892473126,1.0048610402827547,-0.16772658194339374,1474.29,1627149952,1476.62,1433.0659784946236,1.0031889294242124,-0.030150459921155726,4455.48,4535.43,4352.819892473119,1.0032989294663386
138.15,13798440,135.48,126.98649462365591,1.006482535743262,-0.1670946657923258,2690.2,41672500,2638.9,2461.9552688172043,1.0060389091736421,-0.13304200009535538,1438.51,1625580032,1476.62,1434.9263010752688,1.0012981416128512,0.009495986566354642,4357.05,4535.43,4359.396344086021,1.0015108485476907
141.51,10624940,138.15,127.98830107526881,1.0078890787133066,-0.1569981734394177,2717.6,30345300,2690.2,2478.007096774193,1.0065199510975276,-0.07649753819526084,1451.37,1569560064,1476.62,1437.2279139784946,1.0016039938089512,-0.022465361790978022,4391.36,4535.43,4367.078580645161,1.0017622248478422
144.52,8919520,141.51,129.1511612903226,1.0090856758413405,-0.12772995444463153,2753.2,29524100,2717.6,2495.948817204301,1.007240382989001,-0.11169661303553613,1502.87,1307920000,1476.62,1442.591376344086,1.0037318106011066,-0.01112405285609297,4471.37,4535.43,4378.959268817204,1.0027205116538773
141.66,8718900,144.52,130.08621505376345,1.0072399950112638,-0.18757153115692837,2705.7,25463100,2753.2,2510.325376344086,1.005759957512225,-0.07997614007402931,1525.03,1356080000,1502.87,1449.0087956989246,1.0044485357808681,0.007167372138289219,4544.9,4535.43,4394.383247311828,1.0035222932089045
143.95,11746220,144.52,131.12483870967742,1.0079841177290363,-0.22282360121706013,2758.3,30774800,2753.2,2527.50752688172,1.006844591023757,-0.06972653964245734,1585.72,1743180032,1525.03,1458.912258064516,1.006834646135336,0.025370974587255013,4605.38,4544.9,4412.482580645161,1.0041187425662985
151.84,13497920,144.52,132.6245376344086,1.0114371841329899,-0.21307117378117257,2912.4,38726500,2758.3,2553.9898924731183,1.0104776604262264,-0.022678310414495417,1664.89,2045849984,1585.72,1473.4254193548386,1.0099479329274925,0.04181298177637882,4697.53,4605.38,4435.267913978494,1.0051638353051586
143.47,8010760,151.84,133.52511827956988,1.0067904526660354,-0.32183007371436423,2758.8,27340200,2912.4,2569.643440860215,1.0061290565139782,-0.07652218767917396,1611.82,1871360000,1664.89,1483.969677419355,1.0071562889617673,0.0003368541811705761,4682.85,4697.53,4455.883075268817,1.004648008122655
144.37,9986370,151.84,134.45060215053763,1.0069311593420949,-0.37589488387358005,2751.4,27457100,2912.4,2584.3438709677416,1.0057208054136124,-0.05872180694479123,1673.27,1711910016,1664.89,1498.1093548387098,1.0095282792057745,0.052420056915050584,4697.96,4697.53,4476.403440860216,1.0046052298152282
136.21,8166690,151.84,134.81313978494626,1.002696437417236,-0.47026883954012977,2611.5,26062800,2912.4,2589.5746236559144,1.002024015746099,-0.09042694403673912,1612.87,1441170048,1673.27,1507.8129677419354,1.0064772393763406,0.02437076160332352,4594.62,4697.96,4489.143182795699,1.0028459771563922
138.74,15004330,151.84,135.32275268817205,1.003780142677774,-0.25055280967177485,2623.9,48412500,2912.4,2595.4589247311824,1.0022723041157087,-0.07347492324728777,1574.74,2259919872,1673.27,1514.6759784946232,1.0045516326623491,0.037411502861265156,4538.43,4697.96,4497.368623655913,1.0018322963927142
146.13,7524040,151.84,136.2762365591398,1.0070459981934072,-0.17695145490616593,2777.9,29806100,2912.4,2610.9877419354843,1.0059830718399485,-0.05038933812518742,1614.44,1766800000,1673.27,1523.7655913978492,1.0060010279639213,0.05233023953394911,4712.02,4697.96,4516.135720430108,1.0041729060578848
140.94,9865310,151.84,136.8464516129032,1.004184258885928,-0.15341579999743526,2643.4,39438900,2912.4,2617.19935483871,1.0023790279837244,-0.0874774655861239,1545.06,2143299968,1673.27,1527.846301075269,1.0026780429355122,0.032660105526718164,4620.64,4712.02,4527.849978494624,1.002593867587177
154.71,8764890,151.84,138.2621290322581,1.0103450064117074,-0.041320986242413094,2882.9,28347600,2912.4,2638.388602150538,1.0080961533452366,-0.003409636351624057,1604.1,1289059968,1673.27,1535.3165376344082,1.0048893900871323,0.03823820713017256,4725.78,4712.02,4545.347935483872,1.0038645178334873
155.99,5426610,154.71,139.6970752688172,1.0103784474215953,0.04714044981755139,2897.6,19871800,2912.4,2659.6864516129035,1.008072294371271,-0.0015610353478623384,1610.76,1123879936,1673.27,1542.7346881720432,1.0048316750036868,0.05205771904077694,4766.18,4725.78,4564.33047311828,1.0041762562302916
152.0,8918100,155.99,140.80741935483871,1.0079482271470959,-0.010232615003916479,2863.4,28278200,2912.4,2677.8913978494625,1.0068447715803188,0.05087770610876996,1569.02,2226520064,1673.27,1546.9344086021506,1.0027222570817302,0.028798994390634824,4677.02,4766.18,4576.407440860215,1.002645945076296
147.98,13103640,155.99,141.60810752688172,1.0056864061262656,-0.024896343411547894,2795.1,34143000,2912.4,2690.9367741935484,1.0048715106051584,0.0573726696804735,1545.9,1967440000,1673.27,1549.2544946236558,1.0014997959891536,-0.005108498379041704,4662.85,4766.18,4586.646387096775,1.0022373327482037
142.26,12168000,155.99,141.98759139784946,1.0026798174030798,-0.09947465086780127,2665.8,34161400,2912.4,2694.841505376344,1.0014510676059885,0.037580306698974386,1414.67,1682109952,1673.27,1542.7678279569893,0.9958130399562002,-0.0339655792968907,4397.93,4766.18,4578.7261935483875,0.9982732059810261
143.39,17760110,155.99,142.40174193548387,1.0029168079658028,-0.11733828820682901,2686.9,42830500,2912.4,2699.6412903225805,1.0017811010171325,0.03705621871460196,1401.07,2257880064,1673.27,1535.4238924731183,0.9952397662494711,-0.054346516972467174,4431.85,4766.18,4572.742279569893,0.9986931050852252
145.5,13136350,155.99,142.9163655913978,1.0036138859603774,-0.044548782330938286,2734.7,37732900,2912.4,2707.068602150538,1.0027512217473418,0.08714784281545884,1456.33,2030189952,1673.27,1531.7578924731185,0.9976123857275043,-0.04231413323382893,4500.54,4766.18,4571.018989247312,0.9996231385419903
149.53,13687530,155.99,143.64916129032258,1.0051274442635902,0.07516008573286403,2821.7,41419400,2912.4,2719.542365591398,1.004607849033065,0.21987881443965762,1423.52,1828649984,1673.27,1526.0142365591396,0.9962502847596199,-0.02960383447674908,4418.64,4766.18,4563.730129032258,0.9984054189597114
150.41,19646570,155.99,144.37468817204302,1.0050506865143063,0.025732215026565086,2855.7,57187800,2912.4,2733.178494623656,1.0050141263488988,0.21393507011884705,1417.74,1549820032,1673.27,1519.9238064516128,0.9960089296930417,-0.025610830096857495,4348.87,4766.18,4551.743247311828,0.9973734464173997
150.67,11438270,155.99,145.06290322580645,1.0047668678109511,-0.06479849419576511,2850.8,36417200,2912.4,2745.561290322581,1.0045305477572295,0.15221706525524847,1387.08,1654019968,1673.27,1511.981935483871,0.9947748229654467,-0.033465525154825704,4384.62,4766.18,4542.198150537634,0.9979029799671081
137.67,15634940,155.99,144.87107526881718,0.998677622240259,-0.09708228361602478,2617.8,43350100,2912.4,2742.1507526881724,0.9987577994902427,0.07760616704636014,1350.6,2032390016,1673.27,1501.7975483870966,0.9932642137728219,-0.040475218660355305,4328.87,4766.18,4529.079161290323,0.997111753205712
141.77,17405060,155.99,144.92008602150537,1.0003383059910147,-0.02018139556412346,2652.6,51817800,2912.4,2740.581935483871,0.9994278880536515,0.14861447200920608,1315.58,1975840000,1673.27,1489.5548602150538,0.9918479769891813,-0.030357499263042986,4204.31,4766.18,4508.155548387097,0.9953801618037373
151.79,12189280,155.99,145.57348387096775,1.0045086769363731,0.021712213145600456,2823.8,38700500,2912.4,2749.4012903225803,1.0032180591736815,0.22439994604916147,1437.52,1846499968,1673.27,1485.4569462365591,0.9972489002668199,0.01300605773964536,4463.09,4766.18,4504.4944946236565,0.9991879042938635
151.5,7568630,155.99,146.1436129032258,1.003916434621867,-0.058476377507981736,2810.8,27667400,2912.4,2756.2589247311826,1.0024942282644371,0.15400815996232464,1452.85,1489810048,1673.27,1482.2939139784942,0.9978706671599749,-0.005003382828258962,4543.04,4766.18,4505.945440860215,1.0003221107803084
150.71,8758690,155.99,146.61129032258066,1.003200122195313,-0.032346698731066104,2816.6,31725100,2912.4,2762.64129032258,1.0023155899956024,0.18922176034653804,1465.81,1485650048,1673.27,1479.9593333333332,0.9984250217698764,-0.0029132899299649795,4545.86,4766.18,4507.505913978494,1.0003463142505298
145.48,10328100,155.99,146.68212903225805,1.000483173632273,-0.11859652894033457,2674.1,32251400,2912.4,2758.8081720430105,0.9986125168356106,0.053990202030415047,1417.79,1734560000,1673.27,1474.5286236559139,0.9963305007407279,-0.036807839350895044,4488.28,4766.18,4505.329118279569,0.99951707313524
155.58,7717080,155.99,147.36569892473116,1.004660212508388,-0.04733977066028183,2896.2,27170500,2912.4,2768.703010752688,1.0035866352760403,0.1169683037957634,1406.28,1057670016,1673.27,1468.4501075268818,0.9958776547084172,-0.03403166532322055,4392.59,4766.18,4496.914903225807,0.9981323861514084
153.35,9743110,155.99,147.85298924731183,1.003306673982726,-0.10855075601062492,2862.8,5618196,2912.4,2775.5724731182795,1.002481112036543,0.010176508299769349,1381.16,1287859968,1673.27,1460.8873118279569,0.994849810926391,-0.02193926441332328,4271.78,4766.18,4480.793376344086,0.9964149806637086
155.29,10666500,155.99,148.42701075268818,1.0038823801148598,-0.17249356260117588,2866.5,33945900,2912.4,2782.199139784946,1.002387495455747,0.028557756174654836,1272.15,1632809984,1673.27,1446.4918924731182,0.9901461124083375,-0.06397945438774721,4131.93,4766.18,4456.044322580645,0.9944766357908621
143.48,19749930,155.99,148.2022365591398,0.998485624736303,-0.251218947253552,2718.9,52791900,2912.4,2778.9240860215054,0.9988228542965858,-0.005044517243247615,1229.22,1777069952,1673.27,1429.6845591397846,0.9883806238937174,-0.0920287951559492,4123.34,4766.18,4431.225204301075,0.9944302353201917
136.59,14682660,155.99,147.52870967741936,0.9954553527844252,-0.3321637289004997,2611.6,47706600,2912.4,2768.723655913979,0.9963293599278813,0.0147736841955588,1187.3,2108349952,1673.27,1410.6504516129032,0.9866864984970294,-0.10990153136100589,4023.89,4766.18,4400.566344086023,0.9930811775972718
130.28,13240210,155.99,146.46513978494622,0.992790759881255,-0.33423564697242236,2479.7,40008100,2912.4,2750.3180645161287,0.993352319088062,0.02770308093498497,1098.91,2051049984,1673.27,1386.5924086021507,0.982945425648682,-0.13782137936175454,3901.36,4766.18,4362.964645161291,0.9914552591678875
142.25,10669190,155.99,146.1983010752688,0.9981781418426992,-0.23852341030856639,2720.0,35985400,2912.4,2747.9017204301076,0.9991214310383966,0.04845777406554741,1200.5,1755660032,1673.27,1370.0049462365591,0.9880372470938927,-0.14583986229502677,4158.24,4766.18,4343.319806451613,0.9954973646803522
142.17,7137110,155.99,145.92995698924733,0.9981645198059906,-0.2805380750326052,2740.5,23438700,2912.4,2746.8903225806453,0.9996319381286664,0.03159591274127038,1200.56,1249660032,1673.27,1354.2497849462366,0.9884999237896166,-0.15351238839286552,4108.54,4766.18,4321.430107526882,0.9949601457179793
127.47,8867666,155.99,144.73402150537632,0.9918047294157762,-0.3110206867416312,2507.2,29632500,2912.4,2731.196989247312,0.9942868729762062,0.05504519970696797,1127.72,1849910016,1673.27,1334.7938279569892,0.9856334058860347,-0.13335352323676564,3900.86,4766.18,4287.408344086021,0.9921271980352978
116.28,13447441,155.99,142.85055913978493,0.9869867336925934,-0.3803851117376208,2279.4,47477500,2912.4,2701.3479569892475,0.9890710804180072,0.020363785645815424,1065.21,2729169920,1673.27,1312.346043010753,0.983182582601094,-0.14561659214938882,3674.84,4766.18,4240.486344086022,0.9890558593363931
116.71,11644649,155.99,141.05524731182797,0.9874322380061518,-0.3068509165627472,2256.1,39201200,2912.4,2671.0107526881725,0.9887696051067457,-0.014123617944155176,1153.04,1700300032,1673.27,1296.8723655913977,0.9882091484164833,-0.13647447135469581,3911.74,4766.18,4211.0484731182805,0.993057902188791
