10.31,2557877,10.63,9.789311827956992,1.0055157210198233,-0.10249904578502966,199.6,41036400,203.68,187.45012903225805,1.0057086953501773,0.036832036369936594,208.94,144686160,212.74,197.73159139784943,1.0047465420213104,0.059240955569307197,2850.13,2872.87,2754.9944731182795,1.0027021647726282
10.3,2425774,10.63,9.840301075268817,1.005208665145001,-0.13966929665914574,199.18,34222600,203.68,188.44443010752687,1.0053043499111047,0.051216372000093546,206.69,144686160,212.74,198.48980645161288,1.0038345670937219,0.037696638884416434,2874.69,2872.87,2763.9177204301077,1.0032389347415744
10.33,1988557,10.63,9.891526881720429,1.0052057153597012,-0.008449416313945024,200.37,45131800,203.68,189.48030107526884,1.0054969572045769,0.05544059030550663,208.46,144686160,212.74,199.34580645161293,1.0043125640318902,0.02313062546294553,2901.52,2874.69,2774.5680215053767,1.0038533350673013
10.29,1549345,10.63,9.937032258064514,1.004600440042091,-0.015138316885539016,199.16,41839100,203.68,190.3888602150537,1.004795005784923,0.05474645482701779,205.9,144686160,212.74,200.00591397849462,1.0033113690156403,0.00961024997365656,2871.68,2901.52,2782.9933978494623,1.0030366443636565
10.26,2651368,10.63,9.976752688172041,1.0039972125556191,-0.08243076509007663,199.88,50419500,203.68,191.28460215053764,1.0047048022372325,0.05111980057589238,206.22,144686160,212.74,200.64427956989252,1.0031917335777707,0.025346225142973466,2904.98,2901.52,2793.0249462365587,1.0036045893586554
10.36,3844085,10.63,10.019741935483871,1.004308941862696,-0.047062282691672896,201.05,61723200,203.68,192.20313978494625,1.0048019423627508,0.07329698514191985,205.41,144686160,212.74,201.19430107526884,1.0027412767837456,0.01797679993486967,2929.67,2904.98,2804.277870967742,1.0040289381397562
10.53,2267501,10.63,10.07006451612903,1.0050223429873923,0.006355910996282299,197.49,67730000,203.68,192.83311827956985,1.0032776701531956,0.07082587947587715,201.86,144686160,212.74,201.4809247311828,1.0014246112060934,0.012578069203062814,2913.98,2929.67,2814.126344086021,1.0035119462376532
9.81,3566611,10.63,10.069827956989247,0.9999765086768407,-0.07250857970987123,193.51,57952700,203.68,193.1458064516129,1.0016215480765587,0.06188813490659273,196.35,144686160,212.74,201.37427956989248,0.9994706935089136,-0.007893696736374967,2885.57,2929.67,2821.662924731183,1.0026781244776022
9.63,2818108,10.63,10.055526881720427,0.9985798093741121,-0.15379949808305482,187.27,65274900,203.68,193.02172043010754,0.9993575525982933,0.050444834566468755,190.64,144686160,212.74,200.88789247311826,0.9975846612694874,-0.020325440951761253,2767.13,2929.67,2821.3453118279567,0.9998874376877399
9.83,2234213,10.63,10.053139784946236,0.999762608483646,-0.11010388471725041,193.75,56201500,203.68,193.3018494623656,1.00145128243409,0.06291529219838043,196.77,144686160,212.74,200.8031612903226,0.9995782165776517,-0.012138190286912875,2767.78,2929.67,2821.0371182795698,0.9998907636200735
9.88,2609888,10.63,10.051784946236557,0.9998652322817885,-0.12009395371915654,192.74,68255104,203.68,193.4721290322581,1.0008808998484293,0.04863721665814724,194.76,144686160,212.74,200.56584946236558,0.9988181867933149,0.0073631323165557205,2658.69,2929.67,2813.304795698925,0.9972590496840537
9.67,3627549,10.63,10.035376344086023,0.9983675931948108,-0.13316925057911555,190.95,76277296,203.68,193.50245161290323,1.0001567284176631,0.010508239400873531,197.42,144686160,212.74,200.49432258064516,0.9996433745729288,-0.01099990199190981,2723.06,2929.67,2809.6870537634413,0.9987140597275438
9.99,3147184,10.63,10.038838709677417,1.0003450160186005,-0.027985044919877744,198.8,60564800,203.68,194.02152688172046,1.0026825255416176,0.006548032882391919,204.62,144686160,212.74,200.8731397849462,1.0018894161162528,0.038510893995213014,2781.01,2929.67,2809.5529892473123,0.9999522848938107
10.0,2487486,10.63,10.041892473118281,1.000304194890383,-0.0014148756235377036,200.03,57807000,203.68,194.58393548387096,1.0028986917647202,0.014190889569008158,206.31,144686160,212.74,201.3263440860215,1.002256171738842,0.08115685330310218,2736.27,2929.67,2806.2642795698926,0.9988294544754962
9.89,1321350,10.63,10.036494623655914,0.9994624669128038,-0.0011146019035064292,200.63,39376200,203.68,195.13892473118275,1.00285218430767,0.034260642117760476,203.3,144686160,212.74,201.54286021505374,1.0010754485709021,0.076606839606428,2632.56,2929.67,2796.142387096774,0.996393107895501
10.1,1977038,10.63,10.04367741935484,1.0007156677673095,0.004997400896352255,205.91,64656400,203.68,195.99645161290323,1.0043944429995286,0.04056375555450731,208.88,144686160,212.74,202.09361290322576,1.0027326827037404,0.04511381961667249,2760.17,2929.67,2794.333720430108,0.9993531564504681
10.3,2101545,10.63,10.062537634408603,1.0018778196736404,0.007135152428416669,206.26,69119696,205.91,196.82840860215055,1.0042447553636862,0.039564168650339626,209.45,144686160,212.74,202.64731182795697,1.0027398140731758,0.11222419556803831,2633.08,2929.67,2784.117634408602,0.9963439993058762
10.32,2718010,10.63,10.080924731182797,1.0018272822862615,0.01778246544499984,203.84,62562900,206.26,197.45774193548385,1.0031973704294148,0.06761086609597977,205.65,144686160,212.74,202.92344086021507,1.0013626089078966,0.13467003665096877,2599.95,2929.67,2771.9676559139784,0.9956359679833698
9.55,4102162,10.63,10.047204301075269,0.9966550261006093,-0.12440528934207329,195.14,90074800,206.26,197.46511827956988,1.000037356570645,0.07717469026638524,192.56,144686160,212.74,202.31741935483876,0.9970135460802,0.11530570757699388,2416.62,2929.67,2748.2329892473126,0.9914376105305457
9.23,2997923,10.63,9.99268817204301,0.9945740001498303,-0.19895349507651794,191.45,53631500,206.26,197.2031612903226,0.9986734011985023,0.038409451884042656,192.3,144686160,212.74,201.693247311828,0.9969148872845396,0.07650766511439044,2485.74,2929.67,2729.6129677419353,0.9932247296432909
9.37,2523402,10.63,9.948279569892474,0.9955558903284123,-0.22250585659232158,188.13,49655800,206.26,196.71739784946234,0.9975367360356606,0.02570175792816376,190.84,144686160,212.74,200.98096774193547,0.9964685006593637,0.05587624212098008,2531.94,2929.67,2714.508817204301,0.9944665596492498
9.78,2568163,10.63,9.93148387096774,0.9983116981376796,-0.1918531282513133,196.46,60404500,206.26,196.77204301075272,1.0002777850962232,0.026628426582718356,198.42,144686160,212.74,200.77174193548385,0.9989589770175638,0.08351775396990979,2596.26,2929.67,2704.085720430108,0.996160227328004
10.07,2031049,10.63,9.934193548387098,1.000272837116242,-0.1664794802731251,202.84,62194900,206.26,197.22043010752685,1.0022787134285618,0.052946517519161684,202.59,144686160,212.74,200.8241935483871,1.000261249976703,0.044567770393725836,2670.71,2929.67,2698.860258064516,0.9980675677822962
10.25,1491709,10.63,9.948860215053765,1.0014763822141404,-0.14856508076266417,205.35,45511400,206.26,197.80337634408605,1.0029558105934633,0.054409520216252893,205.63,144686160,212.74,201.06675268817207,1.001207818318596,0.03819586947173803,2664.76,2929.67,2693.4319354838713,0.9979886611155859
10.35,3165103,10.63,9.970107526881721,1.0021356528656225,-0.1091709905374012,210.14,84187000,206.26,198.66535483870965,1.0043577542029625,0.059865452787624784,211.56,144686160,212.74,201.68387096774194,1.003069220899623,0.049098949938290115,2706.53,2929.67,2690.8137419354844,0.9990279340220578
10.47,2082209,10.63,9.999032258064517,1.002901145359246,-0.08848238301389477,215.26,64348600,210.14,199.8204731182796,1.0058143921495912,0.06543419169857945,214.5,144686160,212.74,202.4775053763441,1.0039350415320476,0.08626801979169663,2707.88,2929.67,2688.397247311828,0.9991019465279234
10.6,1824076,10.63,10.035720430107528,1.00366917228549,-0.08961582572750015,215.9,64454100,215.26,200.96789247311827,1.005742251216468,0.062368462369238875,216.78,144686160,214.5,203.3950537634408,1.0045316065376806,0.09028918809183761,2775.6,2929.67,2690.5507096774195,1.0008010208936737
10.28,2784450,10.63,10.050430107526878,1.0014657320838891,-0.10910150281347031,216.09,57718200,215.9,202.06937634408604,1.0054808947708656,0.057615711312906104,217.15,144686160,216.78,204.3015698924731,1.0044569231761487,0.0937255930880403,2792.67,2929.67,2693.861870967742,1.001230663030588
10.37,3585830,10.63,10.07004301075269,1.0019514491435668,-0.11621222385844732,214.28,74572400,216.09,202.99627956989244,1.0045870544195081,0.05324618309145368,214.47,144686160,217.15,204.9988172043011,1.003412833842613,0.04964490811956135,2803.69,2929.67,2697.9402365591395,1.001513947554383
10.3,2650982,10.63,10.084752688172042,1.001460736305063,-0.173630838160151,217.12,54777900,216.09,204.06836559139788,1.0052813087204207,0.06030305682571768,215.45,144686160,217.15,205.74294623655913,1.003629918662001,0.09290812514980062,2743.07,2929.67,2698.18647311828,1.0000912683519834
10.49,3390621,10.63,10.11116129032258,1.0026186663140992,-0.20416730548217799,220.88,63308800,217.12,205.33249462365586,1.0061946349626238,0.05305718165535622,220.13,144686160,217.15,206.76234408602153,1.004954715911817,0.06325735666753451,2822.48,2929.67,2703.749935483871,1.0020619265647572
10.51,2542233,10.63,10.138473118279569,1.0027011563927013,-0.1911618851633503,220.67,91442400,220.88,206.537311827957,1.0058676402218236,0.033045970359552035,222.16,144686160,220.13,207.88864516129033,1.0054473220462243,0.10058133712286899,2800.71,2929.67,2707.9683440860217,1.0015602066399665
10.79,1995838,10.63,10.183397849462365,1.0044311140995972,-0.14369515852565384,222.39,62245800,220.88,207.8068817204301,1.0061469275514279,0.03362306548581162,224.36,144686160,222.16,209.1236129032258,1.00594052523156,0.09940632849480457,2834.4,2929.67,2714.519397849463,1.002419176641318
10.76,2793578,10.79,10.225397849462366,1.004124360122316,-0.10985469609795007,223.95,49361700,222.39,209.12974193548385,1.0063658152420256,0.024569920231265696,226.47,144686160,224.36,210.46051612903224,1.00639288508479,0.09256917926408303,2892.74,2929.67,2724.9786666666664,1.0038530831002679
10.57,1547429,10.79,10.254129032258065,1.0028097863006094,-0.11006547157987301,226.15,60508900,223.95,210.54122580645162,1.0067493215355432,0.029935306737335132,227.15,144686160,226.47,211.7970537634409,1.0063505386140421,0.10065705600566233,2907.41,2929.67,2736.3390967741934,1.0041689978150998
10.3,1473733,10.79,10.264774193548387,1.0010381341269292,-0.14583396300259754,218.96,44719900,226.15,211.43234408602152,1.0042325120705295,0.018735207174649826,219.86,144686160,227.15,212.61825806451614,1.0038773169243065,0.07875761422881011,2905.03,2929.67,2747.540752688172,1.0040936651189114
10.6,1419011,10.79,10.294903225806452,1.0029351870474659,-0.12423852134035918,223.12,50869100,226.15,212.5533333333333,1.0053018815647985,0.025993921625846683,222.81,144686160,227.15,213.59870967741938,1.0046113237020582,0.09489661405723315,2939.88,2929.67,2761.043784946237,1.0049145885260677
10.8,2255205,10.79,10.337784946236559,1.0041653349710578,-0.0011954795585225053,224.36,56742700,226.15,213.69920430107527,1.0053909809353352,0.013663163387603872,224.97,144686160,227.15,214.67346236559143,1.0050316441040077,0.12494274472817213,2945.64,2939.88,2774.8627311827954,1.0050049717834617
10.79,2173695,10.8,10.377892473118278,1.0038797021886512,-0.009161707755669157,223.13,55824200,226.15,214.699376344086,1.0046802796776053,0.019908284306158208,223.35,144686160,227.15,215.58215053763445,1.0042328854346025,0.1302844473633562,2881.4,2945.64,2784.407978494624,1.0034398989198863
10.93,1535649,10.8,10.4245376344086,1.0044946660809162,-0.07150834066043443,226.29,52191600,226.15,215.82630107526884,1.0052488495792218,0.017417310204971725,226.39,144686160,227.15,216.61662365591397,1.0047985100607804,0.11738176589165072,2859.53,2945.64,2792.2965161290326,1.002833111273684
11.04,1426675,10.93,10.475913978494624,1.0049284050657983,-0.014746248727830702,228.69,45273200,226.29,217.03808602150536,1.0056146305626297,0.02098363019591032,227.0,144686160,227.15,217.62675268817205,1.004663211046363,0.10258501593167835,2826.06,2945.64,2797.828387096774,1.001981118744298
10.98,1126766,11.04,10.520924731182795,1.004296594338267,0.013442510439942712,227.25,94814800,228.69,218.07965591397848,1.004799018972043,0.04999473570409396,225.08,144686160,227.15,218.44367741935483,1.0037537881767382,0.12945760157076225,2752.06,2945.64,2798.2261290322585,1.0001421609478691
11.42,1766464,11.04,10.591505376344088,1.0067085971019354,-0.01833772779579501,232.7,69783104,228.69,219.39477419354841,1.0060304491680263,0.04169897697198732,230.98,144686160,227.15,219.58176344086024,1.0052099746486165,0.09562399357682616,2873.34,2945.64,2806.386021505376,1.0029160947317504
11.92,1828354,11.42,10.691268817204302,1.0094191937137693,0.024002222376553917,233.38,50501700,232.7,220.68086021505377,1.0058619719919617,0.04099187118926961,232.25,144686160,230.98,220.74509677419354,1.005297950590722,0.07065449112557065,2886.98,2945.64,2815.2273548387097,1.0031504337840849
11.83,2075413,11.92,10.781096774193548,1.0084019921793284,-0.016189858120059464,233.02,82822096,233.38,221.87200000000004,1.0053975672552007,0.008908257238591899,234.31,337745984,232.25,221.98554838709677,1.0056193846705104,0.031776220367103036,2950.46,2945.64,2827.840064516129,1.0044801744540246
11.57,2589733,11.92,10.849978494623656,1.0063891199451052,-0.03629906003609151,228.45,89362896,233.38,222.6986451612903,1.0037257750472808,0.018360359738177845,227.91,303814016,234.31,222.74640860215058,1.0034275213885862,0.025315514622156643,2941.76,2950.46,2839.2078279569896,1.0040199456763852
11.95,1401051,11.92,10.94021505376344,1.0083167500455874,-0.004490805425853672,234.78,44771200,233.38,223.88520430107522,1.0053280932128057,0.02363851968131314,233.46,176828000,234.31,223.82440860215056,1.0048395842014468,-0.021074428064828066,2990.41,2950.46,2853.323784946237,1.0049717941921161
11.95,1741538,11.95,11.026903225806452,1.0079238087749647,0.014858488111960666,237.14,70294000,234.78,225.162688172043,1.0057059771991448,0.03037047310648444,233.0,231358000,234.31,224.8210967741935,1.0044529914242488,-0.02617165013370837,3013.77,2990.41,2868.1783870967743,1.0052060695771394
11.91,1895915,11.95,11.107505376344088,1.0073095908150351,0.14617239661868076,231.84,52706300,237.14,226.02662365591397,1.0038369389301784,0.005737324121989129,227.67,211938000,234.31,225.4150967741936,1.002642100801584,-0.04939169528607534,2976.61,3013.77,2879.745634408602,1.004032959513211
12.06,2561237,11.95,11.192709677419357,1.0076708764198963,0.2409186932170373,234.29,64591600,237.14,226.96969892473115,1.0041724078940932,0.031098289635424603,229.35,217494000,234.31,226.04197849462363,1.002781010364439,-0.024619700663379707,3025.86,3013.77,2893.2860215053765,1.0047019385792229
12.73,3732216,12.06,11.315053763440856,1.0109306941346223,0.32140589397487984,235.7,76009104,237.14,227.91161290322583,1.0041499547426682,0.026437029193869588,234.05,296059008,234.31,226.89240860215054,1.0037622662533328,0.0683949660437766,2932.05,3025.86,2899.612602150538,1.002186641969766
13.3,3041936,12.73,11.46694623655914,1.0134239285374897,0.31346889268233435,239.14,66017500,237.14,228.97316129032257,1.0046577196026754,0.016862214856831148,238.18,295297984,234.31,227.9163655913978,1.0045129627542662,0.07620825142135179,2918.65,3025.86,2904.214215053764,1.0015869750668807
13.38,3189661,13.3,11.61643010752688,1.0130360662624502,0.2681523545673372,241.36,64732900,239.14,230.0861505376344,1.0048607847358173,0.01092119135678482,238.85,241863008,238.18,228.89804301075267,1.004307182666798,0.09736717950482077,2888.68,3025.86,2906.1889677419354,1.0006799610985773
13.84,3061131,13.38,11.78847311827957,1.0148103168667297,0.3333938122817157,242.69,56734300,241.36,231.2021075268817,1.0048501701933805,0.02363912877101737,238.16,216763008,238.85,229.7572258064516,1.003753561124411,0.08976658359601308,2847.11,3025.86,2905.0130322580644,0.9995953685404069
13.91,1775334,13.84,11.957311827956989,1.014322356083216,0.3037109614206981,246.58,62098000,242.69,232.48873118279565,1.0055649304830163,0.027444883956122768,242.44,217952000,238.85,230.82258064516128,1.0046368719633094,0.06470429100941022,2926.46,3025.86,2908.564301075269,1.0012224622670434
13.69,3080497,13.91,12.104301075268816,1.0122928338264254,0.25636524349368495,250.28,51601500,246.58,233.93569892473118,1.006223818825859,0.016346656842801233,245.89,215920992,242.44,232.04410752688167,1.0052920597209605,0.046324816051834805,2978.71,3025.86,2915.0135698924737,1.0022173375416938
13.92,2661887,13.91,12.25920430107527,1.0127973705250068,0.2769721386094999,243.63,63997400,250.28,234.87832258064515,1.0040294134680883,0.030874741217416846,237.93,321752000,245.89,232.68458064516133,1.0027601352393982,0.01405447921544134,3007.39,3025.86,2922.730731182796,1.0026473843449746
14.44,3785883,13.92,12.440516129032256,1.014789852873329,0.37801302386303437,247.28,122712600,250.28,235.99679569892473,1.0047619256898241,0.02612479064126405,242.82,309553984,245.89,233.5950537634409,1.0039129069737027,0.04681201280466962,2992.07,3025.86,2928.961032258065,1.0021316712514081
14.34,2424029,14.44,12.606430107526881,1.0133365832071415,0.3438811213043471,250.01,69021104,250.28,237.22432258064515,1.0052014557150448,0.03269306404083783,243.22,249888992,245.89,234.47612903225806,1.0037718061860565,0.07766141069055532,2961.79,3025.86,2932.808967741935,1.0013137544137634
14.66,2509180,14.44,12.784451612903224,1.0141214843423478,0.42080879514641856,254.5,62081300,250.28,238.664688172043,1.006071744986892,0.039092541309144746,244.12,267530000,245.89,235.3534408602151,1.0037415827000298,0.056900187392036505,2952.01,3025.86,2935.6859354838707,1.0009809598148327
14.69,1897749,14.66,12.955032258064517,1.0133428206642143,0.4109105948178875,253.59,65138300,254.5,239.9659569892473,1.0054522888457897,0.04574084815674673,242.66,227559008,245.89,236.07490322580645,1.003065442183273,0.049986859398924555,2970.27,3025.86,2939.291634408602,1.001228230472868
15.03,2165546,14.69,13.138516129032258,1.014163135012923,0.46897514290151254,257.62,71837504,254.5,241.45688172043015,1.0062130676779693,0.05554326816167077,247.02,217976000,245.89,237.0292043010753,1.004042365631539,0.04567169774470248,2986.2,3025.86,2943.607247311829,1.0014682493062976
15.0,1666315,15.03,13.310344086021503,1.0130781859459423,0.4270194042948702,256.85,60980100,257.62,242.81866666666664,1.0056398680233651,0.06612255941629486,244.29,232368992,247.02,237.75391397849464,1.0030574699837358,0.022449559161275,3022.55,3025.86,2949.86911827957,1.0021272780101556
15.18,2405527,15.03,13.484731182795699,1.0131016219901734,0.48370401510825745,258.56,79622496,257.62,244.21666666666667,1.0057573827382849,0.08367311092275553,242.52,333782016,247.02,238.32156989247312,1.0023875775775024,0.010660962261539897,3066.91,3025.86,2958.588301075269,1.002955786323423
14.31,2703886,15.18,13.593483870967743,1.00806487624394,0.40368036573302224,247.88,70402704,258.56,244.85120430107526,1.002598256880128,0.06764731088769782,233.61,311184992,247.02,238.27987096774194,0.9998250308406831,-0.03542160490928259,3093.08,3066.91,2968.621311827956,1.0033911479840032
14.63,1918787,15.18,13.71483870967742,1.0089274272777753,0.44436274579038504,253.94,56938200,258.56,245.82997849462367,1.0039974244616943,0.07674783810510033,238.11,252239008,247.02,238.51460215053763,1.000985107058529,0.008849786475884969,3120.46,3093.08,2980.0214838709676,1.003840224415822
14.45,1810636,15.18,13.815268817204302,1.0073227334023271,0.36652449321020697,249.79,98375696,258.56,246.46578494623654,1.0025863666242267,0.06392417329558797,235.2,243356992,247.02,238.5223440860215,1.0000324589581269,-0.002357033891000837,3110.29,3120.46,2990.30223655914,1.0034498921379646
14.94,1278723,15.18,13.939032258064515,1.0089584533242009,0.33162483620602745,254.34,85856896,258.56,247.33778494623655,1.003538016443906,0.0737943324199728,238.43,239732000,247.02,238.71182795698925,1.0007944072145267,-0.006484760833906034,3140.98,3120.46,3002.1965161290314,1.0039776178556379
14.77,1741471,15.18,14.042924731182799,1.0074533490700674,0.33562424519159584,251.99,72252896,258.56,247.9936989247312,1.0026518955793076,0.06468974775316183,237.79,264936000,247.02,238.83107526881722,1.0004995450491436,-0.027147233775263624,3145.91,3140.98,3013.9887741935486,1.0039278768065862
13.71,3204013,15.18,14.069870967741934,1.0019188478949332,0.2630727081755735,242.97,69768896,258.56,248.00561290322588,1.0000480414564819,0.05021145400643823,231.71,300516000,247.02,238.52701075268814,0.9987268636805875,-0.08465486604913264,3168.8,3145.91,3026.6889677419354,1.0042137494529273
14.12,3763941,15.18,14.117290322580647,1.0033702764543777,0.24541305387478451,242.09,103334304,258.56,247.92488172043008,0.9996744784045379,0.010665088630647412,237.88,408328000,247.02,238.60956989247308,1.0003461207161588,-0.09189766447152126,3221.22,3168.8,3042.106,1.0050936955935603
13.94,795509,15.18,14.146473118279568,1.0020671669302035,0.27032557281702696,242.9,26052800,258.56,247.86759139784945,0.9997689206416756,0.006533494117138661,239.11,103785000,247.02,238.74808602150543,1.0005805137199433,-0.11497378823121407,3240.02,3221.22,3057.8861290322575,1.0051872383908573
14.02,1745526,15.18,14.174451612903226,1.001977771730786,0.21128991332499947,244.08,50199600,258.56,247.8527741935484,0.9999402212922736,0.013922784787659293,239.06,197159008,247.02,238.85320430107524,1.00044028951738,-0.09083386965929674,3234.85,3240.02,3072.2833333333333,1.004708221200386
14.05,1735302,15.18,14.198774193548386,1.001715945089757,0.15710725804327597,244.14,67363696,258.56,247.8173548387097,0.9998570951850188,0.013596991504359446,239.8,253160992,247.02,238.98868817204306,1.0005672265162373,-0.09855275853721368,3265.35,3240.02,3087.870838709677,1.005073589797928
14.81,1759471,15.18,14.267548387096776,1.0048436711937878,0.2119065948316574,249.78,62337600,258.56,248.12266666666665,1.0012320034170152,0.023314341906295777,245.7,262259008,247.02,239.48858064516133,1.0020916993056943,-0.07989796017027717,3329.62,3265.35,3106.7910967741936,1.0061272828601933
14.87,1619122,15.18,14.333784946236557,1.0046424625550725,0.20959014547910781,253.38,52726000,258.56,248.62419354838707,1.0020212860374993,0.020231984420478133,248.17,196259008,247.02,240.12333333333333,1.0026504507499356,-0.03134280571967807,3295.47,3329.62,3122.692731182796,1.005118346845114
14.67,4025857,15.18,14.380021505376346,1.0032257048165028,0.1698234645451253,253.48,66238300,258.56,249.07855913978494,1.001827519618719,0.03612980072071714,243.62,304017984,248.17,240.42096774193547,1.0012395064006085,-0.03510209375597739,3225.52,3329.62,3133.320795698925,1.0034034935330007
15.11,1798573,15.18,14.448795698924732,1.0047826210498136,0.23126229533970988,256.42,48116300,258.56,249.6823870967742,1.002424247029028,0.017868707968817343,247.78,270267008,248.17,240.9651397849462,1.002263413412406,-0.04073505670488897,3327.71,3329.62,3150.0361505376345,1.0053347090606408
16.44,3286200,15.18,14.59658064516129,1.0102281843633207,0.31087108417352494,265.23,63162500,258.56,250.8131397849462,1.0045287643286338,0.0032917351773449344,259.71,264572000,248.17,242.24720430107527,1.0053205393828888,0.00515631442036657,3380.16,3329.62,3169.4602365591404,1.0061663057480121
15.44,7285294,16.44,14.670107526881718,1.005037267529146,0.19286128213378673,266.98,53502600,265.23,251.98498924731183,1.0046722012386209,0.0071538347451709505,259.71,250855008,259.71,243.46036559139787,1.0050079475378169,0.029299272406151378,3337.75,3380.16,3185.2803440860216,1.0049914200987282
13.26,6074832,16.44,14.595720430107527,0.9949293420898324,-0.08780162242175482,234.8,105360304,266.98,251.01040860215053,0.9961323861073138,0.023312541686995814,227.7,502016000,259.71,242.54307526881718,0.9962322806821041,-0.03469221752200258,2954.22,3380.16,3175.6858494623652,0.9969878649326832
14.35,5250771,16.44,14.590516129032256,0.9996434365059134,-0.013120188435236768,249.37,104768096,266.98,250.97776344086026,0.9998699449896438,0.041350797055530686,238.52,472215008,259.71,242.3375053763441,0.9991524396553262,-0.016978277977913292,2972.37,3380.16,3167.2146451612903,0.9973324803829355
12.38,6188444,16.44,14.455956989247309,0.9907776298936265,-0.12557780118673845,227.17,174015296,266.98,249.49086021505374,0.9940755579083129,0.028166495850844075,218.08,680665024,259.71,240.8124946236559,0.993707079098962,-0.025456202670220196,2711.02,3380.16,3141.766623655914,0.9919651730758904
8.76,7413402,16.44,14.090000000000002,0.9746846929940706,-0.44250756916516865,159.99,154918800,266.98,243.70027956989244,0.9767904097161315,-0.04596212362686147,167.95,778184000,259.71,236.09795698924728,0.9804223711822904,-0.10436660065528536,2304.92,3380.16,3090.5006666666673,0.9836824426730999
8.95,6865358,16.44,13.747225806451613,0.975672519975274,-0.41007421036789027,189.12,143794304,266.98,239.96690322580648,0.9846804593303092,-0.032524603294735166,193.83,634564992,259.71,233.20408602150536,0.9877429224519986,-0.06894836945424054,2541.47,3380.16,3055.6620000000003,0.9887271771067945
7.04,5206624,16.44,13.291892473118281,0.9668781658391293,-0.48268346661800376,163.3,142631504,266.98,234.69129032258064,0.9780152478016456,-0.08729244759554278,181.9,563251968,259.71,229.64507526881724,0.9847386432484724,-0.0957174347459322,2488.65,3380.16,3018.2435268817203,0.9877543808450411
9.94,5064613,16.44,13.037956989247313,0.9808954605685736,-0.2521833280731144,206.11,99633504,266.98,232.3646666666667,0.9900864507893922,-0.0807471822459932,220.5,449713984,259.71,228.71400000000003,0.9959455900905895,-0.0009117170672314767,2789.82,3380.16,3001.3092688172046,0.9943893665591619
9.02,3683260,16.44,12.733225806451612,0.9766273824152804,-0.37276743023894277,205.37,101459104,266.98,230.07098924731184,0.9901289750620942,-0.05248373866850986,214.41,409784992,259.71,227.42750537634407,0.9943750945562757,-0.07772643331551998,2874.56,3380.16,2990.31,0.9963351764739862
9.26,4695771,16.44,12.455634408602148,0.978199444345924,-0.35593958791041513,191.45,102575504,266.98,226.96937634408604,0.9865188874382952,-0.07741786866638978,205.08,385428000,259.71,225.60017204301073,0.9919652052186498,-0.11459167283466298,2836.74,3380.16,2977.123440860215,0.9955902367514455
9.86,3811967,16.44,12.22767741935484,0.9816984842546539,-0.37020354056776006,193.32,81589800,266.98,224.11434408602156,0.987421068409968,-0.07518729073627028,203.79,453276992,259.71,223.77163440860215,0.991894786170376,-0.12411498986027625,2830.71,3380.16,2963.816774193548,0.9955303611250926
9.88,3896095,16.44,12.011333333333331,0.9823070172198798,-0.37381159451672896,200.79,91607904,266.98,221.8728172043011,0.9899982890838076,-0.060266478097181664,206.76,410900992,259.71,222.22144086021507,0.9930724305049474,-0.13431860083713965,2929.8,3380.16,2957.1638709677422,0.9977552919992444
9.08,6571742,16.44,11.753720430107526,0.9785525140234941,-0.49325778866382186,184.85,128030800,266.98,218.7164516129032,0.9857739869571697,-0.05872324008555718,191.75,574044992,259.71,219.78006451612902,0.9890137678226029,-0.18272503032205778,2863.7,3380.16,2946.333483870968,0.9963375762827679
9.75,3861725,16.44,11.552129032258064,0.9828487159407774,-0.45341946649161546,193.38,94219800,266.98,216.2669032258064,0.9888003468919103,-0.07587829363124876,202.46,435238016,259.71,218.14851612903226,0.9925764495943306,-0.14903111589387774,2955.45,3380.16,2941.685892473118,0.998422584740223
9.89,3469627,16.44,11.370860215053764,0.9843086225319916,-0.5495034601548685,198.99,93038000,266.98,214.31578494623662,0.9909781929159424,-0.11390616018399213,214.27,503536000,259.71,217.36886021505373,0.996426031550371,-0.10911625782605161,3044.31,3380.16,2942.9155053763443,1.0004179959887534
11.62,3636320,16.44,11.31258064516129,0.994874656025116,-0.3470254286720842,216.48,112317200,266.98,213.62116129032256,0.9967588777649378,-0.10869551477277273,229.41,535400000,259.71,217.6267311827957,1.0011863289317837,-0.05058372334949324,3193.93,3380.16,2953.846623655914,1.0037143840044336
11.29,4538773,16.44,11.238795698924731,0.9934776203104356,-0.31903908973259154,207.63,100599104,266.98,212.42309677419354,0.9943916393446585,-0.10551067823241278,219.81,494808992,259.71,217.27427956989246,0.9983804764654246,-0.05149038492127289,3041.31,3380.16,2954.71440860215,1.000293781315281
11.01,5976210,16.44,11.154129032258064,0.9924665712470627,-0.31722077901247425,201.77,128657800,266.98,210.94655913978497,0.9930490720791151,-0.11957991821974001,218.11,591840000,259.71,216.85150537634408,0.9980541912536298,-0.06862657110434578,3097.74,3380.16,2959.393053763441,1.001583450890438
11.04,4937666,16.44,11.07879569892473,0.9932461482993904,-0.28669110022609134,194.65,96260600,266.98,209.113935483871,0.991312379479489,-0.11314074600307522,209.45,475236992,259.71,215.9067741935484,0.9956434188402054,-0.07954229317050243,3009.05,3380.16,2958.376752688172,0.9996565846250208
11.43,3037906,16.44,11.03701075268817,0.9962283855238332,-0.29499802652258544,204.57,63214700,266.98,208.04967741935485,0.9949106305992781,-0.11845668276974364,221.21,308151008,259.71,215.7830752688172,0.9994270725168619,-0.0646712064863404,3130.01,3380.16,2965.448043010753,1.002390260238543
10.93,3304227,16.44,10.970150537634407,0.9939421808538622,-0.24199831117939985,195.27,69792600,266.98,206.48739784946235,0.9924908339716216,-0.13421704196592799,217.32,340264000,259.71,215.44406451612903,0.998428927976553,-0.06722845987556958,3185.04,3380.16,2976.103849462366,1.0035933209070136
11.22,2271803,16.44,10.927978494623659,0.9961557461890727,-0.21804206979754714,197.09,64907500,266.98,205.1451182795699,0.9934994600935839,-0.09966134099175017,217.37,323656992,259.71,215.13922580645163,0.9985850679601592,-0.08730959209163935,3224.73,3380.16,2989.2853763440853,1.004429121948853
10.84,2504776,16.44,10.86752688172043,0.9944681797339764,-0.2820446342055458,193.28,72821600,266.98,203.6538064516129,0.9927304542244838,-0.10746423297221364,215.96,314783008,259.71,214.78752688172042,0.998365249649789,-0.0892896330826567,3215.63,3380.16,3001.8722580645153,1.0042106658066297
11.5,3494589,16.44,10.85632258064516,0.998969010962916,-0.21500243150634624,201.27,77420400,266.98,202.78468817204302,0.9957323739992242,-0.11582667767668531,224.82,403376000,259.71,215.0572258064516,1.0012556545002713,-0.07077890240208118,3271.12,3380.16,3018.0915913978497,1.0054030724624479
11.93,3565170,16.44,10.878279569892472,1.0020225070767939,-0.17353096951217117,201.12,66485200,266.98,201.9979569892473,0.9961203619963247,-0.1200385612570154,226.33,350924000,259.71,215.45496774193552,1.0018494702235297,-0.08248751872419657,3351.28,3380.16,3039.4045376344084,1.00706172943767
11.68,2726854,16.44,10.888666666666667,1.0009548473825718,-0.2183308303538506,196.91,66221300,266.98,201.03212903225804,0.9952186251218339,-0.11610257075066122,222.22,312833984,259.71,215.6165161290323,1.0007498011709355,-0.10854715914212176,3372.85,3380.16,3061.9243010752693,1.0074092682175135
11.46,2530543,16.44,10.891591397849462,1.000268603243384,-0.22238856178429012,196.07,72204896,266.98,200.1258064516129,0.9954916530755156,-0.12177778007204698,222.26,269006016,259.71,215.83113978494626,1.0009953952497104,-0.13526174949102765,3397.16,3380.16,3085.9194838709677,1.0078366348858696
11.86,2565464,16.44,10.927655913978494,1.003311225587856,-0.2464034408246989,201.0,61913100,266.98,199.66079569892474,0.9976764078509756,-0.13672360651074367,226.49,259967008,259.71,216.3743870967742,1.0025170015428229,-0.15789410117843572,3508.01,3397.16,3116.8475913978496,1.0100223313305912
12.14,3263148,16.44,10.987827956989246,1.0055063998614544,-0.2949844385288132,202.8,75404496,266.98,199.4247741935484,0.9988178875850406,-0.11491358921225625,224.44,324107008,259.71,216.82221505376347,1.00206969023921,-0.12402177991262142,3426.96,3508.01,3141.9391612903223,1.0080503037625974
11.22,1903345,16.44,10.99503225806452,1.00065566198374,-0.37643323512615134,194.4,72860200,266.98,198.76212903225806,0.9966772174421659,-0.11561309600406933,220.38,271844000,259.71,217.0583010752688,1.0010888460919318,-0.13984401682174696,3340.97,3508.01,3161.2695483870975,1.0061523747292538
11.42,3565452,16.44,11.026365591397852,1.00284977184222,-0.31562642815913067,193.88,102689600,266.98,198.2182580645161,0.9972637092871264,-0.12121000402787119,220.08,404430016,259.71,217.35961290322578,1.0013881608142345,-0.14711653380167644,3319.47,3508.01,3179.29711827957,1.0057026361139214
11.33,3642081,16.44,11.060537634408602,1.0030991211680311,-0.19406102765928868,189.88,95882200,266.98,197.57352688172043,0.9967473673258402,-0.13711763962115797,215.36,365492992,259.71,217.44163440860217,1.0003773539356315,-0.17071895072250065,3298.46,3508.01,3196.0085161290317,1.0052563183709313
11.95,3286694,16.44,11.138860215053763,1.0070812634280548,-0.22910881269894878,201.48,100484600,266.98,197.7737849462366,1.0010135875371402,-0.13892471547165197,225.85,325193984,259.71,218.2269677419355,1.0036116971594207,-0.17964116896007398,3348.44,3508.01,3215.2041290322577,1.0060061206991011
12.07,2169957,16.44,11.230086021505377,1.0081898690431832,-0.09466422638064131,202.82,74254400,266.98,198.16348387096772,1.0019704276016008,-0.1570325430895203,228.95,302528000,259.71,219.23954838709676,1.0046400344358846,-0.23274696037903797,3477.13,3508.01,3241.893569892472,1.0083010097614697
11.72,1916609,16.44,11.299397849462366,1.0061719765836397,0.2867282902518633,193.24,69167000,266.98,197.98748387096774,0.9991118444399444,-0.12388037574765831,223.66,253260992,259.71,219.88746236559143,1.0029552787499392,-0.17976091057881072,3483.81,3508.01,3267.366430107527,1.0078574017517483
11.7,2466666,16.44,11.36105376344086,1.0054565663409603,0.26173792254845885,192.67,73068896,266.98,197.70320430107532,0.9985641538326853,-0.12021662219837315,220.77,261872992,259.71,220.22911827956992,1.0015537762376394,-0.2245498648758002,3465.39,3508.01,3289.1156559139777,1.006656500356385
12.15,3561125,16.44,11.445827956989248,1.007461824872371,0.6239082234148023,184.9,101414496,266.98,196.91,0.9959879036666124,-0.03023497968473876,211.46,351683008,259.71,219.91219354838708,0.9985609317529913,-0.15144245805036793,3269.96,3508.01,3296.2695698924726,1.0021750265806653
12.61,2613969,16.44,11.549290322580648,1.0090393081199707,0.17722785800967666,196.71,98731800,266.98,196.83227956989245,0.9996052997302953,-0.04669515023514614,220.74,379760992,259.71,220.13040860215048,1.0009922826480988,-0.2568565216481673,3509.44,3508.01,3317.1935698924735,1.0063477818049582
13.64,2958485,16.44,11.713462365591397,1.0142149031174468,0.4464999756355539,213.78,142831392,266.98,197.876064516129,1.0053029155000255,-0.042021396689593704,232.2,588574016,259.71,221.08746236559142,1.0043476672283413,-0.16422769510092938,3585.15,3509.44,3341.454516129033,1.007313696269267
12.98,4289015,16.44,11.82511827956989,1.009532272396801,0.29500780606075194,210.71,84511104,266.98,198.7036989247312,1.0041825897974375,-0.013647419274634087,228.51,402121984,259.71,221.76819354838713,1.0030790130544356,-0.13984639044102076,3557.54,3585.15,3362.4060215053764,1.0062701752411147
12.86,2485319,16.44,11.921032258064518,1.008111037558105,0.26922054856587896,208.14,61786900,266.98,199.3241075268817,1.0031222800859159,-0.04046991997001337,227.66,267951008,259.71,222.3436989247312,1.0025950762692148,-0.16818319926012348,3638.35,3585.15,3387.0209677419343,1.0073206347119072
13.37,2525633,16.44,12.043397849462364,1.0102646808387812,0.4028364300252143,216.65,107809104,266.98,200.46167741935486,1.0057071365154349,-0.03728207417034701,230.8,397923008,259.71,223.0704516129032,1.0032686003322182,-0.14631440517551586,3699.12,3638.35,3413.8196989247317,1.0079121834314075
13.22,2218290,16.44,12.14858064516129,1.0087336478470337,0.5124283715918245,207.89,79179504,266.98,200.99997849462366,1.0026853066491244,-0.04432841173945978,224.15,343294016,259.71,223.3164731182796,1.0011028870188656,-0.11030505069093288,3663.46,3699.12,3436.663333333334,1.0066915175443498
13.29,3335034,16.44,12.249376344086022,1.0082969115379645,0.3997453925198652,205.82,334129696,266.98,201.35518279569894,1.0017671857665635,-0.04512441942900525,224.62,654913024,259.71,223.52313978494627,1.0009254429992598,-0.1456546398799412,3709.41,3699.12,3460.7515698924735,1.0070091929941172
13.58,1486571,16.44,12.361268817204298,1.0091345444841604,0.4465034440676665,207.73,91596096,266.98,201.80686021505377,1.0022431874515647,-0.0011148309041399962,223.92,190132000,259.71,223.63698924731185,1.0005093408336834,-0.17135065699551966,3703.06,3709.41,3482.808709677419,1.0063735114582728
13.43,1295351,16.44,12.455548387096773,1.0076270139648817,0.20066107743103168,211.71,68963904,266.98,202.49651612903224,1.003417405697921,-0.01545226615734896,227.9,160008992,259.71,223.98686021505375,1.0015644593004023,-0.1825847068548524,3756.07,3709.41,3506.869182795699,1.0069083533216812
13.33,2487314,16.44,12.539483870967741,1.0067388027618214,0.2223962608668919,207.29,126129296,266.98,202.91126881720427,1.0020481966608639,-0.011964628973383906,222.08,355628000,259.71,223.9644946236559,0.9999001477525227,-0.24724940418353358,3824.68,3756.07,3534.1472043010754,1.0077784542517865
13.57,1767342,16.44,12.634516129032258,1.0075786419156008,0.2872545917060517,212.86,108969696,266.98,203.68610752688173,1.0038186085681395,0.01787219647316096,226.2,326383008,259.71,224.20305376344086,1.001065164994951,-0.17935997249114655,3768.25,3824.68,3556.099913978494,1.0062116002555588
13.72,1675126,16.44,12.733720430107526,1.007851848069378,0.2711232127824854,215.63,71294400,266.98,204.61580645161285,1.004564370815562,0.012867946379202966,229.33,245619008,259.71,224.62615053763443,1.0018871142345813,-0.18172355203047053,3841.47,3824.68,3581.3345376344087,1.0070961514767123
13.28,2202878,16.44,12.798774193548388,1.0051087789933764,0.23682562753725944,212.52,103923104,266.98,205.29974193548392,1.0033425349474787,0.003737008877018777,228.98,436191008,259.71,224.98391397849463,1.0015927061030245,-0.15152936138762163,3714.24,3841.47,3596.570623655914,1.0042543040482248
14.23,2387539,16.44,12.921139784946236,1.0095607274218128,0.3414366249650549,220.79,110057904,266.98,206.50012903225806,1.0058469975921907,0.04372231264999793,236.22,307750016,259.71,225.79206451612905,1.003592036974304,-0.13337093630835706,3886.83,3841.47,3621.6851397849455,1.006982906428653
14.56,3189070,16.44,13.057698924731183,1.010568660509659,0.2939542304475249,228.27,95415504,266.98,208.12821505376343,1.0078841888822794,0.05924613906596865,238.88,284676000,259.71,226.7311827956989,1.004159217382517,-0.12124878457735155,3934.83,3886.83,3648.3872043010747,1.007372828803587
14.2,2167582,16.44,13.16384946236559,1.0081293448597868,0.31656161766874846,225.93,71159600,266.98,209.53827956989244,1.0067749801042822,0.07136154682495799,237.03,259182000,259.71,227.50468817204302,1.003411552688988,-0.11734842159291925,3906.71,3934.83,3671.7479784946236,1.0064030413674319
14.04,2756519,16.44,13.252451612903226,1.0067307173931868,0.16950104950896683,221.43,114198496,266.98,210.58780645161292,1.0050087596589738,0.06707081768162082,232.26,404191008,259.71,227.92513978494625,1.0018481008733555,-0.13199710314037816,3811.15,3934.83,3687.4573978494623,1.0042784579570407
14.28,2938752,16.44,13.351075268817207,1.0074419178273366,0.1210575253768782,222.04,116125200,266.98,211.63333333333327,1.0049648025654352,0.09173455231360927,229.11,369832000,259.71,228.1263655913978,1.0008828591994785,-0.13412678033835368,3841.94,3934.83,3703.9919139784947,1.0044839883814456
15.09,4516659,16.44,13.49690322580645,1.0109225627189624,0.267527963759272,236.24,105038000,266.98,213.55,1.0090565443376913,0.10987002130444856,242.19,329904992,259.71,229.16548387096773,1.004555011766729,-0.07927592502128378,3943.34,3934.83,3726.013182795699,1.0059452799381388
14.5,6756350,16.44,13.597333333333333,1.0074409741143329,0.23684945347662345,231.79,116454400,266.98,215.09498924731182,1.007234789263928,0.10357819601126317,239.73,365302016,259.71,230.00294623655913,1.0036544000930914,-0.07327228049245038,3913.1,3943.34,3744.856623655914,1.0050572662885955
15.72,4095222,16.44,13.769935483870968,1.0126938235833718,0.36668784715713554,239.87,95697904,266.98,217.08445161290322,1.009249226923199,0.0901555690135134,249.87,290219008,259.71,231.45703225806452,1.0063220321534918,-0.029762413199429627,3974.54,3943.34,3766.5543870967736,1.0057940171337394
15.58,2867931,16.44,13.925204301075267,1.0112759291709223,0.3388732332182959,238.65,86005904,266.98,218.91161290322577,1.0084168224704582,0.05888172429684291,250.9,217543008,259.71,232.92729032258066,1.0063521857606679,-0.05511997599900886,4019.87,3974.54,3790.1733763440857,1.0062707150408408
15.72,3089115,16.44,14.08210752688172,1.0112675708315704,0.4220448726756757,238.32,82575400,266.98,220.64038709677422,1.0078971333252782,0.08167508646680988,252.17,269462016,259.71,234.42258064516133,1.0064195583115652,-0.09155792266685348,4128.8,4019.87,3819.5450322580646,1.007749422782952
16.35,2939580,16.44,14.269978494623654,1.013341111576041,0.4654019784775324,244.16,76919904,266.98,222.65148387096775,1.0091148171042297,0.08349052433021908,258.78,266851008,259.71,236.27595698924728,1.007906134037878,-0.08503987358232079,4185.47,4128.8,3850.8785591397855,1.0082034709938206
16.7,3226918,16.44,14.469827956989246,1.0140048888259283,0.48571058850473336,250.41,80263904,266.98,224.95767741935487,1.010357862917831,0.09269372953466193,264.05,266535008,259.71,238.3861075268817,1.0089308728849227,-0.04122304021267831,4180.17,4185.47,3880.007784946237,1.0075643065235893
16.84,3504406,16.7,14.66716129032258,1.0136375728806104,0.4174073449122999,251.92,96631000,266.98,227.23111827956987,1.0101060825587072,0.06788119037123952,267.06,296096000,264.05,240.58574193548384,1.009227192102015,-0.06622568952750751,4181.17,4185.47,3907.305376344086,1.0070354475843475
16.45,3919727,16.84,14.828817204301076,1.0110216224379531,0.3929133705205591,252.53,75032896,266.98,229.43544086021504,1.0097007953722832,0.08894654168536364,264.7,310403008,267.06,242.5444946236559,1.0081415992170364,-0.061120633857439044,4232.6,4185.47,3936.1302150537635,1.0073771655740529
16.24,3144980,16.84,14.967505376344084,1.0093526118861849,0.3610549708103252,252.58,94571504,266.98,231.53608602150535,1.0091557134914049,0.13530068714576293,262.08,280892992,267.06,244.25733333333332,1.0070619566621586,-0.026291910764361326,4173.85,4232.6,3959.540064516129,1.0059474275959759
16.37,3087954,16.84,15.104860215053764,1.0091768691746565,0.35991890054390074,254.36,93189600,266.98,233.62395698924732,1.0090174754338208,0.12228650672692098,264.46,278921984,267.06,246.04109677419356,1.007302804040794,-0.0013491499910109894,4155.86,4232.6,3980.3053118279568,1.0052443584288786
17.08,3399304,16.84,15.277978494623657,1.0114610977596046,0.39468128244902,260.58,96382096,266.98,235.98045161290324,1.010086699386589,0.1325596792180168,269.98,302603008,267.06,248.08703225806448,1.0083154217352095,-0.008933631022277622,4204.11,4232.6,4002.6985806451607,1.0056260178712069
17.66,2309428,17.08,15.477913978494621,1.0130865142886096,0.3448398942979318,267.16,72241904,266.98,238.59870967741938,1.011095232874675,0.09792578815784392,278.18,234148992,269.98,250.5361505376344,1.0098720124839993,0.05492647536413542,4229.89,4232.6,4024.7461505376345,1.005508176408557
18.7,2595922,17.66,15.734086021505375,1.0165508119095819,0.32531269120764983,274.29,86490600,267.16,241.5254623655914,1.0122664229497675,0.06164403116246686,283.61,269220992,278.18,253.21206451612903,1.0106807499546564,0.03667250037758052,4247.44,4232.6,4046.376623655914,1.0053743695401485
17.91,4181091,18.7,15.928408602150535,1.0123504206332392,0.37415205154624953,265.44,92360896,274.29,243.7511182795699,1.0092149949416496,0.051391132091916925,276.12,335528000,283.61,255.29419354838709,1.0082228666167106,0.037189335396746515,4166.45,4247.44,4061.3576559139788,1.0037023326426122
18.43,3366572,18.7,16.14567741935484,1.0136403342374687,0.40195129741197366,271.76,101333696,274.29,246.26681720430108,1.0103207687516977,0.07702923838227438,279.71,265598000,283.61,257.5055483870968,1.0086619864242645,0.05208060410845783,4280.7,4247.44,4082.4001720430106,1.0051811531787629
18.32,3022868,18.7,16.343870967741932,1.0122753318575228,0.258306936766191,270.17,90431696,274.29,248.5431182795699,1.0092432309846293,0.03507598171463111,279.72,272868992,283.61,259.6056129032258,1.0081554146280844,0.03537046030489699,4352.34,4280.7,4106.683225806452,1.005948229654147
18.97,2073799,18.7,16.573354838709676,1.0140409742233452,0.34501249790449684,282.79,76353296,274.29,251.51851612903226,1.011971354789697,0.07944796600777893,287.1,246350000,283.61,262.07660215053767,1.0095182427670892,0.08810016543833821,4369.55,4352.34,4130.67182795699,1.0058413568399414
19.71,2050441,18.97,16.838215053763438,1.0159810863661194,0.390716507855561,288.44,73624400,282.79,254.69735483870969,1.0126385872443946,0.11489035637605105,288.98,247254000,287.1,264.53350537634407,1.0093747522886272,0.11999244089535543,4327.16,4369.55,4150.40711827957,1.0047777434626999
20.0,2624273,19.71,17.107978494623655,1.0160209048286222,0.3687368739619932,292.59,81578896,288.44,257.96625806451607,1.0128344608363775,0.11671040490817663,289.26,274329984,288.98,266.87006451612905,1.0088327531004468,0.10040757897227359,4411.8,4369.55,4174.274559139784,1.0057506264277294
19.28,16196493,20.0,17.31748387096774,1.0122460626432237,0.3293595853553417,295.05,73035296,292.59,261.21137634408603,1.0125796230248003,0.12098824447302836,290.04,253316992,289.26,269.11643010752687,1.0084174506251602,0.10248823915389993,4395.26,4411.8,4195.550731182796,1.0050969747537153
20.09,4948666,20.0,17.566666666666666,1.01438908778871,0.35951099342255155,294.04,55992000,295.05,264.2121075268817,1.011487750743455,0.1033841556323869,292.06,289416992,290.04,271.3594838709677,1.0083348822758411,0.15514011829404994,4436.52,4411.8,4218.11423655914,1.0053779603256003
20.15,3533242,20.09,17.805182795698926,1.0135777682561058,0.29829250580809896,289.13,54756100,295.05,266.70950537634405,1.009452246048975,0.0670639423528645,292.08,223516000,292.06,273.4533333333333,1.0077161462444453,0.10555040623695011,4468.0,4436.52,4241.392924731183,1.0055187429421142
20.42,3455578,20.15,18.04696774193549,1.0135794700347007,0.3230179385248455,290.34,74489400,295.05,269.1209462365592,1.009041450760491,0.06587311653980654,293.68,238956000,292.08,275.5087311827957,1.0075164483255976,0.1243577368824118,4441.67,4468.0,4261.46806451613,1.0047331478458152
20.45,3576155,20.42,18.276279569892473,1.0127063909702756,0.40708416172278317,290.95,60121800,295.05,271.4110752688172,1.0085096647595948,0.09090105602901444,292.67,221778000,293.68,277.36058064516135,1.0067215636122144,0.06407046669741878,4509.37,4468.0,4284.620193548388,1.0054328998086455
20.93,3248666,20.45,18.52113978494624,1.0133977057046741,0.3815206423506514,302.81,83955800,295.05,274.2976989247312,1.0106356148254265,0.08302430551748796,304.36,273968000,293.68,279.82965591397846,1.0089020410293124,0.12158870672740152,4535.43,4509.37,4307.743655913979,1.005396852304531
19.72,2944539,20.93,18.67352688172043,1.0082277386026777,0.2885701919625221,290.34,57517400,302.81,276.20341935483873,1.0069476354981397,0.04736694753815418,292.52,200632000,304.36,281.3883225806452,1.005570055330897,0.09144175850414626,4458.58,4535.43,4324.514215053764,1.0038931191081348
20.24,5486800,20.93,18.848365591397847,1.0093629184666002,0.3354626369859597,286.37,102603904,302.81,277.7195268817204,1.0054890976021333,0.03644869008237106,291.8,289695008,304.36,282.7851827956989,1.004964172650247,0.09635598098872489,4432.99,4535.43,4338.507462365591,1.0032357963498226
20.81,4005863,20.93,19.04698924731182,1.0105379776803896,0.4066605093359785,288.5,76634800,302.81,279.2430752688172,1.0054859246096357,0.06548846508637718,287.4,262375008,304.36,283.7803870967742,1.0035192943676765,0.06834189933653079,4455.48,4535.43,4352.819892473119,1.0032989294663386
20.8,3741815,20.93,19.230408602150536,1.0096298345348518,0.4047417528162345,285.46,67036400,302.81,280.4262580645161,1.004237107024265,0.05918276451401416,280.99,266582000,304.36,284.24346236559137,1.0016318085740692,0.09236595422945415,4357.05,4535.43,4359.396344086021,1.0015108485476907
20.65,3978543,20.93,19.390129032258063,1.0083056181182581,0.296280368901914,286.97,62120500,302.81,281.57047311827955,1.0040802707337777,0.06341177805409726,278.84,233703008,304.36,284.4562580645162,1.0007486388504905,0.03771312293955842,4391.36,4535.43,4367.078580645161,1.0017622248478422
21.31,2174777,20.93,19.580473118279567,1.0098165456096162,0.3958524465612905,295.66,57091300,302.81,283.16623655913975,1.0056673678286923,0.07148824133292031,288.65,229264992,304.36,285.2231397849463,1.0026959565792226,0.06139596484512433,4471.37,4535.43,4378.959268817204,1.0027205116538773
22.45,2713550,21.31,19.829720430107532,1.0127293814772675,0.3246290588758354,300.72,50874200,302.81,284.95109677419356,1.0063032239886447,0.06129903854669472,297.94,207486000,304.36,286.4841720430108,1.0044212130159402,0.04887663848406487,4544.9,4535.43,4394.383247311828,1.0035222932089045
23.63,5665286,22.45,20.140623655913977,1.0156786489704817,0.4187476584623313,303.33,66429400,302.81,286.77348387096777,1.006395438085358,0.07999222910658021,298.83,295719008,304.36,287.69924731182795,1.0042413347311723,0.04537831984424057,4605.38,4544.9,4412.482580645161,1.0041187425662985
24.5,4620541,23.63,20.490344086021505,1.0173639325217636,0.4783956245545029,300.99,60690200,303.33,288.3058064516129,1.005343320309679,0.0682954981974988,301.26,261527008,304.36,288.9680215053763,1.0044100712998154,0.056923216978467694,4697.53,4605.38,4435.267913978494,1.0051638353051586
25.12,2598458,24.5,20.861182795698923,1.0180982177810476,0.4611070415157801,304.05,48182400,303.33,289.90077419354844,1.0055322081839626,0.08159880754608517,301.14,196108992,304.36,290.1234838709678,1.003998582125358,0.04485624447653658,4682.85,4697.53,4455.883075268817,1.004648008122655
25.36,5172246,25.12,21.228645161290324,1.0176146467431924,0.49431695887654925,304.27,54460500,304.05,291.38113978494624,1.0051064561504395,0.07526525349024071,300.97,275248992,304.36,291.1768817204301,1.0036308603337014,0.015953835367432667,4697.96,4697.53,4476.403440860216,1.0046052298152282
24.69,2431747,25.36,21.53425806451613,1.0143962509573188,0.4367823535196844,302.57,37910900,304.27,292.63599999999997,1.0043065938172246,0.08385376389609389,298.36,173336000,304.36,291.98249462365595,1.002766747478254,0.018318321612194044,4594.62,4697.96,4489.143182795699,1.0028459771563922
24.78,4466482,25.36,21.82879569892473,1.0136776309416453,0.4377469625609056,303.68,95237504,304.27,293.85354838709674,1.0041606240759742,0.0747073511043681,298.54,365657984,304.36,292.73240860215054,1.0025683525290143,0.055587017108520875,4538.43,4697.96,4497.368623655913,1.0018322963927142
24.49,4571433,25.36,22.086709677419357,1.0118153095595344,0.46049397219399957,311.84,72222200,304.27,295.4875483870968,1.0055605930538147,0.06428906432865533,306.72,255542000,304.36,293.9372903225807,1.004115983352112,0.0413911603209256,4712.02,4697.96,4516.135720430108,1.0041729060578848
24.31,12038357,25.36,22.3152688172043,1.0103482656820817,0.454437446221001,311.99,92439000,311.84,297.0037849462366,1.005131304406619,0.048129559453114146,311.65,346624000,306.72,295.3642365591398,1.0048545941040454,0.06660182229481926,4620.64,4712.02,4527.849978494624,1.002593867587177
23.56,25111632,25.36,22.478365591397846,1.0073087523851743,0.33576943882365273,315.84,43202800,311.99,298.6444731182796,1.0055241322003357,0.05197946029448963,313.2,179860000,311.65,296.78969892473117,1.004826117007927,0.03600021617062721,4725.78,4712.02,4545.347935483872,1.0038645178334873
25.83,14497678,25.36,22.773978494623655,1.01315099632239,0.425787520408508,324.83,42980500,315.84,300.7463225806452,1.0070379653787638,0.048453562254282545,324.75,158679008,313.2,298.86737634408604,1.0070005038142573,0.04062378797185695,4766.18,4725.78,4564.33047311828,1.0041762562302916
23.75,22266900,25.83,22.91782795698925,1.0063163958111032,0.21368351179324274,311.88,65070000,324.83,301.8886666666666,1.0037983642699906,0.04857817748972426,308.7,289601984,324.75,299.8094193548387,1.00315204363312,-0.012672011986516907,4677.02,4766.18,4576.407440860215,1.002645945076296
23.46,12420054,25.83,23.032107526881717,1.0049864921801028,0.281883372753019,313.05,64437800,324.83,303.0256559139785,1.0037662534995635,0.08349845076137741,302.59,242055008,324.75,300.30331182795703,1.0016473547568356,-0.02327807834360307,4662.85,4766.18,4586.646387096775,1.0022373327482037
22.26,9993763,25.83,23.057032258064513,1.0010821732728412,0.17633446358868876,300.25,70926600,324.83,303.23445161290323,1.0006890363731578,0.05388952640896516,293.96,234492992,324.75,300.18350537634404,0.9996010485169686,0.023559914306655383,4397.93,4766.18,4578.7261935483875,0.9982732059810261
22.86,14459272,25.83,23.11243010752688,1.002402644401167,0.2413324440305551,300.57,93238304,324.83,303.402623655914,1.0005545941172458,0.06383019687605707,293.34,350472000,324.75,299.99305376344086,0.9993655493739924,0.030423214875715976,4431.85,4766.18,4572.742279569893,0.9986931050852252
23.62,11723786,25.83,23.207096774193552,1.0040959200839656,0.2322343467322685,305.54,79026096,324.83,303.82606451612907,1.0013956400742774,0.0610126525870025,292.68,300987008,324.75,299.7307311827957,0.9991255711512174,-0.010542178668857982,4500.54,4766.18,4571.018989247312,0.9996231385419903
24.05,16891816,25.83,23.319505376344086,1.00484371669771,0.21191813859945396,300.01,83803904,324.83,303.8438064516129,1.0000583950409656,0.05526908664035257,284.6,309852992,324.75,298.9351182795699,0.9973455744758433,-0.036297645116605826,4418.64,4766.18,4563.730129032258,0.9984054189597114
24.56,18866386,25.83,23.45548387096774,1.0058311054385225,0.2534350051177072,291.51,83255400,324.83,303.28827956989244,0.9981716695554598,0.030153811804548902,279.47,328011008,324.75,297.8179569892473,0.9962628636717156,-0.01958096453046243,4348.87,4766.18,4551.743247311828,0.9973734464173997
25.36,17522588,25.83,23.6332688172043,1.0075796750650972,0.35754425878309815,299.24,80396800,324.83,303.2337849462366,0.9998203207069751,0.02468229580661252,287.0,279092000,324.75,297.2076559139785,0.9979507579682616,-0.008060523253485052,4384.62,4766.18,4542.198150537634,0.9979029799671081
26.59,22974192,25.83,23.87733333333334,1.010327158634584,0.39546254083265464,304.3,94123296,324.83,303.4967311827957,1.0008671403043223,0.03530408628576431,291.94,399432992,324.75,296.9226021505376,0.9990408936049636,0.023853639149951422,4328.87,4766.18,4529.079161290323,0.997111753205712
25.64,26861968,26.59,24.046129032258065,1.00706928602823,0.3911231114247232,298.36,81685296,324.83,303.35438709677413,0.9995309864278707,0.05037720453647421,286.69,291195008,324.75,296.2990967741936,0.9979001080691462,0.04056360921462987,4204.31,4766.18,4508.155548387097,0.9953801618037373
25.37,79376512,26.59,24.18569892473118,1.0058042561564018,0.3521890509743515,302.42,88092096,324.83,303.45412903225804,1.000328796746401,0.039120693785643645,294.41,327436000,324.75,296.185247311828,0.9996157616961879,-0.002336811732454702,4463.09,4766.18,4504.4944946236565,0.9991879042938635
26.38,26476640,26.59,24.37978494623656,1.0080248258323812,0.36566571090695965,301.12,69939504,324.83,303.4440215053764,0.9999666917470726,0.025455706667544042,295.45,250032992,324.75,296.1369247311828,0.999836850143335,0.002032077915860464,4543.04,4766.18,4505.945440860215,1.0003221107803084
27.24,16027974,26.59,24.616602150537638,1.0097136707654855,0.39203150165848055,311.54,111530400,324.83,304.08430107526885,1.0021100418018325,0.015096223015638621,308.54,289728992,324.75,296.9271397849463,1.002668411088826,0.011434064668872868,4545.86,4766.18,4507.505913978494,1.0003463142505298
27.11,18079884,27.24,24.831462365591392,1.0087282645159483,0.495242580692246,309.93,83262200,324.83,304.60193548387093,1.001702272714414,0.004741864856812716,310.87,245392992,324.75,297.858688172043,1.003137296199234,0.056069439760952244,4488.28,4766.18,4505.329118279569,0.99951707313524
26.96,14385672,27.24,25.020752688172042,1.007623003421778,0.4559043106263653,307.16,58152400,324.83,304.89873118279564,1.0009743723343492,0.027087762987644703,305.08,187186000,324.75,298.37722580645163,1.0017408847047267,0.05462411145114121,4392.59,4766.18,4496.914903225807,0.9981323861514084
27.68,14087296,27.24,25.24204301075269,1.008844271207127,0.4669587711596831,313.18,140733600,324.83,305.5392043010753,1.0021006093262346,0.010876476966142246,308.86,260532000,324.75,299.1110752688171,1.002459468749272,0.11589957584170296,4271.78,4766.18,4480.793376344086,0.9964149806637086
27.26,18290508,27.68,25.421462365591392,1.0071079569416101,0.45888712223202266,290.49,126680000,324.83,304.6627311827957,0.9971313890134507,-0.01935572244692252,291.38,316884000,324.75,298.6710322580645,0.9985288307684457,0.08864439122118761,4131.93,4766.18,4456.044322580645,0.9944766357908621
23.41,20315066,27.68,25.338602150537636,0.9967405409703767,0.2360466327159062,274.32,114397504,324.83,302.73221505376347,0.9936634319480516,-0.04960414335472452,280.38,337355008,324.75,297.4989677419355,0.996075734204058,0.06655636443703394,4123.34,4766.18,4431.225204301075,0.9944302353201917
22.69,20503808,27.68,25.203354838709686,0.9946624004345449,0.15756924599331745,268.14,111581296,324.83,300.4301935483872,0.9923958489024122,-0.026875142829298926,269.54,403952992,324.75,295.6242365591398,0.9936983607135675,0.03387196403754544,4023.89,4766.18,4400.566344086023,0.9930811775972718
22.39,66959000,27.68,25.045784946236562,0.9937480588008422,0.13767827140233657,260.78,98688496,324.83,297.7125161290322,0.9909540469709238,-0.021584129261596696,264.8,330036992,324.75,293.4847956989247,0.9927629720583242,0.030365625637407856,3901.36,4766.18,4362.964645161291,0.9914552591678875
24.07,11942544,27.68,24.996731182795696,0.9980414363715825,0.1138109785218181,273.45,90316600,324.83,295.8981505376344,0.9939056455704689,-0.03616343875621897,280.2,321641984,324.75,292.41017204301073,0.9963384009268529,0.034747655571584435,4158.24,4766.18,4343.319806451613,0.9954973646803522
23.75,20010100,27.68,24.926086021505373,0.9971738240182803,0.0633082152825426,268.27,88766096,324.83,293.8138494623656,0.992956018577738,-0.01808853196983984,273.96,297905984,324.75,290.9730322580645,0.9950851922321812,0.034763515473294704,4108.54,4766.18,4321.430107526882,0.9949601457179793
22.24,11370231,27.68,24.75963440860215,0.9933221921500385,-0.023128148518033353,254.06,77551400,324.83,290.88313978494625,0.9900252840947351,-0.01816947597157459,257.1,323792992,324.75,288.5068602150538,0.9915243965261239,0.0207459158321478,3900.86,4766.18,4287.408344086021,0.9921271980352978
20.58,19464646,27.68,24.492279569892467,0.9892019876264088,-0.10151816803417579,245.52,123443504,324.83,287.50896774193546,0.9884002488232719,-0.0011722736705507275,243.21,621803008,324.75,285.23926881720433,0.9886741292896336,0.02586681677973568,3674.84,4766.18,4240.486344086022,0.9890558593363931
20.78,13403760,27.68,24.248107526881718,0.9900306526261075,-0.10037328923874156,255.64,84808600,324.83,284.91404301075266,0.9909744563741331,-0.03313785231803579,261.97,382420992,324.75,283.3062150537634,0.9932230447390478,0.026659250139771218,3911.74,4766.18,4211.0484731182805,0.993057902188791
