25.67,84832000,49.26,26.419010752688177,1.0024561924610396,0.2417264771257045,1912.9,168258496,2065.0,1839.1098924731182,1.0045808314827027,-0.0786620712672006,899.17,16521938,957.39,888.4816559139783,1.0026414643035741,0.031981031207505506,2826.06,2945.64,2797.828387096774,1.001981118744298
25.13,46227000,49.26,26.441053763440863,1.0008343617010884,0.1780213801767846,1867.7,112749104,2065.0,1844.2511827956987,1.002795531873121,-0.09716568323737174,878.54,16521938,957.39,889.3237419354838,1.0009477809878238,0.01803739722907305,2752.06,2945.64,2798.2261290322585,1.0001421609478691
26.14,51248000,49.26,26.52466666666667,1.0031622379340046,0.3035909087966112,1911.0,161282208,2065.0,1852.0206451612903,1.0042128005328503,-0.0933885311718039,913.6,16521938,957.39,892.3750752688171,1.0034310714866248,0.01569708892296595,2873.34,2945.64,2806.386021505376,1.0029160947317504
26.38,54535000,49.26,26.6130752688172,1.0033330711847035,0.21623902377392645,1975.4,125300200,2065.0,1863.8043010752688,1.0063625942533445,0.026708394435361438,935.89,16521938,957.39,896.7728817204303,1.0049282040405358,0.0615886343105958,2886.98,2945.64,2815.2273548387097,1.0031504337840849
28.34,65106000,49.26,26.819548387096777,1.0077583336834997,0.5533703661330769,2016.1,121801904,2065.0,1877.651827956989,1.0074297107661632,0.09451325048617165,948.84,1116390016,957.39,901.7958924731183,1.0056012072343798,0.06227628337662083,2950.46,2945.64,2827.840064516129,1.0044801744540246
29.54,63888000,49.26,27.0829247311828,1.0098203124185616,0.5149238894954997,1997.5,118214000,2065.0,1889.4404301075267,1.006278374922876,0.02787999018042897,945.58,1159369984,957.39,906.2928817204302,1.0049867040700076,0.04197894053238471,2941.76,2950.46,2839.2078279569896,1.0040199456763852
30.27,43595000,49.26,27.374408602150538,1.0107626437639554,0.6039135573843551,2044.4,71957400,2065.0,1903.7980645161292,1.0075988817534647,0.07820149045749814,965.13,676110016,957.39,911.8533333333334,1.0061353804328108,0.04483584109255445,2990.41,2950.46,2853.323784946237,1.0049717941921161
30.32,48577000,49.26,27.647913978494625,1.0099912798233968,0.5035826771177049,2107.5,113227504,2065.0,1921.5159139784946,1.0093065802474532,0.12334088091881257,985.83,910049984,965.13,918.4318494623656,1.007214445447037,0.06134498320938131,3013.77,2990.41,2868.1783870967743,1.0052060695771394
30.23,35773000,49.26,27.89690322580645,1.0090057154946843,0.5493361828776602,2067.5,103811296,2107.5,1935.728387096774,1.0073964899353096,0.21604395378207997,969.52,968990016,985.83,923.5750752688173,1.0056000081110672,0.08134773941659379,2976.61,3013.77,2879.745634408602,1.004032959513211
30.77,42799000,49.26,28.159935483870974,1.0094287260465957,0.48746160080393075,2046.9,101575600,2107.5,1947.3451612903225,1.006001241843114,0.10152804442981989,977.85,1242029952,985.83,928.7586021505377,1.0056124586084263,0.04762087917790847,3025.86,3013.77,2893.2860215053765,1.0047019385792229
27.32,67769000,49.26,28.17976344086022,1.000704119403988,0.24918588216232007,1929.6,120584304,2107.5,1950.3935483870969,1.0015654066661477,-0.06923862843258743,933.12,1298189952,985.83,930.6159139784945,1.001999778870049,0.010536767718732243,2932.05,3025.86,2899.612602150538,1.002186641969766
26.43,68569000,49.26,28.130129032258065,0.9982386506293311,0.15167327588398272,1910.2,140407808,2107.5,1951.6266666666668,1.000632240749868,-0.09443119635392883,933.03,1186589952,985.83,932.1779569892473,1.0016785045122159,0.0022105262386307167,2918.65,3025.86,2904.214215053764,1.0015869750668807
30.52,134740000,49.26,28.33552688172043,1.0073017030681526,0.3464939509556624,1912.9,235968096,2107.5,1952.6404301075272,1.0005194453725066,-0.1060070854035482,915.32,1185910016,985.83,932.3722795698925,1.0002084608192976,-0.0012217103347411662,2888.68,3025.86,2906.1889677419354,1.0006799610985773
28.06,86114000,49.26,28.36537634408602,1.0010534288806483,0.1855616716612538,1890.6,225442704,2107.5,1951.9356989247312,0.9996390880922418,-0.08472412887681902,916.38,1255689984,985.83,932.4885161290323,1.0001246675407311,0.013367506258280093,2847.11,3025.86,2905.0130322580644,0.9995953685404069
29.75,46785000,49.26,28.49348387096774,1.00451633446804,0.2670700665728576,1923.7,177874896,2107.5,1953.0881720430104,1.0005904257598823,-0.024010678082686754,940.47,1063569984,985.83,934.009935483871,1.001631568998999,0.030197433045913824,2926.46,3025.86,2908.564301075269,1.0012224622670434
30.32,32400000,49.26,28.64604301075269,1.0053541764312084,0.3300312923263742,1976.4,117040704,2107.5,1957.1909677419355,1.0021006710079214,0.02465149733546479,965.06,857440000,985.83,936.9149892473118,1.0031103028491188,0.044084737485690306,2978.71,3025.86,2915.0135698924737,1.0022173375416938
30.46,49730000,49.26,28.792752688172044,1.0051214639789614,0.3561319984549318,1988.3,159048192,2107.5,1961.4408602150536,1.0021714245278892,0.05896194034339297,969.05,1230419968,985.83,939.816064516129,1.0030964124836426,0.03668849371075078,3007.39,3025.86,2922.730731182796,1.0026473843449746
30.18,43569000,49.26,28.906150537634407,1.0039384164025744,0.2730493740778669,1946.9,146159808,2107.5,1962.4410752688168,1.000509938930126,0.003014611018968383,948.16,1115769984,985.83,941.1457849462366,1.001414873059009,0.0138598214640957,2992.07,3025.86,2928.961032258065,1.0021316712514081
27.14,78563000,49.26,28.812946236559135,0.996775623895201,0.023270345939198966,1893.1,123468000,2107.5,1959.5176344086024,0.9985103038776265,-0.062020123629556556,939.36,979420032,985.83,941.7475698924733,1.0006394173526167,0.017201122764632704,2961.79,3025.86,2932.808967741935,1.0013137544137634
28.28,49518000,49.26,28.79518279569892,0.9993834909934454,0.0990214189975136,1906.5,129006704,2107.5,1957.1851612903226,0.9988096697486554,-0.027532480884978616,937.22,1104870016,985.83,942.0728172043009,1.0003453657033219,0.0227956535573397,2952.01,3025.86,2935.6859354838707,1.0009809598148327
28.98,54934000,49.26,28.818494623655916,1.000809573883326,0.04764288574861286,1909.7,120628800,2107.5,1954.6677419354842,0.9987137551394581,-0.04363922089864469,946.48,963960000,985.83,942.8139784946238,1.000786734609881,0.02973778189686649,2970.27,3025.86,2939.291634408602,1.001228230472868
29.19,41813000,49.26,28.85161290322581,1.0011492022745252,0.012465539640032386,1928.8,115490000,2107.5,1953.1548387096777,0.9992260049146212,-0.06829133345519844,958.79,930390016,985.83,944.1949032258063,1.0014646841929384,0.017344796907282856,2986.2,3025.86,2943.607247311829,1.0014682493062976
30.39,49921000,49.26,28.958107526881722,1.0036911150864638,-0.06288134688338687,1928.3,107408704,2107.5,1951.4363440860213,0.999120144194614,-0.05355717714261621,950.76,1149260032,985.83,944.8987311827955,1.000745426558208,-0.011387549689134024,3022.55,3025.86,2949.86911827957,1.0021272780101556
30.72,45339000,49.26,29.08378494623656,1.0043399735026943,-0.107492419557085,1947.9,109364496,2107.5,1950.8410752688173,0.9996949586293152,-0.05379637911177482,956.17,1141389952,985.83,945.845010752688,1.0010014613615874,-0.03239006952800105,3066.91,3025.86,2958.588301075269,1.002955786323423
32.41,54294000,49.26,29.317956989247303,1.008051635763489,0.0005376381223418658,1951.4,127584704,2107.5,1950.4012903225805,0.9997745664924672,-0.015724634122499914,954.04,1317859968,985.83,946.5982150537635,1.0007963295175348,-0.04484874307307685,3093.08,3066.91,2968.621311827956,1.0033911479840032
32.72,88563000,49.26,29.566559139784946,1.008479518222529,0.0386228413405445,1914.7,176387600,2107.5,1947.5410752688172,0.9985335248351429,-0.10126097033524506,951.74,1017169984,985.83,947.164752688172,1.000598498523871,-0.06592638806147466,3120.46,3093.08,2980.0214838709676,1.003840224415822
31.16,58628000,49.26,29.70709677419355,1.0047532630951126,0.019420818743189905,1934.2,266718208,2107.5,1946.015483870968,0.9992166576524509,-0.09456250316690051,944.15,1367719936,985.83,947.2249032258067,1.0000635058868734,-0.07179421593121216,3110.29,3120.46,2990.30223655914,1.0034498921379646
31.85,34666000,49.26,29.886236559139785,1.0060302016823757,-0.0017084929688711004,1977.4,136936608,2107.5,1947.4455913978495,1.000734890106854,-0.08188756852380852,960.79,959009984,985.83,948.3870752688171,1.0012269230243553,-0.05949306327896409,3140.98,3120.46,3002.1965161290314,1.0039776178556379
32.12,55930000,49.26,30.077333333333332,1.0063941397845593,0.1101934975673371,1937.9,165349408,2107.5,1946.4232258064517,0.9994750222568919,-0.07597784440738908,953.2,1132000000,985.83,949.0455698924732,1.0006943310815044,-0.06707326001985137,3145.91,3140.98,3013.9887741935486,1.0039278768065862
33.16,50183000,49.26,30.325548387096774,1.0082525618548888,0.07348975974605265,1950.3,175936992,2107.5,1946.2486021505374,0.9999102848478177,-0.01548810722462779,963.4,1088850048,985.83,950.3126666666666,1.0013351274315911,-0.06047916223031624,3168.8,3145.91,3026.6889677419354,1.0042137494529273
34.44,48453000,49.26,30.64651612903226,1.0105840704952282,0.286461600694478,1974.1,172824400,2107.5,1947.5761290322578,1.000682095226814,-0.015936206829449073,977.43,1388060032,985.83,952.3906451612902,1.0021866261152894,-0.05279135796535961,3221.22,3168.8,3042.106,1.0050936955935603
35.05,27459000,49.26,30.987978494623654,1.0111419635482781,0.29867045247817825,2041.3,83895504,2107.5,1953.1075268817208,1.0028401446120678,0.03061515376888857,991.94,557550016,985.83,955.2364516129032,1.0029880663633892,-0.04822939265422499,3240.02,3221.22,3057.8861290322575,1.0051872383908573
37.06,51285000,49.26,31.437784946236558,1.0145155145144735,0.3187840846380916,2035.8,118354200,2107.5,1957.9107526881721,1.0024592736141467,0.030324738779397675,990.5,779640000,991.94,957.7454838709676,1.002626608578251,-0.04164274895059483,3234.85,3240.02,3072.2833333333333,1.004708221200386
38.15,52518000,49.26,31.93443010752688,1.0157977148243638,0.32053388249130155,2038.7,180993696,2107.5,1962.632688172043,1.0024117215135508,-0.00046393023859780946,994.48,1241350016,991.94,960.3459139784947,1.0027151577859879,-0.06845732063781007,3265.35,3240.02,3087.870838709677,1.005073589797928
39.36,61332000,49.26,32.48382795698925,1.017203934675286,0.27704465577115234,2010.8,158175504,2107.5,1965.4184946236558,1.0014194232412421,-0.05123965258788432,1005.68,1113260032,994.48,963.5429247311827,1.0033290199980582,-0.06860404913248197,3329.62,3265.35,3106.7910967741936,1.0061272828601933
38.58,58153000,49.26,32.95920430107527,1.0146342464538183,0.1473764764727412,2004.0,99350896,2107.5,1967.7769892473116,1.0011999961484577,-0.08564067156693889,990.75,988430016,1005.68,965.6544731182795,1.0021914419512612,-0.0724679219941331,3295.47,3329.62,3122.692731182796,1.005118346845114
36.76,71603000,49.26,33.297720430107525,1.0102707615736104,0.0219502480640128,2121.9,140073200,2107.5,1977.7279569892476,1.0050569590946088,-0.005610799624670815,992.01,1454860032,1005.68,967.7501720430108,1.0021702368529024,-0.05077015586400235,3225.52,3329.62,3133.320795698925,1.0034034935330007
39.01,60946000,49.26,33.767440860215046,1.014106684302713,0.1239053097756766,2190.9,150552096,2121.9,1991.9638709677417,1.007198115356657,-0.023860522658194938,1016.0,1612039936,1005.68,971.3358064516128,1.0037051240208332,-0.07356487932576172,3327.71,3329.62,3150.0361505376345,1.0053347090606408
40.94,58307000,49.26,34.342989247311834,1.0170444775332352,0.21626465468680456,2243.2,115070496,2190.9,2009.394623655914,1.0087505365645533,-0.055748141800731954,1042.54,1368850048,1016.0,976.5688172043009,1.0053874372981315,-0.06025806943205492,3380.16,3329.62,3169.4602365591404,1.0061663057480121
39.43,47197000,49.26,34.79808602150538,1.0132515189902744,0.13979590510237272,2213.0,98773600,2243.2,2024.4991397849465,1.0075169486128868,-0.051227000225995356,1031.02,1004609984,1042.54,980.901569892473,1.0044367100524219,-0.04870043551274117,3337.75,3380.16,3185.2803440860216,1.0049914200987282
37.56,84569000,49.26,35.11391397849463,1.0090760151806646,0.2623559247045515,1989.0,229171392,2243.2,2024.7948387096774,1.0001460602866754,0.05791453701371396,915.77,2346099968,1042.54,977.6844946236558,0.9967202873687215,-0.026154798263135937,2954.22,3380.16,3175.6858494623652,0.9969878649326832
41.12,146516992,49.26,35.63739784946237,1.0149081606592858,0.458723379580096,2032.2,236045408,2243.2,2027.7498924731185,1.001459433670487,0.062440166023961075,908.3,2276229888,1042.54,974.0227956989248,0.9962547233336859,-0.044910812501137376,2972.37,3380.16,3167.2146451612903,0.9973324803829355
38.73,128291000,49.26,35.97509677419355,1.009475970332,0.1276910695575093,1919.2,286418112,2243.2,2023.1522580645162,0.997732642262407,0.0902517708810271,813.24,3029809920,1042.54,964.2813763440861,0.9899987768275499,-0.050021699272055464,2711.02,3380.16,3141.766623655914,0.9919651730758904
36.73,123600000,49.26,36.16610752688173,1.005309527140041,0.20876289060012998,1964.1,314334496,2243.2,2021.4378494623656,0.9991526052498932,0.3336783610345134,711.34,3662960128,1042.54,948.1852903225807,0.9833076875522256,-0.03331475946740903,2304.92,3380.16,3090.5006666666673,0.9836824426730999
39.16,94803000,49.26,36.49524731182796,1.0091007799139453,0.09991994525082748,1994.1,362524192,2243.2,2021.5008602150538,1.0000311712540184,0.23709936014059263,790.18,3703180032,1042.54,937.6166021505376,0.9888537733290003,-0.02824822934817639,2541.47,3380.16,3055.6620000000003,0.9887271771067945
38.91,83916000,49.26,36.78802150537634,1.0080222553651115,0.11386777444241392,2025.0,357094208,2243.2,2023.4060215053764,1.0009424489139818,0.2848284818814756,753.09,3480499968,1042.54,924.9782150537634,0.98652073025607,-0.055123491241922506,2488.65,3380.16,3018.2435268817203,0.9877543808450411
41.12,61083000,49.26,37.20490322580644,1.0113319962142888,0.13860462793102468,2158.8,270782304,2243.2,2033.8389247311825,1.0051561096067334,0.15900848738287576,856.78,2955419904,1042.54,919.4853548387096,0.9940616328842571,-0.043510611818294076,2789.82,3380.16,3001.3092688172046,0.9943893665591619
45.01,91498000,49.26,37.849827956989245,1.0173344015241375,0.24802954146659362,2473.4,255935600,2243.2,2064.201935483871,1.0149289161415285,0.38743016131922503,924.09,2314800128,1042.54,918.5765161290323,0.9990115789176036,0.013887802981229824,2874.56,3380.16,2990.31,0.9963351764739862
43.94,76330000,49.26,38.39382795698925,1.014372588446589,0.390971427203596,2489.4,276705088,2473.4,2094.464946236559,1.0146608770355572,0.47179876390437525,922.03,2048600064,1042.54,917.5865376344086,0.9989222688831677,0.023772358222787893,2836.74,3380.16,2977.123440860215,0.9955902367514455
40.36,62612000,49.26,38.6707311827957,1.0072121807212517,0.23244663308731361,2368.7,337121088,2489.4,2115.6584946236558,1.0101188365196458,0.4076394157486791,911.72,2805240064,1042.54,915.9686666666668,0.9982368191975518,0.013882520551554922,2830.71,3380.16,2963.816774193548,0.9955303611250926
45.63,62710000,49.26,39.261655913978494,1.0152809298688847,0.40504534359930955,2454.6,217121792,2489.4,2141.4000000000005,1.0121671363510507,0.4332763996062371,952.09,2540950016,1042.54,917.0101505376344,1.0011370300195506,0.019552249074355155,2929.8,3380.16,2957.1638709677422,0.9977552919992444
49.6,117452000,49.26,40.07290322580645,1.0206625852359712,0.6016254901939639,2493.8,260508800,2489.4,2168.49870967742,1.0126546696915193,0.5166753105562479,942.3,2390299904,1042.54,917.4079569892473,1.0004338081223851,0.02382327375465476,2863.7,3380.16,2946.333483870968,0.9963375762827679
48.67,121329000,49.6,40.78025806451612,1.017651699322203,0.5118453258988207,2509.5,321791904,2493.8,2195.3952688172044,1.0124033088051898,0.47263629705735766,982.39,2783869952,1042.54,920.427677419355,1.00329157863424,0.05546792052788296,2955.45,3380.16,2941.685892473118,0.998422584740223
52.99,65503000,49.6,41.72701075268817,1.0232159562765457,0.6622295680230208,2519.6,379722912,2509.5,2221.6935483870966,1.0119788358585926,0.4099807976511528,1002.29,2504420096,1042.54,924.663247311828,1.0046017411214192,0.05560308113544876,3044.31,3380.16,2942.9155053763443,1.0004179959887534
57.59,68157000,52.99,42.92264516129032,1.0286537278140664,0.6658597554053145,2547.4,415399488,2519.6,2248.5559139784946,1.0120909409899936,0.3234004309076819,1049.92,3100219904,1042.54,931.8725376344084,1.0077966658062156,0.06789388993236156,3193.93,3380.16,2953.846623655914,1.0037143840044336
56.56,69065000,57.59,43.997677419354844,1.025045806334276,0.5905704798019031,2582.1,483117696,2547.4,2276.3752688172044,1.012372098316865,0.42542159001799684,1016.5,3217649920,1049.92,936.719505376344,1.0052013205091759,0.09340864352716605,3041.31,3380.16,2954.71440860215,1.000293781315281
57.2,115887000,57.59,45.062731182795694,1.0242070451421676,0.6446755419653547,2700.7,326298400,2582.1,2310.410967741935,1.014951708266632,0.4689494355802498,1039.83,2731930112,1049.92,942.932365591398,1.0066325726958765,0.10537482299775291,3097.74,3380.16,2959.393053763441,1.001583450890438
58.18,57794000,57.59,46.13501075268817,1.0237952636635095,0.6292703500829202,2706.9,272460000,2700.7,2343.1982795698923,1.0141911167691529,0.49046388981804845,1020.03,2468349952,1049.92,947.6620430107528,1.005015924356768,0.10366040867962278,3009.05,3380.16,2958.376752688172,0.9996565846250208
59.88,35699000,58.18,47.26034408602151,1.0243921766782675,0.6506754718954948,2875.8,212148608,2706.9,2385.3135483870965,1.0179734123161506,0.5537028893664103,1074.07,1553379968,1049.92,955.7507741935482,1.008535459705759,0.13185862963557782,3130.01,3380.16,2965.448043010753,1.002390260238543
64.0,74931000,59.88,48.59178494623656,1.0281724749568393,0.7533222401879849,3166.5,272804288,2875.8,2444.1666666666665,1.0246731161693041,0.6856998612225204,1125.92,1789459968,1074.07,966.9247311827957,1.0116912874056272,0.1635692395709738,3185.04,3380.16,2976.103849462366,1.0035933209070136
60.6,54227000,64.0,49.63754838709677,1.021521404122472,0.5388754998444552,2973.5,224668000,3166.5,2487.952688172043,1.0179144990816407,0.5924759582277395,1107.71,2165929984,1125.92,976.5743440860215,1.0099796939637917,0.132198668058634,3224.73,3380.16,2989.2853763440853,1.004429121948853
59.38,58223000,64.0,50.5483440860215,1.0183489259344947,0.5942242585724873,3014.2,228284304,3166.5,2532.2152688172046,1.017790764613648,0.5734254082865543,1122.55,1699680000,1125.92,986.9012043010753,1.0105745766081113,0.13919900175004474,3215.63,3380.16,3001.8722580645153,1.0042106658066297
62.22,37525000,64.0,51.59004301075269,1.0206079732890647,0.5855676491119819,3140.6,179488304,3166.5,2582.540430107527,1.0198739664475007,0.6022525579872314,1145.81,1842119936,1125.92,998.4478279569893,1.0116998779671076,0.14558732975243727,3271.12,3380.16,3018.0915913978497,1.0054030724624479
60.53,51603000,64.0,52.468602150537635,1.017029626038533,0.5615081584225969,3150.4,178776496,3166.5,2631.121935483871,1.0188115178411055,0.6014702843596099,1167.41,1707929984,1145.81,1011.0539999999999,1.0126257694093093,0.1475741632112968,3351.28,3380.16,3039.4045376344084,1.00706172943767
60.53,47608000,64.0,53.299032258064514,1.0158271818476179,0.4771624454068215,3146.8,214064496,3166.5,2677.0804301075273,1.0174672614004887,0.6605129694845232,1185.62,1733369984,1167.41,1024.46311827957,1.0132625144448961,0.165940249729982,3372.85,3380.16,3061.9243010752693,1.0074092682175135
73.13,112900000,64.0,54.89683870967742,1.029978151270676,0.8318903704552583,3275.0,287443296,3166.5,2728.86688172043,1.019344376444761,0.7386357759558452,1214.27,1532710016,1185.62,1039.3336559139784,1.014515444596367,0.19474935302592677,3397.16,3380.16,3085.9194838709677,1.0078366348858696
77.99,71388000,73.13,56.73389247311829,1.03346374411751,1.064808076558575,3393.2,228013408,3275.0,2785.545806451613,1.0207701317755191,0.6694472767351863,1251.82,1694870016,1214.27,1056.1460860215054,1.0161761624978287,0.17432292471296407,3508.01,3397.16,3116.8475913978496,1.0100223313305912
78.03,78981000,77.99,58.48486021505377,1.030862817014805,0.9219422535547255,3307.4,399499904,3393.2,2833.9552688172043,1.017378806786616,0.6038043882900294,1220.14,1754759936,1251.82,1070.3559139784945,1.0134544152035987,0.171099881543471,3426.96,3508.01,3141.9391612903223,1.0080503037625974
72.35,45416000,78.03,59.78546236559139,1.0222382706525277,0.6654516531361405,3141.1,165699504,3393.2,2869.2346236559147,1.0124488044066535,0.551714533413792,1196.89,1404749952,1251.82,1082.6267311827958,1.011464240113077,0.15964599903127696,3340.97,3508.01,3161.2695483870975,1.0061523747292538
72.67,42269000,78.03,61.03916129032258,1.0209699628492417,0.7729387381062249,3003.3,203934704,3393.2,2893.692688172043,1.008524246959269,0.5097103128149314,1169.0,1884419968,1251.82,1092.7662580645163,1.0093656720175779,0.13930537903507423,3319.47,3508.01,3179.29711827957,1.0057026361139214
72.83,51054000,78.03,62.23169892473118,1.0195372545952341,0.8285576271282478,3131.6,110181696,3393.2,2924.7286021505374,1.0107253662786493,0.628653642464384,1183.4,1603769984,1251.82,1103.5380860215053,1.009857394367271,0.17572103393725724,3298.46,3508.01,3196.0085161290317,1.0052563183709313
74.23,41802000,78.03,63.438709677419354,1.0193954330918724,0.6666207265171284,3170.0,101934896,3393.2,2955.7847311827954,1.010618465251587,0.613005073292323,1213.1,1373849984,1251.82,1115.6504946236562,1.010975976955919,0.20905001391858602,3348.44,3508.01,3215.2041290322577,1.0060061206991011
77.83,50632000,78.03,64.80677419354839,1.0215651378012816,0.8470275800240339,3316.8,72273904,3393.2,2993.8649462365593,1.01288328431094,0.6783759977943857,1260.08,1357330048,1251.82,1130.138387096774,1.0129860494329859,0.26686544071809437,3477.13,3508.01,3241.893569892472,1.0083010097614697
79.51,63185000,78.03,66.19913978494623,1.021484877294455,1.0184637233899583,3311.8,86029504,3393.2,3028.6169892473117,1.011607752398597,0.35446082728289263,1257.8,1368419968,1260.08,1143.5182365591397,1.0118391248497782,0.25674533130860944,3483.81,3508.01,3267.366430107527,1.0078574017517483
79.34,41028000,79.51,67.4885376344086,1.0194775619993115,0.9341824479901206,3246.9,68155104,3393.2,3056.2836559139782,1.0091350827010788,0.48926557458416586,1249.95,1403180032,1260.08,1155.2164516129033,1.0102300205451586,0.2183171296018276,3465.39,3508.01,3289.1156559139777,1.006656500356385
79.51,43315000,79.51,68.70249462365591,1.0179876025144214,0.9006916291524696,3083.8,81761200,3393.2,3070.733548387097,1.0047279291125868,0.36035732562322287,1172.03,1816210048,1260.08,1160.898817204301,1.0049188752319653,0.24234540241129565,3269.96,3508.01,3296.2695698924726,1.0021750265806653
90.21,73773000,79.51,70.51946236559141,1.0264468961700537,1.070479025030982,3343.8,81922200,3393.2,3099.68064516129,1.0094267693103485,0.5478276291061173,1258.63,1460749952,1260.08,1171.2673333333332,1.0089314555027302,0.2110785962819155,3509.44,3508.01,3317.1935698924735,1.0063477818049582
89.81,110288000,90.21,72.20505376344086,1.023902499271916,0.9046196072809176,3204.1,95112704,3393.2,3117.066451612903,1.0056089024779868,0.21245142764233216,1244.78,2468260096,1260.08,1179.8781075268819,1.0073516727979113,0.09983372620985742,3585.15,3509.44,3341.454516129033,1.007313696269267
85.58,82943000,90.21,73.52139784946237,1.0182306364639535,0.8266032628225091,3189.1,128396096,3393.2,3131.9131182795695,1.0047630253949138,0.16682364589228715,1243.31,1883619968,1260.08,1187.7043870967743,1.00663312550675,0.09435404329930397,3557.54,3585.15,3362.4060215053764,1.0062701752411147
87.21,36705000,90.21,74.85335483870969,1.0181165895672244,1.0209141426738328,3280.2,62714400,3393.2,3151.13247311828,1.0061366181349463,0.26767985414935547,1280.15,1367849984,1260.08,1197.216516129032,1.0080088354775798,0.11879075170467912,3638.35,3585.15,3387.0209677419343,1.0073206347119072
83.09,58678000,90.21,75.81875268817204,1.0128971887972495,0.6604539288073483,3238.8,106807904,3393.2,3165.7206451612906,1.0046295013514854,0.20321171771299462,1274.78,1764450048,1280.15,1205.589870967742,1.0069940188143942,0.0763435657608964,3699.12,3638.35,3413.8196989247317,1.0079121834314075
80.58,64007000,90.21,76.5416559139785,1.00953462303422,0.5291310544448458,3191.4,78176000,3393.2,3175.564301075269,1.0031094518491468,0.11076372663658263,1259.81,1547360000,1280.15,1212.3034623655917,1.0055687191469689,0.05767707465606042,3663.46,3699.12,3436.663333333334,1.0066915175443498
79.52,49228000,90.21,77.12954838709679,1.0076806866287162,0.5984398190521059,3258.9,110972896,3393.2,3188.2625806451615,1.0039987474243846,0.18917150489505108,1289.04,1660060032,1280.15,1220.2200430107525,1.006530197174982,0.057038547899721515,3709.41,3699.12,3460.7515698924735,1.0070091929941172
82.41,41436000,90.21,77.83754838709677,1.0091793614095428,0.4881292016955927,3232.8,63359800,3393.2,3197.6653763440863,1.0029491911224646,0.23802416728213682,1277.28,1092999936,1289.04,1226.7184516129034,1.0053256038854408,0.05797441866475772,3703.06,3709.41,3482.808709677419,1.0063735114582728
85.74,38973000,90.21,78.6971182795699,1.0110431264895237,0.40292718753822543,3305.9,61365100,3393.2,3210.250537634409,1.0039357342964732,0.3043366752040181,1302.56,935129984,1289.04,1234.2564516129032,1.0061448492847636,0.06462525241931272,3756.07,3709.41,3506.869182795699,1.0069083533216812
89.29,92045000,90.21,79.72518279569893,1.013063559868569,0.5993828271991737,3268.7,97391504,3393.2,3218.804516129032,1.0026645828399818,0.2555804939156896,1352.53,1794940032,1302.56,1244.4750107526881,1.0082791215119284,0.0729989993196214,3824.68,3756.07,3534.1472043010754,1.0077784542517865
85.61,41173000,90.21,80.44544086021506,1.0090342604338938,0.5610587398323246,3200.1,102175800,3393.2,3221.456129032258,1.0008237881144815,0.14782364612008791,1327.14,1901990016,1352.53,1252.3328602150536,1.0063141882275426,0.05985343218675121,3768.25,3824.68,3556.099913978494,1.0062116002555588
92.57,40598000,90.21,81.55363440860214,1.0137757160199137,0.6551848575843179,3359.2,72808704,3393.2,3233.298279569892,1.003676024152839,0.14606150884963776,1368.13,1554989952,1352.53,1262.2173548387098,1.0078928653377015,0.06462566634579203,3841.47,3824.68,3581.3345376344087,1.0070961514767123
86.51,62824000,92.57,82.19690322580647,1.0078876781135395,0.4767551794802172,3260.9,119861104,3393.2,3237.3956989247313,1.0012672568382353,0.09878556966770824,1307.64,2116349952,1368.13,1267.4506666666666,1.0041461257111504,0.0308081932589932,3714.24,3841.47,3596.570623655914,1.0042543040482248
94.26,37461000,92.57,83.28290322580646,1.0132121765830593,0.45485669889502756,3400.5,84882200,3393.2,3249.6713978494627,1.003791843835713,-0.013069899432935461,1385.96,1778659968,1368.13,1277.2345806451617,1.0077193647341134,0.010618332529928942,3886.83,3841.47,3621.6851397849455,1.006982906428653
96.87,27801000,94.26,84.47221505376343,1.0142803838710133,0.5942928224276545,3341.6,59222700,3400.5,3257.6438709677423,1.002453316702592,0.024837811674065957,1368.53,1534470016,1385.96,1285.334752688172,1.0063419611132975,0.01525425696497118,3934.83,3886.83,3648.3872043010747,1.007372828803587
103.48,37363000,96.87,86.00997849462367,1.0182043698023249,0.6858274422988939,3299.8,94964896,3400.5,3262.127956989247,1.0013764813463704,-0.002812854249470753,1361.14,1180199936,1385.96,1292.3972473118279,1.005494673359516,-0.0023699142223905234,3906.71,3934.83,3671.7479784946236,1.0064030413674319
91.56,64734000,103.48,86.68387096774194,1.0078350498966862,0.40130623718957925,3137.9,112417696,3400.5,3255.552688172043,0.9979843620777914,-0.03395284951559696,1294.47,2253669888,1385.96,1294.6453548387096,1.0017394864710194,-0.03534796593177392,3811.15,3934.83,3687.4573978494623,1.0042784579570407
88.39,63826000,103.48,87.0901505376344,1.0046869107869405,0.33893376685932886,3047.7,150035904,3400.5,3243.163870967742,0.9961945579165984,-0.044881984718422197,1257.91,2245149952,1385.96,1294.2150537634411,0.9996676301555014,-0.06888769405366113,3841.94,3934.83,3703.9919139784947,1.0044839883814456
81.95,83826000,103.48,87.02103225806451,0.9992063593972085,0.2868371706517514,3144.4,112334896,3400.5,3237.2346236559147,0.998171770669714,-0.09062857820646353,1330.13,1834659968,1385.96,1298.249483870968,1.0031172795400543,-0.047256227958200725,3943.34,3934.83,3726.013182795699,1.0059452799381388
82.9,58497000,103.48,86.96713978494624,0.9993806960027957,0.0259332332885851,3133.1,103163696,3400.5,3230.581505376345,0.9979448143081899,-0.12192988199639643,1328.16,2000370048,1385.96,1301.846043010753,1.0027703143228381,-0.058080939716668833,3913.1,3943.34,3744.856623655914,1.0050572662885955
80.05,68056000,103.48,86.70836559139785,0.9970244601100107,-0.08668782166043165,3137.1,93842000,3400.5,3224.491612903225,0.9981149237488715,-0.17870199393210284,1325.34,1773970048,1385.96,1305.0157419354837,1.0024347724846174,-0.0742594403541541,3974.54,3943.34,3766.5543870967736,1.0057940171337394
82.24,38141000,103.48,86.5864516129032,0.9985939767441916,-0.07040139757313324,3228.9,68049296,3400.5,3224.8750537634405,1.0001189151364764,-0.14162807925288046,1354.13,1118850048,1385.96,1309.884752688172,1.0037309977161402,-0.06319813253066342,4019.87,3974.54,3790.1733763440857,1.0062707150408408
78.43,42588000,103.48,86.20967741935486,0.9956485779642205,-0.042604399928399594,3421.4,83318496,3400.5,3237.8466666666664,1.004022361389812,-0.055014584643923836,1411.45,1619469952,1385.96,1318.1636774193548,1.006320345903861,-0.056544168052997,4128.8,4019.87,3819.5450322580646,1.007749422782952
75.14,57924000,103.48,85.60756989247312,0.9930157779856562,-0.11046373807509013,3450.6,76309600,3421.4,3252.09935483871,1.004401903375714,-0.026908977006427026,1440.19,1301440000,1411.45,1327.835376344086,1.007337251883367,-0.028900418577390452,4185.47,4128.8,3850.8785591397855,1.0082034709938206
74.86,54990000,103.48,84.98208602150538,0.9926935915625993,-0.1008622131225776,3396.9,69376496,3450.6,3261.925591397849,1.0030215056451208,-0.14136947521663368,1422.5,1446279936,1440.19,1335.7825806451613,1.0059850825205126,-0.06526463774777325,4180.17,4185.47,3880.007784946237,1.0075643065235893
75.46,44822000,103.48,84.39094623655915,0.9930439482881528,-0.09268076608552045,3503.7,74812800,3450.6,3278.0716129032257,1.0049498435978907,-0.0771980998527122,1435.89,1577309952,1440.19,1344.0794623655913,1.0062112516218191,-0.06503847834222642,4181.17,4185.47,3907.305376344086,1.0070354475843475
73.65,36609000,103.48,83.68038709677418,0.9915801496312985,-0.13990351430503756,3364.3,77596600,3503.7,3284.506451612903,1.0019629951598215,-0.1418265981666973,1419.11,1450720000,1440.19,1350.8146451612904,1.0050110004536823,-0.09106199172683338,4232.6,4185.47,3936.1302150537635,1.0073771655740529
66.47,89780000,103.48,82.51559139784945,0.9860804217172456,-0.29048527797915247,3301.4,89227504,3503.7,3286.7810752688174,1.0006925313405297,-0.1749188787556526,1366.7,1605990016,1440.19,1353.8265376344086,1.0022296859779445,-0.11149076086346632,4173.85,4232.6,3959.540064516129,1.0059474275959759
70.96,69212000,103.48,81.66851612903226,0.9897343610526523,-0.17799214284334175,3303.6,129567504,3503.7,3289.22,1.0007420405178593,-0.1804354544818818,1349.99,1737059968,1440.19,1355.5261720430108,1.0012554299693164,-0.1192122137457936,4155.86,4232.6,3980.3053118279568,1.0052443584288786
72.12,42380000,103.48,80.91430107526881,0.9907649227693592,-0.15281255002817917,3323.8,94483000,3503.7,3292.840215053763,1.0011006302569494,-0.1989165876047041,1380.08,2165120000,1440.19,1358.9519569892475,1.0025272731850492,-0.10816375637510167,4204.11,4232.6,4002.6985806451607,1.0056260178712069
73.57,51004000,103.48,80.26952688172044,0.9920313938947753,-0.278101604047711,3313.8,56313300,3503.7,3295.2991397849464,1.0007467488765298,-0.269187466766151,1366.39,1437250048,1440.19,1361.0470967741933,1.001541732048856,-0.1196722620273003,4229.89,4232.6,4024.7461505376345,1.005508176408557
69.44,45607000,103.48,79.39408602150537,0.9890937333976684,-0.38874258526397487,3430.6,67146600,3503.7,3305.3580645161287,1.0030525073155692,-0.15071328453227228,1388.59,1354919936,1440.19,1364.3427526881724,1.002421412103806,-0.06920100654322092,4247.44,4232.6,4046.376623655914,1.0053743695401485
69.86,69355000,103.48,78.58954838709677,0.9898665294265031,-0.31779154542469656,3529.5,85812896,3503.7,3321.3105376344083,1.0048262465992819,-0.10161116571142426,1387.66,1598700032,1440.19,1367.2691397849462,1.0021449061029628,-0.05505903404032453,4166.45,4247.44,4061.3576559139788,1.0037023326426122
76.3,53042000,103.48,78.23430107526882,0.9954797130264935,-0.2599746325425879,3477.4,80456096,3529.5,3333.1696774193556,1.0035706205880386,-0.16851212830452922,1424.04,1658560000,1440.19,1372.232193548387,1.0036299025693078,-0.06414891914582777,4280.7,4247.44,4082.4001720430106,1.0051811531787629
74.35,50652000,103.48,77.77670967741935,0.9941510131545852,-0.23854402029066135,3579.0,80282600,3529.5,3351.159569892473,1.0053972327286518,-0.10691950224840974,1453.51,1362329984,1440.19,1378.7870967741937,1.0047768178422172,-0.03638336092059857,4352.34,4280.7,4106.683225806452,1.005948229654147
71.75,49175000,103.48,77.17017204301077,0.9922015518922797,-0.3176593342451246,3756.7,63871300,3579.0,3379.882365591398,1.0085710020964016,-0.10370643103116572,1474.52,1133549952,1453.51,1386.3131182795698,1.0054584362756107,-0.022308096894072316,4369.55,4352.34,4130.67182795699,1.0058413568399414
73.73,46395000,103.48,76.71036559139785,0.994041655740295,-0.34791592949999683,3639.9,66984800,3756.7,3399.853978494624,1.0059089668642154,-0.16961774499545923,1435.67,1281880064,1474.52,1390.870946236559,1.0032877334109378,-0.0527845993000684,4327.16,4369.55,4150.40711827957,1.0047777434626999
70.51,47087000,103.48,76.05526881720431,0.9914601270748343,-0.35059720552442564,3722.8,71224600,3756.7,3424.3546236559137,1.0072063816023469,-0.14022924986731655,1476.62,1599810048,1474.52,1397.755376344086,1.0049497260160298,-0.03532704883206805,4411.8,4369.55,4174.274559139784,1.0057506264277294
69.14,144838000,103.48,75.337376344086,0.990560910712922,-0.3914381961657811,3447.5,68912400,3756.7,3430.040215053763,1.0016603395450263,-0.22983093731086535,1438.71,1455820032,1476.62,1401.765311827957,1.0028688392487957,-0.06565027421558023,4395.26,4411.8,4195.550731182796,1.0050969747537153
67.88,39470000,103.48,74.57389247311828,0.9898658022349931,-0.5578817045590979,3468.1,67723400,3756.7,3436.750322580645,1.0019562766341434,-0.2541088263019369,1444.09,1632409984,1476.62,1405.8295483870966,1.0028993701904634,-0.09227619706529011,4436.52,4411.8,4218.11423655914,1.0053779603256003
68.14,28626000,103.48,73.87322580645161,0.9906043972839526,-0.49402270559671013,3437.6,78765600,3756.7,3441.063870967742,1.0012551241673726,-0.2170302536135933,1444.7,1149760000,1476.62,1409.7362365591398,1.00277892023007,-0.09711481722736792,4468.0,4436.52,4241.392924731183,1.0055187429421142
62.05,66953000,103.48,72.8172258064516,0.9857052404511651,-0.61406730685996,3357.5,113118600,3756.7,3439.6989247311826,0.9996033359775518,-0.28110608159555084,1412.34,1416249984,1476.62,1411.302365591398,1.0011109376290708,-0.12392809116867975,4441.67,4468.0,4261.46806451613,1.0047331478458152
74.55,91600000,103.48,72.633311827957,0.997474306711664,-0.39335324790606263,3464.4,77385104,3756.7,3445.2344086021503,1.0016092931364335,-0.2157404788087236,1449.28,1399020032,1476.62,1415.1566451612903,1.0027310090763415,-0.10575882245376045,4509.37,4468.0,4284.620193548388,1.0054328998086455
77.89,51499000,103.48,72.69060215053764,1.000788760984992,-0.4250562659292978,3575.3,75812704,3756.7,3457.487096774194,1.0035564164056445,-0.23705570498922213,1466.71,1241260032,1476.62,1419.8308387096777,1.003302951347732,-0.10860833879661169,4535.43,4509.37,4307.743655913979,1.005396852304531
78.66,44452000,103.48,72.8327741935484,1.0019558517718195,-0.432821289290364,3558.7,57690500,3756.7,3468.292903225806,1.0031253352938594,-0.15957901296947008,1461.86,1059699968,1476.62,1424.0184731182794,1.0029493896698338,-0.06490886889351777,4458.58,4535.43,4324.514215053764,1.0038931191081348
75.78,47563000,103.48,72.82830107526881,0.9999385837168895,-0.5108666805377706,3551.9,83759104,3756.7,3478.19311827957,1.0028544922040916,-0.15466922771495373,1469.69,1621820032,1476.62,1428.5105591397846,1.0031545138678353,-0.05496248856713848,4432.99,4535.43,4338.507462365591,1.0032357963498226
72.16,36457000,103.48,72.6498494623656,0.9975496941399362,-0.413173712264995,3511.0,62754600,3756.7,3484.91247311828,1.0019318521457008,-0.11850517900134583,1474.29,1627149952,1476.62,1433.0659784946236,1.0031889294242124,-0.030150459921155726,4455.48,4535.43,4352.819892473119,1.0032989294663386
68.3,47204000,103.48,72.26408602150538,0.9946900999284238,-0.37024766748809446,3361.1,85879504,3756.7,3481.1584946236553,0.9989227911680474,-0.12360980380523712,1438.51,1625580032,1476.62,1434.9263010752688,1.0012981416128512,0.009495986566354642,4357.05,4535.43,4359.396344086021,1.0015108485476907
76.68,49185000,103.48,72.46217204301077,1.0027411406192344,-0.19637384037065897,3373.9,75024000,3756.7,3477.5563440860215,0.9989652437419333,-0.07834057282674456,1451.37,1569560064,1476.62,1437.2279139784946,1.0016039938089512,-0.022465361790978022,4391.36,4535.43,4367.078580645161,1.0017622248478422
79.42,44879000,103.48,72.84836559139785,1.0053295883562234,-0.13707747029008244,3494.2,67523000,3756.7,3481.2219354838708,1.0010540710301021,-0.08880964055954421,1502.87,1307920000,1476.62,1442.591376344086,1.0037318106011066,-0.01112405285609297,4471.37,4535.43,4378.959268817204,1.0027205116538773
81.03,39893000,103.48,73.34591397849462,1.0068299183249696,-0.10874907634742859,3464.9,68968000,3756.7,3482.22064516129,1.0002868848053723,-0.08788862835622968,1525.03,1356080000,1502.87,1449.0087956989246,1.0044485357808681,0.007167372138289219,4544.9,4535.43,4394.383247311828,1.0035222932089045
76.35,29906000,103.48,73.53941935483871,1.0026382570732002,-0.19920110919048628,3501.6,65984000,3756.7,3484.8821505376354,1.0007643126750292,-0.10657627708881323,1585.72,1743180032,1525.03,1458.912258064516,1.006834646135336,0.025370974587255013,4605.38,4544.9,4412.482580645161,1.0041187425662985
75.66,30172000,103.48,73.70107526881722,1.0021982212451053,-0.10667399277022138,3622.9,65416000,3756.7,3494.7830107526875,1.0028410889629438,-0.13577624213294093,1664.89,2045849984,1585.72,1473.4254193548386,1.0099479329274925,0.04181298177637882,4697.53,4605.38,4435.267913978494,1.0051638353051586
83.83,45165000,103.48,74.39578494623656,1.0094260453444601,0.030045489565369676,3625.9,65665000,3756.7,3504.444086021506,1.002764427788247,-0.11288840730112093,1611.82,1871360000,1664.89,1483.969677419355,1.0071562889617673,0.0003368541811705761,4682.85,4697.53,4455.883075268817,1.004648008122655
89.3,58312000,103.48,75.42470967741934,1.0138304170313728,0.12419366911174312,3731.0,130891000,3756.7,3520.508817204301,1.004584102581883,-0.041467621471974025,1673.27,1711910016,1664.89,1498.1093548387098,1.0095282792057745,0.052420056915050584,4697.96,4697.53,4476.403440860216,1.0046052298152282
86.49,39493000,103.48,76.24129032258062,1.0108264340513033,0.10000953061682938,3589.0,69412000,3756.7,3526.6937634408605,1.0017568330482043,-0.09285643516552877,1612.87,1441170048,1673.27,1507.8129677419354,1.0064772393763406,0.02437076160332352,4594.62,4697.96,4489.143182795699,1.0028459771563922
76.03,64399000,103.48,76.35931182795699,1.0015479998420411,0.01307378152249039,3471.6,131057000,3756.7,3525.121075268817,0.9995540616005998,-0.09594913349430367,1574.74,2259919872,1673.27,1514.6759784946232,1.0045516326623491,0.037411502861265156,4538.43,4697.96,4497.368623655913,1.0018322963927142
77.75,66134000,103.48,76.58318279569893,1.0029318096559898,0.10978167717672149,3518.5,104502000,3756.7,3526.3434408602143,1.000346758470219,-0.10456968971538583,1614.44,1766800000,1673.27,1523.7655913978492,1.0060010279639213,0.05233023953394911,4712.02,4697.96,4516.135720430108,1.0041729060578848
69.29,47457000,103.48,76.23698924731183,0.9954795095248177,-0.10819750613671042,3460.8,137876992,3756.7,3523.376344086022,0.9991585910947266,-0.13085463009161447,1545.06,2143299968,1673.27,1527.846301075269,1.0026780429355122,0.032660105526718164,4620.64,4712.02,4527.849978494624,1.002593867587177
66.96,56331000,103.48,75.74406451612904,0.993534310102623,-0.1420168472218557,3477.9,65686000,3756.7,3521.1744086021504,0.9993750495919723,-0.11372333526378209,1604.1,1289059968,1673.27,1535.3165376344082,1.0048893900871323,0.03823820713017256,4725.78,4712.02,4545.347935483872,1.0038645178334873
68.35,42774000,103.48,75.35191397849461,0.9948226895382551,-0.12897073546988402,3430.0,61135000,3756.7,3515.5507526881725,0.9984029033324111,-0.13234410717767386,1610.76,1123879936,1673.27,1542.7346881720432,1.0048316750036868,0.05205771904077694,4766.18,4725.78,4564.33047311828,1.0041762562302916
66.56,74530000,103.48,74.8555053763441,0.9934121301511706,-0.05939580133128519,3359.6,85807000,3756.7,3505.1352688172046,0.9970373109069742,-0.1091626443341579,1569.02,2226520064,1673.27,1546.9344086021506,1.0027222570817302,0.028798994390634824,4677.02,4766.18,4576.407440860215,1.002645945076296
71.91,81407000,103.48,74.71045161290323,0.9980622164968148,-0.01799664350612762,3342.5,84986000,3756.7,3493.7692473118277,0.9967573230036249,-0.1488461258336714,1545.9,1967440000,1673.27,1549.2544946236558,1.0014997959891536,-0.005108498379041704,4662.85,4766.18,4586.646387096775,1.0022373327482037
71.65,57191000,103.48,74.54421505376344,0.997774922309383,-0.11627172750195214,2998.4,77640000,3756.7,3460.6053763440855,0.9905077099773377,-0.1886922145332075,1414.67,1682109952,1673.27,1542.7678279569893,0.9958130399562002,-0.0339655792968907,4397.93,4766.18,4578.7261935483875,0.9982732059810261
67.63,54504000,103.48,74.12862365591397,0.9944249007444812,-0.14552923551172858,3013.3,102252000,3756.7,3429.4329032258065,0.990992190750391,-0.20675245956050625,1401.07,2257880064,1673.27,1535.4238924731183,0.9952397662494711,-0.054346516972467174,4431.85,4766.18,4572.742279569893,0.9986931050852252
71.95,36203000,103.48,74.0061935483871,0.9983484098113685,-0.030133080189713723,3244.5,97085000,3756.7,3414.39311827957,0.9956144979736767,-0.1557788037306468,1456.33,2030189952,1673.27,1531.7578924731185,0.9976123857275043,-0.04231413323382893,4500.54,4766.18,4571.018989247312,0.9996231385419903
72.16,34206000,103.48,73.8968817204301,0.9985229367608871,-0.04210386634881602,3159.2,82854000,3756.7,3394.951612903226,0.9943060143624761,-0.11690730944100114,1423.52,1828649984,1673.27,1526.0142365591396,0.9962502847596199,-0.02960383447674908,4418.64,4766.18,4563.730129032258,0.9984054189597114
70.09,33071000,103.48,73.65739784946236,0.9967592154717195,-0.047623268567106414,3148.4,101113000,3756.7,3375.8470967741937,0.9943726690959537,-0.12044748428317054,1417.74,1549820032,1673.27,1519.9238064516128,0.9960089296930417,-0.025610830096857495,4348.87,4766.18,4551.743247311828,0.9973734464173997
70.72,34971000,103.48,73.4594623655914,0.9973127548671284,-0.005992968581948421,3158.7,75772000,3756.7,3358.642365591398,0.9949035810303033,-0.07328953551854356,1387.08,1654019968,1673.27,1511.981935483871,0.9947748229654467,-0.033465525154825704,4384.62,4766.18,4542.198150537634,0.9979029799671081
62.03,52773000,103.48,72.69748387096774,0.9896272247293144,-0.15469024145525057,3061.2,118793000,3756.7,3335.768387096774,0.993189516475775,-0.11691561553109164,1350.6,2032390016,1673.27,1501.7975483870966,0.9932642137728219,-0.040475218660355305,4328.87,4766.18,4529.079161290323,0.997111753205712
46.81,125365000,103.48,70.96615053763442,0.9761844118785967,-0.4105285599779672,3041.8,106693000,3756.7,3312.5178494623656,0.9930299304578984,-0.0966846204383418,1315.58,1975840000,1673.27,1489.5548602150538,0.9918479769891813,-0.030357499263042986,4204.31,4766.18,4508.155548387097,0.9953801618037373
63.53,218951008,103.48,70.35939784946237,0.9914501113055262,-0.039982443044389804,3334.1,92944000,3756.7,3308.9765591397845,0.9989309369840359,-0.009455170052532047,1437.52,1846499968,1673.27,1485.4569462365591,0.9972489002668199,0.01300605773964536,4463.09,4766.18,4504.4944946236565,0.9991879042938635
58.45,99018000,103.48,69.42172043010753,0.9866730323451453,-0.27677666497350917,3380.6,75401000,3756.7,3308.4855913978486,0.9998516255001626,-0.033687645599143834,1452.85,1489810048,1673.27,1482.2939139784942,0.9978706671599749,-0.005003382828258962,4543.04,4766.18,4505.945440860215,1.0003221107803084
57.64,71464000,103.48,68.46640860215054,0.9862390067252974,-0.3180401826614616,3374.2,80711000,3756.7,3307.761935483871,0.9997812727624207,-0.06998076458623925,1465.81,1485650048,1673.27,1479.9593333333332,0.9984250217698764,-0.0029132899299649795,4545.86,4766.18,4507.505913978494,1.0003463142505298
55.15,51913000,103.48,67.394,0.9843367189247189,-0.3779514905864245,3261.3,97818000,3756.7,3300.1868817204304,0.9977099156737431,-0.1463005963729228,1417.79,1734560000,1673.27,1474.5286236559139,0.9963305007407279,-0.036807839350895044,4488.28,4766.18,4505.329118279569,0.99951707313524
55.17,35832000,103.48,66.37344086021504,0.9848568249430963,-0.3839812012490239,3217.3,17166136,3756.7,3290.4126881720426,0.9970382908911836,-0.13971372627969747,1406.28,1057670016,1673.27,1468.4501075268818,0.9958776547084172,-0.03403166532322055,4392.59,4766.18,4496.914903225807,0.9981323861514084
50.76,50090000,103.48,65.11268817204301,0.9810051630315924,-0.41972588930607546,3096.5,75674000,3756.7,3273.5645161290317,0.9948796173490412,-0.19272698370981212,1381.16,1287859968,1673.27,1460.8873118279569,0.994849810926391,-0.02193926441332328,4271.78,4766.18,4480.793376344086,0.9964149806637086
60.14,61783000,103.48,64.50311827956989,0.9906382318164704,-0.3044258916728245,2736.1,85982000,3756.7,3234.356129032258,0.9880227235774363,-0.2229274327915476,1272.15,1632809984,1673.27,1446.4918924731182,0.9901461124083375,-0.06397945438774721,4131.93,4766.18,4456.044322580645,0.9944766357908621
54.24,56301000,103.48,63.53045161290323,0.9849206256595081,-0.5211520286054316,2563.1,99503000,3756.7,3185.3305376344083,0.9848422407916723,-0.24583824254887465,1229.22,1777069952,1673.27,1429.6845591397846,0.9883806238937174,-0.0920287951559492,4123.34,4766.18,4431.225204301075,0.9944302353201917
50.28,78613000,103.48,62.35055913978495,0.9814279224661038,-0.5668035452019147,2525.0,105408000,3756.7,3135.5905376344085,0.9843846660770912,-0.21116918771522342,1187.3,2108349952,1673.27,1410.6504516129032,0.9866864984970294,-0.10990153136100589,4023.89,4766.18,4400.566344086023,0.9930811775972718
52.17,87192000,103.48,61.3552688172043,0.9840371868943583,-0.5256079547656677,2292.7,278716992,3756.7,3072.947741935484,0.9800220102251666,-0.22707657276396442,1098.91,2051049984,1673.27,1386.5924086021507,0.982945425648682,-0.13782137936175454,3901.36,4766.18,4362.964645161291,0.9914552591678875
53.68,55612000,103.48,60.5194623655914,0.9863775928665065,-0.4415089640040525,2458.0,132230000,3756.7,3023.490322580645,0.9839055449333193,-0.23569204567679147,1200.5,1755660032,1673.27,1370.0049462365591,0.9880372470938927,-0.14583986229502677,4158.24,4766.18,4343.319806451613,0.9954973646803522
56.52,53523000,103.48,59.91563440860215,0.9900225822671459,-0.41499620732529474,2565.0,90422000,3756.7,2983.180430107527,0.986667762032487,-0.20138424496383178,1200.56,1249660032,1673.27,1354.2497849462366,0.9884999237896166,-0.15351238839286552,4108.54,4766.18,4321.430107526882,0.9949601457179793
61.51,85343000,103.48,59.67490322580645,0.9959821641684706,-0.4105276249296238,2332.5,550092992,3756.7,2930.1455913978493,0.982222047927632,-0.21046716539314503,1127.72,1849910016,1673.27,1334.7938279569892,0.9856334058860347,-0.13335352323676564,3900.86,4766.18,4287.408344086021,0.9921271980352978
65.23,76943000,103.48,59.72217204301076,1.0007921054689515,-0.45225227724408645,2255.6,527463008,3756.7,2874.930967741935,0.9811563548862521,-0.20353076557868055,1065.21,2729169920,1673.27,1312.346043010753,0.983182582601094,-0.14561659214938882,3674.84,4766.18,4240.486344086022,0.9890558593363931
64.01,59754000,103.48,59.74249462365591,1.0003402853571788,-0.4741098916919263,2455.4,348404000,3756.7,2835.7795698924733,0.9863817954974368,-0.193887246752947,1153.04,1700300032,1673.27,1296.8723655913977,0.9882091484164833,-0.13647447135469581,3911.74,4766.18,4211.0484731182805,0.993057902188791
