178.65,842025,246.46,169.4371827956989,1.0014287733419696,-0.12180310864974209,1034.73,94974000,1093.16,1029.0184516129032,1.0021038809271,-0.16754868988032978,606.9,1271890048,637.75,598.5392258064516,1.0035730017368485,0.06731026220560543,4395.26,4411.8,4195.550731182796,1.0050969747537153
185.22,540032,246.46,170.14898924731185,1.0042010049970627,-0.12552017069636834,1056.44,90780000,1093.16,1032.3678279569892,1.0032549235038848,-0.18820627716378957,628.53,1237629952,637.75,601.8152043010753,1.0054732895579397,0.06466019805180512,4436.52,4411.8,4218.11423655914,1.0053779603256003
177.96,612662,246.46,170.44694623655917,1.0017511534483126,-0.12480121640638309,1076.33,72752000,1093.16,1036.7445806451615,1.0042395283634842,-0.13452449198043914,640.34,1158720000,637.75,605.605182795699,1.0062975785050583,0.06160591519391945,4468.0,4436.52,4241.392924731183,1.0055187429421142
183.1,401289,246.46,171.12025806451615,1.003950272168693,-0.08718599230921065,1090.14,89269000,1093.16,1041.6986881720431,1.0047785227136647,-0.09560082398275593,625.58,1121750016,640.34,608.169870967742,1.004234917806026,0.08471704259669632,4441.67,4468.0,4261.46806451613,1.0047331478458152
180.79,378464,246.46,171.66329032258062,1.0031733955068005,-0.05618548253575051,1095.98,76913000,1093.16,1046.663569892473,1.0047661399373962,-0.035623378654728866,647.31,1013849984,640.34,611.8752688172042,1.0060927020991126,0.13173869847277664,4509.37,4468.0,4284.620193548388,1.0054328998086455
182.79,347377,246.46,172.34991397849464,1.003999828120641,-0.034691241966822495,1077.63,80135000,1095.98,1049.9845376344085,1.0031729085041878,-0.1287078681519691,631.43,1275239936,647.31,614.1984516129033,1.0037968241471664,0.06473073916866312,4535.43,4509.37,4307.743655913979,1.005396852304531
165.54,565642,246.46,171.93875268817203,0.9976143806467237,-0.149668011821542,1053.18,72599000,1095.98,1051.408860215054,1.0013565176720167,-0.1005684235528419,623.21,880460032,647.31,615.7359569892473,1.0025032713324276,0.05868228722869895,4458.58,4535.43,4324.514215053764,1.0038931191081348
162.5,656397,246.46,171.40090322580645,0.9968718543437324,-0.09968891415950454,1050.75,171808000,1095.98,1052.4265806451615,1.0009679587728597,-0.11469755444896612,622.64,1647340032,647.31,617.0210107526882,1.002087020822569,0.02349425148469364,4432.99,4535.43,4338.507462365591,1.0032357963498226
169.17,411528,246.46,171.330623655914,0.9995899696642796,-0.07799545458069301,1050.02,92398000,1095.98,1053.1616559139784,1.0006984575288533,-0.12170501719349036,636.42,1357459968,647.31,619.012193548387,1.0032270907489356,0.01908430101707448,4455.48,4535.43,4352.819892473119,1.0032989294663386
163.48,341967,246.46,170.908064516129,0.9975336625130506,-0.09339047561772018,1040.3,88323000,1095.98,1053.0354623655915,0.9998801764689416,-0.1629683689618524,634.54,1362919936,647.31,620.6653548387097,1.0026706441449016,0.0018105137279058603,4357.05,4535.43,4359.396344086021,1.0015108485476907
164.41,519454,246.46,170.54354838709676,0.997867180053415,-0.16794961415800524,1071.46,89332000,1095.98,1054.786064516129,1.0016624341848896,-0.09048648839559204,648.89,1163069952,647.31,623.0810752688172,1.0038921464059087,0.012246674719977424,4391.36,4535.43,4367.078580645161,1.0017622248478422
165.38,361773,246.46,170.2616129032258,0.998346841692123,-0.14087126711795328,1081.59,84802000,1095.98,1057.0580645161292,1.0021539912939998,-0.09031912108478424,656.87,1319049984,648.89,625.8556344086021,1.0044529664756514,0.01654950828725288,4471.37,4535.43,4378.959268817204,1.0027205116538773
165.92,379033,246.46,170.02503225806456,0.9986104874661577,-0.08509987279448561,1112.15,80074000,1095.98,1061.064129032258,1.003789824467176,-0.06993723713915667,675.17,1146470016,656.87,629.616817204301,1.0060096651510584,0.036657411911522386,4544.9,4535.43,4394.383247311828,1.0035222932089045
187.15,886162,246.46,171.16234408602148,1.0066890846180268,0.032632429343544045,1107.57,92600000,1112.15,1064.513806451613,1.0032511488466782,-0.07100760939930217,669.09,1169689984,675.17,632.7640860215054,1.004998705134941,0.022103510279152472,4605.38,4544.9,4412.482580645161,1.0041187425662985
204.36,820973,246.46,173.3680215053764,1.0128864641994293,0.13857099090752034,1105.17,98046000,1112.15,1067.5533978494623,1.0028553799672935,-0.09525022889853019,664.86,1182720000,675.17,635.4317419354837,1.0042158775646564,0.0009458369527719501,4697.53,4605.38,4435.267913978494,1.0051638353051586
203.65,317663,246.46,175.45344086021504,1.0120288582446215,0.1516540157682702,1102.65,85777000,1112.15,1070.2154838709678,1.0024936326621865,-0.09218971347356186,666.61,1029710016,675.17,638.0381505376344,1.0041017916325863,0.014682056928678744,4682.85,4697.53,4455.883075268817,1.004648008122655
209.07,438287,246.46,177.8128817204301,1.0134476750563977,0.14272770607118157,1073.51,96793000,1112.15,1070.8393333333333,1.0005829194884277,-0.11527509992587737,647.83,1066489984,675.17,639.2640860215054,1.0019214140766317,-0.022060252671180836,4697.96,4697.53,4476.403440860216,1.0046052298152282
201.89,691877,246.46,179.63574193548385,1.0102515644390702,0.11986983615727675,1075.32,73430000,1112.15,1071.5246451612904,1.0006399763312988,-0.09646114705329567,643.93,981089984,675.17,640.109677419355,1.0013227575525354,-0.029197104695847687,4594.62,4697.96,4489.143182795699,1.0028459771563922
208.0,600388,246.46,181.79283870967743,1.0120081713747606,0.15659396632874523,1057.15,138559008,1112.15,1070.9907096774195,0.9995017048965864,-0.16078403894682536,631.2,1713149952,675.17,640.0437634408602,0.9998970270551751,-0.06602266214795294,4538.43,4697.96,4497.368623655913,1.0018322963927142
210.31,384502,246.46,184.01359139784947,1.0122158425157692,0.20566349038631015,1086.4,85105000,1112.15,1072.421311827957,1.0013357745661196,-0.1730926337685963,647.84,1231600000,675.17,641.0429892473118,1.0015611835682607,-0.09905169835924732,4712.02,4697.96,4516.135720430108,1.0041729060578848
215.57,856421,246.46,186.46879569892474,1.0133425160740814,0.19484534641848716,1091.51,129779000,1112.15,1074.188064516129,1.0016474427248752,-0.1534123193335979,639.39,1766060032,675.17,641.456623655914,1.000645252214813,-0.08648365773354727,4620.64,4712.02,4527.849978494624,1.002593867587177
224.37,404533,246.46,189.3789677419355,1.0156067508888167,0.23946754480205712,1094.71,71350000,1112.15,1076.1039569892473,1.0017835726688895,-0.13568085289055265,646.5,898750016,675.17,642.2949677419355,1.001306938076722,-0.09810694983433166,4725.78,4712.02,4545.347935483872,1.0038645178334873
237.89,748682,246.46,193.03686021505376,1.0193151991307865,0.3618055497646957,1114.61,70417000,1112.15,1079.2476344086022,1.0029213510450703,-0.12885308391944972,650.04,701289984,675.17,643.3264946236559,1.001606001811515,-0.10751492877350866,4766.18,4725.78,4564.33047311828,1.0041762562302916
223.25,592137,246.46,195.5848387096774,1.0131994402094244,0.2628514667450619,1153.48,100600000,1114.61,1084.8100645161292,1.0051539886956298,0.016473430211243256,684.91,1563849984,675.17,646.5812688172042,1.0050592882785783,-0.0009699070211142136,4677.02,4766.18,4576.407440860215,1.002645945076296
205.97,593166,246.46,196.88939784946237,1.0066700422609005,0.20657358996018238,1145.67,93408000,1153.48,1089.6330322580645,1.004445909841449,0.05954599015316986,679.12,1572969984,684.91,649.3283870967742,1.0042486821255978,0.04389383693903581,4662.85,4766.18,4586.646387096775,1.0022373327482037
189.18,686891,246.46,197.00436559139786,1.0005839204304103,0.08152234985678541,1109.19,83709000,1153.48,1091.771053763441,1.001962148211445,0.02018703445557568,635.39,1529490048,684.91,649.0494838709677,0.9995704743064545,0.006188915885863011,4397.93,4766.18,4578.7261935483875,0.9982732059810261
194.42,713422,246.46,197.3990967741936,1.0020036671858046,0.0417581346426541,1124.88,132364000,1153.48,1094.762924731183,1.0027403831210113,0.034517402939216124,643.77,1981970048,684.91,649.2668387096775,1.0003348817680486,0.03009748767031728,4431.85,4766.18,4572.742279569893,0.9986931050852252
198.51,513545,246.46,198.00572043010754,1.003073082226956,0.07030751214406705,1156.01,130258000,1153.48,1099.5773548387097,1.0043976919557345,0.09116192493938535,666.38,1498710016,684.91,650.8790322580645,1.0024830985540414,0.062108156205510134,4500.54,4766.18,4571.018989247312,0.9996231385419903
189.82,343554,246.46,197.9868817204301,0.9999048577503896,0.005922805193693481,1145.49,110957000,1156.01,1103.465505376344,1.0035360409347505,0.11856284991710375,666.25,1490800000,684.91,652.3620000000001,1.002278407612534,0.08812953370197629,4418.64,4766.18,4563.730129032258,0.9984054189597114
203.58,566111,246.46,198.82326881720428,1.0042244571433536,0.11540533467421032,1148.84,108490000,1156.01,1107.338924731183,1.0035102314807003,0.14918031053506786,651.02,1315849984,684.91,652.7212473118278,1.0005506870599878,0.09459790017237513,4348.87,4766.18,4551.743247311828,0.9973734464173997
210.97,494946,246.46,200.064559139785,1.006243184361494,0.1088749296544016,1158.68,92190000,1156.01,1111.5916989247312,1.0038405352675386,0.13027101651653006,649.25,1364690048,684.91,652.862193548387,1.0002159363390417,0.07220164318674849,4384.62,4766.18,4542.198150537634,0.9979029799671081
216.73,657323,246.46,201.6079569892473,1.007714499040202,0.08251171275941926,1153.65,108167000,1158.68,1115.2533978494623,1.0032941042365404,0.09242745847693845,617.65,2034439936,684.91,650.8733548387097,0.9969536623052596,0.006954281817065477,4328.87,4766.18,4529.079161290323,0.997111753205712
209.82,449443,246.46,202.63778494623656,1.0051080719846994,0.1312781709746096,1136.96,113967000,1158.68,1117.629268817204,1.0021303418329173,0.07478415588016107,603.92,1880489984,684.91,648.0221075268815,0.9956193516132877,0.002141422868764953,4204.31,4766.18,4508.155548387097,0.9953801618037373
227.95,547941,246.46,204.76877419354838,1.0105162482301966,0.1510641122267642,1197.49,133975000,1158.68,1123.7799139784945,1.005503296426551,0.09598789182830791,647.02,1840120064,684.91,648.0298279569892,1.000011913837534,0.029449684950516364,4463.09,4766.18,4504.4944946236565,0.9991879042938635
232.19,475262,246.46,207.07686021505378,1.0112716698656592,0.17602649802635972,1247.06,97811000,1197.49,1132.8977634408602,1.0081135543970403,0.1283504779637954,657.82,1243040000,684.91,648.6882150537633,1.001015982703836,0.008769749642185909,4543.04,4766.18,4505.945440860215,1.0003221107803084
232.2,454449,246.46,209.27505376344084,1.010615350967289,0.14222039463000713,1248.57,94712000,1247.06,1141.788129032258,1.0078474562121085,0.14489213707967186,636.27,1587160064,684.91,647.9336774193548,0.998836825431851,0.0053654693331344205,4545.86,4766.18,4507.505913978494,1.0003463142505298
232.27,615601,246.46,211.37150537634412,1.0100176852195344,0.257909581766395,1252.23,104850000,1248.57,1150.547010752688,1.0076711970441081,0.1262682780518305,630.05,1455110016,684.91,646.7674408602151,0.9982000680011189,0.004314119950147077,4488.28,4766.18,4505.329118279569,0.99951707313524
231.73,328353,246.46,213.28961290322584,1.0090745794872709,0.3027637347648584,1232.12,86138000,1252.23,1157.5804086021506,1.0061130903680862,0.12709941673242642,613.38,1165869952,684.91,644.5110107526883,0.9965112187704971,-0.005758669529567606,4392.59,4766.18,4496.914903225807,0.9981323861514084
233.67,531379,246.46,215.184,1.0088817597396722,0.27564424186029624,1197.79,101872000,1252.23,1162.0089247311828,1.0038256661015712,0.06606120250590819,601.3,1531619968,684.91,641.4951397849463,0.9953206835609838,-0.013953558132729804,4271.78,4766.18,4480.793376344086,0.9964149806637086
221.69,596805,246.46,216.16677419354832,1.0045671341435625,0.23770340401812873,1162.49,136370000,1252.23,1163.8422365591398,1.0015777089047584,0.0804800980775815,573.7,1551970048,684.91,636.7741505376343,0.9926406468973489,-0.044212493981045986,4131.93,4766.18,4456.044322580645,0.9944766357908621
210.74,625389,246.46,216.31791397849463,1.0006991813867332,0.19868595683393186,1176.81,123544000,1252.23,1166.3366451612903,1.0021432532037375,0.09280090199743074,576.98,1566780032,684.91,632.3956129032258,0.993123876604112,-0.04978653178706638,4123.34,4766.18,4431.225204301075,0.9944302353201917
206.49,534794,246.46,216.09522580645162,0.9989705514076603,0.1506295002154805,1162.21,122312000,1252.23,1167.6625591397851,1.0011368192742598,0.14074315727546294,556.31,1583369984,684.91,626.8381720430108,0.9912120818885797,-0.05301294217263797,4023.89,4766.18,4400.566344086023,0.9930811775972718
203.68,450654,246.46,215.60283870967743,0.9977214346363431,0.11151289369996009,1146.18,120101000,1252.23,1167.7809032258065,1.0001013512723305,0.14182883958858594,546.49,1441539968,684.91,620.8634408602151,0.9904684630750507,-0.048992962114051464,3901.36,4766.18,4362.964645161291,0.9914552591678875
220.23,367455,246.46,216.0969892473118,1.002291948197861,0.08629502579800463,1214.78,98210000,1252.23,1172.251870967742,1.0038286015207007,0.15914063185127447,590.46,1386000000,684.91,618.0022150537634,0.9953915376262332,-0.02042702890371595,4158.24,4766.18,4343.319806451613,0.9954973646803522
232.0,380081,246.46,217.27935483870965,1.0054714579574484,0.038757524415641065,1196.35,88892000,1252.23,1175.303247311828,1.002603004029814,0.17312254283882966,577.81,1074840064,684.91,614.4939569892473,0.9943232273622015,-0.005546905812205072,4108.54,4766.18,4321.430107526882,0.9949601457179793
223.26,401964,246.46,217.83840860215057,1.0025729723095684,0.018238426869735314,1148.15,76750000,1252.23,1175.0488602150538,0.9997835562035958,0.18750849885656906,538.67,1117250048,684.91,608.6477419354839,0.9904861309256687,-0.024936126137235726,3900.86,4766.18,4287.408344086021,0.9921271980352978
207.06,589483,246.46,217.3101290322581,0.9975749016287697,-0.11207800105427612,1100.78,137922000,1252.23,1171.640494623656,0.9970993839432566,0.21731546634718513,512.37,1944770048,684.91,601.3798924731182,0.9880590217269941,0.008681566159880694,3674.84,4766.18,4240.486344086022,0.9890558593363931
228.21,440083,246.46,218.15068817204303,1.003868016385284,0.02864000114312515,1152.16,108487000,1252.23,1171.4883225806452,0.9998701205329544,0.19342455018406446,538.72,1223600000,684.91,596.1033548387097,0.9912259493533959,-0.014761322994158,3911.74,4766.18,4211.0484731182805,0.993057902188791
