23.05,1639665,44.34,34.935440860215046,0.9788620962678463,-0.32115190273626393,488.04,176892800,738.67,649.1150967741936,0.9825635137456051,0.03923273135487071,475.7,2357570048,712.8,632.3252043010754,0.9818579267526274,-0.10101147845896175,2488.65,3380.16,3018.2435268817203,0.9877543808450411
26.53,2050736,44.34,34.41901075268817,0.985217587217713,-0.26065511845016454,560.8,196424000,738.67,642.5879139784945,0.9899444908489476,-0.06770085100007306,534.19,2517040128,712.8,624.7849462365592,0.9880753479171361,-0.12582062035442088,2789.82,3380.16,3001.3092688172046,0.9943893665591619
27.61,1704364,44.34,33.98391397849463,0.9873588239557535,-0.23887058871594014,548.86,181794208,738.67,635.4883010752689,0.9889515306018295,-0.02021581829676733,533.43,2711889920,712.8,617.4795698924733,0.9883073745805009,-0.14805384203328398,2874.56,3380.16,2990.31,0.9963351764739862
29.0,1057917,44.34,33.64883870967742,0.990140180173795,-0.1166286819607325,549.8,159195104,738.67,628.6370537634408,0.9892189245651958,0.015164439625435344,520.2,2235790080,712.8,609.5850752688171,0.9872149703268226,-0.16179402862446735,2836.74,3380.16,2977.123440860215,0.9955902367514455
30.5,1300810,44.34,33.41356989247311,0.9930081148049652,-0.038639840879191145,566.25,173373904,738.67,623.0422150537635,0.991100049422504,0.0777173199447242,526.21,3115699968,712.8,602.3650537634409,0.9881558427227038,-0.13403828592961087,2830.71,3380.16,2963.816774193548,0.9955303611250926
32.24,951476,44.34,33.29150537634409,0.9963468579824953,0.011510921137835473,582.8,151590400,738.67,618.6318709677419,0.992921275670476,0.07372834969459985,533.16,2498510080,712.8,595.8336774193548,0.9891571127785725,-0.1632923528185063,2929.8,3380.16,2957.1638709677422,0.9977552919992444
30.31,1144444,44.34,33.0432688172043,0.9925435465794172,-0.019854107876424276,553.43,166248608,738.67,612.4271612903226,0.9899702715482261,0.08083461205621989,501.72,2518190080,712.8,587.5203655913978,0.9860475965978237,-0.1852082825446295,2863.7,3380.16,2946.333483870968,0.9963375762827679
50.0,6783382,44.34,34.06974193548387,1.0310645149533488,0.504308549366269,587.01,136434800,738.67,608.5873548387095,0.9937301826334368,0.047914805472136224,537.84,2431330048,712.8,581.8528387096776,0.9903534801282756,-0.16588045180502486,2955.45,3380.16,2941.685892473118,0.998422584740223
46.75,1755450,50.0,34.85195698924731,1.0229592303705934,0.35693475736647706,618.58,158627600,738.67,606.9618924731184,0.9973291223475684,0.022882682869733384,570.15,2422180096,712.8,578.5377634408602,0.9943025537588354,-0.14912651459083826,3044.31,3380.16,2942.9155053763443,1.0004179959887534
51.75,1715021,50.0,35.931397849462364,1.030972173543887,0.4478643716991384,679.73,152377600,738.67,609.4189677419355,1.0040481540921877,6.2972942873607e-05,630.14,3675379968,712.8,579.3204946236558,1.0013529474344773,-0.11726266273072117,3193.93,3380.16,2953.846623655914,1.0037143840044336
46.85,2168684,51.75,36.65729032258064,1.0202021773870158,0.30863492048066243,617.31,157224192,738.67,607.8756129032257,0.9974674978620565,-0.03483946808818639,579.51,3538040064,712.8,576.9621075268817,0.9959290459794519,-0.13762839045655828,3041.31,3380.16,2954.71440860215,1.000293781315281
50.08,1833611,51.75,37.564408602150536,1.0247459174310851,0.502570333981901,625.83,177599296,738.67,607.0488602150539,0.9986399311460724,-0.020285852615728905,582.81,2780940032,712.8,575.059311827957,0.9967020439053078,-0.1472908550652764,3097.74,3380.16,2959.393053763441,1.001583450890438
49.02,1149021,51.75,38.36468817204301,1.0213041972354293,0.41596398543616986,609.74,185106800,738.67,605.3219569892474,0.9971552483844632,-0.003523051411067568,559.4,2816969984,712.8,571.8696774193548,0.994453381863406,-0.1457657998326688,3009.05,3380.16,2958.376752688172,0.9996565846250208
51.13,1629529,51.75,39.26901075268818,1.023571743280952,0.5680786170865686,630.57,97530896,738.67,605.1263655913979,0.9996768803847421,-0.031988360503440116,582.8,1929970048,712.8,570.4678279569893,0.9975486557204928,-0.13939678741744188,3130.01,3380.16,2965.448043010753,1.002390260238543
52.33,1252027,51.75,40.21066666666667,1.0239796189394463,0.6498818940140213,624.87,109581504,738.67,604.7165806451613,0.9993228109539798,-0.06379352480745804,574.69,1990889984,712.8,568.7543655913979,0.9969963908889872,-0.16765302067046084,3185.04,3380.16,2976.103849462366,1.0035933209070136
53.16,1629345,52.33,41.163440860215054,1.0236945634710952,0.6652488164885991,664.28,120979504,738.67,607.0429247311829,1.0038469990082621,0.006122452106553045,608.04,2037389952,712.8,569.4323655913978,1.0011920787619712,-0.11729773368315433,3224.73,3380.16,2989.2853763440853,1.004429121948853
53.98,1289194,53.16,42.12688172043011,1.0234052557337654,0.6748030600480015,667.58,101635000,738.67,609.7065591397849,1.0043878847773104,0.01999853513680694,606.87,1732659968,712.8,570.2068172043012,1.0013600414372286,-0.1146552756038084,3215.63,3380.16,3001.8722580645153,1.0042106658066297
53.59,1034830,53.98,43.02210752688172,1.0212507019245494,0.6698694023720169,664.26,123556200,738.67,612.2754623655914,1.0042133435950416,-0.0205712893133434,605.88,1985549952,712.8,571.0990537634409,1.001564759543764,-0.14471626366523893,3271.12,3380.16,3018.0915913978497,1.0054030724624479
56.63,894890,53.98,44.070881720430116,1.0243775643230189,0.4942540510102823,696.29,119591296,738.67,617.0352688172043,1.00777396244694,0.024909636097864896,634.74,1906200064,712.8,574.0539784946236,1.0051741019560623,-0.11690699504109292,3351.28,3380.16,3039.4045376344084,1.00706172943767
58.68,1312397,56.63,45.2131182795699,1.0259181689711978,0.44849238662828783,718.78,110690304,738.67,623.2943655913979,1.0101438233606836,0.07781221627375468,654.39,1943239936,712.8,578.412623655914,1.0075927444536146,-0.09367688757010972,3372.85,3380.16,3061.9243010752693,1.0074092682175135
59.71,875690,58.68,46.383268817204296,1.0258807749202103,0.41250764387536076,705.4,85239200,738.67,628.7181720430108,1.0087018377688473,0.09382831398691671,644.59,1304429952,712.8,582.2625376344087,1.0066559992314152,-0.11593550572058098,3397.16,3380.16,3085.9194838709677,1.0078366348858696
63.15,992677,59.71,47.73572043010753,1.029158178097219,0.5216648310923123,720.35,86912200,738.67,635.1227096774194,1.0101866590138426,0.0996946667473334,664.07,1757319936,712.8,587.498129032258,1.0089918053445792,-0.11688740086647198,3508.01,3397.16,3116.8475913978496,1.0100223313305912
60.14,952607,63.15,48.848021505376344,1.0233012315567207,0.3699655799555144,706.98,99328000,738.67,640.6204516129034,1.0086561885627996,0.06574989468485437,655.8,1831480064,712.8,592.2432903225806,1.0080768960032926,-0.09987636465462568,3426.96,3508.01,3141.9391612903223,1.0080503037625974
60.26,813793,63.15,49.93169892473119,1.0221846737279947,0.37649267859813573,710.0,90649504,738.67,646.3575483870967,1.0089555317188967,0.11417611509879422,653.85,1403970048,712.8,596.9688817204301,1.0079791387679133,-0.07110789448016075,3340.97,3508.01,3161.2695483870975,1.0061523747292538
57.96,3433603,63.15,50.83275268817204,1.0180457261187754,0.3419988609337602,714.16,153489408,738.67,652.422129032258,1.0093827025928523,0.1194120189094654,663.78,2192270080,712.8,602.4618924731183,1.0092015026593306,-0.05181462747396259,3319.47,3508.01,3179.29711827957,1.0057026361139214
59.34,1204450,63.15,51.79195698924731,1.0188698083489478,0.5516577459270373,693.36,101242800,738.67,657.1974838709677,1.0073194249952757,0.12100028178676236,646.54,1711869952,712.8,606.9293978494625,1.0074154157004105,-0.07100340096550406,3298.46,3508.01,3196.0085161290317,1.0052563183709313
64.8,1639792,63.15,53.061505376344094,1.024512462183276,0.6815251768850223,708.86,82472496,738.67,662.8794623655913,1.0086457703111644,0.1862436957849084,655.83,1715660032,712.8,611.9357204301075,1.0082486078255295,-0.0485633537941641,3348.44,3508.01,3215.2041290322577,1.0060061206991011
68.95,840200,64.8,54.54356989247312,1.027931068024123,1.2201595245796417,751.4,121082496,738.67,671.1268602150537,1.01244177609611,0.3016676783074339,682.05,1819730048,712.8,618.5316559139784,1.0107788044784096,0.007704064893217399,3477.13,3508.01,3241.893569892472,1.0083010097614697
68.98,1191424,68.95,55.94645161290323,1.0257203868979559,1.9161772341699386,756.04,80746600,751.4,679.2533333333333,1.0121086989659087,0.39662259163330416,689.55,1491609984,712.8,625.2814623655914,1.0109126289448178,0.08678558875624609,3483.81,3508.01,3267.366430107527,1.0078574017517483
67.28,724271,68.98,57.14318279569893,1.0213906538894717,1.7252284086085823,759.69,87612000,756.04,686.9301290322579,1.0113018152759765,0.38151740103804355,685.74,1641760000,712.8,631.2303870967742,1.0095139950394123,0.013395015640706331,3465.39,3508.01,3289.1156559139777,1.006656500356385
67.32,783201,68.98,58.25251612903225,1.0194132226988382,2.035567071289072,714.01,107001296,759.69,691.1005591397849,1.0060711125211559,0.30050845470493126,641.01,1986370048,712.8,633.8898064516129,1.004213072452152,0.033559604244219,3269.96,3508.01,3296.2695698924726,1.0021750265806653
71.35,878497,68.98,59.52664516129032,1.0218725149903536,1.7800198624118475,769.11,100527296,759.69,698.3398709677417,1.0104750484314,0.37036306248605033,687.16,1595160064,712.8,639.1711397849461,1.0083316268530915,0.028413829177349692,3509.44,3508.01,3317.1935698924735,1.0063477818049582
77.03,1575631,71.35,61.070838709677425,1.0259412158068548,1.896716772172192,798.25,113425800,769.11,707.0112043010753,1.0124170675251822,0.3714062893407042,723.41,2453100032,712.8,646.4622150537634,1.0114070783472333,0.1089483767717232,3585.15,3509.44,3341.454516129033,1.007313696269267
80.08,1125381,77.03,62.70552688172043,1.0267670824010473,1.804978525923794,803.45,86779200,798.25,715.4816989247313,1.011980707762658,0.34710148336295954,730.99,1907570048,723.41,653.8337634408603,1.0114029067986343,0.151115046050188,3557.54,3585.15,3362.4060215053764,1.0062701752411147
83.81,946220,80.08,64.47101075268817,1.0281551556738837,1.7637143248550164,821.92,64419900,803.45,724.598322580645,1.0127419382908251,0.3343839694738351,748.75,1529660032,730.99,661.897806451613,1.012333475971499,0.13759742653986717,3638.35,3585.15,3387.0209677419343,1.0073206347119072
87.07,912676,83.81,66.33217204301076,1.0288681884864816,1.7114059990827621,815.18,99960096,821.92,732.7302795698926,1.0112227102048563,0.28246019609272466,751.94,2127640064,748.75,669.6890752688173,1.0117711053598633,0.14776138564918928,3699.12,3638.35,3413.8196989247317,1.0079121834314075
84.5,1171929,87.07,67.9096129032258,1.0237809318107691,1.751390277043173,810.63,90465800,821.92,740.0689462365591,1.0100155089413996,0.2957680748865892,748.01,1932969984,751.94,676.7563010752688,1.0105529955130514,0.21161627008294492,3663.46,3699.12,3436.663333333334,1.0066915175443498
86.97,1190578,87.07,69.52987096774193,1.0238590384372395,0.7395666944490749,815.62,102399000,821.92,747.1764301075268,1.009603813140804,0.27999450139041504,748.53,1696969984,751.94,683.3274193548388,1.0097097260404218,0.13662524193782333,3709.41,3699.12,3460.7515698924735,1.0070091929941172
88.45,781735,87.07,71.16610752688173,1.0235328576964988,0.9140376057066767,814.9,48231400,821.92,753.7458279569893,1.0087922980232622,0.2723354096329722,744.1,1005379968,751.94,689.1596344086021,1.0085350227263963,0.08870785738352338,3703.06,3709.41,3482.808709677419,1.0063735114582728
89.13,503329,88.45,72.7565376344086,1.0223481396242744,0.7452565219393896,822.08,41771800,821.92,760.356258064516,1.008770105070358,0.21600348981762518,749.54,854480000,751.94,694.9687311827958,1.008429246990327,0.013479097537566265,3756.07,3709.41,3506.869182795699,1.0069083533216812
89.06,940185,89.13,74.26206451612903,1.0206926680497839,0.9398379997637004,847.16,96570896,822.08,768.278623655914,1.010419281103261,0.3620141865198221,757.79,1587760000,751.94,701.0533118279569,1.0087551862006878,0.05006270757670239,3824.68,3756.07,3534.1472043010754,1.0077784542517865
94.26,860088,89.13,76.01230107526882,1.0235683800409245,0.9215144700731638,830.84,90562304,847.16,774.6537849462366,1.0082979808288637,0.2904895965573244,751.1,1361280000,757.79,706.32288172043,1.0075166464569334,0.07230485001562559,3768.25,3824.68,3556.099913978494,1.0062116002555588
97.95,970076,94.26,77.90559139784946,1.0249076833064936,1.0271246347421839,833.08,73608800,847.16,780.7325806451612,1.0078471128871416,0.2713720157466395,748.41,1025350016,757.79,711.0569892473118,1.0067024694362876,0.061241065022909824,3841.47,3824.68,3581.3345376344087,1.0070961514767123
90.64,914810,97.95,79.22204301075269,1.0168980376027228,0.7981553585177231,791.31,132161400,847.16,783.6362365591399,1.0037191427461363,0.2197872279258235,717.01,2413400064,757.79,713.358817204301,1.0032371919435399,0.04363047610937709,3714.24,3841.47,3596.570623655914,1.0042543040482248
97.04,1255464,97.95,80.86643010752687,1.020756686324676,0.8511041139330127,814.69,118962096,847.16,787.7026021505376,1.0051890984639156,0.21680665956210787,752.03,1336400000,757.79,717.631376344086,1.0059893549175287,0.08824429621529406,3886.83,3841.47,3621.6851397849455,1.006982906428653
98.1,643450,97.95,82.48305376344086,1.0199912825849293,0.8109209868072411,821.31,94745200,847.16,791.7878494623656,1.0051862813461256,0.13743558312684057,762.72,1117869952,757.79,722.2122365591397,1.0063833053654796,0.03418667624069416,3934.83,3886.83,3648.3872043010747,1.007372828803587
119.41,3024450,98.1,85.37787096774196,1.035095902397156,1.119498114008499,818.62,77910704,847.16,795.3618494623655,1.004513835369445,0.12868567367762673,768.39,935369984,762.72,726.8262580645162,1.006388733493854,0.0512397679011265,3906.71,3934.83,3671.7479784946236,1.0064030413674319
113.13,1472204,119.41,87.72681720430107,1.0275123543130587,1.001400540276597,823.84,125404896,847.16,798.9478064516129,1.004508585610023,0.20714411531634025,764.55,1815090048,768.39,730.845182795699,1.0055294159870956,0.09679329697531758,3811.15,3934.83,3687.4573978494623,1.0042784579570407
101.44,1232820,119.41,89.19352688172043,1.016719057229714,0.7319530369608298,852.89,116777104,847.16,804.0647741935484,1.006404633319743,0.21262333937097777,788.1,1736729984,768.39,736.0422365591398,1.0071110187024297,0.09520100824142697,3841.94,3934.83,3703.9919139784947,1.0044839883814456
104.93,2146810,119.41,90.78903225806452,1.017888129689724,0.7890586137480591,876.5,109765696,852.89,810.3681935483871,1.0078394422404102,0.12956146437281735,816.2,2026909952,788.1,742.7223870967742,1.0090757706634648,0.07812662479846555,3943.34,3934.83,3726.013182795699,1.0059452799381388
102.69,1158773,119.41,92.14055913978493,1.0148864554242492,0.7328980004016606,875.98,145282400,876.5,816.29888172043,1.0073185105477473,0.16321860611169892,813.8,1771970048,816.2,748.8997204301074,1.0083171497731203,0.11063403257638726,3913.1,3943.34,3744.856623655914,1.0050572662885955
92.15,1095493,119.41,92.71965591397851,1.0062849279361876,0.4680261951229908,899.02,96374600,876.5,823.3491827956988,1.0086369113484628,0.14480469100265125,831.5,1402450048,816.2,755.8550967741935,1.0092874601957276,0.11913710603751726,3974.54,3943.34,3766.5543870967736,1.0057940171337394
100.21,1120602,119.41,93.75638709677419,1.011181352784112,0.7001696583772571,891.88,74567296,899.02,829.5546021505377,1.007536801498689,0.1436415561409683,835.29,940310016,831.5,762.6949247311829,1.009049125931915,0.10068284922519855,4019.87,3974.54,3790.1733763440857,1.0062707150408408
106.96,1226324,119.41,95.14243010752688,1.0147834515991112,0.7838895109276152,900.27,86294304,899.02,835.9036774193547,1.0076535953779988,0.12373507603384182,849.97,1081799936,835.29,770.0958494623654,1.0097036501636496,0.06413770877714287,4128.8,4019.87,3819.5450322580646,1.007749422782952
104.79,911887,119.41,96.28804301075267,1.0120410305048029,0.8221007661163948,908.03,86320600,900.27,842.3442150537635,1.007704880129601,0.0956206307577312,854.96,1143410048,849.97,777.3969462365592,1.0094807636988188,0.02713209330255717,4185.47,4128.8,3850.8785591397855,1.0082034709938206
102.93,1141185,119.41,97.21294623655915,1.0096055875359642,0.719464735955051,924.94,97025400,908.03,849.4587956989247,1.0084461678705863,0.1079102166061392,858.65,1295539968,854.96,784.5249677419356,1.0091690886359712,0.060759822697173504,4180.17,4185.47,3880.007784946237,1.0075643065235893
97.76,880878,119.41,97.71055913978495,1.0051187925321685,0.5415007599323258,925.03,114301904,924.94,856.0811612903226,1.0077959821299503,0.12248819522577659,861.51,1342630016,858.65,791.3813548387096,1.0087395396943306,0.06492593010496472,4181.17,4185.47,3907.305376344086,1.0070354475843475
91.42,1235347,119.41,97.72825806451614,1.0001811362547406,0.4091196024570324,951.63,92597696,925.03,863.9547741935485,1.0091972738792176,0.11032828114461513,890.44,1158480000,861.51,799.661870967742,1.0104633702555703,0.08826652049537631,4232.6,4185.47,3936.1302150537635,1.0073771655740529
90.68,2257832,119.41,97.64989247311829,0.9991981276147773,0.37785097080522945,944.3,107664496,951.63,870.9248817204301,1.008067676382005,0.07722939648880822,884.78,1275490048,890.44,807.1290752688172,1.009337952167256,0.0850561735473705,4173.85,4232.6,3959.540064516129,1.0059474275959759
97.97,1552305,119.41,97.99518279569892,1.0035360031008298,0.49565483163182134,921.85,100614800,951.63,876.0417419354839,1.0058752026982463,0.015557223260070252,869.73,1203369984,890.44,813.2054623655915,1.007528395746059,0.06906127327033418,4155.86,4232.6,3980.3053118279568,1.0052443584288786
104.2,1077858,119.41,98.67640860215053,1.0069516254474655,0.5556486007789995,934.24,88117104,951.63,881.6092258064518,1.006355272362556,0.03169841188510558,886.44,1293880064,890.44,819.9642365591399,1.0083112749561314,0.0972038648898157,4204.11,4232.6,4002.6985806451607,1.0056260178712069
119.23,1218381,119.41,100.248,1.015926718656593,0.7500409576265101,948.1,66722300,951.63,887.5972903225806,1.006792198108693,-0.027492100712108725,888.37,889169984,890.44,826.3197204301075,1.0077509281351555,0.08752473774933045,4229.89,4232.6,4024.7461505376345,1.005508176408557
120.82,1124176,119.41,101.81920430107527,1.0156731735403726,0.6313158595426633,935.05,80703400,951.63,892.358494623656,1.0053641492070633,-0.050029079546046296,872.96,988590016,890.44,831.2483010752688,1.005964495973297,0.021997778955503255,4247.44,4232.6,4046.376623655914,1.0053743695401485
114.59,948325,120.82,102.89430107526881,1.010558880140278,0.5637226549617471,888.73,123359800,951.63,893.8371182795698,1.0016569838969678,-0.10220748249640543,840.16,1251779968,890.44,833.7391397849461,1.0029965038201645,-0.021815000315032806,4166.45,4247.44,4061.3576559139788,1.0037023326426122
124.0,1026047,120.82,104.50227956989247,1.0156274786632487,0.6207072411064835,925.02,105752400,951.63,897.4736344086022,1.0040684326648146,-0.10319241494292442,865.68,1100729984,890.44,837.6416559139786,1.0046807399854576,-0.020382864758289543,4280.7,4247.44,4082.4001720430106,1.0051811531787629
125.69,721979,124.0,106.13286021505374,1.0156033021659658,0.6079863217813618,935.6,89086000,951.63,901.5710107526883,1.0045654559498967,-0.06423643003131696,873.16,1142470016,890.44,841.7752903225804,1.0049348481888611,-0.01537827425664351,4352.34,4280.7,4106.683225806452,1.005948229654147
120.24,931035,125.69,107.32877419354838,1.0112680839475297,0.6055219181826998,945.55,82232400,951.63,906.0513548387098,1.0049694855231437,-0.11440027496121985,875.18,943246912,890.44,845.7785591397851,1.0047557452246794,-0.022727462522025066,4369.55,4352.34,4130.67182795699,1.0058413568399414
117.28,684649,125.69,108.25686021505375,1.0086471314750294,0.5065874824890162,938.74,78396896,951.63,909.802193548387,1.0041397639213783,-0.135575709488164,861.83,1184388992,890.44,848.6470537634408,1.0033915433214258,-0.015172579300230638,4327.16,4369.55,4150.40711827957,1.0047777434626999
127.18,803806,125.69,109.75847311827957,1.0138708336842843,0.5270689478150141,953.11,87838896,951.63,914.2153548387098,1.0048506821830256,-0.12219701073928935,875.77,1421620096,890.44,852.1712473118279,1.0041527199473075,-0.014441041536932708,4411.8,4369.55,4174.274559139784,1.0057506264277294
132.16,856775,127.18,111.49808602150542,1.0158494634063575,0.6270527019600192,968.21,99805800,953.11,919.3054838709676,1.0055677570993715,-0.09490702614850743,873.59,1215902720,890.44,855.2716344086022,1.003638220729172,-0.004673702135865376,4395.26,4411.8,4195.550731182796,1.0050969747537153
130.0,595673,132.16,113.0058064516129,1.0135223884454543,0.5470440468052311,972.86,111902000,968.21,924.3813548387096,1.0055214192200495,-0.1667335610773708,875.1,946720448,890.44,858.2026666666666,1.0034270191365473,-0.005166132148757052,4436.52,4411.8,4218.11423655914,1.0053779603256003
123.95,985518,132.16,114.03516129032258,1.0091088668010209,0.39226321535282105,983.05,106552304,972.86,929.844322580645,1.0059098636221286,-0.10804654954680126,887.01,817517888,890.44,861.6498064516129,1.004016696660167,-0.004748335096274037,4468.0,4436.52,4241.392924731183,1.0055187429421142
127.5,771196,132.16,115.22969892473118,1.0104751694204863,0.36563482567200445,967.76,88921600,983.05,933.993505376344,1.004462233833061,-0.1189348625166109,866.26,819059968,890.44,863.4659569892473,1.0021077594679833,0.0012248918817754362,4441.67,4468.0,4261.46806451613,1.0047331478458152
129.63,692931,132.16,116.49810752688171,1.011007653530181,0.5391214277370835,989.2,76554200,983.05,939.2362795698926,1.0056132876335537,-0.028067580066284625,885.51,758270016,890.44,866.2706021505378,1.0032481247680798,0.020927599582637235,4509.37,4468.0,4284.620193548388,1.0054328998086455
136.37,761440,132.16,118.11750537634408,1.013900636532561,0.481479757662015,980.92,84142200,989.2,943.5192903225804,1.0045600993550303,-0.08441910945775954,881.86,784230016,890.44,868.4773978494624,1.0025474669155876,0.0057681858603093605,4535.43,4509.37,4307.743655913979,1.005396852304531
141.22,821639,136.37,119.96522580645161,1.0156430702140242,0.5173716596561106,959.87,79799296,989.2,946.0867526881719,1.0027211551389836,-0.055841798666063536,859.64,778080000,890.44,868.9714408602152,1.0005688611033243,-0.0060345981907075075,4458.58,4535.43,4324.514215053764,1.0038931191081348
146.1,1262994,141.22,122.03505376344087,1.0172535661319777,0.30972537028499614,940.78,137596000,989.2,947.1246236559141,1.001097014586446,-0.08184104987220242,846.2,1102630016,890.44,868.3899569892474,0.9993308366148463,-0.03344813513295253,4432.99,4535.43,4338.507462365591,1.0032357963498226
160.91,1625408,146.1,125.00296774193548,1.0243201759409863,0.5891727647648539,940.55,105642896,989.2,947.8849462365591,1.0008027693100303,-0.09574049749899394,852.92,1065859968,890.44,868.074688172043,0.9996369501804265,-0.05348012495849375,4455.48,4535.43,4352.819892473119,1.0032989294663386
145.76,1510305,160.91,126.89070967741937,1.0151015769432057,0.629082906259315,915.59,103011400,989.2,946.7839569892473,0.9988384779696279,-0.15292669162677686,838.5,969219968,890.44,866.6390537634408,0.9983461856126397,-0.0701242178913708,4357.05,4535.43,4359.396344086021,1.0015108485476907
145.74,1404654,160.91,128.6818494623656,1.014115610114402,0.5221908712205506,924.66,100634400,989.2,946.1332903225806,0.9993127612040071,-0.09638166298037154,853.35,868089984,890.44,866.0530967741937,0.9993238742395666,-0.06809854227872414,4391.36,4535.43,4367.078580645161,1.0017622248478422
154.92,1267330,160.91,130.97748387096772,1.0178396131093337,0.6564021111678274,947.12,80424600,989.2,946.8280860215054,1.0007343528718748,-0.12285100428538209,869.92,865350016,890.44,866.4562795698926,1.0004655405046188,-0.07370650671661472,4471.37,4535.43,4378.959268817204,1.0027205116538773
153.02,1074959,160.91,133.03821505376342,1.0157334766395867,0.8761044430453272,962.37,76602800,989.2,948.35376344086,1.0016113563189335,-0.12191441950205628,885.75,821459968,890.44,867.760064516129,1.0015047325260122,-0.07825986335678414,4544.9,4535.43,4394.383247311828,1.0035222932089045
167.28,1068464,160.91,135.88804301075268,1.0214211229144767,0.8993514952059658,960.04,90810704,989.2,949.5928817204301,1.001306599211537,-0.1146094466254175,883.3,904259968,890.44,868.78911827957,1.0011858736135948,-0.08817692003323652,4605.38,4544.9,4412.482580645161,1.0041187425662985
159.47,1280654,167.28,138.0897634408602,1.0162024588869332,0.7189038758319262,998.51,90543696,989.2,953.1673548387095,1.0037642164206235,-0.08554744341481446,899.52,923329984,890.44,870.761376344086,1.0022701228906061,-0.07945086998716633,4697.53,4605.38,4435.267913978494,1.0051638353051586
164.22,2155722,167.28,140.48501075268817,1.017345581976131,0.7415298106602322,1010.6,78162704,998.51,957.3105591397849,1.004346775285623,-0.0507323432952167,903.16,813750016,899.52,872.8619139784947,1.0024122999612453,-0.06245801524311623,4682.85,4697.53,4455.883075268817,1.004648008122655
176.4,5059129,167.28,143.53825806451616,1.021733616244675,0.8514934551864111,1016.26,79356600,1010.6,961.5983440860216,1.0044789905483646,-0.04109127492876041,892.29,882990016,903.16,874.157505376344,1.0014843028170906,-0.0846903889692141,4697.96,4697.53,4476.403440860216,1.0046052298152282
163.12,2339746,176.4,145.5767311827957,1.0142016013414576,0.8157775791861273,979.27,55049500,1016.26,963.3032903225804,1.0017730336652975,-0.05856619073107616,870.76,796360000,903.16,873.9917204301073,0.999810348884249,-0.08814684340462242,4594.62,4697.96,4489.143182795699,1.0028459771563922
151.93,7262382,176.4,146.75270967741935,1.0080780663576447,0.7444106560951024,966.81,112421600,1016.26,964.0877204301077,1.0008143127044282,-0.11189126313291098,862.21,1411949952,903.16,873.2544301075269,0.9991564104037306,-0.10395925136247985,4538.43,4697.96,4497.368623655913,1.0018322963927142
146.65,2401344,176.4,147.45791397849462,1.0048053920273459,0.6840125475508575,997.58,86735200,1016.26,966.8246666666668,1.002838897517892,-0.11390692332130459,888.5,1054320000,903.16,874.2739784946236,1.0011675273001148,-0.12473407500795375,4712.02,4697.96,4516.135720430108,1.0041729060578848
130.52,2541879,176.4,147.0021075268817,0.9969089047897464,0.3562536532766385,965.41,119467400,1016.26,967.3715483870967,1.0005656472567208,-0.13118627655948223,863.98,1189520000,903.16,873.7035913978494,0.9993475877004182,-0.1184485082891037,4620.64,4712.02,4527.849978494624,1.002593867587177
143.66,1100444,176.4,147.32404301075266,1.0021900059073106,0.40405749899901966,980.63,65007800,1016.26,968.8066881720431,1.001483545580123,-0.11043059747367501,879.3,737260032,903.16,874.1339569892472,1.0004925761959031,-0.13214040679345718,4725.78,4712.02,4545.347935483872,1.0038645178334873
152.25,1419558,176.4,148.115311827957,1.0053709415044128,0.19719352290850067,1004.83,51416000,1016.26,971.7033548387096,1.0029899325655276,-0.10757413051788589,894.96,600590016,903.16,875.5899999999999,1.0016656978019338,-0.11936772263612427,4766.18,4725.78,4564.33047311828,1.0041762562302916
128.63,1326606,176.4,147.3116989247312,0.9945744103475322,0.005524147419376568,983.51,92978304,1016.26,973.1025376344087,1.001439927925258,-0.0366404506304594,900.75,952899968,903.16,877.4054193548387,1.0020733669352537,-0.0693043489646179,4677.02,4766.18,4576.407440860215,1.002645945076296
110.41,3078877,176.4,145.31580645161293,0.9864512290083759,-0.15508233700247176,976.39,100612304,1016.26,973.9381505376344,1.0008587100237731,0.0027710139791139454,895.18,981230016,903.16,878.8017204301075,1.0015913978241615,-0.053654669208672345,4662.85,4766.18,4586.646387096775,1.0022373327482037
94.46,2658720,176.4,142.29987096774195,0.9792456474108671,-0.31775253596888775,943.22,91875000,1016.26,972.4452473118279,0.9984671478112009,-0.03127037198675864,855.63,938249984,903.16,877.5280860215054,0.998550714707319,-0.03899507861310769,4397.93,4766.18,4578.7261935483875,0.9982732059810261
95.53,3357719,176.4,139.41649462365592,0.9797373228487349,-0.38362144379456153,915.18,123812304,1016.26,969.1041720430109,0.9965642535885153,-0.0705171151729509,843.04,1351239936,903.16,875.463806451613,0.9976476199419995,-0.05276372984863287,4431.85,4766.18,4572.742279569893,0.9986931050852252
99.1,2365117,176.4,136.8283010752688,0.9814355284475216,-0.3728581086080648,898.2,137519104,1016.26,964.7115268817203,0.9954673137439598,-0.06951241162820243,846.52,1132739968,903.16,873.688817204301,0.9979725155577748,-0.06272546442159255,4500.54,4766.18,4571.018989247312,0.9996231385419903
92.58,1368376,176.4,133.8649247311828,0.9783423727343085,-0.39482729838275665,876.56,112222096,1016.26,959.0245806451611,0.9941050292464719,-0.05108096465200451,840.15,1147890048,903.16,871.564494623656,0.9975685592641066,-0.0462966600437652,4418.64,4766.18,4563.730129032258,0.9984054189597114
87.84,3613434,176.4,130.64886021505376,0.9759753010537502,-0.39379158967242445,871.71,127197000,1016.26,953.1584516129033,0.993883233912199,-0.05155963900963423,830.34,1050950016,903.16,868.8538924731183,0.9968899580383801,-0.03761033135031744,4348.87,4766.18,4551.743247311828,0.9973734464173997
92.33,1821102,176.4,127.8070752688172,0.9782486816834157,-0.43100113737427026,876.43,104829904,1016.26,947.7718924731186,0.9943487264571071,-0.08431217196212193,836.86,1023160000,903.16,866.661634408602,0.997476839220601,-0.03962410553368434,4384.62,4766.18,4542.198150537634,0.9979029799671081
81.15,1738555,176.4,124.32965591397848,0.9727916522029423,-0.450506349591523,847.55,134373104,1016.26,940.7194838709678,0.9925589599584472,-0.12839491463877817,846.81,1450409984,903.16,865.1903010752688,0.9983022978346824,-0.008063220345461808,4328.87,4766.18,4529.079161290323,0.997111753205712
75.35,2271314,176.4,120.58309677419355,0.9698659252915723,-0.489653930057965,821.15,163342400,1016.26,932.2333333333332,0.9909790849630169,-0.14623767302504376,826.0,1628889984,903.16,862.4372258064517,0.9968179540785471,-0.0097641797102207,4204.31,4766.18,4508.155548387097,0.9953801618037373
87.9,2265923,176.4,117.7507311827957,0.9765110893054787,-0.40369758197133687,870.78,133255600,1016.26,927.2972903225808,0.9947051421202642,-0.10269649478483522,867.47,1451469952,903.16,862.4908387096775,1.000062164412228,-0.003425701180106655,4463.09,4766.18,4504.4944946236565,0.9991879042938635
78.38,1711468,176.4,114.38933333333335,0.9714532740841827,-0.5431867577784427,864.36,95776896,1016.26,922.1556129032258,0.9944552006427557,-0.13570174517860856,877.48,1014899968,903.16,863.1876559139785,1.000807912586461,-0.01653489551917897,4543.04,4766.18,4505.945440860215,1.0003221107803084
86.54,1679940,176.4,111.66460215053762,0.9761801987703189,-0.4690597510669815,858.75,125536896,1016.26,916.9204731182796,0.9943229323644581,-0.13828008061308783,864.37,1116509952,903.16,863.0559354838708,0.9998474023241584,-0.022132751776696713,4545.86,4766.18,4507.505913978494,1.0003463142505298
72.88,2497432,176.4,108.16574193548388,0.968666344144254,-0.5338178314976364,834.35,129483800,1016.26,910.373870967742,0.9928602290575171,-0.1934984615798977,841.81,1072310016,903.16,861.5063440860214,0.9982045295859292,-0.02740255421109039,4488.28,4766.18,4505.329118279569,0.99951707313524
73.0,1748587,176.4,104.82159139784946,0.969083089730674,-0.5802904514131165,818.44,78841200,1016.26,903.070752688172,0.9919778911582703,-0.1755516534986694,845.44,245080000,903.16,860.2292903225806,0.998517650192355,0.008215354907149752,4392.59,4766.18,4496.914903225807,0.9981323861514084
70.08,1441556,176.4,101.44625806451612,0.9677992550168191,-0.7319810864918634,821.98,95899904,1016.26,896.2591182795699,0.992457252780775,-0.2007339869508089,832.24,1106860032,903.16,858.1022580645161,0.9975273659220941,0.016984006384145545,4271.78,4766.18,4480.793376344086,0.9964149806637086
66.5,2352404,176.4,98.03529032258065,0.9663766036617515,-0.7799114872767414,798.85,126445904,1016.26,888.2102150537634,0.9910194462051812,-0.16447888959088308,804.56,1197970048,903.16,854.2338924731183,0.9954919526722572,0.011190944029415006,4131.93,4766.18,4456.044322580645,0.9944766357908621
64.19,2413901,176.4,94.64574193548385,0.9654252221221191,-0.7321491351429639,803.4,137473296,1016.26,880.7059139784947,0.9915512105714587,-0.1366629752424744,807.37,1129420032,903.16,850.6198064516128,0.9957692078793055,0.007151723810212118,4123.34,4766.18,4431.225204301075,0.9944302353201917
43.88,11568377,176.4,90.12124731182797,0.9521954761922619,-0.9108125975213406,790.96,126907504,1016.26,872.6598064516128,0.9908640246429884,-0.0986740442059203,786.26,1174339968,903.16,845.7426666666664,0.9942663693603708,0.00390694753320342,4023.89,4766.18,4400.566344086023,0.9930811775972718
40.68,4387589,176.4,85.62909677419354,0.9501543679029301,-1.0600378274261235,778.31,96461504,1016.26,864.1333978494624,0.9902294014928679,-0.08002655186187424,757.2,1035470016,903.16,839.1706021505374,0.9922292385436441,-0.003535169986758735,3901.36,4766.18,4362.964645161291,0.9914552591678875
43.33,2926748,176.4,81.5495053763441,0.9523574164444658,-1.1234890534444881,815.57,106941696,1016.26,858.4066881720429,0.993372886996763,-0.08814017495615079,805.12,924510016,903.16,835.9666021505375,0.9961819444201345,0.008581793471081678,4158.24,4766.18,4343.319806451613,0.9954973646803522
40.63,2090683,176.4,77.56227956989247,0.9511066831362015,-1.13700821555274,819.12,95744704,1016.26,853.2196989247312,0.9939574221417622,-0.08903829143184738,805.43,854280000,903.16,832.9507311827957,0.9963923547184979,0.020782682765048577,4108.54,4766.18,4321.430107526882,0.9949601457179793
38.09,2536957,176.4,73.66675268817204,0.9497754977893589,-1.071292478753113,781.79,86870096,1016.26,846.0101075268817,0.9915501348516268,-0.08016578166631971,765.48,838060032,903.16,827.5597849462366,0.9935278930256728,0.014547652500446207,3900.86,4766.18,4287.408344086021,0.9921271980352978
34.29,4054434,176.4,69.797311827957,0.9474737148168564,-1.0978258907371614,713.06,127400400,1016.26,834.8583870967741,0.9868184548495441,-0.10643603250506173,720.96,1388889984,903.16,819.5926666666666,0.9903727580478217,0.02576806626392747,3674.84,4766.18,4240.486344086022,0.9890558593363931
36.4,1647178,176.4,66.3696129032258,0.9508906742256762,-1.0210361216250134,751.79,94189104,1016.26,826.8574193548386,0.9904163773574116,-0.11032873383732511,751.42,904329984,903.16,813.9591612903226,0.9931264570737856,0.011573312110565892,3911.74,4766.18,4211.0484731182805,0.993057902188791
