12.55,5612742,12.24,10.836516129032256,1.0153092887366508,0.5058192973473825,1881.6,68622000,2379.7,2062.004946236559,0.9915390073899639,-0.18767903965651644,1456.33,2030189952,1673.27,1531.7578924731185,0.9976123857275043,-0.04231413323382893,4500.54,4766.18,4571.018989247312,0.9996231385419903
12.27,7947091,12.55,10.972537634408603,1.0125521434893572,0.4717853726149761,1833.4,101140000,2379.7,2042.1182795698924,0.9903556649061571,-0.17266994503380095,1423.52,1828649984,1673.27,1526.0142365591396,0.9962502847596199,-0.02960383447674908,4418.64,4766.18,4563.730129032258,0.9984054189597114
12.04,6918004,12.55,11.084838709677419,1.0102347404958223,0.4448349744968254,1819.8,75490000,2379.7,2022.2660215053763,0.9902785953864057,-0.1962929297774214,1417.74,1549820032,1673.27,1519.9238064516128,0.9960089296930417,-0.025610830096857495,4348.87,4766.18,4551.743247311828,0.9973734464173997
11.34,10533915,12.55,11.143655913978495,1.005306094733677,0.3300979049091892,1852.3,60502000,2379.7,2005.6804301075267,0.991798511560065,-0.2111432616038451,1387.08,1654019968,1673.27,1511.981935483871,0.9947748229654467,-0.033465525154825704,4384.62,4766.18,4542.198150537634,0.9979029799671081
11.36,14063747,12.55,11.197290322580647,1.0048129993438575,0.3149836789329076,1827.5,73466000,2379.7,1988.6290322580646,0.9914984473131904,-0.20685065330595553,1350.6,2032390016,1673.27,1501.7975483870966,0.9932642137728219,-0.040475218660355305,4328.87,4766.18,4529.079161290323,0.997111753205712
12.15,8549354,12.55,11.296344086021506,1.0088462262375304,0.35366742801657636,1781.2,77335000,2379.7,1969.6180645161292,0.9904401638347053,-0.1961153377344872,1315.58,1975840000,1673.27,1489.5548602150538,0.9918479769891813,-0.030357499263042986,4204.31,4766.18,4508.155548387097,0.9953801618037373
12.49,13777976,12.55,11.410666666666668,1.0101203167834298,0.4381681729011606,1958.9,76904000,2379.7,1963.1180645161292,0.996699867798178,-0.12496027650941866,1437.52,1846499968,1673.27,1485.4569462365591,0.9972489002668199,0.01300605773964536,4463.09,4766.18,4504.4944946236565,0.9991879042938635
13.11,6921999,12.55,11.557010752688173,1.012825200340749,0.44931276034904677,1936.6,59593000,2379.7,1955.7673118279572,0.9962555727946073,-0.15802144016373032,1452.85,1489810048,1673.27,1482.2939139784942,0.9978706671599749,-0.005003382828258962,4543.04,4766.18,4505.945440860215,1.0003221107803084
11.95,8430853,13.11,11.619655913978495,1.0054205332703139,0.3667490902668291,1955.7,57568000,2379.7,1950.3752688172044,0.9972430038184281,-0.16857384008133924,1465.81,1485650048,1673.27,1479.9593333333332,0.9984250217698764,-0.0029132899299649795,4545.86,4766.18,4507.505913978494,1.0003463142505298
11.59,5675304,13.11,11.652258064516127,1.0028057759006799,0.18960254020982759,1958.2,60000000,2379.7,1945.915053763441,0.9977131503228769,-0.19488817235011413,1417.79,1734560000,1673.27,1474.5286236559139,0.9963305007407279,-0.036807839350895044,4488.28,4766.18,4505.329118279569,0.99951707313524
12.05,2947179,13.11,11.709935483870968,1.0049498920325566,0.1696345572110174,1907.7,46743000,2379.7,1938.838064516129,0.9963631561235805,-0.19922369265285533,1406.28,1057670016,1673.27,1468.4501075268818,0.9958776547084172,-0.03403166532322055,4392.59,4766.18,4496.914903225807,0.9981323861514084
11.35,5572561,13.11,11.71769892473118,1.0006629789609776,0.15590533588386402,1862.9,56179000,2379.7,1929.6159139784947,0.9952434652968629,-0.2506326474833561,1381.16,1287859968,1673.27,1460.8873118279569,0.994849810926391,-0.02193926441332328,4271.78,4766.18,4480.793376344086,0.9964149806637086
11.33,5627397,13.11,11.720602150537632,1.0002477641578864,0.12819476331281665,1800.9,63566000,2379.7,1917.249247311828,0.9935911252715733,-0.21170832676793017,1272.15,1632809984,1673.27,1446.4918924731182,0.9901461124083375,-0.06397945438774721,4131.93,4766.18,4456.044322580645,0.9944766357908621
11.69,6458230,13.11,11.744129032258064,1.0020073099844409,0.20230322109595023,1714.4,164398000,2379.7,1900.1219354838709,0.9910667265343975,-0.2255410788670965,1229.22,1777069952,1673.27,1429.6845591397846,0.9883806238937174,-0.0920287951559492,4123.34,4766.18,4431.225204301075,0.9944302353201917
11.49,8091259,13.11,11.750645161290324,1.0005548414032546,0.25105587371943183,1737.4,104435000,2379.7,1885.518494623656,0.9923144717254705,-0.15437755155588373,1187.3,2108349952,1673.27,1410.6504516129032,0.9866864984970294,-0.10990153136100589,4023.89,4766.18,4400.566344086023,0.9930811775972718
12.54,6201085,13.11,11.82111827956989,1.0059973828936408,0.34733875840052486,1754.7,88788000,2379.7,1873.0886021505376,0.9934077058864388,-0.12239114420769648,1098.91,2051049984,1673.27,1386.5924086021507,0.982945425648682,-0.13782137936175454,3901.36,4766.18,4362.964645161291,0.9914552591678875
13.32,4852865,13.11,11.935913978494625,1.0097110693091647,0.4441095743849094,1824.2,76757000,2379.7,1866.2929032258066,0.9963719287400881,-0.13411532357039946,1200.5,1755660032,1673.27,1370.0049462365591,0.9880372470938927,-0.14583986229502677,4158.24,4766.18,4343.319806451613,0.9954973646803522
13.15,4518647,13.32,12.032043010752687,1.0080537638283302,0.28725223007850276,1806.2,61095000,2379.7,1859.295053763441,0.9962504012900278,-0.061040927433135383,1200.56,1249660032,1673.27,1354.2497849462366,0.9884999237896166,-0.15351238839286552,4108.54,4766.18,4321.430107526882,0.9949601457179793
12.0,4233645,13.32,12.04974193548387,1.0014709825019215,0.1821437589062087,1723.4,58347000,2379.7,1847.649677419355,0.9937366711536642,-0.03894791772730233,1127.72,1849910016,1673.27,1334.7938279569892,0.9856334058860347,-0.13335352323676564,3900.86,4766.18,4287.408344086021,0.9921271980352978
11.4,7056469,13.32,12.025612903225806,0.9979975477991765,0.0942154607786021,1631.0,94347000,2379.7,1830.885376344086,0.9909266884950376,-0.01483782919315535,1065.21,2729169920,1673.27,1312.346043010753,0.983182582601094,-0.14561659214938882,3674.84,4766.18,4240.486344086022,0.9890558593363931
11.35,6700127,13.32,11.996086021505377,0.9975446672067327,0.061457590058794365,1753.9,85659000,2379.7,1822.9643010752686,0.9956736367163334,-0.004141868255314707,1153.04,1700300032,1673.27,1296.8723655913977,0.9882091484164833,-0.13647447135469581,3911.74,4766.18,4211.0484731182805,0.993057902188791
