8.635,6918,32.75,10.62616129032258,0.9861000655581975,-0.34199775108523134,76.35,12730377,145.74,61.2076559139785,1.0253022512544496,0.9019773776994591,299.21,445836928,325.79,281.32494623655924,1.0054740091977252,0.0382249437895501,2096.07,2126.64,2032.944494623656,1.0025294769816673
9.0,5971,32.75,10.506360215053764,0.9887258369230739,-0.38413537622683447,76.31,18605260,145.74,62.633763440860214,1.0232994958814625,0.9322086160737713,296.73,445836928,325.79,282.6520215053763,1.0047172328176726,0.04818132029661537,2071.22,2126.64,2036.3135268817207,1.0016572180238932
8.97,5990,32.75,10.39106989247312,0.9890266162380903,-0.4194174234779685,79.56,12608211,145.74,64.18806451612903,1.0248157062562018,1.0501964428620938,289.15,445836928,325.79,283.46576344086026,1.0028789531776565,0.03682927975819661,2037.41,2126.64,2037.5398709677422,1.0006022373616992
9.25,6777,32.75,10.298747311827956,0.9911151997243288,-0.37440749518589844,86.18,14342895,145.74,66.07995698924732,1.0294742096896052,0.8595008500982999,290.79,445836928,325.79,284.37817204301075,1.0032187612044403,0.007645882128322956,2102.95,2126.64,2043.1079354838712,1.0027327389247527
11.2475,15434,32.75,10.338521505376345,1.0038620418915132,-0.08762075146265924,89.19,13193135,145.74,68.07513978494624,1.0301934638974355,1.0144678479091063,294.27,445836928,325.79,285.5070537634409,1.003969649682745,0.01065820510041493,2129.9,2126.64,2050.390494623656,1.003564451497302
10.725,10995,32.75,10.34124193548387,1.000263135314475,-0.230348103324875,89.2,12120996,145.74,69.9681935483871,1.0278082978517729,1.1829614668414399,305.77,445836928,325.79,287.3369892473118,1.0064094230238776,0.0678849689694192,2161.74,2129.9,2059.4744946236556,1.004430375591293
9.3775,10024,32.75,10.258155913978493,0.99196556641613,-0.2604048147848882,88.84,11253802,145.74,71.72916129032258,1.0251681178636927,1.0789443329783748,304.93,445836928,325.79,289.02907526881717,1.0058888555418424,0.04039484712429564,2175.03,2161.74,2069.0800215053764,1.0046640669291105
9.4375,10860,32.75,10.181360215053765,0.9925136935362738,-0.2590286953535751,94.71,12155522,145.74,73.76470967741936,1.0283782544014133,1.3025300334853775,305.29,445836928,325.79,290.68709677419355,1.005736521503362,0.05222661038604448,2173.6,2175.03,2078.3480430107525,1.0044792958266704
10.245,12911,32.75,10.15786559139785,0.9976923885257319,-0.1443374469164116,95.22,11128053,145.74,75.71363440860216,1.026420828329775,1.2828988902400171,305.55,445836928,325.79,292.2938279569893,1.0055273563932692,0.07568368139370851,2182.87,2175.03,2087.9352903225804,1.004612917140644
10.0025,6510,32.75,10.118021505376344,0.9960775139557617,-0.07330479239924936,96.47,7228657,145.74,77.62318279569892,1.0252206673475948,1.4545270099093668,302.87,445836928,325.79,293.61298924731176,1.0045131342647324,0.0944675308527212,2184.05,2182.87,2097.0377204301076,1.0043595364998696
9.0825,11574,32.75,10.017741935483873,0.9900890139599736,-0.4191674449171595,94.73,8954537,145.74,79.2923440860215,1.0215033863622385,1.6050816055844643,306.72,445836928,325.79,295.04778494623656,1.004886690137936,0.11749565795391814,2183.87,2184.05,2105.475376344086,1.0040236071253157
9.1,7690,32.75,9.921586021505377,0.9904014383083775,-0.3568013281174761,85.77,9625297,145.74,80.2543440860215,1.012132318839715,0.967834759319077,305.0,445836928,325.79,296.23436559139793,1.0040216558323851,0.1290611941410178,2169.04,2184.05,2112.360623655914,1.0032701628283982
9.5075,5228,32.75,9.855268817204303,0.9933158666207874,-0.2870157582853088,87.24,12251641,145.74,81.21518279569892,1.0119724199433682,0.5425984527402443,307.89,445836928,325.79,297.4774838709678,1.0041964013091058,0.04203585056704329,2179.98,2184.05,2119.459634408602,1.0033607001916187
9.5525,6564,32.75,9.797940860215054,0.9941830143801687,-0.22404148989514838,84.71,8707407,145.74,81.93462365591398,1.0088584527603028,0.39872738798570007,296.85,445836928,325.79,297.89726881720424,1.0014111486381219,0.04034700431340221,2127.81,2184.05,2122.5478279569893,1.0014570664608335
8.825,8599,32.75,9.698994623655912,0.9899013233524487,-0.3217536365043272,82.79,14831972,145.74,82.4637634408602,1.0064580730506356,0.4552429606058639,293.91,445836928,325.79,298.02935483870965,1.000443394536747,0.031575059353786905,2139.16,2184.05,2125.802623655914,1.001533438095507
9.0875,4243,32.75,9.625897849462367,0.9924634689439603,-0.28128677937093816,86.31,10881796,145.74,83.15492473118282,1.008381393978196,0.4645287092266619,297.33,445836928,325.79,298.3010752688172,1.0009117237134397,0.01465753744143683,2164.69,2184.05,2130.228430107527,1.0020819460858514
9.125,2976,32.75,9.56594623655914,0.9937718419787122,-0.21744379121781776,84.99,9452324,145.74,83.69086021505375,1.0064450239790783,0.44333147503518533,299.87,445836928,325.79,298.6651827956989,1.0012206041381297,0.015734872725126747,2168.27,2184.05,2134.419311827957,1.0019673391178139
8.1225,8093,32.75,9.451801075268818,0.9880675514509917,-0.3032911934861795,73.3,13464881,145.74,83.40991397849463,0.9966430475701027,0.2818308267708465,294.22,445836928,325.79,298.6062150537635,0.9998025623831227,-0.008532119742488131,2153.74,2184.05,2137.3108817204293,1.0013547337566
8.125,3156,32.75,9.348306451612903,0.9890502748807616,-0.28679801937058513,73.72,9444988,145.74,83.12120430107525,0.9965386647264279,0.24684267916543345,290.71,445836928,325.79,298.2869462365592,0.9989308031745192,-0.02140722725184019,2132.98,2184.05,2138.5801935483873,1.000593882639542
7.25,6690,32.75,9.197231182795699,0.983839290078992,-0.1756857570959408,77.92,9778577,145.74,83.07277419354838,0.9994173555600633,0.40700820652918157,295.3,445836928,325.79,298.25197849462364,0.9998827714642672,0.001044105766318859,2141.16,2184.05,2140.1978924731184,1.0007564359426928
5.75,11251,32.75,8.95852688172043,0.9740460692646514,-0.23236386488965388,75.74,10096151,145.74,82.83434408602149,0.9971298646296393,0.37319423116402406,293.05,445836928,325.79,298.0400430107527,0.9992894079531655,0.006938264425328633,2126.41,2184.05,2140.637698924731,1.0002054980304202
6.2625,6372,32.75,8.760736559139785,0.9779215572836835,-0.18104284015964212,82.05,13106059,145.74,82.96354838709678,1.0015597914427996,0.39269216462368095,291.16,445836928,325.79,297.6861505376344,0.9988126009191807,0.019502370285710224,2085.18,2184.05,2138.3021720430106,0.998908957418206
5.1275,11838,32.75,8.49563440860215,0.9697397417730748,-0.31914453441643087,69.02,17249416,138.75,82.20890322580645,0.9909038948313872,0.17937251321481062,301.58,445836928,325.79,297.98167741935487,1.0009927464921924,0.001995252017266358,2164.45,2184.05,2141.000021505376,1.0012616783061057
6.215,8649,32.75,8.311521505376344,0.9783285279979345,-0.21394345231993117,71.5,15008790,138.75,81.60081720430107,0.9926031610002735,0.13919350565738753,302.39,445836928,325.79,298.30318279569894,1.0010789434408467,-0.0237301675901751,2181.9,2184.05,2144.6436344086023,1.0017018275883363
5.88,3197,32.75,8.115279569892474,0.9763891682940445,-0.3262964896965104,70.12,7992700,138.75,80.89275268817202,0.9913228256727346,-0.009985516667396221,310.51,445836928,325.79,299.1361505376344,1.0027923528476261,-0.02131578444538129,2213.35,2184.05,2150.122043010753,1.0025544610369084
6.225,5790,32.75,7.9525752688172044,0.9799508692616211,-0.2768025983399496,73.61,16500259,138.39,80.41881720430109,0.9941411873360538,0.10679248175074718,312.64,445836928,325.79,300.0745161290323,1.003136918054576,0.013764401311713526,2191.95,2213.35,2153.9014193548387,1.0017577496851267
6.7925,8980,32.75,7.835946236559139,0.9853344321410727,-0.18455323054331874,71.44,43598324,130.56,79.80191397849462,0.992328869694275,0.033743471885039567,322.05,445836928,325.79,301.57058064516133,1.0049856433509525,0.01403842487761997,2259.53,2213.35,2161.7508817204302,1.003644299732131
5.9275,10113,32.75,7.670408602150539,0.9788745826718064,-0.25630172615905833,68.27,62926824,130.56,78.98101075268816,0.9897132388826203,-0.016788871128224803,317.14,445836928,325.79,302.6767311827957,1.0036679656724736,-0.006515330105292705,2258.07,2259.53,2169.048258064516,1.0033756786712993
6.8225,8983,32.75,7.570483870967743,0.9869726977576161,-0.10584903258655831,69.85,30542312,130.56,78.26705376344086,0.9909603969049864,0.07336608407728673,316.19,445836928,325.79,303.6631397849463,1.0032589508889431,-0.008750669598021288,2263.79,2259.53,2176.272193548387,1.0033304632375109
6.575,4364,32.75,7.458844086021505,0.9852532827691016,-0.2255379514906385,72.88,37781368,130.56,77.74335483870969,0.9933088202564259,0.004827074355455041,312.16,445836928,325.79,304.3452258064516,1.002246193008438,-0.020999397959126753,2238.83,2263.79,2181.531548387097,1.0024166806221673
6.75,7419,32.75,7.364768817204303,0.9873874198559122,-0.14077562187864967,75.7,36582208,130.56,77.40574193548387,0.9956573406958543,0.002027363251272507,317.88,445836928,325.79,305.36709677419356,1.0033576047234984,-0.023911493301549847,2276.98,2263.79,2188.9517634408603,1.0034013787512033
6.9975,6822,32.75,7.29071505376344,0.9899448624554418,-0.19248499249624818,74.5,42491576,130.56,76.99210752688172,0.9946562826185826,0.016648766045568086,319.43,445836928,325.79,306.44881720430106,1.0035423607897984,-0.021712125257917103,2274.64,2276.98,2195.831956989247,1.0031431453462325
6.2175,5986,32.75,7.170645161290324,0.9835311225870585,-0.29192833855983713,75.73,28779930,130.56,76.66172043010752,0.9957088186388605,-0.016546431681778606,321.0,445836928,325.79,307.5830107526882,1.003701086395876,-0.0046521761005098305,2271.31,2276.98,2202.059849462366,1.002836233644062
5.8175,19140,32.75,7.03068817204301,0.9804819530043334,-0.2874253750849496,74.95,39023888,130.56,76.28924731182796,0.9951413415171246,-0.047112450705954156,332.05,445836928,325.79,309.3616129032258,1.0057825110242116,0.05071265556933824,2294.69,2276.98,2209.2931182795696,1.0032847739442547
6.05,4213,32.75,6.913112903225807,0.9832768477366509,-0.42271322616799034,78.98,32508442,130.56,76.2009247311828,0.998842266980507,-0.029713541439443936,327.2,445836928,332.05,310.7385806451613,1.004450997423414,0.03325245382415831,2297.42,2294.69,2216.2901720430104,1.0031671006918672
6.7125,7095,32.75,6.849456989247312,0.9907920042866952,-0.3564807553923648,80.87,31612474,130.56,76.25649462365591,1.0007292548308193,-0.013972904144802456,327.36,445836928,332.05,312.0550537634408,1.004236593716642,-0.0007968145128538495,2316.1,2297.42,2224.132129032258,1.0035383259323027
6.355,6565,32.75,6.771365591397849,0.9885988921498369,-0.3387210764346388,79.41,29567768,130.56,76.23578494623658,0.9997284208050535,-0.017352047386521408,328.18,445836928,332.05,313.378,1.004239464224675,-0.004731185894308432,2351.16,2316.1,2233.9040645161294,1.0043935948572098
6.2075,4389,32.75,6.6902580645161285,0.9880219837805305,-0.20030082295665708,77.45,31736542,127.52,76.10890322580644,0.9983356671605125,-0.11343879307940863,329.22,445836928,332.05,314.7180430107527,1.0042761234379973,-0.010748748304540978,2367.34,2351.16,2244.3410967741934,1.0046721040638442
5.82,3573,32.75,6.59109677419355,0.9851782562994824,-0.24729539682110258,73.33,45320160,127.52,75.75333333333334,0.9953281432604781,-0.17177311903119186,330.17,445836928,332.05,316.0679139784946,1.0042891438788457,-0.011161014636227762,2383.12,2367.34,2255.3795483870967,1.004918348475982
5.8125,3547,32.75,6.500967741935485,0.9863256396703275,-0.29510106396230507,70.83,34594364,127.52,75.28354838709677,0.993798491425197,-0.176364119009501,326.37,445836928,332.05,317.1196774193549,1.0033276501484167,-0.008739395489747892,2372.6,2383.12,2265.3086451612903,1.0044024061410393
6.1325,3738,32.75,6.440494623655914,0.990697828280322,-0.14577070644806533,71.06,43695788,127.52,74.88374193548388,0.9946893250892327,-0.19469969420459798,329.38,445836928,332.05,318.31509677419353,1.0037696158263236,-0.015128673624547506,2378.25,2383.12,2275.196774193548,1.004365025072137
6.125,1706,32.75,6.385881720430107,0.9915203867999185,-0.1925409071426769,72.69,31316272,127.52,74.64,0.9967450620230239,-0.10875457338604833,324.4,445836928,332.05,319.1404946236559,1.0025930213735603,-0.01704663481857671,2343.98,2383.12,2282.4559139784947,1.0031905547103808
5.6,4310,32.75,6.3037956989247315,0.9871457028020483,-0.30014346344218723,72.38,29934172,127.52,74.4043870967742,0.9968433426684646,-0.12003338692069154,328.73,445836928,332.05,320.2035268817204,1.0033309225120994,-0.01613994570704458,2362.72,2383.12,2290.547870967742,1.0035452851201592
5.2375,6593,32.75,6.206725806451613,0.9846013581167175,-0.41676654374068,75.17,25198988,127.52,74.3807311827957,0.9996820629145465,-0.10685583667892873,329.74,445836928,332.05,321.28690322580644,1.0033833991606416,0.003771165374565566,2355.54,2383.12,2297.783612903226,1.0031589568710595
5.3775,3950,32.75,6.1279677419354845,0.9873108516515644,-0.4159131964713445,76.02,21691376,127.52,74.43243010752688,1.000695058033298,-0.0912523170591163,321.77,445836928,332.05,321.78535483870974,1.0015514221336093,0.006069181146981295,2328.95,2383.12,2302.8141290322583,1.002189290628057
5.0,9872,32.75,6.032268817204302,0.9843832525298254,-0.5772978853214873,74.92,32976734,127.52,74.42772043010753,0.9999367254647933,-0.10693683721496305,327.37,445836928,332.05,322.585182795699,1.002485594651721,0.01603189914024994,2348.69,2383.12,2308.710043010752,1.0025603082351122
4.5625,7822,32.75,5.917134408602151,0.9809135812592135,-0.62001512001512,74.0,58187336,127.52,74.38815053763442,0.9994683446940946,-0.10221904616108268,333.17,445836928,332.05,323.6946021505376,1.0034391516226002,0.01146181471890828,2384.2,2383.12,2316.501225806451,1.0033746909098809
4.575,3679,32.75,5.812618279569893,0.9823366985072511,-0.6078246144045361,71.95,31258656,127.52,74.23995698924732,0.9980078339451103,-0.04795598871021478,335.48,445836928,333.17,324.88144086021504,1.003666538464937,0.026224221895785105,2399.29,2384.2,2324.8015913978493,1.0035831475066492
4.5,4422,32.75,5.71089247311828,0.9824991421148095,-0.6034572169403631,75.26,24056178,127.52,74.30821505376343,1.0009194248930666,0.01631937463819355,329.84,445836928,335.48,325.61567741935494,1.0022600138598123,0.013681465517166425,2390.9,2399.29,2332.032602150538,1.003110377582089
4.5,7267,32.75,5.616962365591397,0.98355246435316,-0.7407239923048033,75.42,28167196,127.52,74.38348387096772,1.0010129272671915,-0.043500657555159084,328.42,445836928,335.48,326.1741505376344,1.0017151296973954,-0.00019785680418049623,2381.73,2399.29,2338.1173333333336,1.0026091964482762
4.165,6859,32.75,5.507333333333333,0.9804825054677893,-0.512306230239231,76.68,24905624,127.52,74.54541935483871,1.0021770354848114,-0.041920671478135496,331.59,445836928,335.48,326.86591397849463,1.0021208407831217,-0.004589239457569727,2415.82,2399.29,2345.884064516129,1.0033217884629095
3.75,9056,32.75,5.37433870967742,0.9758513575252548,-0.537249196219585,76.33,21328896,127.52,74.68275268817204,1.0018422772924467,-0.1526789749385009,337.11,445836928,335.48,327.8309247311827,1.0029523138125425,-0.011899755230476705,2439.07,2415.82,2354.528408602151,1.0036848982508457
3.415,11972,32.75,5.225134408602151,0.9722376446414512,-0.4741891923393452,76.36,28553198,127.52,74.83432258064516,1.002029516682466,0.011552707873271784,341.93,445836928,337.11,329.00808602150533,1.0035907573127456,0.010290528052790293,2431.77,2439.07,2361.9407311827954,1.0031481134623663
3.5825,25820,32.75,5.090419354838708,0.9742178778135046,-0.6205615320138324,73.24,32137696,127.52,74.76881720430107,0.9991246613307216,-0.08172494172494171,339.25,445836928,341.93,329.9255698924731,1.0027886362370675,0.006743633526983928,2433.15,2439.07,2368.867204301075,1.0029325346850728
4.29,45544,32.75,5.0070107526881715,0.9836145911885918,-0.4156642505868846,75.53,20326260,127.52,74.84731182795699,1.0010498310203495,-0.016936666318154714,338.11,445836928,341.93,330.69023655913975,1.002317694463378,-0.012747244618867448,2438.3,2439.07,2375.585612903226,1.0028361271539208
4.57,47492,32.75,4.945086021505376,0.9876323950074305,-0.3585218934722366,73.13,25679862,127.52,74.75933333333334,0.998824560395357,-0.09704636139198031,337.42,445836928,341.93,331.35103225806455,1.0019982316557043,-0.026334983049425942,2423.41,2439.07,2380.8596129032258,1.0022200841642388
4.2625,13146,32.75,4.866881720430107,0.9841854518333611,-0.3966940300176707,72.26,21853196,127.52,74.61625806451612,0.9980861885407767,-0.02418894350748002,339.41,445836928,341.93,332.08692473118276,1.0022208848063738,-0.019407033229427606,2425.18,2439.07,2385.7500430107525,1.002054060676666
4.25,35131,32.75,4.793311827956989,0.984883566788918,-0.18244549093426654,75.29,23496688,127.52,74.66690322580645,1.0006787416389407,0.048666968004546396,346.3,445836928,341.93,333.23,1.0034420965828226,0.0028441335445343885,2459.27,2439.07,2392.4835913978495,1.0028224031292898
4.9,47860,32.75,4.76528494623656,0.9941529191660424,-0.1370098860341451,77.85,27204902,127.52,74.86761290322579,1.0026880675205232,0.0486373977926049,346.24,445836928,346.3,334.30649462365596,1.0032304853214176,0.0028251768369405017,2472.54,2459.27,2399.640580645161,1.0029914475790114
4.8175,38239,32.75,4.736069892473118,0.9938691905955143,-0.03311942221512698,83.07,36362664,127.52,75.38789247311827,1.0069493276160013,0.08067994327509131,344.73,445836928,346.3,335.22094623655914,1.0027353689731113,0.00014470422379342374,2472.1,2472.54,2406.320258064516,1.0027836157936447
4.875,139073,32.75,4.714344086021505,0.9954126930250456,-0.040897043832823776,81.2,25146808,127.52,75.76561290322581,1.0050103593258324,0.0376595924188472,342.01,445836928,346.3,335.88987096774196,1.001995474145314,-0.01186061710912556,2476.83,2472.54,2412.803440860215,1.0026942310666966
4.875,38297,32.75,4.696650537634408,0.9962468695402272,-0.04872402488105865,82.28,24423650,127.52,76.20118279569893,1.0057489126766448,0.06604898897779798,334.78,445836928,346.3,336.0404516129032,1.0004483036202534,-0.025223182825815815,2441.32,2476.83,2416.5658709677423,1.0015593603870965
4.3,23442,32.75,4.646424731182796,0.989306037132388,0.011683857591721303,80.85,28478848,127.52,76.52776344086021,1.0042857687135496,0.03488000598914276,336.2,445836928,346.3,336.24963440860216,1.0006224929013603,-0.02055592247387783,2425.55,2476.83,2418.9524301075267,1.00098758290368
4.5,13307,32.75,4.613225806451614,0.9928549526459819,0.11987819180519765,83.4,22475836,127.52,77.0078494623656,1.0062733575361364,0.0463848622515135,340.5,445836928,346.3,336.70354838709676,1.001349931515295,-0.039205638639502105,2443.05,2476.83,2422.136322580645,1.001316227815599
4.65,31988,32.75,4.592537634408602,0.9955154651189891,0.12362664904484966,87.19,32826360,127.52,77.71427956989247,1.0091734818263183,0.0433427219376179,346.85,445836928,346.3,337.5489677419355,1.0025108715333964,-0.017915058550104224,2476.55,2476.83,2427.162451612903,1.002075080987557
4.55,33664,32.75,4.568408602150537,0.9947460349421454,0.009550443604366299,88.32,26101708,127.52,78.47595698924731,1.0098009969798385,0.033716905773925276,343.03,445836928,346.85,338.10567741935483,1.0016492708632574,-0.014879931653148715,2461.43,2476.83,2430.827870967742,1.001510166471306
4.4,27631,32.75,4.539252688172044,0.993617927703584,0.054670513042711866,85.1,27787896,126.91,79.01387096774192,1.0068545067703771,0.01707516197366976,351.43,445836928,346.85,339.17062365591397,1.0031497437271315,0.007442521962188975,2500.23,2476.83,2436.6839784946233,1.0024091000423447
4.225,30741,32.75,4.503010752688171,0.9920158805923476,-0.06096137654721234,85.16,23534228,126.71,79.54341935483872,1.0067019673964965,0.09636643805346745,354.87,445836928,351.43,340.40750537634415,1.0036467831650566,0.020936087598817155,2502.22,2500.23,2442.347892473119,1.002324435186706
3.9,17264,32.75,4.450064516129031,0.9882420363914227,-0.17049610061000364,83.73,26443604,126.2,79.96412903225806,1.0052890569808495,0.1277229127683135,356.15,445836928,354.87,341.67180645161295,1.003714081080178,0.02151798356866208,2519.36,2502.22,2448.827548387097,1.0026530437919787
3.9375,60114,32.75,4.403666666666666,0.9895736681357767,-0.13175495708789586,85.07,18947524,122.86,80.4489247311828,1.0060626646571635,0.14362570692516852,362.96,445836928,356.15,343.3195913978495,1.004822712659114,0.03762411653417819,2549.33,2519.36,2456.94776344086,1.0033159603497237
3.625,66011,32.75,4.341139784946237,0.9858011774156924,-0.268780329050037,86.08,15402609,122.65,80.96825806451612,1.0064554415744977,0.15308495838526803,365.6,445836928,362.96,345.05901075268815,1.0050664727513992,0.03641429600409318,2553.17,2549.33,2464.9356559139783,1.003251144607947
3.3,38514,32.75,4.263037634408602,0.9820088376770382,-0.2967034750287847,84.37,19357472,119.33,81.34496774193548,1.0046525599836813,0.11844190409073119,367.95,445836928,365.6,346.8721505376344,1.0052545788646157,0.03559938953831199,2575.21,2553.17,2473.969311827957,1.0036648647977098
3.2,72494,32.75,4.184559139784946,0.9815909449191287,-0.15449453477622488,80.48,32490952,111.66,81.44559139784947,1.0012369991495136,0.09451005296619597,370.49,445836928,367.95,348.7555053763441,1.0054295360287373,0.0346196696823986,2581.07,2575.21,2482.8837634408605,1.0036032991881847
2.485,94662,32.75,4.065112903225807,0.9714554789240527,-0.22994875754597788,81.16,24120092,109.9,81.57266666666666,1.0015602473582204,0.05248034956683156,368.57,445836928,370.49,350.4251827956989,1.0047875299274576,0.01914087105385387,2587.84,2581.07,2491.7654193548387,1.0035771533266098
3.0,225866,32.75,3.9848118279569893,0.9802462865901963,-0.11829030676039287,80.17,21976130,107.85,81.62298924731184,1.0006169049352132,0.002036373707454908,363.98,445836928,370.49,351.7152258064516,1.0036813650219447,0.02239772906212334,2582.3,2587.84,2499.7900860215054,1.0032204743690296
2.0125,98001,32.75,3.845913978494624,0.9651431848079064,-0.22752324809033536,81.32,19213702,107.85,81.73858064516129,1.001416162271382,0.048972386965403736,364.61,445836928,370.49,352.9551397849462,1.0035253349514557,0.015760025790497068,2578.85,2587.84,2507.0473333333334,1.002903142688824
1.99,69627,32.75,3.711989247311828,0.9651773981603153,-0.304807604288508,82.45,13655548,105.64,81.91331182795697,1.0021376831040683,0.053074381388605874,367.82,445836928,370.49,354.32206451612905,1.0038728001864932,0.012473404057577797,2602.42,2587.84,2515.3302580645163,1.0033038565411407
1.9045,77406,32.75,3.57808064516129,0.9639253798357544,-0.24685856684076324,82.49,29911454,102.93,82.07245161290324,1.001942782942051,0.0933458359651489,369.27,445836928,370.49,355.7080215053763,1.0039115740396802,-0.0005294322138957863,2642.22,2602.42,2525.7116344086025,1.0041272418644835
1.7685,56428,32.75,3.4411408602150537,0.9617281446321164,-0.24185272338324826,79.44,26996964,102.93,82.0121505376344,0.9992652702084098,-0.0008649572255949867,371.16,445836928,370.49,357.14324731182785,1.004034842397924,0.016276247413856915,2651.5,2642.22,2536.1692903225808,1.0041404789729398
1.68,57361,32.75,3.3043655913978496,0.9602529293704483,-0.28658503401360547,80.45,40327556,102.93,82.00802150537635,0.999949653408294,0.014494400419739817,370.47,445836928,371.16,358.44509677419353,1.0036451745123687,0.0045639957213894355,2675.81,2651.5,2547.6349032258067,1.004520838946744
1.496,85944,32.75,3.161783870967742,0.9568505008037591,-0.3058401198684777,82.81,18466242,102.93,82.14533333333334,1.0016743706949203,0.058893724375966405,378.46,445836928,371.16,360.172,1.004817762165943,0.030612529538044386,2683.34,2675.81,2558.9538924731182,1.0044429400904265
1.95,68817,32.75,3.0542322580645163,0.9659838821082014,-0.20166269913935164,82.91,17593868,102.93,82.27591397849463,1.0015896295000888,0.0600809150007775,378.94,445836928,378.46,361.82907526881723,1.004600788703223,0.027924525027424263,2673.61,2683.34,2569.0698279569892,1.0039531526979153
1.9325,66381,32.75,2.9494225806451606,0.9656837893900793,-0.0868035155671193,84.67,19766740,102.93,82.50589247311828,1.0027952104510656,0.0994359913130276,394.19,445836928,378.94,364.3800645161291,1.0070502605281697,0.024791651088327926,2743.15,2683.34,2583.167827956989,1.0054875892615232
1.9515,66090,32.75,2.8490268817204303,0.9659608970299639,-0.08767253080967508,87.6,22720746,100.52,82.90703225806452,1.0048619531638536,0.23457332654103635,397.22,445836928,394.19,367.01415053763446,1.0072289520696014,0.025760521533726655,2786.24,2743.15,2599.3761935483876,1.0062746080281657
1.975,116994,32.75,2.7536548387096773,0.9665246952836187,-0.2934760132340778,87.38,22887032,98.31,83.26309677419356,1.0042947444436403,0.18872417886329795,396.62,445836928,397.22,369.4848602150538,1.0067319193927537,0.020484878868685108,2810.3,2786.24,2616.3774838709674,1.0065405270559824
2.2,251682,32.75,2.6777774193548387,0.9724448328497142,-0.4927572959007576,90.43,24957808,98.31,83.79045161290323,1.0063335962646194,0.2363137775390345,401.59,445836928,397.22,372.15038709677424,1.0072141707786593,0.0047124782955658695,2872.87,2810.3,2636.615548387097,1.0077351470270977
2.064,107017,32.75,2.5982225806451615,0.970290720156702,-0.6323746364731508,86.53,28440468,98.31,84.02898924731184,1.002846835526208,0.2068180521585884,378.94,445836928,401.59,373.21662365591396,1.0028650690583925,-0.022471330621355978,2762.13,2872.87,2648.7425161290316,1.0045994448259068
1.775,32039,32.75,2.5047505376344086,0.9640246206360261,-0.8345579471359462,81.34,55804040,96.47,83.90199999999999,0.9984887447957026,0.1443515330773959,366.02,445836928,401.59,373.3643010752688,1.0003956882142822,-0.008228966231208723,2619.55,2872.87,2650.9461505376344,1.0008319549352889
1.7,35424,32.75,2.4117623655913976,0.9628752761419375,-0.9732086446372159,86.29,33564628,96.47,84.08135483870969,1.0021376706003398,0.1631985675297034,378.85,445836928,401.59,374.297311827957,1.0024989286602954,-0.010842375695302664,2732.22,2872.87,2660.074129032258,1.0034432908012003
1.5345,46704,32.75,2.3149784946236562,0.9598700633410006,-1.1187968307843763,85.23,23178762,96.47,84.17417204301077,1.0011038975820399,0.08580959190183335,383.58,445836928,401.59,375.46535483870963,1.0031206289060646,0.0013745357109717915,2747.3,2872.87,2669.616559139785,1.0035872797691539
1.5295,68922,32.75,2.224932258064516,0.9611027762165976,-1.0589421520212574,83.43,30195804,96.47,84.14621505376344,0.9996678673687097,0.11109887537957441,368.11,445836928,401.59,375.5517849462365,1.0002301946275816,-0.010256775771063209,2691.25,2872.87,2674.9510322580645,1.0019982169724024
1.4,51744,32.75,2.1337258064516127,0.9590070882911984,-1.083899848613871,83.21,27626184,96.47,84.0992688172043,0.9994420873650807,0.04253543936461146,383.11,445836928,401.59,376.5498279569892,1.0026575376572782,0.0029440665080116,2786.57,2872.87,2685.9740645161287,1.0041208351574045
1.35,40946,32.75,2.046766666666667,0.9592454009217057,-1.047363995530829,83.04,28745690,96.47,84.03935483870967,0.9992875802686839,0.04743853755287841,370.81,445836928,401.59,376.6503870967741,1.0002670540053902,-0.03164747856852257,2752.01,2872.87,2694.024946236559,1.0029973788007818
1.3085,40339,32.75,1.9634741935483875,0.9593053402350311,-1.253624805645258,85.71,27661636,96.47,84.14698924731184,1.0012807619574036,0.10631170311275706,351.03,445836928,401.59,375.4003870967741,0.9966812724934786,-0.028512887452827318,2588.26,2872.87,2690.809247311828,0.9988063588909141
1.25,38444,32.75,1.8832709677419353,0.9591523911697005,-1.372507299010183,86.41,25375628,96.47,84.29481720430108,1.0017567824863558,0.04415529202031587,356.34,445836928,401.59,374.47032258064513,0.9975224732096794,-0.03898983594849703,2640.87,2872.87,2690.6754623655916,0.999950280776547
1.32,21369,32.75,1.8148956989247313,0.9636933452549387,-1.2866296225753648,86.86,22481576,96.47,84.47335483870968,1.0021180143730057,0.049904308813134124,353.79,445836928,401.59,373.35533333333336,0.9970224896872257,-0.026745041708800654,2604.47,2872.87,2687.839913978495,0.9989461574140928
1.693,201598,32.75,1.777531182795699,0.9794123066404479,-1.313258466795286,91.44,33571400,96.47,84.95051612903225,1.0056486603525294,0.15237565480425275,363.65,445836928,401.59,372.8533333333333,0.9986554363760706,-0.02765004077923794,2656.3,2872.87,2688.040623655914,1.0000746732260262
1.65,139792,32.75,1.7432139784946235,0.9806938946369979,-1.4611623708755392,91.15,27317500,96.47,85.39533333333334,1.0052361918981805,0.13120206128777623,369.26,445836928,401.59,372.68698924731177,0.9995538618777137,-0.026558347148365913,2670.14,2872.87,2688.798602150537,1.0002819817855255
1.6795,35930,32.75,1.7163376344086023,0.9845823034821976,-1.2195760179961688,90.0,20661410,96.47,85.7530752688172,1.004189244558452,0.11444178721334641,361.4,445836928,401.59,371.9826021505376,0.9981099766906358,-0.04501626000976211,2669.91,2872.87,2689.180623655914,1.0001420788842539
1.775,90980,32.75,1.7003978494623657,0.9907129083306916,-1.1746031746031746,88.01,26903088,96.47,85.96894623655915,1.0025173554075495,0.0696781677494136,361.6,445836928,401.59,371.27982795698927,0.9981107337023684,-0.04849990444791985,2663.42,2872.87,2688.8201720430106,0.9998659622898765
1.8035,51524,32.75,1.690947311827957,0.9944421609111086,-1.0675459375167216,89.68,18020584,96.47,86.28623655913978,1.0036907550513363,0.08766880264989418,368.61,445836928,401.59,371.0322365591398,0.9993331407224253,-0.06013295050494083,2727.72,2872.87,2692.3627526881723,1.0013175223400939
1.672,79850,32.75,1.6769301075268819,0.9917104428961053,-1.0210922275096306,87.15,20267060,96.47,86.43255913978494,1.0016957812332548,0.10188319655035316,374.52,445836928,401.59,371.15946236559137,1.0003428969073724,-0.03563897954040329,2712.97,2872.87,2694.5783440860214,1.0008229171182959
1.7285,27807,32.75,1.6700591397849465,0.9959026510937485,-1.4213015371001574,87.61,19329506,96.47,86.60258064516128,1.0019671002116386,0.12324964378009395,369.02,445836928,401.59,370.9177204301075,0.9993486844335233,-0.058309522407467895,2721.33,2872.87,2697.037032258064,1.0009124574824253
1.8,25982,32.75,1.6709655913978492,1.0005427661759447,-1.2680860738543995,86.52,20280280,96.47,86.68694623655914,1.000974169485128,0.10005228640163188,368.82,445836928,401.59,370.66623655913975,0.9993219955340064,-0.056040819898818484,2734.62,2872.87,2700.0515053763443,1.00111769808209
1.55,25823,32.75,1.6572161290322582,0.9917715466815276,-1.4695384348429639,86.35,21303968,96.47,86.74881720430109,1.0007137287726473,0.1304700471831186,379.64,445836928,401.59,371.1122795698925,1.0012033548426027,-0.033159679999082314,2779.03,2872.87,2705.615483870967,1.0020606934658631
1.25,71733,32.75,1.6272301075268818,0.9819057870726331,-1.4758772432444824,86.65,29297544,96.47,86.81675268817204,1.000783128647287,0.12219294394653113,374.44,445836928,401.59,371.18916129032255,1.0002071656602662,-0.05090772819677847,2779.66,2872.87,2710.797032258065,1.0019151089347273
1.244,44574,32.75,1.5984967741935485,0.9823421818460555,-1.3375252486527378,85.08,23908452,96.47,86.77193548387098,0.99948377239515,0.06817229883887044,366.59,445836928,401.59,370.7384516129033,0.998785768216258,-0.061927960385534164,2754.88,2872.87,2713.948021505376,1.0011623847930387
1.3,53886,32.75,1.5749806451612902,0.9852885977551489,-1.4717539694316666,85.53,21090578,96.47,86.75049462365591,0.9997529055898603,0.058133673187608426,363.65,445836928,401.59,370.10070967741933,0.9982798063359507,-0.04403967787315122,2718.37,2872.87,2714.415655913979,1.0001723077984168
1.331,23915,32.75,1.5547645161290322,0.9871642047828545,-1.5594635866738253,85.68,17009986,96.47,86.7321935483871,0.999789037799171,0.07311746015974707,366.01,445836928,401.59,369.62731182795693,0.9987208945103753,-0.05472776533735768,2759.82,2872.87,2717.393720430108,1.0010971291407196
1.221,73387,32.75,1.5283924731182796,0.9830379181302566,-1.471136106595038,83.57,19644576,96.47,86.56434408602152,0.9980647386454957,0.04989781732644405,367.05,445836928,401.59,369.2320860215054,0.9989307451213575,-0.05613320256666188,2801.31,2872.87,2722.815612903226,1.00199525465609
1.1246,37802,32.75,1.4967881720430112,0.9793218681515826,-1.6686555920140047,84.13,21900500,96.47,86.42591397849463,0.9984008414897787,0.019715375820797187,365.25,445836928,401.59,368.72808602150536,0.9986350048679934,-0.0790622677000854,2801.83,2872.87,2728.0011612903227,1.0019044801868047
1.0095,27994,32.75,1.4585567741935481,0.9744577098058707,-1.8984457283391563,82.64,27951744,96.47,86.18851612903224,0.9972531635647907,0.014500741171212805,371.89,445836928,401.59,368.6808817204301,0.9998719807281713,-0.07291686268105746,2818.82,2872.87,2734.0280215053763,1.002209258669158
0.93,25763,32.75,1.4172189247311826,0.9716583884880164,-2.133829920567317,81.43,24513664,96.47,85.87363440860214,0.9963465930895169,-0.07297835924397078,371.26,445836928,401.59,368.608193548387,0.9998028425783733,-0.09360363477235734,2840.35,2872.87,2741.1316344086026,1.0025982224203083
0.9225,32861,32.75,1.3775531182795697,0.9720115179388134,-2.2572578840927062,79.72,25556388,96.47,85.45539784946236,0.9951296278302402,-0.1419178649951811,367.96,445836928,401.59,368.3719139784946,0.9993589953396915,-0.0905449182834831,2833.28,2872.87,2747.570086021505,1.002348829779673
0.75,36967,32.75,1.328971182795699,0.9647331672084305,-1.7055923330471148,72.54,44667192,96.47,84.59088172043009,0.9898834228054828,-0.2432467333865731,366.13,445836928,401.59,368.08049462365585,0.9992088990941482,-0.09104745439496797,2850.13,2872.87,2754.9944731182795,1.0027021647726282
0.86,28416,32.75,1.2901204301075269,0.9707662941144868,-1.3233766233766233,72.53,30739744,96.47,83.75763440860217,0.9901496793167167,-0.23627331216865233,370.4,445836928,401.59,368.130129032258,1.0001348466146052,-0.07829978937934567,2874.69,2872.87,2763.9177204301077,1.0032389347415744
0.875,21461,32.75,1.2551191397849466,0.9728697495941033,-1.1500160958578551,70.35,27977558,96.47,82.8222365591398,0.988832088488804,-0.2605824751639735,371.6,445836928,401.59,368.32425806451613,1.0005273380713728,-0.06983449870183445,2901.52,2874.69,2774.5680215053767,1.0038533350673013
0.755,63467,32.75,1.2149329032258065,0.9679821338984396,-1.1506996672592187,68.31,25144492,96.47,81.79002150537636,0.9875369816531533,-0.26605139333743977,369.51,445836928,401.59,368.39933333333335,1.0002038292813287,-0.08671435771784997,2871.68,2901.52,2782.9933978494623,1.0030366443636565
0.76,112578,32.75,1.1772627956989246,0.9689940840133123,-1.1593063355995665,68.78,29314072,96.47,80.81615053763441,0.9880930344580245,-0.29149724285721,371.61,445836928,401.59,368.6023870967742,1.0005511784226198,-0.08234109884872975,2904.98,2901.52,2793.0249462365587,1.0036045893586554
0.775,158382,32.75,1.142581935483871,0.9705411057397224,-1.016976715579867,71.41,35595028,96.47,80.0496129032258,0.9905150439694397,-0.24650781605578653,380.16,445836928,401.59,369.37262365591397,1.0020896135947637,-0.07529754011459522,2929.67,2904.98,2804.277870967742,1.0040289381397562
0.7,96596,32.75,1.1046956989247312,0.9668415582440523,-0.8262717384289849,69.08,37461144,96.47,79.16247311827958,0.9889176255478123,-0.26733934753218436,363.12,445836928,401.59,369.0508602150538,0.9991288920178342,-0.0963165295092746,2913.98,2929.67,2814.126344086021,1.0035119462376532
1.0645,481481,32.75,1.0921094623655914,0.9886066030931497,-0.47967649885858443,69.59,28351886,96.47,78.33909677419355,0.9895989057484877,-0.19131610119764797,361.28,445836928,401.59,368.6211182795699,0.9988355482080885,-0.09250857193129036,2885.57,2929.67,2821.662924731183,1.0026781244776022
1.142,192014,32.75,1.0852447311827957,0.993714246218574,-0.571574528867598,72.39,40373860,96.47,77.72565591397849,0.9921694162241459,-0.11342017021718942,337.46,445836928,401.59,366.7015483870967,0.9947925666835579,-0.09543240938744224,2767.13,2929.67,2821.3453118279567,0.9998874376877399
1.25,206369,32.75,1.0857950537634407,1.0005070953719768,-0.36444979590135473,72.72,31290728,96.47,77.15640860215053,0.9926761980309571,-0.20877872552557342,332.92,445836928,401.59,364.5607956989247,0.9941621389449052,-0.12095037003911036,2767.78,2929.67,2821.0371182795698,0.9998907636200735
1.08,79109,32.75,1.075503440860215,0.9905215879667585,-0.4602414460942541,68.44,47825988,96.47,76.33896774193548,0.9894054055259348,-0.22207295004793748,318.04,445836928,401.59,361.49898924731184,0.991601383122552,-0.11422939497978157,2658.69,2929.67,2813.304795698925,0.9972590496840537
0.905,176372,32.75,1.0542870967741935,0.9802731044086179,-0.4139637976064612,72.88,35462492,96.47,75.84662365591397,0.9935505535300677,-0.19548200729923337,337.57,445836928,401.59,359.77954838709684,0.9952435804487445,-0.09137966234640005,2723.06,2929.67,2809.6870537634413,0.9987140597275438
0.8625,84779,32.75,1.0312212903225808,0.9781218924881209,-0.567194404304179,71.53,23285550,96.47,75.29724731182796,0.9927567462122201,-0.30319806501164703,343.86,445836928,401.59,358.50079569892466,0.9964457326885175,-0.10136922255017511,2781.01,2929.67,2809.5529892473123,0.9999522848938107
0.88,75967,32.75,1.0110705376344085,0.9804593321750864,-0.4105352896307264,74.28,31327976,96.47,74.96810752688171,0.9956287939241233,-0.29100288416879927,345.15,445836928,401.59,357.34782795698925,0.9967839185972025,-0.09005923930211002,2736.27,2929.67,2806.2642795698926,0.9988294544754962
0.876,50182,32.75,0.9923176344086021,0.9814524283640167,-0.4975218300740123,72.44,18853056,96.47,74.55653763440858,0.9945100669331216,-0.25772871512532813,333.11,445836928,401.59,355.46993548387087,0.9947449170634265,-0.06428967973706401,2632.56,2929.67,2796.142387096774,0.996393107895501
0.7985,47089,32.75,0.970292688172043,0.9778045401262213,-0.5467926307847082,71.97,26628032,96.47,74.15240860215054,0.9945795627710113,-0.2636913127002989,341.11,445836928,401.59,354.16901075268817,0.9963402679064494,-0.09299029927620506,2760.17,2929.67,2794.333720430108,0.9993531564504681
0.8025,22602,32.75,0.9506258064516129,0.9797309801875546,-0.5220290495896004,74.93,28629088,96.47,73.97374193548387,0.9975905480343158,-0.24200223653072395,323.38,445836928,401.59,351.7682795698924,0.9932215097597227,-0.08800856987714245,2633.08,2929.67,2784.117634408602,0.9963439993058762
0.78,105230,32.75,0.9316599999999999,0.9800491357136555,-0.5695355402610783,74.4,30403908,96.47,73.79260215053763,0.9975512961733879,-0.23931037921093268,319.86,445836928,401.59,349.2377204301074,0.9928061758641822,-0.1042876708303393,2599.95,2929.67,2771.9676559139784,0.9956359679833698
0.6755,34017,32.75,0.9078705376344086,0.9744655106309261,-0.5834000372054291,76.05,56145056,96.47,73.74533333333332,0.9993594369106555,-0.13528313051718144,304.67,445836928,401.59,345.84470967741936,0.9902845238237458,-0.062409807593150624,2416.62,2929.67,2748.2329892473126,0.9914376105305457
0.6545,29412,32.75,0.884990752688172,0.9747984057221932,-0.627875463872517,77.8,23101228,96.47,73.83582795698925,1.001227123392973,-0.08628279370114922,314.1,445836928,401.59,343.19847311827954,0.9923484833363273,-0.05735423926555805,2485.74,2929.67,2729.6129677419353,0.9932247296432909
0.81,108416,32.75,0.8746066666666666,0.9882664468640339,-0.4537003140838938,77.99,24879760,96.47,73.95733333333334,1.0016456154106494,-0.0637792104182856,321.35,445836928,401.59,341.1376559139785,0.9939952611514364,-0.06462787764823597,2531.94,2929.67,2714.508817204301,0.9944665596492498
0.7285,46040,32.75,0.8605559139784947,0.9839347752267626,-0.36906023127199605,78.76,27429692,96.47,74.14649462365593,1.0025577083677426,-0.10859443384082734,327.44,445836928,401.59,339.59509677419356,0.9954781915363401,-0.05954148526324243,2596.26,2929.67,2704.085720430108,0.996160227328004
0.6945,54155,32.75,0.8454331182795699,0.9824267134148092,-0.3114116009339608,72.95,68595376,96.47,73.97778494623655,0.9977246439190998,-0.15658641267736384,335.0,445836928,401.59,338.6413548387097,0.9971915320788095,-0.05561950841165375,2670.71,2929.67,2698.860258064516,0.9980675677822962
0.697,25179,32.75,0.8316533333333335,0.9837009165499953,-0.3493714369496409,75.55,36042728,96.47,74.00290322580643,1.0003395381409181,-0.13515869669566682,332.71,445836928,401.59,337.60780645161293,0.9969479557876533,-0.06536043228334032,2664.76,2929.67,2693.4319354838713,0.9979886611155859
0.885,184869,32.75,0.8312993548387098,0.9995743677317989,-0.24170075097788846,77.51,42880464,96.47,74.17593548387096,1.002338182024245,-0.12514452821627098,335.49,445836928,401.59,336.82015053763445,0.9976669499373932,-0.06407646953214463,2706.53,2929.67,2690.8137419354844,0.9990279340220578
0.7325,87730,32.75,0.8220658064516132,0.9888926313567414,-0.2939360198477713,77.51,25762586,96.47,74.36653763440863,1.0025695955068759,-0.12542982680806358,330.3,445836928,401.59,335.76329032258064,0.9968622417234633,-0.0667703460479041,2707.88,2929.67,2688.397247311828,0.9991019465279234
0.795,112913,32.75,0.8179150537634411,0.994950826739664,-0.11084146100173486,76.54,30457194,96.47,74.50759139784947,1.0018967369992975,-0.1711449700178186,341.41,445836928,401.59,335.5022365591398,0.9992225065367032,-0.05590862418722842,2775.6,2929.67,2690.5507096774195,1.0008010208936737
0.8005,82064,32.75,0.8148279569892473,0.9962256511113358,0.02285549410405807,82.78,69466072,96.47,75.06754838709676,1.0075154353904328,-0.08275456673675996,349.17,445836928,401.59,335.79309677419354,1.0008669397200947,-0.05181640256842357,2792.67,2929.67,2693.861870967742,1.001230663030588
0.825,362326,32.75,0.8137709677419354,0.9987028068462238,0.15287888262103866,77.59,64746544,96.47,75.29236559139784,1.0029948654129714,-0.08389511546936956,343.5,445836928,401.59,335.7670107526882,0.9999223151942194,-0.06186553663305738,2803.69,2929.67,2697.9402365591395,1.001513947554383
0.795,72574,32.75,0.8110043010752689,0.9966001900088136,0.11165666391172513,77.8,60253324,96.47,75.53898924731182,1.003275546650405,-0.08515299732269044,341.6,445836928,401.59,335.67804301075273,0.9997350313190805,-0.039798798686095704,2743.07,2929.67,2698.18647311828,1.0000912683519834
0.835,75179,32.75,0.8110924731182796,1.000108719575092,0.2658342077649527,77.11,105455232,96.47,75.74522580645163,1.0027302001416063,0.009443679492497248,347.35,445836928,401.59,336.0167311827957,1.0010089673098819,-0.041591944623610155,2822.48,2929.67,2703.749935483871,1.0020619265647572
0.9875,115216,32.75,0.8208365591397848,1.012013532789971,0.3185905228026402,79.78,79868632,96.47,76.11389247311828,1.0048671934467355,0.025112249494049,340.33,445836928,401.59,335.9429032258064,0.9997802848782874,-0.05544755658769618,2800.71,2929.67,2707.9683440860217,1.0015602066399665
1.05,93600,32.75,0.8343387096774193,1.016449255807739,0.3126195254397355,81.74,82677584,96.47,76.5934193548387,1.0063001229623065,0.08563113626914842,347.27,445836928,401.59,336.38148387096777,1.0013055213875632,-0.042340924697321536,2834.4,2929.67,2714.519397849463,1.002419176641318
1.031,58716,32.75,0.8462387096774193,1.014262792630826,0.4473360749170686,83.45,46180844,96.47,77.1587741935484,1.007381245588352,0.12173379095059111,362.03,445836928,401.59,337.8246451612903,1.004290251870332,-0.02757671075061141,2892.74,2929.67,2724.9786666666664,1.0038530831002679
1.149,100752,32.75,0.865158064516129,1.0223569952808251,0.6438082737256767,82.93,40558292,96.47,77.65802150537635,1.0064703893633098,0.10423485884428985,363.77,445836928,401.59,339.39615053763447,1.0046518375697364,-0.02193388161694987,2907.41,2929.67,2736.3390967741934,1.0041689978150998
1.125,47816,32.75,0.8816924731182797,1.0191114309399614,0.5809222337352782,78.02,125730824,96.47,77.81006451612902,1.0019578532623592,0.022216956000595367,362.0,445836928,401.59,340.8703225806451,1.004343514328832,-0.03935885669728567,2905.03,2929.67,2747.540752688172,1.0040936651189114
1.125,62321,32.75,0.897474193548387,1.017899348028108,0.6255603196258039,74.79,60783432,96.47,77.7395053763441,0.9990931874915707,-0.021127013275667572,357.37,445836928,401.59,342.08483870967746,1.0035629858294426,-0.024723172969900453,2939.88,2929.67,2761.043784946237,1.0049145885260677
1.21,66907,32.75,0.917825806451613,1.0226765438488665,0.11579403565010682,71.25,48572768,96.47,77.4282795698925,0.9959965553556723,-0.12190612021892733,354.79,445836928,401.59,343.14526881720434,1.0030999038470303,-0.03878128361414146,2945.64,2939.88,2774.8627311827954,1.0050049717834617
1.19,159568,32.75,0.9365741935483871,1.0204269557087928,0.07411571255443627,71.36,43954292,96.47,77.12058064516131,0.9960260136678688,-0.18580842584784463,344.74,445836928,401.59,343.5712688172043,1.0012414567202643,-0.0197225667254306,2881.4,2945.64,2784.407978494624,1.0034398989198863
1.0455,166296,32.75,0.9458967741935483,1.0099539157809174,-0.1760108793240034,73.12,40976064,96.47,76.92864516129032,0.9975112287502852,-0.14503052683679685,342.01,445836928,401.59,343.8054838709677,1.0006817073341716,-0.005845454217741519,2859.53,2945.64,2792.2965161290326,1.002833111273684
0.9145,93069,32.75,0.9472075268817205,1.0013857248739322,-0.08352715146590839,75.31,37686488,96.47,76.87713978494625,0.9993304785722396,-0.06515717646883701,336.33,445836928,401.59,343.65369892473126,0.9995585150518035,-0.005443565837346176,2826.06,2945.64,2797.828387096774,1.001981118744298
0.93,45993,32.75,0.9498741935483869,1.0028152929437177,-0.07872167727826507,77.85,38869612,96.47,76.9747311827957,1.0012694462635114,-0.07191309328315532,329.32,445836928,401.59,343.0103225806452,0.9981278352419918,-0.03508915923614642,2752.06,2945.64,2798.2261290322585,1.0001421609478691
0.885,116016,32.75,0.949583870967742,0.9996943568078628,0.0017512921860747266,83.84,59079948,96.47,77.44808602150538,1.0061494834919993,0.04327146235260604,359.2,445836928,401.59,344.3124301075269,1.0037961176126866,0.011411010684000189,2873.34,2945.64,2806.386021505376,1.0029160947317504
0.9184,35134,32.75,0.9514000000000001,1.0019125525272532,-0.03351708759010519,84.47,53427860,96.47,77.9356129032258,1.0062948861200398,0.011450509447919588,360.98,445836928,401.59,345.6963870967742,1.0040194801820401,-0.009214511885914156,2886.98,2945.64,2815.2273548387097,1.0031504337840849
0.95,95200,32.75,0.955172258064516,1.003964954871259,0.09099573898970204,88.11,69493944,96.47,78.63606451612904,1.0089875679013778,0.06378374979595391,361.81,533840000,401.59,347.09984946236557,1.0040598120720263,-0.034599256120983135,2950.46,2945.64,2827.840064516129,1.0044801744540246
0.95,56137,32.75,0.958785376344086,1.0037826876242106,0.17825258165330982,90.54,55524612,96.47,79.45959139784947,1.0104726360199716,0.16691923610453685,367.14,479809984,401.59,348.7854623655914,1.0048562766761113,0.010520268806237576,2941.76,2950.46,2839.2078279569896,1.0040199456763852
0.906,32870,32.75,0.9592339784946238,1.0004678858914686,0.026144952216939465,90.78,29225738,96.47,80.25866666666668,1.0100563727394003,0.09689719794813167,369.06,295350016,401.59,350.53896774193544,1.0050274611919061,0.00554997060698903,2990.41,2950.46,2853.323784946237,1.0049717941921161
0.8375,106315,32.75,0.9550406451612904,0.9956284562188735,-0.04081318943523682,93.54,29053362,96.47,81.20172043010753,1.0117501797950066,0.12426511533061979,366.04,376710016,401.59,351.99939784946235,1.004166241821657,-0.01478893496606326,3013.77,2990.41,2868.1783870967743,1.0052060695771394
0.85,52310,32.75,0.9515301075268816,0.99632420080528,0.11850828471165409,94.5,36167364,96.47,82.16554838709678,1.011869550939119,0.06027077090242239,366.59,374460000,401.59,353.39599999999996,1.0039676265330855,-0.02848818623627758,2976.61,3013.77,2879.745634408602,1.004032959513211
0.817,83811,32.75,0.9455152688172042,0.9936787720513536,0.17562591266841787,90.62,46455552,96.47,82.83937634408603,1.0082008575396435,-0.02788621570569738,370.11,356350016,401.59,354.8865376344085,1.0042177546842876,-0.038968400685879256,3025.86,3013.77,2893.2860215053765,1.0047019385792229
0.75,123630,32.75,0.9348283870967742,0.9886972933458824,-0.17850360427541645,89.68,43392840,96.47,83.42498924731183,1.0070692577500024,-0.07652902605977707,359.06,432320000,401.59,355.54372043010744,1.0018518110043835,-0.04067638644999483,2932.05,3025.86,2899.612602150538,1.002186641969766
0.6785,151355,32.75,0.919657634408602,0.9837716174459712,-0.13624278935542133,95.74,52862688,96.47,84.37643010752689,1.0114047465729308,0.015208644994286535,361.64,482289984,401.59,356.2862580645161,1.0020884566137476,-0.019728158309339605,2918.65,3025.86,2904.214215053764,1.0015869750668807
0.5681,201799,32.75,0.8974718279569891,0.9758760155719473,-0.2947432677700659,94.19,42896780,96.47,85.19135483870967,1.0096582034834167,0.11217614686248978,354.34,403300000,401.59,356.48427956989246,1.000555793272668,-0.02388365797076597,2888.68,3025.86,2906.1889677419354,1.0006799610985773
0.56,158062,32.75,0.8750352688172043,0.9750002635839171,-0.3005070386306322,96.32,35865824,96.47,86.09802150537635,1.0106427074482294,0.11672051215594048,343.54,354990016,401.59,355.94393548387103,0.9984842414743411,-0.03587930744982959,2847.11,3025.86,2905.0130322580644,0.9995953685404069
0.531,118619,32.75,0.8510223655913978,0.9725577881469109,-0.4921231606281685,98.09,38752780,96.47,87.07421505376342,1.0113381647024968,0.11955080711107513,354.28,360720000,401.59,356.07320430107524,1.0003631718490398,-0.025251398459082086,2926.46,3025.86,2908.564301075269,1.0012224622670434
0.5145,123384,32.75,0.82670623655914,0.971427156305863,-0.36926436565231724,95.17,32473148,98.09,87.81776344086022,1.0085392488079012,0.08150124248950208,357.38,287340000,401.59,356.362064516129,1.0008112382834895,-0.018029437021764183,2978.71,3025.86,2915.0135698924737,1.0022173375416938
0.4685,185935,32.75,0.7998911827956988,0.9675639875718745,-0.5102399194448843,93.72,44845008,98.09,88.42978494623655,1.006969222186904,0.12689344888833398,369.31,475280000,401.59,357.3623655913978,1.0028069796840666,-0.001789945550990213,3007.39,3025.86,2922.730731182796,1.0026473843449746
0.5325,141515,32.75,0.777907311827957,0.9725164229327969,-0.47661538416983873,97.07,41678736,98.09,89.22098924731182,1.0089472602648113,0.054413021551288576,366.12,453420000,401.59,358.09686021505377,1.0020553216969013,-0.022857514545446156,2992.07,3025.86,2928.961032258065,1.0021316712514081
0.525,163660,32.75,0.7560159139784945,0.9718586038251508,-0.5646811186836598,93.99,38031840,98.09,89.78275268817204,1.0062963148649144,0.07731606178054484,362.03,363849984,401.59,358.5310322580645,1.001212443032173,-0.0024452847420568524,2961.79,3025.86,2932.808967741935,1.0013137544137634
0.524,67514,32.75,0.7347051612903227,0.9718117670618531,-0.5522511758156364,94.32,35860512,98.09,90.3305376344086,1.0061012269042262,0.07926901368034,352.92,395649984,401.59,358.3376129032259,0.9994605226955657,-0.04303195724505304,2952.01,3025.86,2935.6859354838707,1.0009809598148327
0.4691,107911,32.75,0.7104352688172042,0.9669664870320298,-0.5988859425185948,92.2,32242912,98.09,90.70602150537636,1.004156776664913,0.09334585027252174,359.46,461860000,401.59,358.5417849462365,1.0005697756407885,-0.017497782725766964,2970.27,3025.86,2939.291634408602,1.001228230472868
0.445,122332,32.75,0.6853974193548389,0.9647570291603758,-0.6612764558361113,93.49,27627726,98.09,91.13227956989248,1.0046993359144394,0.05994624847426566,360.6,323000000,401.59,358.7934623655914,1.0007019472483316,-0.0066697956485481935,2986.2,3025.86,2943.607247311829,1.0014682493062976
0.4525,90857,28.5,0.6620101075268816,0.9658777357960121,-0.6487336640123655,94.71,27452884,98.09,91.60776344086021,1.00521751319304,0.0698433928344826,365.33,416040000,401.59,359.30670967741935,1.0014304812257282,-0.014375247876137642,3022.55,3025.86,2949.86911827957,1.0021272780101556
0.439,85339,28.5,0.6390367741935483,0.9652976093988105,-0.6287907031459127,94.54,28927852,98.09,92.04438709677417,1.0047662298424722,0.06202363452327142,370.03,429230016,401.59,360.0843440860214,1.0021642635321233,-0.03811173546767743,3066.91,3025.86,2958.588301075269,1.002955786323423
0.426,117548,28.5,0.6164978494623655,0.9647298471052367,-0.7146672725929416,88.65,46091208,98.09,92.07716129032259,1.0003560694419527,0.04053447610051397,377.42,491300000,401.59,361.32154838709675,1.003435873626263,-0.026337252125637534,3093.08,3066.91,2968.621311827956,1.0033911479840032
0.435,106330,27.5,0.5960944086021506,0.9669042789394832,-0.7275225225225226,90.84,23475140,98.09,92.23892473118278,1.0017568248042545,0.08130947351012896,378.32,335560000,401.59,362.58746236559136,1.003503566239394,-0.029074708921236203,3120.46,3093.08,2980.0214838709676,1.003840224415822
0.387,135141,27.5,0.5740780645161292,0.9630656758924312,-0.8024906184850589,92.06,25122188,98.09,92.45182795698925,1.0023081711590518,0.17530530663362898,371.93,374980000,401.59,363.4060215053764,1.0022575494873556,-0.017222862918367055,3110.29,3120.46,2990.30223655914,1.0034498921379646
0.28,164788,27.5,0.5467455913978495,0.9523889261623029,-0.8241358332436534,92.7,25071506,98.09,92.6688817204301,1.002347749830775,0.24122243199678084,375.24,319849984,401.59,364.4068172043011,1.0027539326254942,-0.008675229871243362,3140.98,3120.46,3002.1965161290314,1.0039776178556379
0.3583,414192,27.5,0.5264647311827957,0.9629062208563908,-0.7656007478568198,94.85,40166920,98.09,92.97851612903226,1.003341298641504,0.26452411731873293,375.29,410060000,401.59,365.36686021505375,1.0026345363627334,-0.003181616577893287,3145.91,3140.98,3013.9887741935486,1.0039278768065862
0.4052,146989,27.5,0.5109982795698925,0.9706220555778636,-0.6923768606644918,98.08,35391388,98.09,93.44602150537635,1.005028101069018,0.3178574027913912,377.56,422689984,401.59,366.4076559139785,1.0028486319156371,-0.004209808105170243,3168.8,3145.91,3026.6889677419354,1.0042137494529273
0.3882,108657,27.5,0.49581204301075266,0.970281237400795,-0.6617103785990974,97.2,39343336,98.09,93.80307526881721,1.003820962708619,0.2427357348802628,382.07,550460032,401.59,367.66296774193546,1.0034259978133526,-0.0038297963678874947,3221.22,3168.8,3042.106,1.0050936955935603
0.45,154245,27.5,0.48574473118279576,0.9796953059735611,-0.6249556430490546,101.7,24217992,98.09,94.40337634408603,1.0063995884308536,0.24402498893136015,384.5,181020000,401.59,368.97668817204294,1.0035731649509765,-0.009749789815254761,3240.02,3221.22,3057.8861290322575,1.0051872383908573
0.454,148546,27.5,0.47696774193548386,0.9819308606272685,-0.6830733722734945,101.74,29229140,101.7,94.95496774193549,1.005842920234537,0.17852052472736468,374.88,281289984,401.59,369.5510967741935,1.0015567612279146,-0.08216269208166249,3234.85,3240.02,3072.2833333333333,1.004708221200386
0.5583,403536,27.5,0.4758466666666667,0.9976495784300465,-0.5489862492048063,99.66,45247356,101.74,95.33387096774193,1.00399034652759,0.14731908437374908,373.89,404449984,401.59,370.02791397849467,1.0012902605579128,-0.09529707750958893,3265.35,3240.02,3087.870838709677,1.005073589797928
0.7245,241692,27.5,0.48622258064516133,1.0218051626822953,-0.4739334422477638,101.85,34521880,101.74,95.82139784946237,1.0051138894998337,0.10733062210769395,383.98,415889984,401.59,371.127935483871,1.0029728068175967,-0.06723351993481907,3329.62,3265.35,3106.7910967741936,1.0061272828601933
0.7027,159211,27.0,0.49567698924731185,1.0194446103050285,-0.4577971069383949,103.75,24950144,101.85,96.40195698924732,1.006058762998814,0.057007624444781024,375.28,384900000,401.59,371.61898924731184,1.001323138779086,-0.098066166105504,3295.47,3329.62,3122.692731182796,1.005118346845114
0.7459,231268,23.5,0.5084503225806452,1.0257694700589788,-0.25706677374343845,105.31,33613900,103.75,97.05475268817206,1.0067716021470139,0.11653804892281405,361.99,607840000,401.59,371.2351182795699,0.9989670308061506,-0.0977781028485446,3225.52,3329.62,3133.320795698925,1.0034034935330007
0.6896,194478,21.0,0.5179356989247311,1.0186554633222433,-0.28501063085344003,101.8,38426352,105.31,97.44984946236558,1.0040708647773584,0.024870992281652127,377.27,526510016,401.59,371.8522580645161,1.0016623960249402,-0.07348882596390682,3327.71,3329.62,3150.0361505376345,1.0053347090606408
0.616,99647,20.25,0.5229907526881721,1.0097600025909308,-0.30129628449429624,101.47,28232176,105.31,97.80589247311828,1.0036536024705733,-0.06697339019647619,380.03,399000000,401.59,372.62331182795697,1.0020735486923065,-0.09891147834311087,3380.16,3329.62,3169.4602365591404,1.0061663057480121
0.6653,129239,20.25,0.5317296774193548,1.016709520553212,-0.21314236875267545,112.85,38596872,105.31,98.88113978494624,1.0109936864194915,0.11293598535428995,378.91,337100000,401.59,373.29320430107526,1.0017977739230324,-0.07929811328260628,3337.75,3380.16,3185.2803440860216,1.0049914200987282
0.5,182776,20.0,0.5301303225806451,0.9969921655558668,-0.3446362015880732,101.55,72182144,112.85,99.17954838709677,1.0030178515619816,0.1594904553701919,330.67,739129984,401.59,370.8319139784947,0.9934065493445323,-0.08662882790726001,2954.22,3380.16,3175.6858494623652,0.9969878649326832
0.4986,92590,20.0,0.5289782795698925,0.9978268682969417,-0.2922308978525424,117.8,66792532,112.85,100.50081720430109,1.0133219886427332,0.22898821739953568,335.02,661560000,401.59,368.7123225806452,0.9942842260389368,-0.09201488382688594,2972.37,3380.16,3167.2146451612903,0.9973324803829355
0.4081,99953,20.0,0.5223744086021505,0.9875157993762775,-0.30933839796671714,87.77,76016104,117.8,99.8372258064516,0.9933971542091989,0.018798240134035638,290.78,879489984,401.59,363.79578494623655,0.9866656541338313,-0.11787360142844439,2711.02,3380.16,3141.766623655914,0.9919651730758904
0.425,185534,20.0,0.5172049462365592,0.9901039134374433,-0.23212544852784567,89.8,71616240,117.8,99.31840860215053,0.9948033691830853,0.22711078400628526,254.16,860099968,401.59,356.6533548387096,0.9803669245134808,-0.06973827455212611,2304.92,3380.16,3090.5006666666673,0.9836824426730999
0.4874,129584,20.0,0.5163516129032258,0.9983501060081837,-0.06557843077049053,103.97,58488872,117.8,99.72780645161289,1.0041220741977686,0.2604481658075444,278.3,729209984,401.59,351.26055913978496,0.9848794477164993,-0.08290828866556599,2541.47,3380.16,3055.6620000000003,0.9887271771067945
0.3707,108162,20.0,0.5080630107526882,0.9839477558636172,-0.3539952425489249,105.98,48837804,117.8,100.25423655913978,1.0052786692724693,0.37382453209016175,267.86,605809984,401.59,345.3576129032259,0.9831949642993936,-0.08596879165477844,2488.65,3380.16,3018.2435268817203,0.9877543808450411
0.405,112840,20.0,0.502296559139785,0.9886501251008998,-0.20587714105108468,127.48,40914784,117.8,102.14451612903224,1.0188548597522598,0.4334787779338579,323.19,518009984,401.59,343.2168602150538,0.9938013450169059,-0.05253641265720155,2789.82,3380.16,3001.3092688172046,0.9943893665591619
0.4775,200899,20.0,0.5013440860215054,0.9981037634024195,-0.1781699392581454,131.64,52535208,127.48,104.2305806451613,1.0204226775473082,0.47313499521652824,316.31,487500000,401.59,340.7314193548387,0.9927583952062908,-0.096774476396989,2874.56,3380.16,2990.31,0.9963351764739862
0.5599,153242,18.75,0.5058260215053764,1.0089398391420912,0.03191641617267549,141.9,43519928,131.64,106.90423655913979,1.0256513577630406,0.6665478403081879,313.51,435590016,401.59,338.17245161290316,0.9924897805233787,-0.09180095309846281,2836.74,3380.16,2977.123440860215,0.9955902367514455
0.5154,146386,18.75,0.507361935483871,1.0030364471442643,-0.05823377507874805,137.85,35759072,141.9,109.21356989247312,1.0216018878920274,0.6267196314831192,319.47,479409984,401.59,336.10234408602156,0.9938785447572436,-0.053690040129309,2830.71,3380.16,2963.816774193548,0.9955303611250926
0.5109,119564,18.75,0.5086260215053764,1.002491487699604,0.056156699509098074,146.4,39618504,141.9,111.98090322580646,1.0253387315885556,0.7357961194018644,330.32,415420000,401.59,334.80417204301074,0.99613756920815,-0.06744101952199077,2929.8,3380.16,2957.1638709677422,0.9977552919992444
0.5035,165352,18.425,0.5093227956989246,1.001369914562149,0.0428672347934862,152.52,37626312,146.4,115.02651612903226,1.0271976097306914,0.8551514932960783,320.14,445880000,401.59,332.91189247311826,0.9943481003885178,-0.07117985105305824,2863.7,3380.16,2946.333483870968,0.9963375762827679
0.56,201264,18.0,0.5135389247311828,1.008277911508894,0.171526675361948,143.57,37757720,152.52,117.3677634408602,1.0203539791573069,0.6871215275291198,332.86,446380000,401.59,331.92726881720426,0.9970423896587188,-0.06667874997828271,2955.45,3380.16,2941.685892473118,0.998422584740223
0.5779,122859,16.75,0.5186787096774192,1.0100085596217014,0.2393147193193963,134.11,60921788,152.52,118.99361290322581,1.0138526066672886,0.5350382317727888,348.38,475769984,401.59,332.0137634408602,1.0002605830607536,-0.051139789054417184,3044.31,3380.16,2942.9155053763443,1.0004179959887534
0.5901,207340,16.75,0.52430688172043,1.0108509794946299,0.3196677358791211,125.25,53481360,152.52,119.96275268817205,1.0081444689450216,0.4308382424870989,375.02,567649984,401.59,333.86552688172037,1.0055773695092312,-0.03896400441902759,3193.93,3380.16,2953.846623655914,1.0037143840044336
0.6573,180317,16.5,0.5339176344086022,1.0183303958487746,0.47913636268584936,126.25,60643568,152.52,120.91769892473117,1.0079603561535586,0.46666148772752314,345.02,529870016,401.59,333.7869677419355,0.9997646982588511,-0.0626558731431347,3041.31,3380.16,2954.71440860215,1.000293781315281
0.7212,102489,16.5,0.5471729032258065,1.0248264300764043,0.8267129395999138,128.27,64319808,152.52,121.92681720430107,1.0083454968837777,0.4659920012975861,351.93,519009984,401.59,334.2258279569892,1.0013147913413833,-0.04973856601926929,3097.74,3380.16,2959.393053763441,1.001583450890438
0.96,343481,16.5,0.5751159139784946,1.051067972459807,2.3500215796288297,133.35,61711916,152.52,123.18580645161292,1.010325778005033,0.5600564344395857,343.27,529300000,401.59,334.1489892473118,0.9997700994260466,-0.043195991689189084,3009.05,3380.16,2958.376752688172,0.9996565846250208
0.8111,241340,16.5,0.5919901075268817,1.029340508823093,1.2249636126123518,137.04,36720088,152.52,124.59544086021505,1.0114431560681127,0.5145329788804006,362.11,353529984,401.59,335.35638709677414,1.003613351793109,-0.030065326119796176,3130.01,3380.16,2965.448043010753,1.002390260238543
0.7828,166653,16.5,0.6060647311827956,1.0237750994095365,0.91594538479539,139.86,45721356,152.52,126.09627956989249,1.012045695246275,0.4880822842554432,364.88,460460000,401.59,336.77083870967743,1.0042177565936596,-0.03870903455101049,3185.04,3380.16,2976.103849462366,1.0035933209070136
0.6478,207450,16.5,0.6106176344086022,1.0075122391908884,0.6719840033117854,142.24,36016348,152.52,127.66081720430111,1.0124074845010906,0.5495944284250247,384.72,414500000,401.59,339.4925591397849,1.0080818174178487,0.00584625253477733,3224.73,3380.16,2989.2853763440853,1.004429121948853
0.6351,683189,16.5,0.6137929032258064,1.0052000935418113,0.4495995433250659,150.65,40699468,152.52,129.67107526881722,1.0157468682132826,0.5781349651795845,386.76,355760000,401.59,342.3401935483871,1.0083879140556649,0.013405494639299076,3215.63,3380.16,3001.8722580645153,1.0042106658066297
0.805,478908,16.5,0.6275313978494622,1.0223829479804227,0.8630820912035082,155.97,44718332,152.52,131.91929032258062,1.0173378299601719,0.5925919947485822,379.77,409320000,401.59,344.732,1.0069866363830131,0.0018319077246069515,3271.12,3380.16,3018.0915913978497,1.0054030724624479
0.85,174619,16.5,0.6434182795698925,1.0253164730480009,0.6923118676776319,155.29,36452776,155.97,134.00701075268816,1.015825740306838,0.6143696826089436,388.01,485910016,401.59,347.6449032258064,1.008449761628762,0.011449409200196659,3351.28,3380.16,3039.4045376344084,1.00706172943767
0.79,160715,16.5,0.65480688172043,1.0177001532473564,0.2883503378193003,144.26,36600004,155.97,135.26348387096775,1.0093761745092458,0.5119603573211821,393.93,372870016,401.59,350.90937634408607,1.009390251627418,0.012929344380321561,3372.85,3380.16,3061.9243010752693,1.0074092682175135
0.9964,9463652,16.5,0.679370752688172,1.0375131533486688,0.6049464719225087,148.61,31928632,155.97,136.7093978494624,1.0106896106555554,0.5367897811983723,388.97,312969984,401.59,353.83245161290324,1.0083300004669893,0.005621918231912382,3397.16,3380.16,3085.9194838709677,1.0078366348858696
1.14,430381,16.5,0.7125675268817203,1.0488640025526466,0.6885467949320394,150.44,23828644,155.97,138.17690322580646,1.0107344878949727,0.4988587218905959,401.66,287510016,401.59,357.54479569892476,1.0104918134814918,0.022008985594915265,3508.01,3397.16,3116.8475913978496,1.0100223313305912
1.075,248866,16.5,0.7407232258064517,1.0395130255906329,0.7617950947259,147.04,35656616,155.97,139.328,1.0083306019119016,0.5385972504603155,404.85,427340000,401.66,361.37763440860215,1.0107198839300262,0.04327882761459234,3426.96,3508.01,3141.9391612903223,1.0080503037625974
1.12,229615,16.5,0.7709533333333334,1.040811610158395,0.9803312960651929,148.7,21627732,155.97,140.48890322580647,1.0083321602679036,0.6168959133132917,408.16,298710016,404.85,365.36470967741934,1.0110329884563611,0.08561459778985403,3340.97,3508.01,3161.2695483870975,1.0061523747292538
1.24,297739,16.4925,0.807841505376344,1.0478474772052921,1.0358213121508946,144.68,36341152,155.97,141.2888817204301,1.0056942468497874,0.43464910343490537,411.95,493680000,408.16,369.53580645161287,1.0114162552203692,0.09267423084512783,3319.47,3508.01,3179.29711827957,1.0057026361139214
1.1,139969,16.4925,0.834461505376344,1.0329520083120745,1.3636822497296,137.46,36405816,155.97,141.55460215053765,1.001880688889826,0.40781302200607317,392.92,429889984,411.95,372.40810752688174,1.0077727273653114,0.07172931500498336,3298.46,3508.01,3196.0085161290317,1.0052563183709313
1.08,212157,16.4925,0.8585008602150538,1.0288082250455255,1.294316427036164,139.36,29294042,155.97,141.86567741935485,1.0021975637958163,0.23614130659155375,397.67,377380000,411.95,375.45298924731185,1.0081761961109033,0.06048182729367357,3348.44,3508.01,3215.2041290322577,1.0060061206991011
1.1,180443,15.3575,0.8825802150537635,1.0280481429368373,1.8469753676363063,140.71,25163034,155.97,142.21748387096773,1.0024798560019061,0.5533232753500761,418.02,398200000,411.95,379.6760430107527,1.0112478895744232,0.1549906225795814,3477.13,3508.01,3241.893569892472,1.0083010097614697
1.065,86830,15.0,0.9029135483870968,1.0230385102526853,1.7138443943715664,140.58,21025492,155.97,142.44705376344083,1.0016142170865672,0.2337729770300978,416.43,304049984,418.02,383.52288172043006,1.0101318973911884,0.12698931523202095,3483.81,3508.01,3267.366430107527,1.0078574017517483
1.07,123558,14.075,0.9221931182795701,1.0213526200010101,1.3562707703622423,136.24,22464946,155.97,142.28741935483873,0.9988793421528591,0.1713902208614253,414.64,320680000,418.02,386.90526881720433,1.008819257619262,0.12636534472671102,3465.39,3508.01,3289.1156559139777,1.006656500356385
0.957,102511,14.075,0.9329294623655912,1.0116421862983,1.799340781586278,140.33,35726744,155.97,142.32225806451612,1.0002448474351096,0.1616108861599186,396.87,396940000,418.02,388.84800000000007,1.0050212063245734,0.16768286596523407,3269.96,3508.01,3296.2695698924726,1.0021750265806653
1.06,78792,14.075,0.9490501075268817,1.0172795970237816,1.8023634898383483,151.74,38244504,155.97,143.0193548387097,1.0048980165412889,0.18921592609431603,427.15,398340000,418.02,392.46683870967746,1.0093065637721614,0.06372341142967719,3509.44,3508.01,3317.1935698924735,1.0063477818049582
1.09,111781,14.075,0.9656976344086021,1.0175412517734201,1.4778336242001169,145.86,36709628,155.97,143.2849247311828,1.0018568807891255,0.02505000153693926,433.23,458020000,427.15,396.2543655913978,1.0096505653679497,0.12243780963756712,3585.15,3509.44,3341.454516129033,1.007313696269267
0.998,332602,14.075,0.9750924731182797,1.0097285510235625,0.9647131705937313,136.63,28026292,155.97,142.9244301075269,0.9974840715146256,-0.1513869284651872,437.84,356880000,433.23,400.087870967742,1.0096743549326523,0.14247978320892574,3557.54,3585.15,3362.4060215053764,1.0062701752411147
1.02,153188,14.075,0.9849645161290325,1.0101242120956822,1.1435190858403286,130.5,33266394,155.97,142.17978494623657,0.9947899378662549,-0.17044920412161246,449.53,313100000,437.84,404.40819354838703,1.010798434279437,0.12179820031161581,3638.35,3585.15,3387.0209677419343,1.0073206347119072
1.05,167920,14.075,0.9956868817204301,1.0108860425079444,1.2014961953341428,132.4,39454244,155.97,141.57352688172043,0.9957359756540257,-0.21189848688112312,449.7,440329984,449.53,408.45978494623654,1.0100185690163688,0.09882264361203541,3699.12,3638.35,3413.8196989247317,1.0079121834314075
1.08,132135,14.075,1.007185376344086,1.011548303823977,1.2769335119861238,131.14,30136904,155.97,140.91608602150538,0.9953561878785127,-0.3091483503050536,444.19,331289984,449.7,411.89916129032264,1.0084203548815431,0.10821166082926337,3663.46,3699.12,3436.663333333334,1.0066915175443498
1.0,329275,14.075,1.0122827956989247,1.0050610537787408,0.8865002311604252,134.7,35299804,155.97,140.5343010752688,0.9972906929434704,-0.1712354285239247,452.71,406769984,449.7,415.62144086021505,1.0090368709618924,0.1049529278944521,3709.41,3699.12,3460.7515698924735,1.0070091929941172
1.07,164529,14.075,1.0209501075268816,1.0085621447532087,0.9483466934419926,134.16,16990280,155.97,140.13675268817207,0.9971711647330583,-0.044663807744678596,450.45,202370000,452.71,418.94017204301076,1.0079849855097152,0.07659737889448892,3703.06,3709.41,3482.808709677419,1.0063735114582728
1.04,119272,14.075,1.0266236559139785,1.0055571259998595,0.8534691226158722,132.65,15986351,155.97,139.64167741935483,0.9964671989373205,0.06566393824094974,455.71,222430000,452.71,422.378752688172,1.008207808356961,0.03915925309299029,3756.07,3709.41,3506.869182795699,1.0069083533216812
1.14,222143,14.075,1.0377812903225807,1.010868281033977,0.8769395657793119,138.14,40743600,155.97,139.4848817204301,0.9988771568644663,0.08385111714392379,481.58,563590016,455.71,427.31283870967746,1.0116816624655078,0.13822663698545767,3824.68,3756.07,3534.1472043010754,1.0077784542517865
1.25,220933,14.075,1.0549976344086023,1.016589568771923,0.8499066114720137,136.11,29596508,155.97,139.17154838709678,0.9977536394663807,0.02402969682595768,474.04,457540000,481.58,431.4667956989247,1.0097211143989744,0.13052106088355386,3768.25,3824.68,3556.099913978494,1.0062116002555588
1.17,130510,14.075,1.065915483870968,1.010348695680712,0.3141048085901027,136.03,22873784,155.97,138.83619354838712,0.9975903491583143,-0.07481776642326499,468.43,347260000,481.58,434.9962150537635,1.0081800485924335,0.08797214138277876,3841.47,3824.68,3581.3345376344087,1.0070961514767123
1.36,379096,14.075,1.0886397849462366,1.0213190458522503,0.7492493578132076,132.17,32961544,155.97,138.2460430107527,0.9957493033873134,-0.07066206381802909,444.85,685100032,481.58,436.73518279569896,1.0039976617767135,0.04183974826466397,3714.24,3841.47,3596.570623655914,1.0042543040482248
1.75,9797398,14.075,1.135344946236559,1.0429023097779115,1.3257821602587083,131.41,43627604,155.97,137.61733333333333,0.9954522410643576,-0.1473860860939824,462.08,689640000,481.58,439.4078279569892,1.006119601228785,0.0460494878069333,3886.83,3841.47,3621.6851397849455,1.006982906428653
2.13,1269305,14.075,1.2044862365591398,1.060898928164317,2.2863577729911375,131.55,26988192,155.97,137.01582795698926,0.9956291452408315,-0.17411036582484973,467.06,415569984,481.58,442.1927311827957,1.0063378552875464,-0.006178697249238585,3934.83,3886.83,3648.3872043010747,1.007372828803587
5.67,8150679,14.075,1.4988270967741937,1.2443704637554833,7.974884984283356,126.65,35268364,155.97,136.12118279569893,0.9934704977181821,-0.2568740219190938,471.21,394310016,481.58,445.0683010752687,1.0065029786554414,0.0034396812819941225,3906.71,3934.83,3671.7479784946236,1.0064030413674319
5.41,1598063,14.0,1.7655660215053763,1.177965107052884,5.7445811894425525,121.58,42645652,155.97,134.95105376344085,0.9914037697276382,-0.25358426126680655,461.11,497489984,481.58,447.1106451612903,1.004588832952352,0.049092023894983905,3811.15,3934.83,3687.4573978494623,1.0042784579570407
4.33,1275768,13.0,1.9527243010752688,1.1060046904450027,4.031117922768777,126.3,41513300,155.97,134.15939784946235,0.9941337552253114,-0.19896592990578943,471.73,474000000,481.58,449.6632258064515,1.0057090580883854,0.06935790484116522,3841.94,3934.83,3703.9919139784947,1.0044839883814456
4.19,713387,12.25,2.1233664516129034,1.0873867091445886,4.203838830549384,131.41,34294256,155.97,133.7597634408602,0.9970211970610471,-0.1789411794020893,492.42,424329984,481.58,453.37060215053765,1.008244784388221,0.08087721523527303,3943.34,3934.83,3726.013182795699,1.0059452799381388
5.52,2777308,11.5025,2.3725032258064513,1.1173310306397204,4.3780390357668555,136.51,69838112,155.97,133.71679569892476,0.9996787693037865,-0.16002280722565843,488.32,538860032,492.42,456.60165591397845,1.0071267385845366,0.10354423742778551,3913.1,3943.34,3744.856623655914,1.0050572662885955
4.83,1245173,11.2475,2.5673956989247317,1.0821463469462864,3.0152054488438935,135.7,32699966,155.97,133.64759139784948,0.9994824561812632,-0.2012067763984855,500.55,457750016,492.42,460.40808602150537,1.0083364351798234,0.11321332772255399,3974.54,3943.34,3766.5543870967736,1.0057940171337394
4.96,329044,11.2475,2.7627397849462367,1.0760864739717833,3.4082250789507498,137.17,27857516,155.97,133.70492473118279,1.0004289889008373,-0.18501801557992048,499.3,302120000,500.55,463.9212043010753,1.0076304443519393,0.06028288294263273,4019.87,3974.54,3790.1733763440857,1.0062707150408408
4.65,348954,11.2475,2.9297290322580642,1.060443349830385,3.0592216476283838,136.46,31614708,155.97,133.73767741935484,1.0002449624666998,-0.22656422210874594,502.64,337369984,500.55,467.44668817204297,1.0075993160870476,-0.004330910303155022,4128.8,4019.87,3819.5450322580646,1.007749422782952
3.96,409232,11.2475,3.044610752688172,1.0392124046849354,2.110890599024973,145.11,31133084,155.97,134.3548172043011,1.0046145543788016,-0.17287307091286164,518.94,357580000,502.64,471.8206021505377,1.0093570327679484,-0.0011690358518836597,4185.47,4128.8,3850.8785591397855,1.0082034709938206
3.83,532524,11.2475,3.145255913978495,1.0330568238325575,2.4579641798063983,145.79,27426558,155.97,135.01490322580642,1.0049130059884759,-0.16548710563699864,520.87,353200000,518.94,476.0889462365592,1.0090465402879114,0.05832921392024404,4180.17,4185.47,3880.007784946237,1.0075643065235893
3.93,321994,11.2475,3.2464817204301073,1.0321836471244625,2.653117373486209,138.4,28906756,155.97,135.1803010752688,1.0012250340185465,-0.18935487240827942,521.05,359910016,520.87,480.09374193548393,1.0084118644857905,0.06156532029086992,4181.17,4185.47,3907.305376344086,1.0070354475843475
3.36,362005,11.2475,3.304804301075269,1.0179648572416526,2.0490449044904486,149.19,34522168,155.97,136.04389247311826,1.0063884411484527,-0.09588183558969954,551.57,433320000,521.05,485.8022365591398,1.0118903749935215,0.10221405707558295,4232.6,4185.47,3936.1302150537635,1.0073771655740529
3.16,333926,11.2475,3.3453634408602158,1.012272781105904,1.8667562554363784,156.32,34283092,155.97,137.34924731182795,1.0095951006324493,-0.05981387490796264,551.92,490180000,551.57,491.24610752688164,1.0112059405207763,0.12729030166636002,4173.85,4232.6,3959.540064516129,1.0059474275959759
3.35,364659,11.2475,3.393675268817204,1.014441428804688,2.062646829508499,162.03,52643976,156.32,138.98913978494625,1.0119395810695286,-0.008599968040114314,544.06,439680000,551.92,495.89150537634407,1.0094563555380605,0.1128787665941724,4155.86,4232.6,3980.3053118279568,1.0052443584288786
3.8,774351,11.2475,3.466116129032258,1.021345843216255,2.798646277562768,161.69,34012664,162.03,140.55163440860213,1.011241846852736,-0.12453000473293607,547.32,402969984,551.92,500.46890322580646,1.0092306437997733,0.09341511274209369,4204.11,4232.6,4002.6985806451607,1.0056260178712069
4.29,414917,11.2475,3.5640559139784944,1.0282563484027238,2.9099861818107926,157.5,25807552,162.03,141.79787096774194,1.0088667525239645,-0.222255970454605,550.61,289000000,551.92,504.93501075268813,1.0089238462132113,0.08374279304398247,4229.89,4232.6,4024.7461505376345,1.005508176408557
4.08,456265,11.2475,3.641501075268818,1.0217295023309196,2.5268023140948026,155.42,26288412,162.03,142.89752688172044,1.007755094674367,-0.1558616612652184,539.48,321420000,551.92,508.4175483870967,1.0068970017135814,0.06051932884908062,4247.44,4232.6,4046.376623655914,1.0053743695401485
3.51,2572410,11.2475,3.6757419354838707,1.0094029521088428,2.259009891395964,138.4,59882192,162.03,142.87855913978495,0.9998672633295383,-0.19539504883158165,505.45,580739968,551.92,509.4761075268818,1.002082066488742,-0.016743269916155157,4166.45,4247.44,4061.3576559139788,1.0037023326426122
3.47,510295,11.2475,3.7019999999999995,1.0071436093656756,2.190430022269151,139.01,39049776,162.03,142.89513978494625,1.0001160471190438,-0.16341968580557897,516.09,449460000,551.92,511.0757204301076,1.0031397211362683,-0.028484052097452972,4280.7,4247.44,4082.4001720430106,1.0051811531787629
3.38,237942,11.2475,3.717182795698925,1.0041012414097583,1.9617895545314896,141.04,28695156,162.03,143.02438709677418,1.0009044906077453,-0.14670160796284581,520.31,291020000,551.92,512.8044516129032,1.00338253435585,-0.01957215693771719,4352.34,4280.7,4106.683225806452,1.005948229654147
3.14,209248,10.725,3.7118709677419353,0.998571007063969,1.6648038571115493,142.2,21352874,162.03,143.2098924731183,1.0012970192014778,-0.19650137467111373,521.27,271049984,551.92,514.4432688172043,1.003195793638582,-0.019209213080038312,4369.55,4352.34,4130.67182795699,1.0058413568399414
2.86,167444,10.245,3.6840645161290326,0.99250877741857,1.695218508997429,137.65,26086684,162.03,143.07806451612905,0.9990794772992796,-0.2646278393329735,509.02,320760000,551.92,515.126,1.0013271262822923,-0.04215165445432101,4327.16,4369.55,4150.40711827957,1.0047777434626999
3.09,293328,10.245,3.667096774193549,0.9953942875155422,1.7379594556215565,134.68,32508484,162.03,142.74827956989247,0.9976950698393087,-0.2879246740945687,513.07,407369984,551.92,515.9489247311828,1.0015975212495252,-0.052376525098003945,4411.8,4369.55,4174.274559139784,1.0057506264277294
3.21,249615,10.245,3.6535268817204294,0.99629955430448,1.8709467906395278,140.72,24870656,162.03,142.80705376344088,1.00041173311318,-0.21182666033981423,527.35,345289984,551.92,517.5584731182796,1.0031195886064408,-0.012969969552515614,4395.26,4411.8,4195.550731182796,1.0050969747537153
3.05,210709,10.0025,3.6249677419354835,0.9921831313386977,1.3842802688695697,134.06,24844372,162.03,142.41879569892475,0.997281240286917,-0.34464692555979404,528.18,325360000,551.92,519.067505376344,1.002915674916831,-0.06320673736108051,4436.52,4411.8,4218.11423655914,1.0053779603256003
3.2,270269,9.5525,3.6019784946236557,0.993658082237291,1.285082726671079,132.16,29835324,162.03,141.9167311827957,0.9964747313466235,-0.32026732941662317,542.35,326950016,551.92,521.3905161290322,1.0044753538386186,-0.04159451454892649,4468.0,4436.52,4241.392924731183,1.0055187429421142
2.77,387523,9.5525,3.54705376344086,0.9847515105199054,1.1020072403119752,126.17,28010476,162.03,141.03670967741937,0.9937990292050708,-0.3530840196010099,525.54,361360000,551.92,522.4821075268818,1.002093615752649,-0.03432437588834314,4441.67,4468.0,4261.46806451613,1.0047331478458152
3.05,288731,9.5525,3.506752688172042,0.9886381549430694,1.0148054899937007,130.35,21721952,162.03,140.44756989247313,0.995822791198875,-0.29191670752946164,539.17,295340000,551.92,524.3302365591397,1.0035372101850644,-0.002049570525973987,4509.37,4468.0,4284.620193548388,1.0054328998086455
3.23,273496,9.5525,3.474430107526882,0.990782760143257,0.6212564858710665,133.26,30457910,162.03,140.05008602150536,0.9971698771913813,-0.2743818340032491,534.5,306510016,551.92,525.6742365591398,1.002563270065865,-0.010145095492511524,4535.43,4509.37,4307.743655913979,1.005396852304531
3.14,271895,9.125,3.4331182795698925,0.9881097542104839,0.30155216553407604,127.41,19978668,162.03,139.27120430107527,0.9944385487895345,-0.2560188137572451,525.68,257900000,551.92,526.2934623655914,1.0011779649132224,-0.0075976316713166625,4458.58,4535.43,4324.514215053764,1.0038931191081348
2.89,469534,9.125,3.373505376344086,0.9826359308443998,-0.7016672678914376,123.34,33650116,162.03,138.2386451612903,0.9925859825441532,-0.2572028150907285,508.73,435840000,551.92,525.6930752688172,0.9988592161223597,-0.055087020597877734,4432.99,4535.43,4338.507462365591,1.0032357963498226
2.84,520982,9.125,3.316645161290323,0.9831450646403348,-0.6873855423404245,120.04,34021028,162.03,137.0003010752688,0.9910419833428152,-0.25007291194654846,509.22,418440000,551.92,525.0436129032258,0.9987645597856519,-0.06472926444137572,4455.48,4535.43,4352.819892473119,1.0032989294663386
2.58,386874,8.125,3.2485376344086023,0.9794649341217967,-0.5998515063361389,118.62,32966660,162.03,135.6736559139785,0.9903164799575045,-0.28724904828982456,504.57,396120000,551.92,523.9906881720431,0.9979945956768036,-0.06445939915820298,4357.05,4535.43,4359.396344086021,1.0015108485476907
2.44,386800,8.125,3.1751612903225803,0.9774124999172497,-0.5895086786993589,119.92,31220786,162.03,134.4473978494624,0.9909617084005342,-0.23876373833637787,509.59,395750016,551.92,523.1910107526882,0.9984738709343393,-0.07874573912971394,4391.36,4535.43,4367.078580645161,1.0017622248478422
2.47,204771,7.25,3.107483870967742,0.9786853601544246,-0.7112100757793356,125.95,35952788,162.03,133.6348817204301,0.9939566243599444,-0.2814198742857805,528.15,393480000,551.92,523.5518279569892,1.000689647178345,-0.06110157228284496,4471.37,4535.43,4378.959268817204,1.0027205116538773
2.42,243142,6.9975,3.043139784946237,0.9792938310564853,-0.6318587517847684,127.1,26755900,162.03,132.9192688172043,0.9946450141309447,-0.2557551297345215,532.71,326729984,551.92,524.1211827956989,1.0010874851510527,-0.07925407339381296,4544.9,4535.43,4394.383247311828,1.0035222932089045
2.23,254233,6.9975,2.9717204301075277,0.9765310304863399,-0.6193770591598823,120.1,37188960,162.03,131.7705376344086,0.9913576775360127,-0.315476404212895,534.41,390230016,551.92,524.7310537634409,1.0011636067912555,-0.0753355181100035,4605.38,4544.9,4412.482580645161,1.0041187425662985
2.25,211045,6.9975,2.9074623655913983,0.9783768136917899,-0.6804458740934913,125.64,34358676,162.03,131.01593548387098,0.9942733621332619,-0.2739608967429603,551.47,434680000,551.92,526.3660645161291,1.0031159024055498,-0.04059998164159406,4697.53,4605.38,4435.267913978494,1.0051638353051586
2.22,390249,6.9975,2.8464301075268814,0.9790084099499247,-0.6703071630869463,130.47,32302204,162.03,130.59621505376342,0.9967964169506752,-0.2645801470148018,565.33,406900000,551.92,528.7902580645161,1.0046055278100336,-0.02944115755339638,4682.85,4697.53,4455.883075268817,1.004648008122655
1.83,301834,6.9975,2.7639784946236565,0.9710333260299643,-0.8232458430671981,126.05,24368828,162.03,129.92281720430105,0.9948436648858074,-0.27522223662059986,554.03,347240000,565.33,530.3856559139784,1.0030170711830089,-0.06020544989637022,4697.96,4697.53,4476.403440860216,1.0046052298152282
1.74,342067,6.9975,2.6800215053763443,0.9696245866562924,-0.8864279173655564,124.38,21228716,162.03,129.18412903225803,0.9943144076772792,-0.21850270489755952,541.52,251880000,565.33,531.1026451612903,1.0013518262406178,-0.05959774825039532,4594.62,4697.96,4489.143182795699,1.0028459771563922
1.5,277585,6.9975,2.5852903225806454,0.9646528273725937,-0.8949281025320412,121.34,42200504,162.03,128.2794623655914,0.9929970757751463,-0.31451755105323453,534.01,481860000,565.33,531.2910967741935,1.0003548308686092,-0.1040922181361561,4538.43,4697.96,4497.368623655913,1.0018322963927142
1.49,152718,6.9975,2.493913978494623,0.9646552871497968,-0.8191462629569929,124.02,31098276,162.03,127.60759139784946,0.9947624432208242,-0.37695710124062254,552.89,356230016,565.33,532.7353763440861,1.002718433601959,-0.12718100892163098,4712.02,4697.96,4516.135720430108,1.0041729060578848
1.37,605991,6.9975,2.3983870967741936,0.9616959997240596,-0.8974031576222933,130.59,67380992,162.03,127.42905376344088,0.9986008854766959,-0.3724772245002457,548.5,479550016,565.33,533.8943440860215,1.0021755036241236,-0.10367639650992122,4620.64,4712.02,4527.849978494624,1.002593867587177
1.44,323033,6.9975,2.3116344086021505,0.963828737951132,-0.8345545399758938,131.52,23846312,162.03,127.37812903225806,0.9996003679719905,-0.3466775582421743,555.32,264850000,565.33,535.4837634408602,1.0029770297671154,-0.10946903849147849,4725.78,4712.02,4545.347935483872,1.0038645178334873
1.29,217248,6.9975,2.2202795698924733,0.9604804123135892,-0.8791278568714344,136.59,25504896,162.03,127.71918279569893,1.0026774907594576,-0.3001714956742637,569.63,221980000,565.33,537.9792043010752,1.0046601615783457,-0.09224229664748163,4766.18,4725.78,4564.33047311828,1.0041762562302916
1.42,569320,6.9975,2.1437634408602153,0.9655376151409781,-0.8079022211540386,130.64,36870616,162.03,127.72133333333333,1.0000168380159293,-0.24790549583371913,561.17,367569984,569.63,539.8879354838709,1.0035479646193304,-0.06093318521145896,4677.02,4766.18,4576.407440860215,1.002645945076296
1.53,296156,6.7125,2.080064516129032,0.9702864021668253,-0.7100049276987646,134.14,26415636,162.03,128.0025806451613,1.00220203864529,-0.12664446387136707,557.86,370209984,569.63,541.5364731182796,1.0030534811505487,-0.01545241401123465,4662.85,4766.18,4586.646387096775,1.0022373327482037
1.45,241775,6.7125,2.015462365591398,0.968942237110098,-0.7421898461810006,138.18,42229072,162.03,128.55363440860216,1.004305020732109,-0.05691641571971351,527.96,366460000,569.63,541.1432688172043,0.9992739098461622,-0.0043858435802197615,4397.93,4766.18,4578.7261935483875,0.9982732059810261
1.37,217591,6.7125,1.950043010752688,0.9675412669789476,-0.6829790248895197,131.47,41083368,162.03,128.67356989247313,1.0009329606620825,-0.11654464001315934,523.05,529169984,569.63,540.4077634408602,0.9986408305919582,-0.013002242447225365,4431.85,4766.18,4572.742279569893,0.9986931050852252
1.5,162769,6.7125,1.8973333333333335,0.9729699923905734,-0.5960496073871869,134.01,35142112,162.03,128.9779569892473,1.002365575906758,-0.07703067338597658,521.99,465590016,569.63,539.5979784946237,0.9985015297687796,-0.028596673379238657,4500.54,4766.18,4571.018989247312,0.9996231385419903
1.44,118666,6.355,1.8442795698924732,0.9720377213066442,-0.7418135825772108,140.62,41083684,162.03,129.72640860215054,1.0058029420714552,0.03673322029457571,527.95,457009984,569.63,539.1711612903226,0.9992090088893739,0.016048221619527903,4418.64,4766.18,4563.730129032258,0.9984054189597114
1.35,89848,6.2075,1.78847311827957,0.9697407852237082,-0.6954662965625351,149.87,45482036,162.03,131.06524731182796,1.0103204792617315,0.1466308465375047,526.6,422510016,569.63,538.6165376344086,0.9989713402797977,0.04063468988989927,4348.87,4766.18,4551.743247311828,0.9973734464173997
1.36,93895,6.1325,1.73705376344086,0.9712495791448221,-0.8067396967513911,150.38,43930288,162.03,132.40432258064516,1.010216859894456,0.0791282714215028,529.22,416489984,569.63,538.2018494623657,0.9992300864472817,0.00596682171589813,4384.62,4766.18,4542.198150537634,0.9979029799671081
1.63,324284,6.1325,1.707032258064516,0.9827169970163298,-0.3974136685701555,163.99,58050024,162.03,134.600688172043,1.0165883224096408,0.22366911705579717,520.74,586720000,569.63,537.2360430107526,0.9982054939934193,0.01017840661882441,4328.87,4766.18,4529.079161290323,0.997111753205712
1.8,359158,6.1325,1.6910322580645163,0.990627007823425,-0.36980897009966784,170.41,63403432,163.99,137.14688172043012,1.018916645843093,0.3078757610936803,512.53,605009984,569.63,535.7565591397849,0.9972461194846935,0.004034512882405195,4204.31,4766.18,4508.155548387097,0.9953801618037373
1.77,235410,6.125,1.6761075268817207,0.9911741889537472,-0.4209557788415781,164.74,66022924,170.41,139.2450107526882,1.0152984085816479,0.3032129618176751,539.1,613769984,569.63,536.0553978494623,1.0005577882427743,0.020979521743306417,4463.09,4766.18,4504.4944946236565,0.9991879042938635
1.8,115983,5.67,1.665268817204301,0.9935334043290264,-0.5234222797168827,174.89,34179676,170.41,141.9150322580645,1.0191749886832104,0.33219668250473666,561.19,405430016,569.63,537.7502365591399,1.0031616857445647,0.03337387627188826,4543.04,4766.18,4505.945440860215,1.0003221107803084
1.85,417977,5.67,1.6603440860215053,0.997042680958223,-0.78746651973007,183.25,33039524,174.89,145.02862365591398,1.021939827996428,0.3613975858623939,559.73,387950016,569.63,539.3035268817204,1.0028884977020547,0.044903321755865866,4545.86,4766.18,4507.505913978494,1.0003463142505298
1.53,272185,5.67,1.6377419354838707,0.9863870683625624,-0.8688736016230982,181.77,33560448,183.25,147.93922580645162,1.0200691565372857,0.3639233553299148,555.39,368560000,569.63,540.522559139785,1.0022603825068848,0.049855959173818576,4488.28,4766.18,4505.329118279569,0.99951707313524
1.51,204003,5.67,1.6173118279569891,0.9875254415337142,-0.9872437287188398,186.87,23786574,183.25,151.0619569892473,1.0211082028162102,0.46956964221669817,559.23,260380000,569.63,541.9254408602151,1.0025954175208944,0.108380289379576,4392.59,4766.18,4496.914903225807,0.9981323861514084
1.31,143678,5.67,1.5869462365591396,0.9812246526161824,-1.0002463892771387,165.85,12090043,186.87,152.69193548387094,1.0107901322550696,0.3069533421589692,538.4,432910016,569.63,541.8758494623657,0.999908490367659,0.09853345225459464,4271.78,4766.18,4480.793376344086,0.9964149806637086
1.19,235621,5.67,1.5521290322580645,0.9780602496171725,-1.1266121844994872,161.54,32709794,186.87,153.94533333333334,1.0082086709130411,0.3248512801904153,533.97,523409984,569.63,541.4776989247313,0.9992652366071868,0.10993542200518891,4131.93,4766.18,4456.044322580645,0.9944766357908621
0.9,226762,5.67,1.5015913978494622,0.9674397982653031,-1.2625519692647063,161.52,29891608,186.87,155.10513978494623,1.0075338850908953,0.3413750514496874,531.0,514289984,569.63,540.8247096774194,0.9987940606813381,0.1030476521849939,4123.34,4766.18,4431.225204301075,0.9944302353201917
0.8585,357210,5.67,1.451688172043011,0.9667664413382221,-1.16831976324916,144.86,39267608,186.87,155.10064516129032,0.9999710220843606,0.21634369025786837,517.8,535240000,569.63,539.274064516129,0.9971328137684107,0.0804800047886094,4023.89,4766.18,4400.566344086023,0.9930811775972718
0.7699,120523,5.67,1.3995344086021506,0.9640737146962749,-1.100412497574161,148.04,31518104,186.87,155.2606451612903,1.001031588229911,0.27598261273437685,517.15,473049984,569.63,537.7037419354839,0.9970880806551413,0.11238693654086762,3901.36,4766.18,4362.964645161291,0.9914552591678875
0.7996,132816,5.67,1.3528453763440862,0.9666395967322466,-1.0542945376461572,151.13,32617020,186.87,155.5749677419355,1.0020244832830538,0.32071116488359563,547.81,408080000,569.63,538.1449462365591,1.0008205341839116,0.12216517490388523,4158.24,4766.18,4343.319806451613,0.9954973646803522
0.768,156209,5.67,1.30719376344086,0.9662551140717983,-1.0484729194187583,149.52,23629344,186.87,155.71868817204302,1.000923801767042,0.28068625621482424,542.46,386160000,569.63,538.2121720430108,1.0001249213746628,0.10904476323879064,4108.54,4766.18,4321.430107526882,0.9949601457179793
0.7819,218365,5.67,1.2656260215053765,0.968200780100062,-1.0411232294645285,147.45,26993488,186.87,155.67750537634407,0.9997355308076225,0.27638913265484455,511.12,371600000,569.63,536.2768387096773,0.9964041442504225,0.07109929201632115,3900.86,4766.18,4287.408344086021,0.9921271980352978
0.676,242085,5.67,1.2203187096774193,0.9642016590540172,-1.0691124197570163,140.54,42803160,186.87,155.154,0.9966372445712146,0.30686719841203114,468.8,567129984,569.63,531.7277634408603,0.9915173005051597,0.06394319716039132,3674.84,4766.18,4240.486344086022,0.9890558593363931
0.74,170209,5.67,1.1816221505376343,0.9682897927951838,-1.019520234611213,141.47,29311592,186.87,154.65933333333334,0.9968117698114991,0.25936826307230343,481.35,495060000,569.63,528.1716559139786,0.9933121650374813,0.037512838766312506,3911.74,4766.18,4211.0484731182805,0.993057902188791
