46.48,1861466,49.46,43.51645161290323,1.0077035087841613,0.3353294721201241,1994.9,701600000,2165.7,1947.5612903225806,1.0054241541558,0.092855596011445,250.35,1252039040,251.95,232.73890322580644,1.0078963855046916,0.03375058789281726,4180.17,4185.47,3880.007784946237,1.0075643065235893
45.19,1516250,49.46,43.73662365591398,1.0050595127785067,0.234677307989543,2024.2,575560000,2165.7,1958.921075268817,1.0058328253917774,0.16055393119740602,257.55,1126429056,251.95,234.90223655913974,1.0092951083954984,0.07738159668722422,4181.17,4185.47,3907.305376344086,1.0070354475843475
42.61,3495434,49.46,43.7663440860215,1.000679531880223,0.08438255941294526,2039.5,567840000,2165.7,1970.156129032258,1.0057353274234895,0.17511868805085307,257.83,1120376960,257.55,236.94744086021504,1.0087066191068828,0.08116553733758147,4232.6,4185.47,3936.1302150537635,1.0073771655740529
41.72,5083323,49.46,43.722989247311816,0.9990094023246614,0.08883928710415168,1999.9,550409984,2165.7,1977.7449462365591,1.003851886199511,0.12618350510514742,252.8,968390976,257.83,238.54068817204296,1.0067240536806128,0.0636583847307528,4173.85,4232.6,3959.540064516129,1.0059474275959759
41.76,4281050,49.46,43.66645161290323,0.9987069128762265,0.01945235127291345,1955.8,767550016,2165.7,1981.5012903225809,1.001899306628577,0.07965088892952488,251.18,1795272960,257.83,239.91664516129035,1.0057682276335809,0.028296324461045907,4155.86,4232.6,3980.3053118279568,1.0052443584288786
43.66,5216232,49.46,43.72240860215054,1.0012814640800987,0.19217614383320636,2013.3,542000000,2165.7,1988.0535483870965,1.0033067140034255,0.10185225914196239,257.37,1014369024,257.83,241.59182795698928,1.0069823533693243,0.023761524700327108,4204.11,4232.6,4002.6985806451607,1.0056260178712069
44.0,3439195,49.46,43.78075268817204,1.001334420675503,0.09377209469080161,1989.3,365240000,2165.7,1991.8683870967743,1.001918881265936,0.020559535527152617,258.81,675211008,257.83,243.22911827956992,1.0067770931509825,0.01851450643434327,4229.89,4232.6,4024.7461505376345,1.005508176408557
45.87,4331525,49.46,43.94782795698924,1.0038161808228192,0.06503177118845982,1997.4,472560000,2165.7,1995.2679569892473,1.0017067241563224,-0.013274765948488199,260.93,787097984,258.81,244.90139784946234,1.0068753263660246,0.03937249774301099,4247.44,4232.6,4046.376623655914,1.0053743695401485
44.34,4024632,49.46,44.00632258064517,1.0013310014709527,-0.044557397235567064,1970.1,515369984,2165.7,1996.1662365591396,1.0004502049796098,-0.0448132450567742,258.06,934726976,260.93,246.28578494623656,1.005652834605808,0.05059889449934585,4166.45,4247.44,4061.3576559139788,1.0037023326426122
47.42,5110721,49.46,44.25896774193548,1.005741110514911,0.0039044722944960863,2041.2,500560000,2165.7,2001.0561290322582,1.0024496419103588,-0.0639607800878339,264.16,871539008,260.93,247.9629892473118,1.0068099923080878,0.040833479886044355,4280.7,4247.44,4082.4001720430106,1.0051811531787629
46.54,2517407,49.46,44.443311827957,1.0041651239381901,0.008304134967467736,2060.5,410200000,2165.7,2006.570537634409,1.0027557490877668,-0.06914087920094669,269.14,783276032,264.16,249.86004301075266,1.007650552081177,0.04129521689300275,4352.34,4280.7,4106.683225806452,1.005948229654147
46.89,2314070,49.46,44.63913978494623,1.004406241320343,0.00400371519417142,2052.6,300849984,2165.7,2011.021505376344,1.0022181964991783,-0.19053807602875916,267.97,637466688,269.14,251.57806451612905,1.0068759353623518,0.01858953105411132,4369.55,4352.34,4130.67182795699,1.0058413568399414
45.6,1852066,49.46,44.74163440860215,1.0022960707609891,-0.022419285732818484,2025.2,366400000,2165.7,2013.3391397849464,1.001152466247828,-0.20202584213794883,267.3,754379712,269.14,253.15232258064518,1.006257533094326,0.04736053965470122,4327.16,4369.55,4150.40711827957,1.0047777434626999
46.41,2863093,49.46,44.891161290322586,1.0033420075886115,0.003699021896049537,2052.9,369940000,2165.7,2017.1045161290324,1.0018702146447558,-0.19703741783084405,275.96,934770240,269.14,255.184,1.0080255136458707,0.07622292118632967,4411.8,4369.55,4174.274559139784,1.0057506264277294
46.69,3003038,49.46,45.050731182795694,1.0035545948887605,0.04264860429874906,2048.4,492950016,2165.7,2020.1974193548385,1.001533338109689,-0.21027041947389957,273.3,948487296,275.96,256.91877419354836,1.006798130735267,0.06134966410121856,4395.26,4411.8,4195.550731182796,1.0050969747537153
48.86,1915980,49.46,45.34277419354838,1.006482536533485,0.13881984666578107,2055.5,424120000,2165.7,2023.4896774193548,1.0016296714533808,-0.24375755909613472,275.34,844438528,275.96,258.67466666666667,1.0068344264782905,0.0841094155573654,4436.52,4411.8,4218.11423655914,1.0053779603256003
47.66,2695219,49.46,45.54305376344086,1.0044170118272335,0.1849555961238658,2065.0,411310016,2165.7,2027.1004301075268,1.001784418635027,-0.18424550497841619,277.4,645330752,275.96,260.4472903225806,1.0068527145651962,0.11396639055248459,4468.0,4436.52,4241.392924731183,1.0055187429421142
48.2,2369236,49.46,45.76144086021505,1.0047951790389054,0.1849677272324901,2049.5,381680000,2165.7,2029.281935483871,1.0010761703485151,-0.1924084402810018,276.32,716272000,277.4,262.01268817204306,1.0060104209474539,0.06565566749097362,4441.67,4468.0,4261.46806451613,1.0047331478458152
49.49,2420841,49.46,46.04655913978495,1.0062305354510324,0.15145342034801845,2083.3,313510016,2165.7,2033.28688172043,1.0019735780260637,-0.15507378673828076,284.06,673705984,277.4,263.9695268817204,1.0074684883519551,0.08555331302135905,4509.37,4468.0,4284.620193548388,1.0054328998086455
50.16,2084060,49.49,46.35539784946236,1.0067070963704339,0.07531990707136349,2111.6,343700000,2165.7,2038.6266666666666,1.0026261837393642,-0.21017772672662582,286.77,763848000,284.06,265.9603655913979,1.0075419262715484,0.05639373696821148,4535.43,4509.37,4307.743655913979,1.005396852304531
47.47,1783331,50.16,46.47610752688172,1.0026040047765603,-0.028475402633050706,2071.4,291960000,2165.7,2041.0432258064518,1.0011853858184523,-0.2010783511452079,283.32,615651968,286.77,267.6160645161291,1.0062253596360102,0.059569094618247886,4458.58,4535.43,4324.514215053764,1.0038931191081348
47.55,3649748,50.16,46.59359139784947,1.002527833702506,-0.015180906093678947,2040.6,548179968,2165.7,2041.3705376344087,1.0001603649662185,-0.21239766952970607,279.82,1031019008,286.77,268.9475268817204,1.0049752707035682,0.054240807415350645,4432.99,4535.43,4338.507462365591,1.0032357963498226
47.16,3433283,50.16,46.67823655913979,1.0018166696052158,-0.03267721736682372,1987.9,745360000,2165.7,2038.2174193548387,0.9984553915022092,-0.251931439222275,277.81,958289024,286.77,270.05367741935487,1.0041128860728321,0.02797966710579347,4455.48,4535.43,4352.819892473119,1.0032989294663386
47.9,2906092,50.16,46.80470967741936,1.002709466500932,-0.025453960679427512,1997.4,730409984,2165.7,2035.7402150537634,0.9987846221519099,-0.2620264021946138,272.81,883832000,286.77,270.7389032258065,1.0025373689149493,0.013486867551002701,4357.05,4535.43,4359.396344086021,1.0015108485476907
48.39,2552728,50.16,46.95348387096774,1.0031786158823275,-0.04493449703697783,1963.2,590110016,2165.7,2031.2150537634407,0.9977771420651513,-0.24483072546656748,272.45,990300032,286.77,271.3254623655914,1.002166512210828,0.024391584019159085,4391.36,4535.43,4367.078580645161,1.0017622248478422
48.93,2376501,50.16,47.13098924731184,1.0037804516664173,0.002955602566366178,1953.2,645030016,2165.7,2026.4802150537632,0.9976689623775165,-0.2874548980935947,271.29,1077810048,286.77,271.76612903225805,1.0016241257374985,-0.01562610173299217,4471.37,4535.43,4378.959268817204,1.0027205116538773
48.95,1961907,50.16,47.301032258064524,1.0036078812150624,0.00822921896736628,1935.0,637379968,2165.7,2020.9533333333334,0.9972726692916253,-0.21992049394683122,269.62,963441984,286.77,272.0332903225807,1.0009830558770292,-0.0019648073238200947,4544.9,4535.43,4394.383247311828,1.0035222932089045
49.78,2566199,50.16,47.51544086021505,1.0045328524963422,-0.016345115832654633,1869.6,582320000,2165.7,2011.324946236559,0.9952357202227459,-0.2521481377431445,275.13,1144641024,286.77,272.5840430107526,1.0020245782695156,-0.018995487275680567,4605.38,4544.9,4412.482580645161,1.0041187425662985
55.0,4910011,50.16,48.05782795698924,1.0114149650504103,0.10485119786287478,1940.1,817289984,2165.7,2006.5066666666667,0.9976044250935643,-0.2181753960083891,279.05,1165244032,286.77,273.3211827956989,1.0027042660927779,-0.03018602113358848,4697.53,4605.38,4435.267913978494,1.0051638353051586
55.32,3021462,55.0,48.603053763440855,1.0113452028447807,0.15464279323996055,1867.2,698060032,2165.7,1997.0855913978496,0.9953047376192037,-0.23394959376736324,277.7,979772992,286.77,273.91294623655915,1.0021650844431715,-0.016544603025726357,4682.85,4697.53,4455.883075268817,1.004648008122655
52.36,3665272,55.32,48.93595698924731,1.0068494302318276,0.06488248074264269,1803.1,669280000,2165.7,1983.8324731182795,0.9933637705180709,-0.2359671735924146,274.93,1065582976,286.77,274.27058064516126,1.0013056498917479,-0.025685623603225682,4697.96,4697.53,4476.403440860216,1.0046052298152282
49.46,2525831,55.32,49.069118279569885,1.002721133876095,0.065055459291121,1756.0,480590016,2165.7,1967.9531182795697,0.9919956170423252,-0.24969891571773362,265.98,795932992,286.77,273.997935483871,0.9990059263350487,-0.0661522968057211,4594.62,4697.96,4489.143182795699,1.0028459771563922
48.4,6246870,55.32,49.12470967741936,1.0011329202520565,0.16385298026265604,1733.1,961859968,2165.7,1951.17311827957,0.9914733741143847,-0.27807574117266376,258.65,1684669952,286.77,273.2342580645161,0.9972128351332054,-0.06907543366392477,4538.43,4697.96,4497.368623655913,1.0018322963927142
48.54,5641598,55.32,49.17688172043012,1.001062032597309,0.12109384094634468,1703.9,874120000,2165.7,1933.1681720430104,0.9907722456465394,-0.3183370706996891,266.26,1204137984,286.77,272.95978494623654,0.9989954659411165,-0.07569483912266906,4712.02,4697.96,4516.135720430108,1.0041729060578848
48.45,3526759,55.32,49.208580645161284,1.0006445899703722,0.09985066680885035,1704.8,1091960064,2165.7,1915.8578494623657,0.9910456199150275,-0.30677531411369685,262.92,1544376064,286.77,272.44088172043007,0.9980989755472269,-0.06509787104161413,4620.64,4712.02,4527.849978494624,1.002593867587177
50.1,2293786,55.32,49.3323440860215,1.0025150784525296,0.07439514813665826,1744.5,563009984,2165.7,1901.6486021505373,0.9925833498994636,-0.29359807653207937,269.61,820499968,286.77,272.3283440860215,0.9995869282403658,-0.076527725678877,4725.78,4712.02,4545.347935483872,1.0038645178334873
50.85,1476184,55.32,49.490645161290324,1.0032088699250292,0.060526442771665856,1750.9,539350016,2165.7,1888.4303225806455,0.9930490419970632,-0.28725074106567916,267.48,792689984,286.77,272.052064516129,0.9989854909490977,-0.09328632455867747,4766.18,4725.78,4564.33047311828,1.0041762562302916
49.2,2507399,55.32,49.52776344086021,1.0007500059748446,-0.036014858329853405,1741.9,836769984,2165.7,1875.1440860215055,0.9929644020220012,-0.21638284736484414,260.3,1354513024,286.77,271.29391397849463,0.9972132152756024,-0.10355300882741059,4677.02,4766.18,4576.407440860215,1.002645945076296
48.63,2767121,55.32,49.52094623655913,0.9998623559024784,0.025006875758712743,1733.3,708000000,2165.7,1861.8524731182797,0.9929116844927759,-0.216061061368105,261.66,1135126016,286.77,270.6248602150538,0.9975338416051092,-0.10519195126488845,4662.85,4766.18,4586.646387096775,1.0022373327482037
46.58,2834583,55.32,49.37264516129033,0.9970052859135531,-0.10864880889778139,1608.3,705449984,2165.7,1841.0055913978492,0.9888031506140142,-0.2630267509994133,243.22,1226653952,286.77,268.7583870967742,0.9931030980790294,-0.10665584725447186,4397.93,4766.18,4578.7261935483875,0.9982732059810261
45.17,5735322,55.32,49.13518279569892,0.9951904062499453,-0.07719486985835133,1621.1,1058070016,2165.7,1821.9154838709678,0.9896306086108155,-0.26194076004801536,244.55,1753789952,286.77,267.02275268817203,0.9935420269955066,-0.10963342261719966,4431.85,4766.18,4572.742279569893,0.9986931050852252
49.66,9546820,55.32,49.19034408602151,1.0011226434335647,0.0036430898475445783,1652.1,921049984,2165.7,1805.7703225806454,0.9911383588134289,-0.21455412311383026,243.93,1739401984,286.77,265.3,0.9935482925300233,-0.11968945021928057,4500.54,4766.18,4571.018989247312,0.9996231385419903
50.76,4649217,55.32,49.31051612903226,1.0024430006588405,0.037011963960415395,1676.9,885640000,2165.7,1792.0864516129034,0.9924221420650073,-0.15682625577013998,234.52,1571916032,286.77,263.0218494623656,0.9914129267333796,-0.14377463171940663,4418.64,4766.18,4563.730129032258,0.9984054189597114
51.1,4476672,55.32,49.44152688172043,1.0026568521883923,0.04947479770394647,1640.4,905939968,2165.7,1776.7967741935486,0.9914682255392345,-0.16709027856020953,228.72,1292076032,286.77,260.44,0.9901838973923913,-0.15692021037731285,4348.87,4766.18,4551.743247311828,0.9973734464173997
50.78,3707915,55.32,49.541806451612906,1.0020282458131275,-0.024077531592786805,1646.7,789160000,2165.7,1762.8006451612903,0.9921228306829796,-0.18562296358613883,232.93,1117132032,286.77,258.2313548387097,0.9915195624278518,-0.14529234607939134,4384.62,4766.18,4542.198150537634,0.9979029799671081
46.92,5036470,55.32,49.384258064516125,0.9968198901416593,-0.15975958605626417,1585.7,810460032,2165.7,1745.7329032258065,0.990317826362083,-0.22814665410400647,226.71,1244274944,286.77,255.70823655913975,0.9902292334672299,-0.15235348593637665,4328.87,4766.18,4529.079161290323,0.997111753205712
44.12,7552259,55.32,49.05023655913978,0.9932362757188744,-0.21196164198909262,1511.7,819390016,2165.7,1724.9012903225807,0.9880671247790928,-0.2494880403591042,219.59,1265155968,286.77,252.83034408602148,0.9887454056551179,-0.1493819657401928,4204.31,4766.18,4508.155548387097,0.9953801618037373
45.06,3625224,55.32,48.784473118279564,0.9945818112306188,-0.216863075585789,1596.4,771340032,2165.7,1710.7240860215056,0.9917808605161262,-0.22356401050305685,232.31,1386748032,286.77,250.89741935483872,0.9923548546430601,-0.16409436916668363,4463.09,4766.18,4504.4944946236565,0.9991879042938635
46.6,3732978,55.32,48.624817204301074,0.996727321137785,-0.18014401571593552,1599.9,844739968,2165.7,1697.7470967741933,0.9924143294916179,-0.24153446543298585,237.3,983683008,286.77,249.3810752688172,0.9939563185228423,-0.17207978485208197,4543.04,4766.18,4505.945440860215,1.0003221107803084
45.89,3108520,55.32,48.425569892473135,0.9959023535041626,-0.18585586182854796,1598.3,1142029952,2165.7,1685.706451612903,0.9929078687961428,-0.2568195480715937,237.17,998950016,286.77,247.95690322580646,0.9942891735410332,-0.17526058113557885,4545.86,4766.18,4507.505913978494,1.0003463142505298
44.65,1903861,55.32,48.15550537634408,0.9944231009210894,-0.17230145727506518,1558.1,731790016,2165.7,1672.176129032258,0.9919735001502195,-0.31053417143093454,230.73,1825079040,286.77,246.22391397849455,0.9930109255892193,-0.1922818134800286,4488.28,4766.18,4505.329118279569,0.99951707313524
45.38,1511988,55.32,47.93860215053764,0.9954957751120811,-0.14425850024102638,1552.8,609510016,2165.7,1659.4077419354842,0.9923642092031518,-0.28455796273280887,223.81,1528039040,286.77,244.15756989247313,0.9916078659759998,-0.19105090365819966,4392.59,4766.18,4496.914903225807,0.9981323861514084
43.97,3472721,55.32,47.635397849462365,0.9936751534781271,-0.1837600849190275,1430.5,153408992,2165.7,1639.7980645161292,0.9881827251230715,-0.3550658484527287,206.48,2004147968,286.77,241.09361290322582,0.9874509031581667,-0.21552809044879884,4271.78,4766.18,4480.793376344086,0.9964149806637086
41.83,3696529,55.32,47.20098924731183,0.9908805505619297,-0.20089044048041116,1296.0,928630016,2165.7,1612.709677419355,0.98348065674491,-0.388132908308756,198.03,2066535936,286.77,237.63789247311823,0.9856664787237864,-0.22244220020981587,4131.93,4766.18,4456.044322580645,0.9944766357908621
40.25,3808716,55.32,46.67769892473118,0.9889135729796076,-0.2453993124734506,1291.4,872160000,2165.7,1586.8329032258066,0.9839544745369444,-0.3477192945228791,200.13,1630916992,286.77,234.47847311827954,0.9867049007969296,-0.20440971665517893,4123.34,4766.18,4431.225204301075,0.9944302353201917
39.53,6258130,55.32,46.1254623655914,0.9881691563238738,-0.30369032367072646,1296.7,1183020032,2165.7,1562.7427956989247,0.9848187496755896,-0.26991034694796057,199.81,1620925952,286.77,231.45393548387096,0.9871010008117765,-0.16340517258597764,4023.89,4766.18,4400.566344086023,0.9930811775972718
40.19,5018647,55.32,45.63602150537634,0.9893889224061161,-0.2789308304374585,1290.8,835070016,2165.7,1539.683870967742,0.9852445810054944,-0.22168944755711883,193.79,1326824960,286.77,228.1947311827957,0.9859185617463723,-0.1396516072015902,3901.36,4766.18,4362.964645161291,0.9914552591678875
41.61,4279303,55.32,45.25703225806451,0.9916953924814156,-0.22713608091548465,1364.8,813080000,2165.7,1522.784516129032,0.9890241398527555,-0.2076611407510257,200.75,1155680000,286.77,225.54763440860214,0.9883998339467659,-0.17325413404157097,4158.24,4766.18,4343.319806451613,0.9954973646803522
40.69,2530462,55.32,44.83625806451613,0.9907025676993346,-0.3500174072453116,1326.6,701500032,2165.7,1504.5062365591398,0.9879968049475862,-0.22560141483394602,200.46,897353024,286.77,223.0417849462366,0.9888899324130088,-0.15625120175038087,4108.54,4766.18,4321.430107526882,0.9949601457179793
38.46,2456021,55.32,44.3023870967742,0.9880928741427589,-0.3445460151003169,1247.9,695969984,2165.7,1482.4698924731183,0.985353105523564,-0.18542882163460095,192.17,916790976,286.77,220.17010752688174,0.9871249352669633,-0.14100405078731637,3900.86,4766.18,4287.408344086021,0.9921271980352978
35.73,4158742,55.32,43.62864516129033,0.984792197900936,-0.3471902570753459,1174.8,959009984,2165.7,1457.049247311828,0.9828525049376331,-0.15654262262627006,183.37,1523049984,286.77,216.91462365591397,0.985213778984187,-0.11525059386518777,3674.84,4766.18,4240.486344086022,0.9890558593363931
36.07,3945689,55.32,43.01260215053764,0.9858798500738392,-0.24747454376583689,1216.2,741939968,2165.7,1435.6507526881717,0.9853138151211188,-0.1854364374907811,196.2,1130633984,286.77,214.6837849462365,0.9897155909911534,-0.11372455095808409,3911.74,4766.18,4211.0484731182805,0.993057902188791
