8.74,2000603,36.28,11.847741935483873,0.9762113600722961,-0.5903681583752235,705.73,22073100,774.65,681.9897634408603,1.0028007250453248,-0.10564668340501848,940.47,1063569984,985.83,934.009935483871,1.001631568998999,0.030197433045913824,2926.46,3025.86,2908.564301075269,1.0012224622670434
8.87,2449023,36.28,11.584602150537636,0.9777898787482756,-0.583549285884104,707.73,16128300,774.65,683.9647096774194,1.0028958590618644,-0.1287704855041052,965.06,857440000,985.83,936.9149892473118,1.0031103028491188,0.044084737485690306,2978.71,3025.86,2915.0135698924737,1.0022173375416938
9.75,2360302,36.11,11.3965376344086,0.9837659926784531,-0.5495680523467045,739.3,25203600,774.65,687.9501505376344,1.0058269685611334,-0.05724914656453839,969.05,1230419968,985.83,939.816064516129,1.0030964124836426,0.03668849371075078,3007.39,3025.86,2922.730731182796,1.0026473843449746
9.35,2551551,34.34,11.197569892473117,0.9825413868388626,-0.544844688929415,731.61,23880900,774.65,691.3778494623655,1.004982481538891,-0.08118930421249626,948.16,1115769984,985.83,941.1457849462366,1.001414873059009,0.0138598214640957,2992.07,3025.86,2928.961032258065,1.0021316712514081
9.35,2941159,34.34,11.013440860215052,0.9835563399892834,-0.46251057294344133,699.94,102093600,774.65,692.7061505376345,1.0019212375350206,-0.0524950440142955,939.36,979420032,985.83,941.7475698924733,1.0006394173526167,0.017201122764632704,2961.79,3025.86,2932.808967741935,1.0013137544137634
9.47,1709735,34.34,10.849075268817206,0.9850759092018553,-0.43274576217545535,706.25,94534896,774.65,694.3280430107528,1.0023413859857597,-0.03340352670850466,937.22,1104870016,985.83,942.0728172043009,1.0003453657033219,0.0227956535573397,2952.01,3025.86,2935.6859354838707,1.0009809598148327
9.4,1353480,34.34,10.69025806451613,0.9853612220059387,-0.4475643590023226,710.71,84964304,774.65,696.1000215053764,1.0025520768064327,-0.01571914960439602,946.48,963960000,985.83,942.8139784946238,1.000786734609881,0.02973778189686649,2970.27,3025.86,2939.291634408602,1.001228230472868
8.89,1555357,34.34,10.508752688172043,0.9830214223783286,-0.4825272299837243,720.99,80664304,774.65,698.413376344086,1.0033233080983202,0.008953700662302833,958.79,930390016,985.83,944.1949032258063,1.0014646841929384,0.017344796907282856,2986.2,3025.86,2943.607247311829,1.0014682493062976
9.68,1828529,34.34,10.38905376344086,0.9886095973249129,-0.4453121537230532,739.62,106265000,774.65,701.7614838709678,1.004793876578378,0.049659505069428844,950.76,1149260032,985.83,944.8987311827955,1.000745426558208,-0.011387549689134024,3022.55,3025.86,2949.86911827957,1.0021272780101556
9.75,1707925,34.34,10.28356989247312,0.9898466334500127,-0.49855030119941923,730.57,116025200,774.65,704.3322365591398,1.0036632855282845,0.03573536017524814,956.17,1141389952,985.83,945.845010752688,1.0010014613615874,-0.03239006952800105,3066.91,3025.86,2958.588301075269,1.002955786323423
7.05,6983915,34.34,10.014774193548387,0.9738616354305646,-0.6821576876361216,655.4,444117504,774.65,701.9019569892473,0.99654952670949,-0.06641255437006555,954.04,1317859968,985.83,946.5982150537635,1.0007963295175348,-0.04484874307307685,3093.08,3066.91,2968.621311827956,1.0033911479840032
6.77,2977573,34.34,9.744451612903227,0.9730076209986537,-0.5953759780670966,642.24,251271296,774.65,698.6782795698925,0.9954072254860459,-0.1415963658480548,951.74,1017169984,985.83,947.164752688172,1.000598498523871,-0.06592638806147466,3120.46,3093.08,2980.0214838709676,1.003840224415822
6.86,4060188,34.34,9.495978494623657,0.9745010670533217,-0.5304622793387106,655.92,304486592,774.65,696.4231397849462,0.9967722772399128,-0.10964676965315634,944.15,1367719936,985.83,947.2249032258067,1.0000635058868734,-0.07179421593121216,3110.29,3120.46,2990.30223655914,1.0034498921379646
6.93,2114202,34.34,9.269118279569891,0.9761098642775774,-0.515001757316558,669.63,147651904,774.65,695.1330967741937,0.9981476161013966,-0.07812636882173207,960.79,959009984,985.83,948.3870752688171,1.0012269230243553,-0.05949306327896409,3140.98,3120.46,3002.1965161290314,1.0039776178556379
7.21,2237688,34.34,9.078709677419356,0.9794577438319871,-0.34919142342259657,675.05,196612992,774.65,694.2195698924731,0.9986858245047461,-0.059679507734199166,953.2,1132000000,985.83,949.0455698924732,1.0006943310815044,-0.06707326001985137,3145.91,3140.98,3013.9887741935486,1.0039278768065862
7.23,3063409,34.34,8.901247311827957,0.9804529088497251,-0.2586255503534093,692.23,168690096,774.65,694.4072473118281,1.0002703430261755,0.03390544891021041,963.4,1088850048,985.83,950.3126666666666,1.0013351274315911,-0.06047916223031624,3168.8,3145.91,3026.6889677419354,1.0042137494529273
7.36,3332472,34.34,8.741849462365593,0.9820926389439201,-0.23358281169588269,707.33,356145888,774.65,695.488301075269,1.0015568008076325,0.07158237087822794,977.43,1388060032,985.83,952.3906451612902,1.0021866261152894,-0.05279135796535961,3221.22,3168.8,3042.106,1.0050936955935603
7.37,1734077,34.34,8.592623655913977,0.9829297213256707,-0.1577751029450103,714.75,127528600,774.65,696.8856774193549,1.0020092017966737,0.10416735000676702,991.94,557550016,985.83,955.2364516129032,1.0029880663633892,-0.04822939265422499,3240.02,3221.22,3057.8861290322575,1.0051872383908573
7.23,1811367,34.34,8.44141935483871,0.9824030113350537,-0.34552806568729,712.59,117585504,774.65,697.9243010752688,1.0014903788233387,0.04999379827871153,990.5,779640000,991.94,957.7454838709676,1.002626608578251,-0.04164274895059483,3234.85,3240.02,3072.2833333333333,1.004708221200386
7.175,3298785,34.34,8.29621505376344,0.9827985916856462,-0.42486015644273434,725.62,208455696,774.65,699.6835483870967,1.002520684992796,0.06610053556317697,994.48,1241350016,991.94,960.3459139784947,1.0027151577859879,-0.06845732063781007,3265.35,3240.02,3087.870838709677,1.005073589797928
7.36,3229855,34.34,8.173580645161291,0.9852180292088115,-0.3812940500528297,721.48,145958208,774.65,701.0356344086022,1.0019324250579027,-0.009149073459873591,1005.68,1113260032,994.48,963.5429247311827,1.0033290199980582,-0.06860404913248197,3329.62,3265.35,3106.7910967741936,1.0061272828601933
6.66,3136661,34.34,8.016989247311828,0.98084176266834,-0.41842819773792805,702.61,165716800,774.65,701.1113978494624,1.0001080735944674,-0.0766780074152893,990.75,988430016,1005.68,965.6544731182795,1.0021914419512612,-0.0724679219941331,3295.47,3329.62,3122.692731182796,1.005118346845114
5.89,4177648,34.34,7.823064516129032,0.9758107781861101,-0.5281327501943333,664.48,159914496,774.65,698.7089247311828,0.996573336098017,-0.10829052024216301,992.01,1454860032,1005.68,967.7501720430108,1.0021702368529024,-0.05077015586400235,3225.52,3329.62,3133.320795698925,1.0034034935330007
6.36,2395381,34.34,7.673978494623656,0.9809427595543918,-0.44940641535763914,693.06,305886784,774.65,698.2492903225806,0.9993421661119055,-0.06922891463900438,1016.0,1612039936,1005.68,971.3358064516128,1.0037051240208332,-0.07356487932576172,3327.71,3329.62,3150.0361505376345,1.0053347090606408
6.56,3577517,34.34,7.550032258064518,0.9838485035309945,-0.4584569218850618,717.88,322805184,774.65,699.3996344086022,1.0016474690371546,-0.1107582683471271,1042.54,1368850048,1016.0,976.5688172043009,1.0053874372981315,-0.06025806943205492,3380.16,3329.62,3169.4602365591404,1.0061663057480121
6.03,2321091,34.34,7.403354838709677,0.9805726102430664,-0.4691628537283335,703.33,151018496,774.65,699.5663440860216,1.0002383611160455,-0.163533271461211,1031.02,1004609984,1042.54,980.901569892473,1.0044367100524219,-0.04870043551274117,3337.75,3380.16,3185.2803440860216,1.0049914200987282
4.355,6874523,34.34,7.162118279569892,0.9674152374976761,-0.5328909421263909,606.11,375239200,774.65,693.5094408602152,0.9913419173506416,-0.08176668981693624,915.77,2346099968,1042.54,977.6844946236558,0.9967202873687215,-0.026154798263135937,2954.22,3380.16,3175.6858494623652,0.9969878649326832
3.51,9918532,34.34,6.88104301075269,0.9607552880522826,-0.593025664675394,572.33,312200896,774.65,685.4324731182796,0.9883534855244117,-0.18085916010447856,908.3,2276229888,1042.54,974.0227956989248,0.9962547233336859,-0.044910812501137376,2972.37,3380.16,3167.2146451612903,0.9973324803829355
1.52,12894312,34.34,6.487150537634408,0.9427568651289108,-0.7627786599941355,479.1,369946912,774.65,671.6098064516129,0.9798336565471105,-0.22155997333270672,813.24,3029809920,1042.54,964.2813763440861,0.9899987768275499,-0.050021699272055464,2711.02,3380.16,3141.766623655914,0.9919651730758904
1.49,17602164,34.34,6.108225806451613,0.9415884171356115,-0.7247135521500953,393.43,544810688,774.65,652.719741935484,0.9718734534030513,-0.1293261739152184,711.34,3662960128,1042.54,948.1852903225807,0.9833076875522256,-0.03331475946740903,2304.92,3380.16,3090.5006666666673,0.9836824426730999
1.89,7722644,34.34,5.76958064516129,0.9445591613635763,-0.6195970526986809,439.79,375295808,774.65,637.4437849462365,0.9765964532588669,-0.17632644844531198,790.18,3703180032,1042.54,937.6166021505376,0.9888537733290003,-0.02824822934817639,2541.47,3380.16,3055.6620000000003,0.9887271771067945
1.46,6646370,34.34,5.417924731182795,0.9390500045660313,-0.688255327733263,408.86,302004896,774.65,620.7442580645161,0.9738023535940054,-0.16205549466510494,753.09,3480499968,1042.54,924.9782150537634,0.98652073025607,-0.055123491241922506,2488.65,3380.16,3018.2435268817203,0.9877543808450411
2.21,4528956,34.34,5.1305913978494635,0.9469661636900216,-0.575210058887628,484.32,252726000,774.65,609.5558494623656,0.9819758161967764,-0.27163697822980604,856.78,2955419904,1042.54,919.4853548387096,0.9940616328842571,-0.043510611818294076,2789.82,3380.16,3001.3092688172046,0.9943893665591619
2.35,45548188,34.34,4.868505376344087,0.948916995881755,-0.5843700768154773,496.04,232311296,774.65,599.6719139784947,0.9837850206956612,-0.204988244039373,924.09,2314800128,1042.54,918.5765161290323,0.9990115789176036,0.013887802981229824,2874.56,3380.16,2990.31,0.9963351764739862
2.22,9217273,34.34,4.613086021505376,0.9475363925693118,-0.6734911854223268,476.45,211294896,774.65,589.0307096774194,0.9822549563302428,-0.16248603493136704,922.03,2048600064,1042.54,917.5865376344086,0.9989222688831677,0.023772358222787893,2836.74,3380.16,2977.123440860215,0.9955902367514455
2.11,6747700,34.34,4.365903225806452,0.9464170417489285,-0.7521490167601786,494.58,239785904,774.65,580.0398064516129,0.9847361044541628,-0.13450409794109663,911.72,2805240064,1042.54,915.9686666666668,0.9982368191975518,0.013882520551554922,2830.71,3380.16,2963.816774193548,0.9955303611250926
1.83,7656625,34.34,4.116483870967743,0.942871075711341,-0.7864499167007987,502.04,353484512,774.65,571.9853978494624,0.9861140416354814,-0.1456641758251963,952.09,2540950016,1042.54,917.0101505376344,1.0011370300195506,0.019552249074355155,2929.8,3380.16,2957.1638709677422,0.9977552919992444
1.58,7055364,34.34,3.8672150537634407,0.9394461814942805,-0.7631961179484292,480.45,366011392,774.65,562.9868387096774,0.9842678516381405,-0.10987753449402993,942.3,2390299904,1042.54,917.4079569892473,1.0004338081223851,0.02382327375465476,2863.7,3380.16,2946.333483870968,0.9963375762827679
2.3,9295799,34.34,3.680118279569893,0.9516197647163501,-0.6505293469356579,558.97,287697088,774.65,559.571376344086,0.993933317564902,-0.07301613170273469,982.39,2783869952,1042.54,920.427677419355,1.00329157863424,0.05546792052788296,2955.45,3380.16,2941.685892473118,0.998422584740223
2.375,10089745,34.34,3.5137311827956994,0.9547875681882595,-0.6536920687548785,566.34,276871296,774.65,557.0198924731184,0.9954402888016939,-0.10831183792466714,1002.29,2504420096,1042.54,924.663247311828,1.0046017411214192,0.05560308113544876,3044.31,3380.16,2942.9155053763443,1.0004179959887534
3.68,12708742,34.34,3.447397849462366,0.9811216823705462,-0.3668824119349874,636.09,273607200,774.65,559.3215913978495,1.0041321664734661,-0.011484240986136762,1049.92,3100219904,1042.54,931.8725376344084,1.0077966658062156,0.06789388993236156,3193.93,3380.16,2953.846623655914,1.0037143840044336
2.53,11733886,34.34,3.3141182795698922,0.9613390807465814,-0.5601285460434156,568.67,305199616,774.65,557.3151397849463,0.9964127048843426,-0.03769695735142453,1016.5,3217649920,1049.92,936.719505376344,1.0052013205091759,0.09340864352716605,3041.31,3380.16,2954.71440860215,1.000293781315281
2.08,11400522,34.34,3.1609247311827953,0.9537754734550457,-0.6633017142134173,564.92,225225600,774.65,555.2249677419354,0.9962495688815893,-0.06607486664625606,1039.83,2731930112,1049.92,942.932365591398,1.0066325726958765,0.10537482299775291,3097.74,3380.16,2959.393053763441,1.001583450890438
1.96,16319904,34.34,3.0102688172043,0.9523380254859404,-0.6706395785983734,532.42,249855296,774.65,551.2337204301075,0.9928114772502755,-0.08335909324857826,1020.03,2468349952,1049.92,947.6620430107528,1.005015924356768,0.10366040867962278,3009.05,3380.16,2958.376752688172,0.9996565846250208
2.18,5221752,34.34,2.8844946236559137,0.9582182850815312,-0.7013949827865247,571.92,147040608,774.65,550.0859354838709,0.9979177889456019,-0.08304848065497739,1074.07,1553379968,1049.92,955.7507741935482,1.008535459705759,0.13185862963557782,3130.01,3380.16,2965.448043010753,1.002390260238543
2.28,5773200,34.34,2.7759892473118284,0.9623832280863946,-0.7519851567335243,581.98,239629200,774.65,549.8089677419355,0.9994965009572698,-0.09716438196142385,1125.92,1789459968,1074.07,966.9247311827957,1.0116912874056272,0.1635692395709738,3185.04,3380.16,2976.103849462366,1.0035933209070136
2.33,5451977,31.19,2.681354838709677,0.9659096631250312,-0.7986880770325782,590.14,174813504,774.65,550.2955483870968,1.0008849994701974,-0.07945944303118313,1107.71,2165929984,1125.92,976.5743440860215,1.0099796939637917,0.132198668058634,3224.73,3380.16,2989.2853763440853,1.004429121948853
2.37,3600610,31.19,2.6001182795698923,0.9697031672321007,-0.7950132269710848,579.72,138677104,774.65,550.3618924731182,1.0001205608262975,-0.09210183812540584,1122.55,1699680000,1125.92,986.9012043010753,1.0105745766081113,0.13919900175004474,3215.63,3380.16,3001.8722580645153,1.0042106658066297
2.48,6147666,31.19,2.536731182795699,0.9756214564267136,-0.7199217146151272,564.8,137770096,774.65,549.7560430107527,0.998899179847567,-0.14783172772449593,1145.81,1842119936,1125.92,998.4478279569893,1.0116998779671076,0.14558732975243727,3271.12,3380.16,3018.0915913978497,1.0054030724624479
2.67,5635881,31.19,2.495817204301075,0.983871377948083,-0.6031638010216249,594.8,209331104,774.65,551.4035053763441,1.0029967153368047,-0.12411539282652861,1167.41,1707929984,1145.81,1011.0539999999999,1.0126257694093093,0.1475741632112968,3351.28,3380.16,3039.4045376344084,1.00706172943767
2.79,5847605,31.19,2.4723333333333337,0.990590708755725,-0.6816827559958085,600.16,222097296,774.65,553.6781075268816,1.0041251136932563,-0.07259065382921914,1185.62,1733369984,1167.41,1024.46311827957,1.0132625144448961,0.165940249729982,3372.85,3380.16,3061.9243010752693,1.0074092682175135
2.66,3073649,31.19,2.450290322580645,0.9910841267010833,-0.6175243772749743,605.39,268044304,774.65,556.5510322580644,1.0051887995789022,-0.03396555360063813,1214.27,1532710016,1185.62,1039.3336559139784,1.014515444596367,0.19474935302592677,3397.16,3380.16,3085.9194838709677,1.0078366348858696
3.06,5185484,31.19,2.4626559139784945,1.0050465821473864,-0.5052035242613806,661.01,157643392,774.65,563.2214193548386,1.0119852209593625,0.0650922955213632,1251.82,1694870016,1214.27,1056.1460860215054,1.0161761624978287,0.17432292471296407,3508.01,3397.16,3116.8475913978496,1.0100223313305912
2.38,4944253,31.19,2.437236559139785,0.9896780728909693,-0.6200959158178305,649.73,154147696,774.65,569.1715268817204,1.0105644198221324,0.03167662505356761,1220.14,1754759936,1251.82,1070.3559139784945,1.0134544152035987,0.171099881543471,3426.96,3508.01,3141.9391612903223,1.0080503037625974
2.18,3451661,31.19,2.40747311827957,0.9877880377476694,-0.6454427706789736,619.78,181062096,774.65,573.282559139785,1.0072228354088395,0.014785777245784892,1196.89,1404749952,1251.82,1082.6267311827958,1.011464240113077,0.15964599903127696,3340.97,3508.01,3161.2695483870975,1.0061523747292538
2.1,6191614,31.19,2.381967741935484,0.9894057482301972,-0.675365354274303,606.05,250382096,774.65,576.718752688172,1.0059938916570967,0.014279825394263868,1169.0,1884419968,1251.82,1092.7662580645163,1.0093656720175779,0.13930537903507423,3319.47,3508.01,3179.29711827957,1.0057026361139214
1.63,6883252,31.19,2.3345913978494623,0.9801104174284385,-0.6969923249739179,573.88,154386000,774.65,578.2886666666667,1.0027221483109003,0.0010189488397274182,1183.4,1603769984,1251.82,1103.5380860215053,1.009857394367271,0.17572103393725724,3298.46,3508.01,3196.0085161290317,1.0052563183709313
1.74,4168124,31.19,2.3001720430107526,0.985256797026488,-0.480169752536589,600.83,155201504,774.65,581.6666021505375,1.005841261775614,0.10291568139052043,1213.1,1373849984,1251.82,1115.6504946236562,1.010975976955919,0.20905001391858602,3348.44,3508.01,3215.2041290322577,1.0060061206991011
1.84,4398940,31.19,2.276010752688172,0.9894958768862545,0.17598674973372352,619.11,134095400,774.65,586.1626021505376,1.0077295137513096,0.24239134754223235,1260.08,1357330048,1251.82,1130.138387096774,1.0129860494329859,0.26686544071809437,3477.13,3508.01,3241.893569892472,1.0083010097614697
1.69,3865273,31.19,2.2414838709677425,0.9848300884872138,0.008789330436571152,568.03,135884608,774.65,587.0620215053764,1.0015344195476459,0.11208337339733343,1257.8,1368419968,1260.08,1143.5182365591397,1.0118391248497782,0.25674533130860944,3483.81,3508.01,3267.366430107527,1.0078574017517483
1.88,4575414,31.19,2.218784946236559,0.9898732598413107,-0.1877329365107121,619.44,169577792,774.65,590.9027311827957,1.0065422553950447,0.26950264308971694,1249.95,1403180032,1260.08,1155.2164516129033,1.0102300205451586,0.2183171296018276,3465.39,3508.01,3289.1156559139777,1.006656500356385
1.78,5502284,30.72,2.1896559139784944,0.9868716288581854,0.1269580613580219,557.3,144161904,774.65,590.348064516129,0.9990613232307178,0.20055138764330493,1172.03,1816210048,1260.08,1160.898817204301,1.0049188752319653,0.24234540241129565,3269.96,3508.01,3296.2695698924726,1.0021750265806653
1.94,3080836,30.72,2.170161290322581,0.9910969465423941,-0.28952862687241065,663.17,368376000,774.65,596.3044946236558,1.0100896919386175,0.36819220552442977,1258.63,1460749952,1260.08,1171.2673333333332,1.0089314555027302,0.2110785962819155,3509.44,3508.01,3317.1935698924735,1.0063477818049582
2.49,9393616,30.72,2.186731182795699,1.0076353276353276,-0.06239497728188126,745.56,321876992,774.65,607.1917849462366,1.0182579377159517,0.42005207336973815,1244.78,2468260096,1260.08,1179.8781075268819,1.0073516727979113,0.09983372620985742,3585.15,3509.44,3341.454516129033,1.007313696269267
2.56,5921961,30.72,2.2075161290322582,1.0095050303393882,0.0835816236110416,738.85,171769200,774.65,617.1095698924731,1.0163338589093638,0.43649174848040206,1243.31,1883619968,1260.08,1187.7043870967743,1.00663312550675,0.09435404329930397,3557.54,3585.15,3362.4060215053764,1.0062701752411147
2.99,5491323,30.72,2.2553118279569895,1.0216513475467488,0.4066236070638325,765.83,96687400,774.65,628.2036989247313,1.0179775676371234,0.4313147660638377,1280.15,1367849984,1260.08,1197.216516129032,1.0080088354775798,0.11879075170467912,3638.35,3585.15,3387.0209677419343,1.0073206347119072
4.38,14386586,30.72,2.39089247311828,1.0601161415821192,1.4253548863020489,813.5,177282000,774.65,641.7899784946236,1.021627188112944,0.5041187420597706,1274.78,1764450048,1280.15,1205.589870967742,1.0069940188143942,0.0763435657608964,3699.12,3638.35,3413.8196989247317,1.0079121834314075
3.96,11110022,30.72,2.49389247311828,1.0430801473332942,1.5069243198111777,791.41,194019808,813.5,653.2812903225806,1.01790509701462,0.4782565453969909,1259.81,1547360000,1280.15,1212.3034623655917,1.0055687191469689,0.05767707465606042,3663.46,3699.12,3436.663333333334,1.0066915175443498
3.69,4907299,30.72,2.5743548387096773,1.0322637669661796,0.5204635285662955,786.15,168343696,813.5,663.7645161290322,1.0160470320545614,0.296972385904515,1289.04,1660060032,1280.15,1220.2200430107525,1.006530197174982,0.057038547899721515,3709.41,3699.12,3460.7515698924735,1.0070091929941172
3.7,3219555,30.34,2.65247311827957,1.0303447987803607,0.4661883148237569,795.64,141283808,813.5,674.371440860215,1.0159799514337413,0.35984382448078445,1277.28,1092999936,1289.04,1226.7184516129034,1.0053256038854408,0.05797441866475772,3703.06,3709.41,3482.808709677419,1.0063735114582728
4.34,4749867,25.94,2.769032258064516,1.0439435706178044,0.03317335241776043,810.47,96394000,813.5,685.4420215053763,1.0164161469101358,0.2807256979456124,1302.56,935129984,1289.04,1234.2564516129032,1.0061448492847636,0.06462525241931272,3756.07,3709.41,3506.869182795699,1.0069083533216812
5.68,7716319,23.7,2.970623655913978,1.0728021124572846,1.0588006861764463,840.1,208472704,813.5,698.0492043010753,1.0183927777990778,0.46697959740714734,1352.53,1794940032,1302.56,1244.4750107526881,1.0082791215119284,0.0729989993196214,3824.68,3756.07,3534.1472043010754,1.0077784542517865
4.18,6366147,23.7,3.068666666666667,1.03300418434274,0.8586772049419964,827.98,249528896,840.1,709.2907311827959,1.0161042041341144,0.42856747843982146,1327.14,1901990016,1352.53,1252.3328602150536,1.0063141882275426,0.05985343218675121,3768.25,3824.68,3556.099913978494,1.0062116002555588
4.42,3303357,23.7,3.1776774193548385,1.0355238168655783,1.20837099408528,813.08,141567008,840.1,719.0052473118279,1.0136960990775001,0.4322249734025452,1368.13,1554989952,1352.53,1262.2173548387098,1.0078928653377015,0.06462566634579203,3841.47,3824.68,3581.3345376344087,1.0070961514767123
4.08,7035303,23.7,3.259462365591398,1.0257373343620146,0.8504570500282238,764.29,265556192,840.1,724.9684516129032,1.0082936867614947,0.3012332375712874,1307.64,2116349952,1368.13,1267.4506666666666,1.0041461257111504,0.0308081932589932,3714.24,3841.47,3596.570623655914,1.0042543040482248
5.06,4756861,23.7,3.4003870967741934,1.0432355754956617,1.2477545316903407,852.77,166787104,840.1,736.2263440860214,1.0155288032852625,0.37832237779105116,1385.96,1778659968,1368.13,1277.2345806451617,1.0077193647341134,0.010618332529928942,3886.83,3841.47,3621.6851397849455,1.006982906428653
5.35,3178921,23.7,3.554043010752688,1.045187771158249,1.2661056115476796,884.66,229251600,852.77,748.959311827957,1.0172949091596861,0.40011232010012754,1368.53,1534470016,1385.96,1285.334752688172,1.0063419611132975,0.01525425696497118,3934.83,3886.83,3648.3872043010747,1.007372828803587
5.27,4508367,23.7,3.696043010752689,1.0399544967718124,1.2074920047500894,903.03,143949600,884.66,762.2440645161291,1.0177376160204865,0.4601359053243568,1361.14,1180199936,1385.96,1292.3972473118279,1.005494673359516,-0.0023699142223905234,3906.71,3934.83,3671.7479784946236,1.0064030413674319
5.63,14093851,23.7,3.855032258064516,1.0430160706596998,1.2623050098029127,876.53,251638496,903.03,773.1238494623657,1.0142733613191768,0.5188367455059422,1294.47,2253669888,1385.96,1294.6453548387096,1.0017394864710194,-0.03534796593177392,3811.15,3934.83,3687.4573978494623,1.0042784579570407
5.52,7219941,23.7,4.000150537634408,1.037643856096486,1.0188784090724845,900.97,281621312,903.03,784.9100215053763,1.0152448693067828,0.5024615022413579,1257.91,2245149952,1385.96,1294.2150537634411,0.9996676301555014,-0.06888769405366113,3841.94,3934.83,3703.9919139784947,1.0044839883814456
6.79,10297778,23.7,4.221075268817204,1.0552291042810218,1.3958539184345635,958.16,209014592,903.03,799.7274408602151,1.0188778572688122,0.506641699314887,1330.13,1834659968,1385.96,1298.249483870968,1.0031172795400543,-0.047256227958200725,3943.34,3934.83,3726.013182795699,1.0059452799381388
7.47,10897776,23.7,4.477268817204301,1.0606939066639496,1.8873813570994893,922.32,184782096,958.16,811.4627096774193,1.0146740854666452,0.4449121302626875,1328.16,2000370048,1385.96,1301.846043010753,1.0027703143228381,-0.058080939716668833,3913.1,3943.34,3744.856623655914,1.0050572662885955
6.19,8723025,23.7,4.640537634408602,1.0364661636078063,1.1666272059852414,904.27,162332608,958.16,821.3518924731181,1.0121868604407342,0.2647850712353883,1325.34,1773970048,1385.96,1305.0157419354837,1.0024347724846174,-0.0742594403541541,3974.54,3943.34,3766.5543870967736,1.0057940171337394
6.68,5009534,23.7,4.8286881720430115,1.0405449869082652,1.909903288176601,932.69,106681696,958.16,832.5514838709679,1.0136355580360659,0.31761055494356505,1354.13,1118850048,1385.96,1309.884752688172,1.0037309977161402,-0.06319813253066342,4019.87,3974.54,3790.1733763440857,1.0062707150408408
6.05,3900184,23.7,4.9669462365591395,1.0286326347012031,1.9083272329157341,936.11,130110704,958.16,843.3632043010753,1.012986248465786,0.36613994436740316,1411.45,1619469952,1385.96,1318.1636774193548,1.006320345903861,-0.056544168052997,4128.8,4019.87,3819.5450322580646,1.007749422782952
5.75,4077419,23.7,5.077526881720431,1.0222633062438573,1.9211886872391495,956.52,174471392,958.16,854.8114193548386,1.0135744777521458,0.4024404727791573,1440.19,1301440000,1411.45,1327.835376344086,1.007337251883367,-0.028900418577390452,4185.47,4128.8,3850.8785591397855,1.0082034709938206
5.18,5751184,23.7,5.143483870967741,1.012989983270155,2.3769869269304165,930.4,148634800,958.16,863.8207741935485,1.0105395817541951,0.3951583068036342,1422.5,1446279936,1440.19,1335.7825806451613,1.0059850825205126,-0.06526463774777325,4180.17,4185.47,3880.007784946237,1.0075643065235893
5.06,4048792,23.7,5.194064516129033,1.009833927048317,1.9265370731879758,913.59,186937600,958.16,870.9789032258063,1.0082865905128764,0.33808033858085107,1435.89,1577309952,1440.19,1344.0794623655913,1.0062112516218191,-0.06503847834222642,4181.17,4185.47,3907.305376344086,1.0070354475843475
4.75,4309775,23.7,5.217505376344086,1.004513009059141,1.671131235710363,836.32,292975392,958.16,872.4792688172041,1.0017226199002536,0.19469470770814512,1419.11,1450720000,1440.19,1350.8146451612904,1.0050110004536823,-0.09106199172683338,4232.6,4185.47,3936.1302150537635,1.0073771655740529
5.03,4725774,23.7,5.252752688172042,1.0067555870642253,2.048327695037935,826.72,280413504,958.16,872.8931612903226,1.0004743865990988,0.28363749467201127,1366.7,1605990016,1440.19,1353.8265376344086,1.0022296859779445,-0.11149076086346632,4173.85,4232.6,3959.540064516129,1.0059474275959759
4.43,2461925,23.7,5.242107526881719,0.9979734128137627,1.3998758984806527,832.81,247164992,958.16,873.1436344086022,1.000286945905166,0.14655801793156864,1349.99,1737059968,1440.19,1355.5261720430108,1.0012554299693164,-0.1192122137457936,4155.86,4232.6,3980.3053118279568,1.0052443584288786
4.76,3568322,23.7,5.247268817204301,1.0009845830700943,1.658878850290785,866.42,245820400,958.16,875.103634408602,1.0022447623996336,0.27793167626357307,1380.08,2165120000,1440.19,1358.9519569892475,1.0025272731850492,-0.10816375637510167,4204.11,4232.6,4002.6985806451607,1.0056260178712069
4.25,2582589,23.7,5.213118279569892,0.9934917499323765,1.24191137173189,855.03,140603296,958.16,875.6640215053764,1.0006403665517318,0.029091779096774406,1366.39,1437250048,1440.19,1361.0470967741933,1.001541732048856,-0.1196722620273003,4229.89,4232.6,4024.7461505376345,1.005508176408557
4.29,3869175,23.7,5.176580645161289,0.9929912132337774,0.7488295519085145,851.42,155609200,958.16,875.5789032258064,0.9999027957327473,-0.07941673102700819,1388.59,1354919936,1440.19,1364.3427526881724,1.002421412103806,-0.06920100654322092,4247.44,4232.6,4046.376623655914,1.0053743695401485
4.14,4194192,23.7,5.126494623655914,0.9903244970109386,0.7057910255666087,836.63,195922800,958.16,874.311935483871,0.9985529942107244,-0.07600894410197467,1387.66,1598700032,1440.19,1367.2691397849462,1.0021449061029628,-0.05505903404032453,4166.45,4247.44,4061.3576559139788,1.0037023326426122
4.35,6818138,23.7,5.086559139784947,0.9922099822973213,0.5235998288581941,860.4,191541104,958.16,874.3682365591399,1.0000643947234207,-0.10514347803200819,1424.04,1658560000,1440.19,1372.232193548387,1.0036299025693078,-0.06414891914582777,4280.7,4247.44,4082.4001720430106,1.0051811531787629
4.03,5324498,23.7,5.023053763440861,0.9875150618327873,-0.049461916582055565,853.98,168847904,958.16,873.8069677419356,0.999358086451753,-0.16219811052441546,1453.51,1362329984,1440.19,1378.7870967741937,1.0047768178422172,-0.03638336092059857,4352.34,4280.7,4106.683225806452,1.005948229654147
3.77,3763330,23.7,4.943526881720429,0.9841676228315035,-0.021883425483858576,829.9,138907296,958.16,871.6050967741934,0.9974801402952505,-0.232204008813653,1474.52,1133549952,1453.51,1386.3131182795698,1.0054584362756107,-0.022308096894072316,4369.55,4352.34,4130.67182795699,1.0058413568399414
3.6,5211100,23.7,4.853440860215054,0.9817769734724242,0.09266864078892756,786.43,149142592,958.16,866.5159354838709,0.9941611616210627,-0.2861721928802645,1435.67,1281880064,1474.52,1390.870946236559,1.0032877334109378,-0.0527845993000684,4327.16,4369.55,4150.40711827957,1.0047777434626999
3.65,3583862,23.67,4.766774193548387,0.9821432527638079,0.1220540685900865,808.05,146627296,958.16,862.8210107526883,0.9957358836925263,-0.2762031366768827,1476.62,1599810048,1474.52,1397.755376344086,1.0049497260160298,-0.03532704883206805,4411.8,4369.55,4174.274559139784,1.0057506264277294
4.18,4902874,22.2,4.714408602150537,0.9890144594076379,0.11845910888558198,786.94,182063808,958.16,857.7374623655912,0.9941082236944342,-0.3016959855573377,1438.71,1455820032,1476.62,1401.765311827957,1.0028688392487957,-0.06565027421558023,4395.26,4411.8,4195.550731182796,1.0050969747537153
4.11,2849967,22.2,4.657870967741936,0.9880074810692457,-0.09535634870126963,787.38,291068800,958.16,852.7329032258066,0.9941653951711723,-0.37786610546569355,1444.09,1632409984,1476.62,1405.8295483870966,1.0028993701904634,-0.09227619706529011,4436.52,4411.8,4218.11423655914,1.0053779603256003
3.69,3697333,22.2,4.577612903225806,0.9827693671482193,0.03273588383419079,781.99,173624608,958.16,847.4939784946237,0.9938563122035463,-0.3467915042733193,1444.7,1149760000,1476.62,1409.7362365591398,1.00277892023007,-0.09711481722736792,4468.0,4436.52,4241.392924731183,1.0055187429421142
3.48,2718207,22.2,4.4848602150537635,0.9797377606772558,-0.159488347096731,732.85,174924608,958.16,839.1836344086023,0.9901942145939694,-0.37927418592379225,1412.34,1416249984,1476.62,1411.302365591398,1.0011109376290708,-0.12392809116867975,4441.67,4468.0,4261.46806451613,1.0047331478458152
3.98,7394566,22.2,4.426387096774193,0.986962109079052,0.04669620942185737,784.96,230412496,958.16,834.4077634408603,0.9943089083581717,-0.2511018548580892,1449.28,1399020032,1476.62,1415.1566451612903,1.0027310090763415,-0.10575882245376045,4509.37,4468.0,4284.620193548388,1.0054328998086455
3.72,2474501,22.2,4.351354838709677,0.983048871139355,-0.17660868319456813,781.26,183878208,958.16,829.3487311827956,0.9939369784418081,-0.3723160496576827,1466.71,1241260032,1476.62,1419.8308387096777,1.003302951347732,-0.10860833879661169,4535.43,4509.37,4307.743655913979,1.005396852304531
3.65,2001244,22.2,4.274688172043012,0.9823809665015967,-0.23871507197745712,786.2,116827000,958.16,824.762193548387,0.9944697116400391,-0.33584488560993353,1461.86,1059699968,1476.62,1424.0184731182794,1.0029493896698338,-0.06490886889351777,4458.58,4535.43,4324.514215053764,1.0038931191081348
3.67,3960532,22.2,4.202967741935484,0.9832220673833968,-0.28086252575420867,794.78,239372192,958.16,820.9409462365591,0.9953668495698285,-0.3509419986253006,1469.69,1621820032,1476.62,1428.5105591397846,1.0031545138678353,-0.05496248856713848,4432.99,4535.43,4338.507462365591,1.0032357963498226
3.56,5613977,22.2,4.1275913978494625,0.9820659237200545,-0.3523691549382587,870.69,342056096,958.16,822.2499139784946,1.0015944724744652,-0.24406899056704345,1474.29,1627149952,1476.62,1433.0659784946236,1.0031889294242124,-0.030150459921155726,4455.48,4535.43,4352.819892473119,1.0032989294663386
3.58,6274008,22.2,4.0579569892473115,0.9831295295754247,-0.34210181061638034,864.32,171631296,958.16,823.1604731182797,1.0011073994953423,-0.26711982730796224,1438.51,1625580032,1476.62,1434.9263010752688,1.0012981416128512,0.009495986566354642,4357.05,4535.43,4359.396344086021,1.0015108485476907
3.42,2177358,22.2,3.982172043010752,0.9813243594159887,-0.4993892355644711,867.61,152518000,958.16,824.3621075268817,1.0014597814737751,-0.24583151959612026,1451.37,1569560064,1476.62,1437.2279139784946,1.0016039938089512,-0.022465361790978022,4391.36,4535.43,4367.078580645161,1.0017622248478422
3.53,2676139,22.2,3.9207311827956994,0.9845710181399898,-0.6778660628130634,876.88,139556992,958.16,826.3565376344087,1.0024193616971435,-0.25332996976095457,1502.87,1307920000,1476.62,1442.591376344086,1.0037318106011066,-0.01112405285609297,4471.37,4535.43,4378.959268817204,1.0027205116538773
3.23,2775783,22.2,3.8484086021505375,0.9815538027798193,-0.7070049225604695,834.04,139012704,958.16,825.6848172043012,0.9991871300104548,-0.27004489435482926,1525.03,1356080000,1502.87,1449.0087956989246,1.0044485357808681,0.007167372138289219,4544.9,4535.43,4394.383247311828,1.0035222932089045
3.09,2139743,21.5,3.7734193548387096,0.9805142189761443,-0.7520703911554354,832.2,137750096,958.16,825.0454193548388,0.999225615106225,-0.2987744060269476,1585.72,1743180032,1525.03,1458.912258064516,1.006834646135336,0.025370974587255013,4605.38,4544.9,4412.482580645161,1.0041187425662985
3.44,3411384,19.03,3.728731182795699,0.9881571148497698,-0.6935443205447008,920.55,301839008,958.16,830.322129032258,1.006395659625073,-0.2112922403110814,1664.89,2045849984,1585.72,1473.4254193548386,1.0099479329274925,0.04181298177637882,4697.53,4605.38,4435.267913978494,1.0051638353051586
2.93,4649806,19.03,3.656752688172043,0.9806962499855814,-0.8319699146921562,890.87,275185696,958.16,833.7174623655914,1.0040891760132789,-0.23232538194016916,1611.82,1871360000,1664.89,1483.969677419355,1.0071562889617673,0.0003368541811705761,4682.85,4697.53,4455.883075268817,1.004648008122655
2.51,4341299,19.03,3.5637419354838706,0.9745646586959461,-0.7986356587469006,855.51,216283808,958.16,834.9726881720431,1.0015055769647552,-0.2203142648013947,1673.27,1711910016,1664.89,1498.1093548387098,1.0095282792057745,0.052420056915050584,4697.96,4697.53,4476.403440860216,1.0046052298152282
2.265,3698355,19.03,3.460666666666666,0.971076674270128,-0.6724295685812799,779.06,185074496,958.16,831.4567096774192,0.9957891095787561,-0.26445636563519326,1612.87,1441170048,1673.27,1507.8129677419354,1.0064772393763406,0.02437076160332352,4594.62,4697.96,4489.143182795699,1.0028459771563922
2.04,4724119,19.03,3.349086021505376,0.9677574710572269,-0.720735021812133,738.22,323426816,958.16,825.5952043010751,0.9929503180284417,-0.24514243919192957,1574.74,2259919872,1673.27,1514.6759784946232,1.0045516326623491,0.037411502861265156,4538.43,4697.96,4497.368623655913,1.0018322963927142
2.45,5834281,19.03,3.26978494623656,0.9763215770632337,-0.6220499768887718,776.9,240857792,958.16,822.4401505376345,0.996178449502851,-0.23059191147540326,1614.44,1766800000,1673.27,1523.7655913978492,1.0060010279639213,0.05233023953394911,4712.02,4697.96,4516.135720430108,1.0041729060578848
2.26,4338239,19.03,3.1837741935483868,0.9736952875793348,-0.5756628127550747,761.0,321174016,958.16,818.3664301075268,0.9950467879912663,-0.2646652334374753,1545.06,2143299968,1673.27,1527.846301075269,1.0026780429355122,0.032660105526718164,4620.64,4712.02,4527.849978494624,1.002593867587177
2.46,1949090,19.03,3.115333333333333,0.9785032304257812,-0.5365722904070177,835.76,171099696,958.16,819.2703655913978,1.0011045608062787,-0.19547292705132768,1604.1,1289059968,1673.27,1535.3165376344082,1.0048893900871323,0.03823820713017256,4725.78,4712.02,4545.347935483872,1.0038645178334873
2.17,3098369,19.03,3.033129032258064,0.9736129998688415,-0.6061636145800146,818.26,134540496,958.16,819.1112043010751,0.9998057280026139,-0.21041392994139885,1610.76,1123879936,1673.27,1542.7346881720432,1.0048316750036868,0.05205771904077694,4766.18,4725.78,4564.33047311828,1.0041762562302916
2.34,2707396,19.03,2.96636559139785,0.9779885919292689,-0.5796926530259863,819.59,215545792,958.16,819.1169247311827,1.0000069837038947,-0.12585116072931068,1569.02,2226520064,1673.27,1546.9344086021506,1.0027222570817302,0.028798994390634824,4677.02,4766.18,4576.407440860215,1.002645945076296
2.36,1603298,19.03,2.9050860215053764,0.9793418686927269,-0.5579156336000136,819.26,187886208,958.16,819.169806451613,1.0000645594283717,-0.11662598310843264,1545.9,1967440000,1673.27,1549.2544946236558,1.0014997959891536,-0.005108498379041704,4662.85,4766.18,4586.646387096775,1.0022373327482037
2.13,1558419,19.03,2.8327956989247314,0.9751159442283278,-0.6381961157532425,760.87,205715200,958.16,815.4929462365592,0.9955114798102962,-0.16662437631949323,1414.67,1682109952,1673.27,1542.7678279569893,0.9958130399562002,-0.0339655792968907,4397.93,4766.18,4578.7261935483875,0.9982732059810261
2.11,3047333,19.03,2.7639892473118275,0.9757107610552285,-0.5831476539784686,749.13,262642304,958.16,811.2727096774195,0.9948249257352675,-0.17146959969976883,1401.07,2257880064,1673.27,1535.4238924731183,0.9952397662494711,-0.054346516972467174,4431.85,4766.18,4572.742279569893,0.9986931050852252
2.11,2586427,19.03,2.6993118279569894,0.9765999743241616,-0.5422751625162429,781.78,192566896,958.16,809.3844086021506,0.9976724213045208,-0.07741862618187545,1456.33,2030189952,1673.27,1531.7578924731185,0.9976123857275043,-0.04231413323382893,4500.54,4766.18,4571.018989247312,0.9996231385419903
2.26,1897917,19.03,2.647881720430108,0.9809469558151023,-0.4944376841366106,799.75,436091200,958.16,808.7589462365592,0.999227236948298,0.03209405718632008,1423.52,1828649984,1673.27,1526.0142365591396,0.9962502847596199,-0.02960383447674908,4418.64,4766.18,4563.730129032258,0.9984054189597114
2.15,1854776,19.03,2.5922365591397845,0.9789850275935721,-0.5799198622679339,824.71,287902400,958.16,809.7151612903227,1.00118232392756,0.05446251979520389,1417.74,1549820032,1673.27,1519.9238064516128,0.9960089296930417,-0.025610830096857495,4348.87,4766.18,4551.743247311828,0.9973734464173997
2.22,1704925,19.03,2.5443333333333333,0.9815205037373798,-0.5920480698358189,758.14,214682800,958.16,806.3407096774195,0.9958325448574707,-0.026116140504843455,1387.08,1654019968,1673.27,1511.981935483871,0.9947748229654467,-0.033465525154825704,4384.62,4766.18,4542.198150537634,0.9979029799671081
1.75,3745999,19.03,2.470322580645161,0.9709115343816958,-0.6673173279075753,668.52,288520192,958.16,797.246258064516,0.9887213289571579,-0.150545461725765,1350.6,2032390016,1673.27,1501.7975483870966,0.9932642137728219,-0.040475218660355305,4328.87,4766.18,4529.079161290323,0.997111753205712
1.8,3077611,19.03,2.4046129032258063,0.973400365630713,-0.5712015086578268,683.45,320450400,958.16,789.3706451612904,0.9901214802533594,-0.10755799332290139,1315.58,1975840000,1673.27,1489.5548602150538,0.9918479769891813,-0.030357499263042986,4204.31,4766.18,4508.155548387097,0.9953801618037373
1.93,4302956,19.03,2.351354838709678,0.9778517097514189,-0.5348163474962971,748.5,258693600,958.16,785.9037204301075,0.9956079887788649,0.01886928524701026,1437.52,1846499968,1673.27,1485.4569462365591,0.9972489002668199,0.01300605773964536,4463.09,4766.18,4504.4944946236565,0.9991879042938635
2.01,1743203,19.03,2.3065913978494623,0.9809627028114651,-0.6197237466663139,758.49,217362496,958.16,783.0476559139785,0.9963658849781677,-0.0432202163756491,1452.85,1489810048,1673.27,1482.2939139784942,0.9978706671599749,-0.005003382828258962,4543.04,4766.18,4505.945440860215,1.0003221107803084
2.05,2381443,19.03,2.2686451612903222,0.9835487825912648,-0.626408490644027,790.48,182978896,958.16,782.3123870967744,0.9990610165145749,-0.0019322874233775877,1465.81,1485650048,1673.27,1479.9593333333332,0.9984250217698764,-0.0029132899299649795,4545.86,4766.18,4507.505913978494,1.0003463142505298
1.67,2963742,19.03,2.2097741935483874,0.9740501649414176,-0.7203644155805855,722.48,186433504,958.16,777.1701935483873,0.9934269306824218,-0.14377883282187276,1417.79,1734560000,1673.27,1474.5286236559139,0.9963305007407279,-0.036807839350895044,4488.28,4766.18,4505.329118279569,0.99951707313524
1.72,2845286,19.03,2.1583870967741934,0.9767455439907738,-0.6460410322167014,748.74,145318400,958.16,773.8592258064516,0.9957397134251655,-0.1034386037848295,1406.28,1057670016,1673.27,1468.4501075268818,0.9958776547084172,-0.03403166532322055,4392.59,4766.18,4496.914903225807,0.9981323861514084
1.5,3779357,19.03,2.097,0.9715588103422509,-0.7126459116583057,716.04,183609296,958.16,768.5375913978495,0.9931232526134759,-0.2522872016820775,1381.16,1287859968,1673.27,1460.8873118279569,0.994849810926391,-0.02193926441332328,4271.78,4766.18,4480.793376344086,0.9964149806637086
1.5,3064426,19.03,2.040043010752688,0.9728388224857835,-0.6890737110058325,711.94,206687504,958.16,763.2840215053762,0.9931641991865123,-0.21327684913416145,1272.15,1632809984,1673.27,1446.4918924731182,0.9901461124083375,-0.06397945438774721,4131.93,4766.18,4456.044322580645,0.9944766357908621
1.41,3023799,19.03,1.9817526881720426,0.9714269148868883,-0.6775475913827109,635.08,647387584,958.16,753.3994408602151,0.9870499311309224,-0.27353500576860446,1229.22,1777069952,1673.27,1429.6845591397846,0.9883806238937174,-0.0920287951559492,4123.34,4766.18,4431.225204301075,0.9944302353201917
1.35,4017088,19.03,1.9239139784946238,0.9708143654742465,-0.7452925553213234,600.32,467106208,958.16,741.7723440860216,0.9845671550261333,-0.2491861852518923,1187.3,2108349952,1673.27,1410.6504516129032,0.9866864984970294,-0.10990153136100589,4023.89,4766.18,4400.566344086023,0.9930811775972718
1.26,2532313,19.03,1.8649569892473117,0.9693557040978291,-0.7549091449276397,583.16,296904704,958.16,729.6329032258064,0.9836345464251935,-0.18957047173543728,1098.91,2051049984,1673.27,1386.5924086021507,0.982945425648682,-0.13782137936175454,3901.36,4766.18,4362.964645161291,0.9914552591678875
1.19,3999593,19.03,1.805720430107527,0.9682370373787053,-0.7577909359862975,612.83,295669312,958.16,719.9471827956991,0.9867252142998411,-0.20125936116005028,1200.5,1755660032,1673.27,1370.0049462365591,0.9880372470938927,-0.14583986229502677,4158.24,4766.18,4343.319806451613,0.9954973646803522
1.0,4529056,19.03,1.7383118279569891,0.9626694138103518,-0.8439291807794584,622.59,201367504,958.16,711.3629032258065,0.9880765148124365,-0.23305666469688302,1200.56,1249660032,1673.27,1354.2497849462366,0.9884999237896166,-0.15351238839286552,4108.54,4766.18,4321.430107526882,0.9949601457179793
1.02,7099549,19.03,1.677440860215054,0.9649827109480835,-0.799168032632367,570.92,257528000,958.16,700.0858494623656,0.9841472563268298,-0.21289903758200368,1127.72,1849910016,1673.27,1334.7938279569892,0.9856334058860347,-0.13335352323676564,3900.86,4766.18,4287.408344086021,0.9921271980352978
0.885,5233599,19.03,1.6119677419354836,0.9609684491224469,-0.7907155582908617,519.02,352130688,958.16,686.1484731182795,0.9800919039360826,-0.2014081278324481,1065.21,2729169920,1673.27,1312.346043010753,0.983182582601094,-0.14561659214938882,3674.84,4766.18,4240.486344086022,0.9890558593363931
0.885,13659644,19.03,1.5499892473118277,0.9615510329324342,-0.7160634481619705,535.18,257140800,958.16,673.9773118279571,0.9822616215481627,-0.19107717315452444,1153.04,1700300032,1673.27,1296.8723655913977,0.9882091484164833,-0.13647447135469581,3911.74,4766.18,4211.0484731182805,0.993057902188791
