16.8,167646,17.12,16.206774193548387,1.0057170996528904,0.22122953644888632,564.87,69356968,572.46,536.0906666666666,1.0059998687627072,0.07256284370605548,559.42,634588416,571.61,549.2584301075268,1.0025360036206754,-0.024029905090855896,2182.87,2175.03,2087.9352903225804,1.004612917140644
16.8,1110548,17.12,16.290043010752687,1.0051379019791271,0.2347708671237556,565.55,62108684,572.46,539.1244946236559,1.0056591695129729,0.07398399967838465,563.36,634588416,571.61,550.7811612903225,1.0027723401213844,-0.025076843889323186,2184.05,2182.87,2097.0377204301076,1.0043595364998696
15.69,620425,17.12,16.29268817204301,1.0001623790243266,0.12432835294901778,563.25,76309008,572.46,541.7788817204303,1.0049235141850257,0.0751999113935049,561.86,634588416,571.61,552.0616559139785,1.0023248700457659,-0.03194669460268562,2183.87,2184.05,2105.475376344086,1.0040236071253157
15.42,500805,17.12,16.272000000000002,0.9987302173941739,0.016324723552060716,554.02,61194752,572.46,543.6358279569891,1.0034274983747282,0.02100202295255249,555.33,634588416,571.61,552.7978924731182,1.001333612923942,-0.05149885254192843,2169.04,2184.05,2112.360623655914,1.0032701628283982
15.89,301309,17.12,16.27767741935484,1.0003489072858185,0.08877357134971553,559.29,74910512,572.46,545.6878279569893,1.003774585659138,0.02958856645401453,560.25,634588416,571.61,553.7771612903226,1.0017714771176558,-0.058802117632123174,2179.98,2184.05,2119.459634408602,1.0033607001916187
15.12,264610,17.12,16.228602150537636,0.9969851184814086,0.05006088973721656,531.5,58316984,572.46,545.7453978494623,1.0001054996822791,-0.04082373843202736,538.55,634588416,571.61,553.2461720430108,0.9990411499707308,-0.0913896518136601,2127.81,2184.05,2122.5478279569893,1.0014570664608335
15.84,579122,17.12,16.222301075268813,0.9996117302519112,0.0476944048215735,535.61,105431640,572.46,545.9327096774193,1.0003432220018624,-0.007829848337806311,542.31,634588416,571.61,552.9029677419354,0.9993796535458925,-0.07435360295804805,2139.16,2184.05,2125.802623655914,1.001533438095507
17.03,365351,17.12,16.290021505376345,1.0041745267698656,0.14867056969987757,537.99,72240208,572.46,546.1566451612903,1.0004101888014794,-0.04568730564803758,547.94,634588416,571.61,552.8769677419355,0.9999529754739677,-0.06372250422463899,2164.69,2184.05,2130.228430107527,1.0020819460858514
17.92,316522,17.12,16.40941935483871,1.0073295084001552,0.22711660404796685,541.14,73306848,572.46,546.4823225806451,1.0005963077117896,-0.00340513456687086,546.54,634588416,571.61,552.7072258064516,0.9996929842525777,-0.0576007238519316,2168.27,2184.05,2134.419311827957,1.0019673391178139
17.77,423886,17.92,16.51047311827957,1.0061582778315104,0.10720509668944245,531.67,82448384,572.46,546.1155483870969,0.9993288452738668,0.04983018734038791,537.03,634588416,571.61,551.8935483870968,0.9985278328537002,-0.06266406030966021,2153.74,2184.05,2137.3108817204293,1.0013547337566
18.5,275738,17.92,16.652021505376347,1.0085732483910508,0.06745464643430799,532.29,62595508,572.46,545.7323225806452,0.999298269738733,0.056814955309807846,537.26,634588416,571.61,551.0919569892474,0.9985475615719879,-0.045857451891848866,2132.98,2184.05,2138.5801935483873,1.000593882639542
18.03,215800,18.5,16.756731182795697,1.0062881060648128,0.040435132198126,529.58,66770444,572.46,545.119741935484,0.9988775071224212,0.050195141577029645,534.92,634588416,571.61,550.1453978494624,0.9982823934775672,-0.05421727593043657,2141.16,2184.05,2140.1978924731184,1.0007564359426928
17.97,203710,18.5,16.852129032258063,1.0056931061566656,0.08762733018519708,539.3,67107936,572.46,545.0690967741937,0.9999070935110321,0.0960209373409101,540.13,634588416,571.61,549.5378924731183,0.9988957366930291,-0.044479129902112,2126.41,2184.05,2140.637698924731,1.0002054980304202
17.55,238897,18.5,16.91490322580645,1.0037250007656735,0.010605207356762847,524.56,82740000,572.46,544.020129032258,0.9980755325368037,0.09066601200514568,529.04,634588416,571.61,548.2369247311827,0.997632615039373,-0.052193616212321325,2085.18,2184.05,2138.3021720430106,0.998908957418206
17.11,306141,18.5,16.94655913978495,1.0018714806437794,0.04358697988941196,510.31,120360000,572.46,542.0272903225806,0.9963368290926617,0.07572381034967379,517.8,634588416,571.61,546.2506451612903,0.9963769686420404,-0.08711864422982141,2164.45,2184.05,2141.000021505376,1.0012616783061057
17.44,263047,18.5,16.996408602150535,1.0029415683711602,0.12546532355013884,522.03,93500000,572.46,540.7950752688171,0.9977266549567455,0.09380027408381875,517.06,634588416,571.61,544.2713978494623,0.9963766682394607,-0.07073527900258136,2181.9,2184.05,2144.6436344086023,1.0017018275883363
17.93,177876,18.5,17.072537634408604,1.0044791246221532,0.1287698746010828,524.56,61330000,572.46,539.6920645161289,0.9979603905376914,0.06425427796845073,524.48,634588416,571.61,542.8023655913977,0.9973009196076275,-0.09250110952074486,2213.35,2184.05,2150.122043010753,1.0025544610369084
17.9,251810,18.5,17.14161290322581,1.0040459872045024,0.12735030427512162,512.15,94790000,572.46,537.7683440860216,0.9964355221123511,0.06451309148945228,516.93,634588416,571.61,540.8702150537634,0.996440416143859,-0.11693288405197999,2191.95,2213.35,2153.9014193548387,1.0017577496851267
18.11,429913,18.5,17.219569892473118,1.0045478211232175,0.08396778433370233,533.11,287000000,572.46,537.2230107526881,0.9989859326244643,0.03887686356101261,531.43,634588416,571.61,539.9337849462365,0.9982686602414707,-0.12879138122594103,2259.53,2213.35,2161.7508817204302,1.003644299732131
17.52,347051,18.5,17.255096774193547,1.0020631689375679,0.034397702545255315,539.75,324400000,572.46,537.1040215053764,0.9997785105162473,0.05593426300624904,536.06,634588416,571.61,539.3250752688172,0.9988726216169637,-0.09564220238442434,2258.07,2259.53,2169.048258064516,1.0033756786712993
18.04,439584,18.5,17.32088172043011,1.003812493612609,-0.001296847892232167,542.39,218260000,572.46,537.1110107526881,1.000013012837424,0.05879269765523665,535.33,634588416,571.61,538.6639784946236,0.9987742146536316,-0.0903284699247735,2263.79,2259.53,2176.272193548387,1.0033304632375109
18.13,247086,18.5,17.389118279569892,1.003939554593188,-0.01489251919335799,539.92,120690000,572.46,536.9341290322582,0.9996706793998096,0.03814596441121232,531.79,634588416,571.61,537.7883010752688,0.9983743531137872,-0.09492600625778091,2238.83,2263.79,2181.531548387097,1.0024166806221673
17.7,727248,18.5,17.4272688172043,1.0021939316888326,-0.05576212854765994,540.56,185890000,572.46,536.7898709677419,0.9997313300520191,0.012060038276907936,535.28,634588416,571.61,537.1711827956989,0.9988524884637021,-0.11810742571919142,2276.98,2263.79,2188.9517634408603,1.0034013787512033
17.55,626390,18.5,17.45432258064516,1.0015523811404201,-0.04766789876326305,537.58,233472992,572.46,536.4515913978495,0.9993698100724544,0.043072374722343265,529.18,634588416,571.61,536.1983225806451,0.9981889195731042,-0.13391066318038725,2274.64,2276.98,2195.831956989247,1.0031431453462325
18.59,567167,18.5,17.546279569892473,1.0052684364473292,0.06637719328610237,545.61,197602000,572.46,536.6282580645161,1.0003293245271325,0.05897202535473456,539.42,634588416,571.61,535.9282365591398,0.9994962945422778,-0.1242414300347463,2271.31,2276.98,2202.059849462366,1.002836233644062
17.78,620488,18.59,17.581096774193547,1.0019843069388235,-0.005626972643494765,544.17,207708992,572.46,536.680752688172,1.0000978230700062,0.05272958525166127,537.31,634588416,571.61,535.5330752688172,0.9992626600664678,-0.1372477665544637,2294.69,2276.98,2209.2931182795696,1.0032847739442547
18.08,605944,18.59,17.633849462365593,1.0030005345428437,0.010747789877380676,550.42,261774000,572.46,537.1732473118279,1.0009176677590712,0.04626066887145597,543.55,634588416,571.61,535.5963010752688,1.0001180614407799,-0.12697513762077517,2297.42,2294.69,2216.2901720430104,1.0031671006918672
18.08,442964,18.59,17.68352688172043,1.002817162495396,-0.0006437051431820162,556.42,310814016,572.46,538.1002365591398,1.0017256802194652,0.053145311747998525,549.65,634588416,571.61,536.1124301075268,1.000963653093238,-0.109823244260288,2316.1,2297.42,2224.132129032258,1.0035383259323027
17.33,749738,18.59,17.682666666666666,0.9999513550062996,-0.0004144502848932863,552.88,397454016,572.46,538.8311182795699,1.0013582631464792,0.060122012749223686,559.01,634588416,571.61,537.2796559139784,1.0021772034015655,-0.09732519322826538,2351.16,2316.1,2233.9040645161294,1.0043935948572098
17.39,632530,18.59,17.68490322580645,1.0001264831363925,-0.02494354001143262,560.27,264184000,572.46,540.073870967742,1.0023063862609496,0.05564429940601412,567.63,634588416,571.61,539.0229892473118,1.003244741009908,-0.07556253361630816,2367.34,2351.16,2244.3410967741934,1.0046721040638442
16.69,815418,18.59,17.64122580645161,0.997530242670986,-0.03822314678613892,556.51,284992992,572.46,541.0901075268816,1.0018816621461777,0.04331569436202087,565.64,634588416,571.61,540.6215913978494,1.0029657402048286,-0.08061836649844145,2383.12,2367.34,2255.3795483870967,1.004918348475982
16.28,897451,18.59,17.571333333333335,0.9960381169718537,-0.08342753862741181,555.42,242766000,572.46,542.054,1.0017813899380343,0.07150622211182722,564.66,634588416,571.61,542.1435913978494,1.0028152778657333,-0.08402285807991317,2372.6,2383.12,2265.3086451612903,1.0044024061410393
16.71,1112326,18.59,17.530301075268817,0.9976648181850447,0.0634011967392969,558.87,281078016,572.46,543.2622580645161,1.002229036340505,0.04739205355197351,566.53,634588416,571.61,543.7834408602151,1.0030247511699577,-0.08069545047929738,2378.25,2383.12,2275.196774193548,1.004365025072137
15.83,622021,18.59,17.43030107526882,0.9942955914122277,-0.0006183857407195958,552.42,246386000,572.46,544.0638064516129,1.0014754354369333,0.04085831866226364,562.48,634588416,571.61,545.1519569892473,1.0025166564963202,-0.06777796485332477,2343.98,2383.12,2282.4559139784947,1.0031905547103808
15.31,423327,18.59,17.295870967741937,0.9922875625070172,-0.06410327265544369,549.91,240063008,572.46,544.7068602150538,1.0011819454920827,0.03353005836215295,561.79,634588416,571.61,546.4605806451614,1.0024004750219393,-0.08107768425420492,2362.72,2383.12,2290.547870967742,1.0035452851201592
15.42,599282,18.59,17.169784946236557,0.9927100507548571,-0.024730493856201408,549.78,251924000,572.46,545.3616989247312,1.001202185537775,0.04015691547764577,562.47,634588416,571.61,547.8097634408603,1.0024689480696045,-0.06260997299398818,2355.54,2383.12,2297.783612903226,1.0031589568710595
15.48,192307,18.59,17.0469247311828,0.9928443940655943,-0.10727859237536652,548.14,174002000,572.46,545.8714193548387,1.00093464654946,0.013914731294070393,563.79,634588416,571.61,549.1926666666667,1.0025244223781633,-0.04911339915206536,2328.95,2383.12,2302.8141290322583,1.002189290628057
15.38,337826,18.59,16.918387096774193,0.9924597757991223,-0.14129190797450908,552.92,211144992,572.46,546.6625806451613,1.0014493546690126,0.052780776441704313,564.69,634588416,571.61,550.5874408602151,1.0025396810230807,-0.054431583239996195,2348.69,2383.12,2308.710043010752,1.0025603082351122
16.57,339825,18.59,16.870172043010754,0.9971501388703518,-0.09420837778519464,551.58,212592992,572.46,547.335182795699,1.00123037898395,0.04638288884999675,566.54,634588416,571.61,552.0655483870968,1.0026846008775143,-0.06299246121817603,2384.2,2383.12,2316.501225806451,1.0033746909098809
17.61,438703,18.59,16.891956989247312,1.0012913292277645,-0.03608874126102424,543.02,297688992,572.46,547.4330752688173,1.0001788528788125,-0.008190697687008086,567.04,634588416,571.61,553.5329032258064,1.00265793589728,-0.0581295543607645,2399.29,2384.2,2324.8015913978493,1.0035831475066492
17.46,119415,18.59,16.90440860215054,1.0007371326431362,-0.12022644708382069,538.81,243779008,572.46,547.234946236559,0.9996380762485697,0.007678483170439732,564.06,634588416,571.61,554.7434623655914,1.0021869687108576,-0.0710372890405555,2390.9,2399.29,2332.032602150538,1.003110377582089
18.42,281036,18.59,16.981032258064516,1.0045327617024253,-0.05981349244326695,542.9,242492992,572.46,547.2866666666666,1.0000945122939668,0.01373553860757415,567.65,634588416,571.61,556.1279999999999,1.0024958160453201,-0.05116826563877819,2381.73,2399.29,2338.1173333333336,1.0026091964482762
17.43,253704,18.59,16.992946236559142,1.000701605079925,-0.13018129925454536,554.78,233598000,572.46,548.0761935483871,1.001442620348362,-0.025627675408109507,580.26,634588416,571.61,558.2556989247312,1.0038259158408338,-0.061805704559197094,2415.82,2399.29,2345.884064516129,1.0033217884629095
17.77,112672,18.59,17.02795698924731,1.0020603109196478,-0.07268614024900599,558.18,214780000,572.46,549.0517849462366,1.0017800287794536,-0.018873575384577457,587.79,634588416,580.26,560.7829032258065,1.0045269655212532,-0.05866655891786854,2439.07,2415.82,2354.528408602151,1.0036848982508457
17.28,277485,18.59,17.030881720430106,1.0001717605455922,-0.09174943707999073,550.44,212851008,572.46,549.4557204301075,1.000735696513418,-0.016154804144596246,581.46,634588416,587.79,562.775376344086,1.0035530204412761,-0.0005615951451034551,2431.77,2439.07,2361.9407311827954,1.0031481134623663
17.24,298952,18.59,17.030860215053764,0.9999987372716989,-0.11354286411437886,545.68,300265984,572.46,549.4662580645161,1.000019178314133,-0.06075669632361769,578.04,634588416,587.79,564.4103010752688,1.0029051106354432,0.0027840910961391963,2433.15,2439.07,2368.867204301075,1.0029325346850728
17.27,186994,18.59,17.03320430107527,1.000137637558638,-0.17395160104542784,539.52,288454016,572.46,549.0285161290323,0.9992033324538876,-0.06557097769408204,572.93,634588416,587.79,565.5844086021506,1.0020802375942555,-0.00925605911934424,2438.3,2439.07,2375.585612903226,1.0028361271539208
17.11,383996,18.59,17.026645161290322,0.999614920383211,-0.2095100403200464,529.23,268708000,572.46,547.8947311827956,0.9979349252125727,-0.057175903639002046,566.83,634588416,587.79,566.2607741935484,1.0011958702911727,-0.009064029085941616,2423.41,2439.07,2380.8596129032258,1.0022200841642388
16.82,197922,18.59,17.003075268817202,0.9986157054281777,-0.19184103916899842,520.37,195047008,572.46,546.1526021505376,0.9968203216181747,-0.059564614082411205,562.39,634588416,587.79,566.543376344086,1.0004990671496539,-0.015053798507971061,2425.18,2439.07,2385.7500430107525,1.002054060676666
17.27,158293,18.59,17.01131182795699,1.0004844158488726,-0.11551310387168567,526.07,241322000,572.46,544.8056129032259,0.9975336760421761,-0.07950510955605905,564.15,634588416,587.79,566.8729462365591,1.0005817204934948,-0.03670179009968311,2459.27,2439.07,2392.4835913978495,1.0028224031292898
17.86,119790,18.59,17.058150537634408,1.002753386108674,-0.06114889529373646,530.91,224214000,572.46,543.8003010752687,0.9981547329833849,-0.08705932232189995,567.44,634588416,587.79,567.3543655913978,1.000849254419416,-0.032230923359847674,2472.54,2459.27,2399.640580645161,1.0029914475790114
18.66,216619,18.59,17.156989247311827,1.0057942219151694,-0.02624555181109245,534.92,215548992,572.46,543.0783870967741,0.9986724649157657,-0.06839956828079397,569.53,634588416,587.79,567.9015698924732,1.0009644841641518,-0.033224951742826914,2472.1,2472.54,2406.320258064516,1.0027836157936447
19.02,387776,18.66,17.277913978494624,1.007048132364001,0.011002202316334087,531.98,274734016,572.46,542.1775483870967,0.9983412363093785,-0.05086805413937723,566.14,634588416,587.79,568.1489032258064,1.0004355214819711,-0.030117695270627243,2476.83,2472.54,2412.803440860215,1.0026942310666966
18.95,81319,19.02,17.391483870967743,1.0065731252403778,0.03105418589068787,532.61,253480000,572.46,541.3358064516129,0.9984474791735883,-0.04762567683126784,566.56,634588416,587.79,568.3569677419355,1.0003662147633265,-0.0026399393971157092,2441.32,2476.83,2416.5658709677423,1.0015593603870965
19.57,257743,19.02,17.54204301075269,1.0086570611744223,-0.0020550200363931292,528.59,214952000,572.46,540.2453978494623,0.9979857075974742,-0.06392304646182934,566.82,634588416,587.79,568.5014193548386,1.0002541564916096,-0.017112648741886227,2425.55,2476.83,2418.9524301075267,1.00098758290368
19.56,105127,19.57,17.68984946236559,1.0084258402241004,0.01313002824847942,514.57,261939008,572.46,538.2870752688171,0.9963751239928362,-0.12075173197514377,561.3,634588416,587.79,568.2308172043009,0.9995240079596551,-0.02000527253326312,2443.05,2476.83,2422.136322580645,1.001316227815599
19.48,103596,19.57,17.828666666666667,1.0078472801363518,0.010018864141276396,509.74,303980000,572.46,536.0807956989247,0.9959012956631168,-0.13451484338354947,564.14,634588416,587.79,568.0918494623655,0.9997554378648115,-0.040089471014211675,2476.55,2476.83,2427.162451612903,1.002075080987557
19.41,55437,19.57,17.959956989247313,1.00736400119175,0.030134517262318194,514.41,223158000,572.46,534.2632903225805,0.996609642817041,-0.13390677604327306,564.63,634588416,587.79,567.9402150537635,0.9997330811756135,-0.03549401556009402,2461.43,2476.83,2430.827870967742,1.001510166471306
19.59,119415,19.57,18.1,1.0077975137043218,0.02804217299059153,519.24,248958000,572.46,532.8477419354839,0.9973504666842412,-0.11542331183979726,568.86,634588416,587.79,568.0292688172044,1.0001568012989404,-0.045782309750475036,2500.23,2476.83,2436.6839784946233,1.0024091000423447
19.82,109169,19.59,18.250021505376342,1.0082884809600188,0.04466804027047977,501.77,296719008,572.46,530.3774408602151,0.9953639644482759,-0.10759560076939423,555.71,634588416,587.79,567.248752688172,0.998625922691171,-0.07797493421695345,2502.22,2500.23,2442.347892473119,1.002324435186706
19.84,140017,19.82,18.39610752688172,1.0080047040745865,0.0891467377622448,509.05,289742016,572.46,528.5026236559139,0.996465126417782,-0.09938320203024009,555.39,634588416,587.79,566.4732258064516,0.9986328275240005,-0.07528981996941186,2519.36,2502.22,2448.827548387097,1.0026530437919787
19.66,112756,19.84,18.523806451612902,1.006941627436379,0.1736446009580883,511.0,264248992,572.46,526.8556774193548,0.9968837501218701,-0.13739456214754986,553.77,634588416,587.79,565.6152258064517,0.9984853653078158,-0.09377384554849455,2549.33,2519.36,2456.94776344086,1.0033159603497237
20.92,173027,19.84,18.72552688172043,1.0108897936627903,0.17373003614928773,514.55,232966000,572.46,525.5332903225807,0.9974900392015296,-0.13758859330945872,562.1,634588416,587.79,565.3180645161291,0.9994746228942142,-0.08136941205897419,2553.17,2549.33,2464.9356559139783,1.003251144607947
20.55,122479,20.92,18.894322580645163,1.0090142029108675,0.26399247449588614,510.31,226028992,572.46,524.0326666666667,0.997144569747441,-0.11846867775570291,555.16,634588416,587.79,564.5826881720429,0.9986991812392984,-0.11166224867793006,2575.21,2553.17,2473.969311827957,1.0036648647977098
19.35,334926,20.92,18.975548387096776,1.0042989530905342,0.2131547039165942,507.47,231386000,572.46,522.439376344086,0.9969595591574175,-0.09457557946935413,547.02,634588416,587.79,563.3378924731184,0.9977951932905438,-0.11870563742759821,2581.07,2575.21,2482.8837634408605,1.0036032991881847
18.82,17191,20.92,19.01389247311828,1.0020207102972358,0.17691602389284933,503.55,331043008,572.46,520.6844516129032,0.996640902637425,-0.11129387612475106,547.29,634588416,587.79,562.1422795698924,0.9978776274076343,-0.1256066818153696,2587.84,2581.07,2491.7654193548387,1.0035771533266098
18.87,17191,20.92,19.04815053763441,1.0018017386268785,0.18061806735293673,511.8,300975008,572.46,519.5612043010752,0.9978427485046873,-0.11885145486575144,558.57,634588416,587.79,561.707053763441,0.9992257728652176,-0.11804169449091284,2582.3,2587.84,2499.7900860215054,1.0032204743690296
18.17,17191,20.92,19.029956989247314,0.999044865361015,0.11428418933888951,520.24,296543008,572.46,519.060623655914,0.999036531902272,-0.0955564570162003,563.97,634588416,587.79,561.6314408602151,0.9998653872998047,-0.09927008842159857,2578.85,2587.84,2507.0473333333334,1.002903142688824
17.99,17191,20.92,18.99415053763441,0.9981184165769195,-0.024207182503591218,520.07,183904000,572.46,518.6193548387096,0.9991498703675566,-0.11824160717692045,564.14,634588416,587.79,561.5683440860215,0.9998876544837003,-0.09576379745516794,2602.42,2587.84,2515.3302580645163,1.0033038565411407
17.7,17191,20.92,18.936580645161285,0.9969690725384608,-0.09310908855811806,537.2,309056992,572.46,519.3510107526881,1.001410776337505,-0.06386261980030472,577.48,634588416,587.79,562.3710537634408,1.0014294069205874,-0.08283938714252992,2642.22,2602.42,2525.7116344086025,1.0041272418644835
16.62,17191,20.92,18.809139784946236,0.9932701229116772,-0.11204383878013824,535.39,276660000,572.46,519.9784086021505,1.0012080420302891,-0.06275307009494935,581.06,634588416,587.79,563.3822795698925,1.0017981469701978,-0.07885797442084441,2651.5,2642.22,2536.1692903225808,1.0041404789729398
16.32,17191,20.92,18.66415053763441,0.9922915535229384,-0.14496427690734293,536.63,338790016,572.46,520.6931612903226,1.0013745814755917,-0.06374787264174642,588.34,634588416,587.79,564.826623655914,1.0025637016611957,-0.08702475781803387,2675.81,2651.5,2547.6349032258067,1.004520838946744
16.29,17191,20.92,18.521741935483874,0.9923699392660071,-0.05931744699334596,542.55,304016992,572.46,521.8033333333334,1.0021321041364548,-0.0430936688042558,587.29,634588416,588.34,566.1587311827957,1.002358436148529,-0.09862146839689223,2683.34,2675.81,2558.9538924731182,1.0044429400904265
16.95,17191,20.92,18.424365591397848,0.9947425925474389,-0.01312622239252359,539.36,147878000,572.46,522.734,1.0017835583010202,-0.05984044496063656,587.39,634588416,588.34,567.4821720430108,1.0023375791758085,-0.0968401169654145,2673.61,2683.34,2569.0698279569892,1.0039531526979153
17.59,17191,20.92,18.370043010752692,0.9970515901686993,0.028820752249424375,542.7,210616992,572.46,523.9206236559139,1.002270033431753,-0.023452097568217534,588.0,634588416,588.34,568.8458279569893,1.0024029933998968,-0.11679909987604176,2743.15,2683.34,2583.167827956989,1.0054875892615232
17.07,17191,20.92,18.281505376344086,0.995180325143671,-0.023217145615142543,533.26,248388000,572.46,524.5148602150537,1.0011342110470727,0.015745011696535305,584.75,634588416,588.34,569.9857419354838,1.0020039067221227,-0.13350821967579973,2786.24,2743.15,2599.3761935483876,1.0062746080281657
16.68,17191,20.92,18.168172043010753,0.993800656401087,-0.030079972792699805,545.9,230194000,572.46,525.9512903225807,1.0027385880105248,0.04365820360957884,598.6,634588416,588.34,572.0047741935483,1.003542250462632,-0.10776053644513484,2810.3,2786.24,2616.3774838709674,1.0065405270559824
17.51,17191,20.92,18.109655913978493,0.9967791955682866,0.05609639863170801,554.97,253938000,572.46,527.9591612903226,1.0038175987105393,0.04838545494375479,605.24,634588416,598.6,574.3969892473118,1.0041821592435767,-0.11770311306076531,2872.87,2810.3,2636.615548387097,1.0077351470270977
17.96,17191,20.92,18.079311827956992,0.9983244250379115,0.09010562318098692,534.97,316475008,572.46,528.6213548387097,1.0012542514590876,0.03739369416502314,582.45,634588416,605.24,575.2362795698924,1.0014611676911476,-0.10326894314213253,2762.13,2872.87,2648.7425161290316,1.0045994448259068
18.25,17191,20.92,18.065225806451608,0.9992208762347026,0.04665280805301664,516.89,400164000,572.46,528.0856989247312,0.9989866926315492,0.04654542689131369,552.74,634588416,605.24,574.1156559139786,0.9980518898134315,-0.08539892917418912,2619.55,2872.87,2650.9461505376344,1.0008319549352889
19.72,17191,20.92,18.14387096774194,1.0043534004021275,0.07814162312672601,530.49,338716000,572.46,528.4472043010753,1.0006845581637227,0.05399385706583959,571.63,634588416,605.24,574.2382795698926,1.0002135870266746,-0.09764156060020879,2732.22,2872.87,2660.074129032258,1.0034432908012003
20.04,17191,20.92,18.23916129032258,1.005251929026064,0.10146115983779913,520.39,258039008,572.46,528.158,0.999452728108463,0.032644484801847895,558.8,634588416,605.24,573.5241505376343,0.9987563890153872,-0.13016245372949964,2747.3,2872.87,2669.616559139785,1.0035872797691539
19.45,17191,20.92,18.293419354838708,1.0029748113771502,0.09152774388600637,518.63,371580000,572.46,527.7864946236559,0.9992966018192585,0.05854089281161612,551.55,634588416,605.24,572.3653548387097,0.9979795171696982,-0.11234134455822653,2691.25,2872.87,2674.9510322580645,1.0019982169724024
20.1,17191,20.92,18.38868817204301,1.0052078190171212,0.1035719998839928,526.57,295926016,572.46,527.9559569892474,1.0003210812844165,0.01989219071896653,560.68,634588416,605.24,571.8269677419354,0.9990593646309602,-0.15179782023838628,2786.57,2872.87,2685.9740645161287,1.0041208351574045
19.53,17191,20.92,18.444709677419358,1.0030465199503202,0.005461663997442079,515.68,303648000,572.46,527.4358279569892,0.9990148249577023,-0.004072127165430706,548.78,634588416,605.24,570.5334838709678,0.9977379802913539,-0.16641883654862155,2752.01,2872.87,2694.024946236559,1.0029973788007818
19.77,17191,20.92,18.516301075268817,1.003881405514184,0.06441614916358851,487.54,359895008,572.46,525.1279784946237,0.9956243976232996,0.02608456508048529,523.4,634588416,605.24,567.641376344086,0.9949308715287676,-0.12695982192134792,2588.26,2872.87,2690.809247311828,0.9988063588909141
20.11,17191,20.92,18.60937634408602,1.005026666418895,0.08875122211204622,501.62,246912000,572.46,523.7866451612904,0.9974457020226223,0.03717158241819718,541.73,634588416,605.24,566.0133548387096,0.997131954129451,-0.1060745483778337,2640.87,2872.87,2690.6754623655916,0.999950280776547
20.71,17191,20.92,18.739806451612903,1.0070088381853985,0.08659401453645066,499.73,328783008,572.46,522.3408387096774,0.9972397034842923,0.03789755804420769,540.22,634588416,605.24,564.3361075268816,0.9970367354453926,-0.10134441153133844,2604.47,2872.87,2687.839913978495,0.9989461574140928
22.39,17191,20.92,18.97582795698925,1.0125946607818905,0.1732187273763326,503.14,250348000,572.46,521.1466021505377,0.9977136833449787,0.0468682110857781,541.5,634588416,605.24,562.793935483871,0.9972672809298541,-0.11051844953711165,2656.3,2872.87,2688.040623655914,1.0000746732260262
21.59,17191,22.39,19.154215053763444,1.0094007543269536,0.09114831291933245,490.56,285756992,572.46,519.175376344086,0.9962175215221258,0.03852296117816223,517.88,634588416,605.24,559.7867311827956,0.9946566511977606,-0.1351834828630465,2670.14,2872.87,2688.798602150537,1.0002819817855255
22.6,17191,22.39,19.393956989247314,1.0125164061701795,0.13964682717130672,495.67,273303008,572.46,517.557935483871,0.9968845963543097,0.013273977946951288,520.27,634588416,605.24,557.0150752688172,0.9950487288111991,-0.12299208391745853,2669.91,2872.87,2689.180623655914,1.0001420788842539
21.8,17191,22.6,19.57615053763441,1.009394346315613,0.051998872317291944,484.37,377764992,572.46,515.2402365591398,0.9955218560747903,-0.016995109489521987,509.65,634588416,605.24,553.6337849462366,0.9939296251166114,-0.12442500110509369,2663.42,2872.87,2688.8201720430106,0.9998659622898765
21.15,17191,22.6,19.711806451612908,1.0069296521661757,-0.02174955659479849,490.8,281368000,572.46,513.3946451612904,0.9964179983105075,-0.00030959475874836606,507.34,634588416,605.24,550.1983440860215,0.9937947413007884,-0.1657863799117799,2727.72,2872.87,2692.3627526881723,1.0013175223400939
20.7,17191,22.6,19.817935483870965,1.0053840338032223,-0.08219292647706111,482.47,329696992,572.46,511.0627096774194,0.9954578110507202,0.014378021437080668,507.12,634588416,605.24,546.8664731182796,0.9939442366492819,-0.14002827838608134,2712.97,2872.87,2694.5783440860214,1.0008229171182959
20.17,17191,22.6,19.889548387096777,1.003613540032164,-0.025904860760114445,486.45,276236000,572.46,509.04741935483867,0.9960566672456835,-0.0067649633374819995,510.53,634588416,605.24,543.8579139784946,0.9944985489371291,-0.12104868855512396,2721.33,2872.87,2697.037032258064,1.0009124574824253
19.65,17191,22.6,19.92584946236559,1.0018251332087742,-0.016174844736333682,481.59,247020000,572.46,506.7637849462366,0.9955139063242943,-0.009600465408471148,507.88,634588416,605.24,540.7568602150537,0.994298044243292,-0.128728472287985,2734.62,2872.87,2700.0515053763443,1.00111769808209
20.97,17191,22.6,20.04552688172043,1.0060061388891288,0.056749500321041646,489.26,286496992,572.46,505.0222150537634,0.9965633497416198,0.00934321446544173,520.11,634588416,605.24,538.5295913978493,0.9958812009961027,-0.14503841804294393,2779.03,2872.87,2705.615483870967,1.0020606934658631
20.98,17191,22.6,20.16133333333333,1.0057771717498982,0.07764222417139521,503.26,327521984,572.46,504.23234408602144,0.9984359678758729,0.024010630119449372,530.12,634588416,605.24,537.0308387096774,0.9972169538831066,-0.13788896505543258,2779.66,2872.87,2710.797032258065,1.0019151089347273
20.32,17191,22.6,20.228516129032258,1.0033322595578464,0.06499109953385163,507.35,307820000,572.46,503.74286021505384,0.9990292493595292,0.011815932760753656,530.4,634588416,605.24,535.6229462365592,0.9973783768609994,-0.11839178253128846,2754.88,2872.87,2713.948021505376,1.0011623847930387
19.91,17191,22.6,20.264236559139782,1.001765845298769,0.05195553125569541,505.98,438423008,572.46,503.1923440860214,0.9989071485225669,-0.036835436540893274,529.08,634588416,605.24,534.2024516129032,0.9973479578617072,-0.11263288798592641,2718.37,2872.87,2714.415655913979,1.0001723077984168
20.73,17191,22.6,20.34810752688172,1.0041388663963315,0.21841577377494148,515.63,205284992,572.46,503.33154838709675,1.0002766423271565,-0.042340063561984054,536.62,634588416,605.24,533.3724946236559,0.9984463624479044,-0.11733326191900684,2759.82,2872.87,2717.393720430108,1.0010971291407196
20.71,17191,22.6,20.421849462365593,1.0036240193534682,0.20103451879545053,514.05,236696992,572.46,503.4113118279571,1.0001584709742832,-0.030961443771117314,541.73,634588416,605.24,532.9677849462365,0.9992412250697236,-0.12612458416875838,2801.31,2872.87,2722.815612903226,1.00199525465609
21.02,17191,22.6,20.50615053763441,1.0041279843642061,0.181593667637596,505.39,256039008,572.46,502.98092473118294,0.9991450587488562,-0.06471611131404109,542.14,634588416,605.24,532.6897634408602,0.9994783521382924,-0.12103619808661603,2801.83,2872.87,2728.0011612903227,1.0019044801868047
20.91,17191,22.6,20.573182795698923,1.0032688854956706,0.07157264222176551,510.5,276820992,572.46,502.9601290322581,0.9999586550942544,-0.03575057675792248,547.5,634588416,605.24,532.8546451612904,1.0003095267297142,-0.12222292177392935,2818.82,2872.87,2734.0280215053763,1.002209258669158
21.46,17191,22.6,20.66718279569892,1.0045690548192499,0.08582478240889468,521.95,401556992,572.46,503.7401075268818,1.0015507759951559,-0.07294690141733862,557.13,634588416,605.24,533.7266021505376,1.001636388079123,-0.08793371671253847,2840.35,2872.87,2741.1316344086026,1.0025982224203083
21.41,17191,22.6,20.74963440860215,1.0039894945391585,0.16395589540807132,507.2,297767008,572.46,503.61309677419354,0.99974786452222,-0.10083274661332142,546.42,634588416,605.24,533.9739784946237,1.000463488878181,-0.08243234780407227,2833.28,2872.87,2747.570086021505,1.002348829779673
21.54,17191,22.6,20.831139784946235,1.003928039151875,0.12912471315087415,518.49,285616000,572.46,504.2705161290323,1.0013054055961803,-0.1236244809696192,564.08,634588416,605.24,535.4431397849463,1.0027513724441488,-0.07184075585444549,2850.13,2872.87,2754.9944731182795,1.0027021647726282
21.2,17191,22.6,20.880258064516127,1.002357925686111,0.008039129537402712,512.46,270662016,572.46,504.5978494623656,1.0006491224905356,-0.1149288867798115,553.97,634588416,605.24,536.3342795698925,1.0016643033008212,-0.08534371043619537,2874.69,2872.87,2763.9177204301077,1.0032389347415744
21.61,17191,22.6,20.947892473118277,1.0032391557802194,0.011359717368853106,511.31,244014000,572.46,504.9424086021505,1.0006828390968214,-0.11782208215664935,551.48,634588416,605.24,537.1750322580644,1.0015675908108022,-0.10363662371177329,2901.52,2874.69,2774.5680215053767,1.0038533350673013
21.31,17191,22.6,20.98832258064516,1.0019300322253786,0.020992210333953487,513.61,231120992,572.46,505.4862365591398,1.001077009868303,-0.1122052499199625,556.93,634588416,605.24,538.434,1.0023436825361063,-0.08866893824921163,2871.68,2901.52,2782.9933978494623,1.0030366443636565
22.53,17191,22.6,21.100881720430106,1.005362941195155,-0.014104577991694178,523.69,239628992,572.46,506.6874408602151,1.002376334337512,-0.10139519587130807,560.42,634588416,605.24,539.9091182795698,1.002739645489642,-0.08284122023312279,2904.98,2901.52,2793.0249462365587,1.0036045893586554
22.59,17191,22.6,21.211268817204303,1.005231397352809,-0.0785564805154666,514.64,310816000,572.46,507.31939784946235,1.0012472323927635,-0.09540774342616398,567.05,634588416,605.24,541.8360860215054,1.0035690594522202,-0.05161775870998331,2929.67,2904.98,2804.277870967742,1.0040289381397562
23.15,17191,22.6,21.352301075268816,1.0066489307773103,-0.04429746248683886,500.94,283547008,572.46,507.0798494623656,0.9995278154391253,-0.12944796320431773,554.91,634588416,605.24,542.9620860215053,1.0020781192486972,-0.07666887612215412,2913.98,2929.67,2814.126344086021,1.0035119462376532
23.14,17191,23.15,21.4847311827957,1.0062021468815026,-0.048845706270709055,504.01,271188992,572.46,507.07640860215054,0.9999932143621587,-0.0704771581509206,549.89,634588416,605.24,543.7569892473118,1.0014640123984182,-0.05477203703940925,2885.57,2929.67,2821.662924731183,1.0026781244776022
23.14,17191,23.15,21.61062365591398,1.0058596252402308,0.04633739788149205,493.43,338193984,572.46,506.4389032258064,0.9987427824179368,-0.02831563794463232,539.23,634588416,605.24,543.8873548387096,1.0002397497300737,-0.022896403773123297,2767.13,2929.67,2821.3453118279567,0.9998874376877399
24.61,17191,23.15,21.823591397849462,1.0098547707519399,0.04353954883410194,509.55,273940992,572.46,506.88924731182794,1.0008892367532451,-0.012076133904217468,562.26,634588416,605.24,545.524064516129,1.0030092806219124,0.004885981134042261,2767.78,2929.67,2821.0371182795698,0.9998907636200735
23.54,17191,24.61,21.95711827956989,1.0061184650723247,0.036162831530502926,492.49,362964000,572.46,506.19161290322586,0.9986236945993591,-0.03231193728466597,554.62,634588416,605.24,546.5843010752689,1.0019435193204176,0.01704636469175358,2658.69,2929.67,2813.304795698925,0.9972590496840537
24.27,17191,24.61,22.13036559139785,1.007890257256079,0.05891866300163495,494.98,421848992,572.46,505.67425806451615,0.9989779466401222,-0.0440384870660947,567.86,634588416,605.24,548.4710107526881,1.0034518182715964,0.005631084167581291,2723.06,2929.67,2809.6870537634413,0.9987140597275438
24.14,17191,24.61,22.287569892473122,1.0071035564426634,-0.017989251444988863,515.38,350164000,572.46,506.483247311828,1.0015998228788792,-0.061132432285777805,584.21,634588416,605.24,551.3531182795699,1.0052548037551274,0.03192473622092318,2781.01,2929.67,2809.5529892473123,0.9999522848938107
23.0,17191,24.61,22.367462365591397,1.0035846201942928,-0.009982598059348868,507.69,334137984,572.46,506.7697849462366,1.000565739609216,-0.07100406901818523,574.05,634588416,605.24,553.4878924731182,1.0038718819623431,0.08369492798925915,2736.27,2929.67,2806.2642795698926,0.9988294544754962
23.05,17191,24.61,22.44754838709677,1.0035804697107067,-0.0320254984639079,501.64,202888992,572.46,506.6291612903226,0.9997225097863147,-0.050573300344436856,560.44,634588416,605.24,554.623806451613,1.0020522833361705,0.09119914583112554,2632.56,2929.67,2796.142387096774,0.996393107895501
23.43,17191,24.61,22.551182795698928,1.004616736171587,0.024764724341733046,504.49,349585984,572.46,506.6595698924732,1.0000600214209405,-0.039900802583451966,576.42,634588416,605.24,556.7043010752689,1.003751181610769,0.09468600219825807,2760.17,2929.67,2794.333720430108,0.9993531564504681
22.79,17191,24.61,22.610021505376345,1.0026091185642219,0.01685398131702076,485.31,282236000,572.46,505.40929032258066,0.9975323083897184,-0.08871437139110228,558.64,634588416,605.24,557.4941075268817,1.0014187180700551,0.13581126590720127,2633.08,2929.67,2784.117634408602,0.9963439993058762
21.6,17191,24.61,22.588559139784948,0.9990507587272178,0.0009094393415729485,483.34,314796992,572.46,504.04372043010756,0.9972980910350866,-0.09120767463639812,555.59,634588416,605.24,557.976817204301,1.0008658561066424,0.13723809676015897,2599.95,2929.67,2771.9676559139784,0.9956359679833698
21.71,17191,24.61,22.57225806451613,0.999278348159883,0.05413572288521307,452.13,473464992,572.46,500.66273118279565,0.9932922698760599,-0.07388668086468875,515.96,634588416,605.24,555.7985161290322,0.9960960724386669,0.12260699049537305,2416.62,2929.67,2748.2329892473126,0.9914376105305457
20.95,17191,24.61,22.503612903225807,0.996958870437591,0.0702366054668645,449.38,256940992,572.46,497.17812903225797,0.9930400208893012,-0.05237946624956924,519.79,634588416,605.24,553.8556344086022,0.9965043416561066,0.11446123821875709,2485.74,2929.67,2729.6129677419353,0.9932247296432909
21.43,17191,24.61,22.463139784946232,0.9982014835371713,-0.009315752808864541,458.45,262428000,572.46,494.3479569892472,0.9943075290771145,-0.029936576371443535,526.98,634588416,605.24,552.3510107526881,0.9972833649015402,0.10212106263098786,2531.94,2929.67,2714.508817204301,0.9944665596492498
21.91,17191,24.61,22.45264516129032,0.9995328069113942,0.026219513763296343,471.07,330720992,572.46,492.39823655913983,0.9960559755481101,-0.08150142302953967,530.26,634588416,605.24,551.0432258064516,0.9976323299482073,0.0662433835806221,2596.26,2929.67,2704.085720430108,0.996160227328004
22.23,17191,24.61,22.460795698924727,1.0003630101298024,0.11716981847562769,482.75,293286016,572.46,491.2712903225807,0.9977113113880459,-0.06250195305839834,538.36,634588416,605.24,550.2577204301075,0.9985745122350529,0.04556059642063193,2670.71,2929.67,2698.860258064516,0.9980675677822962
22.02,17191,24.61,22.451290322580647,0.9995768014423222,0.10419171864188592,470.85,245847008,572.46,489.4295053763441,0.996250981926855,-0.08790411404711085,530.87,634588416,605.24,548.971870967742,0.9976631868765777,0.023104608418179073,2664.76,2929.67,2693.4319354838713,0.9979886611155859
21.98,17191,24.61,22.43466666666667,0.9992595679056692,0.020578782180647348,483.64,299172992,572.46,488.48843010752694,0.998077199558916,-0.09183033014146025,546.48,634588416,605.24,548.6892688172043,0.9994852156085164,0.037683498882059574,2706.53,2929.67,2690.8137419354844,0.9990279340220578
21.83,17191,24.61,22.405677419354838,0.9987078369497282,0.03261082364220602,482.06,344388992,572.46,487.5142150537634,0.9980056537806861,-0.11514706719581469,552.62,634588416,605.24,548.7815913978496,1.0001682602264927,0.05345451801897816,2707.88,2929.67,2688.397247311828,0.9991019465279234
22.82,17191,24.61,22.438150537634414,1.001449325439789,0.07811253069158242,492.12,350360992,572.46,487.2578279569893,0.9994740930851712,-0.10718439959199422,558.54,634588416,605.24,549.2324301075267,1.0008215266633285,0.03961222738163095,2775.6,2929.67,2690.5507096774195,1.0008010208936737
23.02,17191,24.61,22.4796559139785,1.0018497681560017,0.09938940613612135,480.91,412595008,572.46,486.306752688172,0.9980481067429845,-0.14241144319275234,560.87,634588416,605.24,549.7983225806453,1.0010303333199166,0.0336970228061686,2792.67,2929.67,2693.861870967742,1.001230663030588
23.34,17191,24.61,22.5372688172043,1.0025628907954047,0.0849002783035766,480.19,482638016,572.46,485.3728602150538,0.9980796226497864,-0.11674571161880709,558.61,634588416,605.24,550.1896559139785,1.0007117761500188,0.015563331629661725,2803.69,2929.67,2697.9402365591395,1.001513947554383
23.83,17191,24.61,22.622451612903223,1.0037796414636497,0.0856526054794402,472.95,334680992,572.46,484.0616774193549,0.9972986071056427,-0.12859630481373552,554.75,634588416,605.24,550.3287741935484,1.000252855134724,0.04708410643646033,2743.07,2929.67,2698.18647311828,1.0000912683519834
23.38,17191,24.61,22.673397849462365,1.0022520210201304,0.11588909016673432,481.75,329996992,572.46,483.3918924731182,0.9986163231309542,-0.1244156563619,567.16,634588416,605.24,551.250623655914,1.001675088611742,0.015161530278721136,2822.48,2929.67,2703.749935483871,1.0020619265647572
23.3,17191,24.61,22.715225806451613,1.0018448032036027,0.13755711035919804,494.54,345952992,572.46,483.62627956989246,1.0004848800743742,-0.10981497122478556,571.22,634588416,605.24,552.4277849462366,1.0021354375665203,0.056873819147810645,2800.71,2929.67,2707.9683440860217,1.0015602066399665
22.38,17191,24.61,22.693182795698924,0.9990295931486436,0.061899086344371135,505.55,275639008,572.46,484.6095268817204,1.0020330725466415,-0.0875388072279939,580.11,634588416,605.24,554.1413978494625,1.0031019672614634,0.07504755017913012,2834.4,2929.67,2714.519397849463,1.002419176641318
22.25,17191,24.61,22.66109677419355,0.9985860942559606,0.07278256622696189,503.73,276923008,572.46,485.4877419354839,1.0018122116983843,-0.11913925105306677,574.07,634588416,605.24,555.4037634408602,1.002278056821412,0.023442174316480102,2892.74,2929.67,2724.9786666666664,1.0038530831002679
21.93,17191,24.61,22.606344086021505,0.997583846504976,-0.013473727236877342,507.96,245199008,572.46,486.6601075268817,1.0024148201697616,-0.13153040444098085,579.79,634588416,605.24,556.9983010752688,1.0028709521601549,0.03372686862050056,2907.41,2929.67,2736.3390967741934,1.0041689978150998
22.12,17191,24.61,22.565139784946236,0.998177312487217,-0.006005800768224212,509.41,175690000,572.46,487.9598494623656,1.0026707386025309,-0.08050955430666551,585.35,634588416,605.24,558.9098924731182,1.0034319519362251,0.0406827899665726,2905.03,2929.67,2747.540752688172,1.0040936651189114
21.53,17191,24.61,22.486881720430105,0.9965319042885638,-0.052066634421699454,510.17,261650000,572.46,489.31987096774196,1.0027871586297006,-0.08535944102487503,585.93,634588416,605.24,560.8195483870968,1.0034167509641465,0.047012769621696204,2939.88,2929.67,2761.043784946237,1.0049145885260677
21.59,17191,24.61,22.415978494623662,0.9968469071573394,-0.05920727995055852,511.07,297950016,572.46,490.7181075268818,1.0028575102751796,-0.1317524636525078,590.44,634588416,605.24,562.9534623655913,1.0038049921487788,0.052924643628960766,2945.64,2939.88,2774.8627311827954,1.0050049717834617
22.8,17191,24.61,22.426473118279574,1.000468176022672,-0.01180518961323529,516.04,286431008,572.46,492.42180645161295,1.0034718484983516,-0.12575783882464853,588.24,634588416,605.24,564.85823655914,1.0033835375761693,0.04959336615400134,2881.4,2945.64,2784.407978494624,1.0034398989198863
22.91,17191,24.61,22.444795698924732,1.0008170067824986,-0.05230634716103921,516.01,272015008,572.46,494.0749462365591,1.003357162016968,-0.1378532238842467,593.5,634588416,605.24,566.9969677419355,1.0037863149448323,0.022412173010804004,2859.53,2945.64,2792.2965161290326,1.002833111273684
24.05,17191,24.61,22.540322580645157,1.0042560815879915,-0.012727976079625725,508.86,272625984,572.46,495.25290322580645,1.0023841666091755,-0.13229781767829518,590.84,634588416,605.24,568.8969032258065,1.0033508741527093,0.0023539199268196587,2826.06,2945.64,2797.828387096774,1.001981118744298
23.2,17191,24.61,22.579913978494623,1.0017564698867027,-0.0674812379820513,489.44,322838016,572.46,495.14275268817204,0.9997775872954667,-0.15129975667892892,569.93,634588416,605.24,569.3699139784948,1.0008314525004551,-0.007004519021307276,2752.06,2945.64,2798.2261290322585,1.0001421609478691
24.11,17191,24.61,22.680516129032256,1.0044553823647622,-0.02899419581552387,515.12,309359008,572.46,496.70129032258063,1.0031476531282082,-0.12932864399070132,599.31,634588416,605.24,571.7339569892473,1.00415203359488,-0.0073532981518691365,2873.34,2945.64,2806.386021505376,1.0029160947317504
23.55,17191,24.61,22.74505376344086,1.0028455099540698,0.004620438976653096,521.83,265970000,572.46,498.6932903225807,1.0040104586777021,-0.09788147831215577,602.85,634588416,605.24,574.2939139784947,1.0044775318274397,-0.004908783104227377,2886.98,2945.64,2815.2273548387097,1.0031504337840849
23.9,17191,24.61,22.83098924731183,1.0037782053524575,0.015528527208113152,519.23,309007008,572.46,500.48713978494624,1.0035970996545895,-0.1174682153211346,603.48,741235200,605.24,576.8325806451612,1.0044205007312015,-0.0439601792848745,2950.46,2945.64,2827.840064516129,1.0044801744540246
23.34,17191,24.61,22.878967741935487,1.002101463677458,-0.016090191225316852,511.33,353355008,572.46,501.7334838709677,1.002490261960691,-0.07754669369331513,597.34,750381632,605.24,578.8825591397848,1.0035538535155744,-0.029496445201013133,2941.76,2950.46,2839.2078279569896,1.0040199456763852
24.71,17191,24.61,23.01552688172043,1.0059687631594776,0.05909546971255164,526.46,196431008,572.46,503.94124731182785,1.004400271283126,-0.029842399686066168,610.37,442023040,605.24,581.728193548387,1.0049157369896078,-0.04310810672521215,2990.41,2950.46,2853.323784946237,1.0049717941921161
24.88,17191,24.71,23.158924731182793,1.0062304830212796,0.12314797645782227,519.8,232939008,572.46,505.63083870967745,1.003352754724608,-0.057559506888161804,615.88,512478496,610.37,584.8180645161291,1.005311537247137,-0.050649327266085065,3013.77,2990.41,2868.1783870967743,1.0052060695771394
25.4,17191,24.88,23.328817204301075,1.0073359396038593,0.10587594651501298,522.4,234046000,572.46,507.4097634408603,1.0035182283100503,-0.026912878037631094,617.25,507999904,615.88,587.8666666666667,1.0052129069457865,-0.035410806953330765,2976.61,3013.77,2879.745634408602,1.004032959513211
24.92,17191,25.4,23.459806451612902,1.0056149116418847,0.11086033202991552,527.38,230346000,572.46,509.3588602150537,1.0038412677773012,-0.019095229072414455,620.94,561348608,617.25,590.935505376344,1.0052202971926922,-0.022689589021929635,3025.86,3013.77,2893.2860215053765,1.0047019385792229
24.53,17191,25.4,23.557096774193546,1.0041471067879997,0.0993531131281542,523.09,301286016,572.46,510.8634408602151,1.0029538715484918,-0.08542320055921904,608.99,690475840,620.94,593.0158494623657,1.0035204249314766,-0.002402467410756115,2932.05,3025.86,2899.612602150538,1.002186641969766
25.14,17191,25.4,23.687075268817207,1.0055175939492702,0.118902128976478,523.31,360832000,572.46,512.2432043010753,1.0027008459218316,-0.08948655616554246,609.05,793552064,620.94,594.9236989247312,1.0032171980969735,0.024412710901233314,2918.65,3025.86,2904.214215053764,1.0015869750668807
25.72,17191,25.4,23.84752688172043,1.0067738043250298,0.1236454471238686,524.61,271072000,572.46,513.5944946236558,1.002637985845853,-0.09227063233866128,618.62,613917120,620.94,597.2795268817204,1.0039598825214848,0.06746739714077798,2888.68,3025.86,2906.1889677419354,1.0006799610985773
24.32,17191,25.72,23.910150537634408,1.0026260021101803,0.12834800662695767,517.61,245964000,572.46,514.4041505376345,1.0015764497525854,-0.05888700222639476,611.45,538213184,620.94,599.0001720430108,1.0028808038512111,0.0833583958967643,2847.11,3025.86,2905.0130322580644,0.9995953685404069
23.98,17191,25.72,23.94589247311828,1.0014948435990654,0.11633687789775626,525.29,252747008,572.46,515.6087311827957,1.0023417008667257,-0.059845546547742545,621.27,709776128,620.94,601.1810752688172,1.0036409058420934,0.05559867842097432,2926.46,3025.86,2908.564301075269,1.0012224622670434
24.08,17191,25.72,23.983784946236558,1.0015824205826036,0.12423475282710028,532.57,205167008,572.46,517.1934193548387,1.003073431608514,-0.041560838309790515,628.52,477026528,621.27,603.66888172043,1.0041381982134092,0.03733022457452462,2978.71,3025.86,2915.0135698924737,1.0022173375416938
22.65,17191,25.72,23.924580645161292,0.9975314863267837,0.0018110255955080534,531.32,291760000,572.46,518.5888387096775,1.0026980609238598,-0.017908982345602675,622.72,727142080,628.52,605.6192688172042,1.003230888912504,0.031396849354837775,3007.39,3025.86,2922.730731182796,1.0026473843449746
23.44,17191,25.72,23.916709677419355,0.9996710091659003,0.034117432936619285,533.24,307612992,572.46,520.0238279569892,1.0027671039949146,-0.009398677567553415,618.9,744617728,628.52,607.1851827956989,1.0025856409449339,0.03206305701458345,2992.07,3025.86,2928.961032258065,1.0021316712514081
23.05,17191,25.72,23.88277419354839,0.9985810973027361,-0.003179885814727168,532.75,318204992,572.46,521.3146666666667,1.002482268389025,-0.02459470907762329,626.39,571550656,628.52,609.1095268817204,1.0031692869663933,0.06494691799280905,2961.79,3025.86,2932.808967741935,1.0013137544137634
23.05,17191,25.72,23.849462365591396,0.9986051943678306,-0.0015374076913746704,532.09,246159008,572.46,522.4498924731183,1.0021776210780917,-0.008025387185417676,629.91,588520000,628.52,611.1152043010753,1.0032928025762835,0.059314321908900514,2952.01,3025.86,2935.6859354838707,1.0009809598148327
23.2,17191,25.72,23.82750537634409,0.9990793507664565,0.04669587840299161,526.98,218852000,572.46,523.1282580645161,1.0012984318710194,-0.008461741400108025,624.47,511740000,629.91,612.6082795698924,1.0024431977118369,0.048685570721809235,2970.27,3025.86,2939.291634408602,1.001228230472868
25.3,17191,25.72,23.941419354838708,1.0047807765309629,0.15974410801084704,521.1,218426000,572.46,523.3299999999999,1.0003856452645672,-0.058194857669299216,623.45,528800000,629.91,613.9123010752687,1.002128638395635,0.025206239465682456,2986.2,3025.86,2943.607247311829,1.0014682493062976
24.92,17191,25.72,24.026516129032263,1.0035543746564197,0.18899471243121058,512.02,214996000,572.46,522.8888172043011,0.9991569701800033,-0.07603250822625851,627.09,525249984,629.91,615.3388387096776,1.0023236830926996,0.014603748944457706,3022.55,3025.86,2949.86911827957,1.0021272780101556
24.75,17191,25.72,24.095182795698925,1.0028579535334168,0.17320458022465413,522.22,347143008,572.46,523.0917849462364,1.0003881661555138,-0.034164141991668284,627.3,608819968,629.91,616.6778924731184,1.0021761242411558,0.03251453215958988,3066.91,3025.86,2958.588301075269,1.002955786323423
24.78,17191,25.72,24.16040860215054,1.0027070060851855,0.23437290360566576,524.84,248016000,572.46,523.4240215053763,1.0006351400819151,0.004791605815041455,623.97,665670016,629.91,617.687634408602,1.0016373895477817,0.012339041287325658,3093.08,3066.91,2968.621311827956,1.0033911479840032
24.21,17191,25.72,24.1827311827957,1.0009239322485288,0.17976611570110967,533.08,235682000,572.46,524.2515698924732,1.001581028674834,-0.03654184939162941,629.27,542449984,629.91,618.9443010752686,1.0020344695225603,0.0008744502681234945,3120.46,3093.08,2980.0214838709676,1.003840224415822
24.26,17191,25.72,24.20378494623656,1.0008706114822894,0.2067753282381486,528.63,226438000,572.46,524.7411182795698,1.0009338043321396,-0.019423899967036196,627.97,540769984,629.91,620.0226451612903,1.001742231222015,0.013784234105856719,3110.29,3120.46,2990.30223655914,1.0034498921379646
24.8,17191,25.72,24.253806451612903,1.0020666811198107,0.2279828234424568,535.76,177011008,572.46,525.6509677419355,1.0017339015957978,-0.011519792005905138,634.09,382820000,629.91,621.4054193548386,1.0022301995005176,0.0076129577466534926,3140.98,3120.46,3002.1965161290314,1.0039776178556379
25.2,17191,25.72,24.322731182795703,1.0028418108852442,0.18149139003694725,543.53,247536992,572.46,527.0090107526881,1.0025835451546612,-0.011380827391292314,639.92,571409984,634.09,623.0704516129033,1.0026794620809605,-0.003943828267517713,3145.91,3140.98,3013.9887741935486,1.0039278768065862
25.22,17191,25.72,24.387784946236557,1.0026746076726314,0.1780055973763921,538.77,226142000,572.46,528.0008387096774,1.001881994305131,0.02060840116271012,641.18,505580000,639.92,624.7056344086021,1.0026243947076385,-0.027817153225093927,3168.8,3145.91,3026.6889677419354,1.0042137494529273
25.58,17191,25.72,24.471096774193548,1.0034161293508472,0.14770564434429967,557.53,350359008,572.46,530.1540430107526,1.0040780319711937,0.04771565221110108,648.97,768080000,641.18,626.7408602150538,1.0032578957101586,-0.04144183021836967,3221.22,3168.8,3042.106,1.0050936955935603
26.25,17191,25.72,24.594344086021504,1.0050364441351043,0.19776244868225212,558.18,127057000,572.46,532.2445161290323,1.0039431428390282,0.07811283168476257,649.97,272800000,648.97,628.7155913978494,1.0031507937461075,-0.036868881362462025,3240.02,3221.22,3057.8861290322575,1.0051872383908573
26.06,17191,26.25,24.698774193548388,1.0042461025657619,0.13998369442570013,552.53,166311008,572.46,533.8226451612903,1.0029650451708467,0.03764247096623108,640.55,368929984,649.97,629.9104516129032,1.0019004781039345,-0.05700278565772332,3234.85,3240.02,3072.2833333333333,1.004708221200386
25.73,17191,26.25,24.777720430107525,1.0031963625376905,0.14969580149947925,549.51,304252992,572.46,535.1254838709677,1.0024405834437462,0.020536021623166034,644.13,583600000,649.97,631.2475913978494,1.002122745830812,-0.06258608677276656,3265.35,3240.02,3087.870838709677,1.005073589797928
25.03,17191,26.25,24.806817204301076,1.0011743119903072,0.05799817200842816,559.05,351780992,572.46,536.9842795698925,1.003473569760645,0.02807966925328298,656.56,601390016,649.97,633.2978924731183,1.0032480140965427,-0.0405522560456022,3329.62,3265.35,3106.7910967741936,1.0061272828601933
24.7,17191,26.25,24.812193548387103,1.0002167284920813,0.06461638692916327,554.85,260486000,572.46,538.4864731182796,1.0027974628039211,-0.0037833629364505406,653.43,457060000,656.56,635.0321075268819,1.002738387533537,-0.02633792321508932,3295.47,3329.62,3122.692731182796,1.005118346845114
23.82,17191,26.25,24.75787096774193,0.9978106498105765,-0.0244687183261737,550.45,314177984,572.46,539.6112043010752,1.0020886897609191,0.002049281810413861,648.25,627859968,656.56,636.311505376344,1.0020146978936935,-0.016560608902812746,3225.52,3329.62,3133.320795698925,1.0034034935330007
23.65,17191,26.25,24.694494623655913,0.9974401537123854,-0.0273925245301605,555.01,342246016,572.46,540.9785376344086,1.002533923169932,0.004304114986450669,660.01,619889984,656.56,638.2681505376344,1.0030749800133396,-0.03251496422268496,3327.71,3329.62,3150.0361505376345,1.0053347090606408
24.22,17191,26.25,24.6705376344086,0.9990298651739014,-0.012739970709079063,561.1,299063008,572.46,542.6630537634409,1.00311383171761,-0.06664884009397798,665.35,546150016,660.01,640.4744086021504,1.003456631922896,-0.05764740358699627,3380.16,3329.62,3169.4602365591404,1.0061663057480121
24.18,17191,26.25,24.646537634408602,0.9990271796928121,-0.015633545986791564,550.92,237676992,572.46,543.6075698924731,1.001740520425118,-0.08773835419888898,664.57,460510016,665.35,642.5269032258063,1.0032046473615324,-0.03281039052540291,3337.75,3380.16,3185.2803440860216,1.0049914200987282
21.04,17191,26.25,24.42154838709677,0.9908713649499503,-0.11951417330463066,494.3,435883008,572.46,540.8485591397849,0.9949246277912689,-0.027907374999943224,595.21,978369984,665.35,640.0107311827957,0.9960839428973662,-0.030188891951360652,2954.22,3380.16,3175.6858494623652,0.9969878649326832
20.38,17191,26.25,24.16148387096774,0.9893510226294072,-0.2011650239088153,513.67,407636000,572.46,539.4011397849464,0.9973237991848575,-0.019848695306064035,632.29,995390016,665.35,639.9164516129033,0.9998526906420488,0.01975201692619044,2972.37,3380.16,3167.2146451612903,0.9973324803829355
18.09,17191,26.25,23.76391397849463,0.9835453031528901,-0.3452929972001636,461.91,511516992,572.46,534.6350967741935,0.9911641955138376,-0.03255901369430225,582.16,1266589952,665.35,636.538,0.994720480143325,0.0025645040034839583,2711.02,3380.16,3141.766623655914,0.9919651730758904
15.14,17191,26.25,23.19243010752688,0.975951610013194,-0.40552406473430336,418.4,641609024,572.46,527.1967956989248,0.9860871440723797,0.10313241030158649,516.28,1574439936,665.35,628.9876344086023,0.9881383898661231,0.03478879899014953,2304.92,3380.16,3090.5006666666673,0.9836824426730999
14.9,17191,26.25,22.62520430107527,0.9755426316336069,-0.3611987248420324,448.75,469583008,572.46,521.9299139784946,0.990009647700063,0.054793228522767023,550.05,1308400000,665.35,623.8206451612904,0.9917852292085677,0.016918699302181817,2541.47,3380.16,3055.6620000000003,0.9887271771067945
15.17,17191,26.25,22.094924731182793,0.9765624405934192,-0.369225516759884,469.71,360430016,572.46,518.1798924731182,0.9928150860777624,0.14220688545930127,569.07,943590016,665.35,620.0339139784946,0.9939297757902568,0.06993359878693806,2488.65,3380.16,3018.2435268817203,0.9877543808450411
17.7,17191,26.25,21.747032258064518,0.9842546432110135,-0.1913801061048679,493.05,289056992,572.46,516.0708602150538,0.995929922622048,0.0012286839571367114,597.14,748880000,665.35,618.1860000000001,0.9970196566077536,0.03126727117578898,2789.82,3380.16,3001.3092688172046,0.9943893665591619
18.0,17191,26.25,21.429139784946234,0.9853822595494427,-0.20698698288203243,505.73,327052992,572.46,514.8621935483872,0.997657944364146,0.0654099687979125,622.12,775190016,665.35,618.0047096774193,0.9997067382267136,0.044476592905347556,2874.56,3380.16,2990.31,0.9963351764739862
16.16,17191,26.25,21.004236559139784,0.9801717087073677,-0.2875750209106134,493.85,324255008,572.46,512.9462365591398,0.9962786994010131,0.08379539936788183,602.26,715120000,665.35,616.5352043010752,0.9976221777062003,0.0036987629275102574,2836.74,3380.16,2977.123440860215,0.9955902367514455
16.7,17191,26.25,20.62898924731183,0.9821346845541657,-0.2510646032117778,489.59,354168992,572.46,510.8390967741936,0.9958920845212141,0.0853319309960533,590.51,834840000,665.35,614.3595268817203,0.9964711221611079,-0.02145797134464633,2830.71,3380.16,2963.816774193548,0.9955303611250926
17.68,17191,26.25,20.330623655913975,0.9855365869931444,-0.18540173817710537,497.97,374180992,572.46,509.3639999999999,0.9971124043098727,0.09289409732855824,595.63,672860032,665.35,612.5989032258065,0.9971342128202192,-0.032558139334779246,2929.8,3380.16,2957.1638709677422,0.9977552919992444
17.86,17191,26.25,20.055741935483866,0.9864794250740976,-0.27814145659935763,492.08,354975008,572.46,507.57129032258064,0.9964804939543838,0.16805717823700883,586.53,814369984,665.35,610.3132043010753,0.9962688491397957,-0.01819682808677303,2863.7,3380.16,2946.333483870968,0.9963375762827679
18.4,17191,26.25,19.831698924731178,0.988828984164565,-0.23309969129495345,488.5,296726016,572.46,505.61002150537644,0.9961359736955222,0.12529520844103226,587.98,783340032,665.35,608.2004516129033,0.9965382484382073,-0.04016764508605308,2955.45,3380.16,2941.685892473118,0.998422584740223
18.83,17191,26.25,19.64941935483871,0.9908086760199271,-0.2081850630175105,513.25,303296000,572.46,505.29610752688166,0.9993791381397857,0.0993085694939706,605.78,814019968,665.35,607.3201935483872,0.9985526842964656,-0.026936774317446344,3044.31,3380.16,2942.9155053763443,1.0004179959887534
21.02,17191,26.25,19.621161290322583,0.9985618880636711,-0.1293943572119508,521.94,376800000,572.46,505.5621290322581,1.0005264665636917,0.012453188935688697,617.24,892060032,665.35,607.2255698924731,0.9998441947807445,-0.043390815887205614,3193.93,3380.16,2953.846623655914,1.0037143840044336
19.41,17191,26.25,19.49711827956989,0.9936781004489336,-0.1719809246930435,500.76,375515008,572.46,504.467935483871,0.9978356892544906,0.0162264362960588,592.04,870889984,665.35,605.5196129032258,0.9971905712245461,-0.03379894291229457,3041.31,3380.16,2954.71440860215,1.000293781315281
18.66,17191,26.25,19.335010752688166,0.9916855647815612,-0.17871914339598904,515.93,320528992,572.46,504.4219569892473,0.9999088574488295,0.04863719975817338,606.01,848480000,665.35,604.7950107526882,0.9988033382650259,-0.030934829877702574,3097.74,3380.16,2959.393053763441,1.001583450890438
18.3,17191,26.25,19.161720430107525,0.9910374850680366,-0.21593993812319578,495.86,319088992,572.46,503.1084516129032,0.9973960186345098,0.047071462663110575,585.69,731550016,665.35,602.8066666666666,0.9967123669166069,-0.03432704412918963,3009.05,3380.16,2958.376752688172,0.9996565846250208
18.51,17191,26.25,19.01595698924731,0.9923929878117215,-0.21092111610962894,509.76,240028000,572.46,502.7775268817204,0.9993422397693342,0.007594502807613757,604.43,558320000,665.35,602.1314408602151,0.9988798634059817,-0.05040587604618041,3130.01,3380.16,2965.448043010753,1.002390260238543
17.77,17191,26.25,18.836838709677423,0.9905806329036624,-0.25397930805908797,513.11,243036000,572.46,502.7353548387096,0.9999161218615471,0.014476489187400854,619.33,687249984,665.35,602.4938279569892,1.0006018405155133,-0.039202762509500944,3185.04,3380.16,2976.103849462366,1.0035933209070136
18.92,17191,26.25,18.747935483870965,0.9952803531857612,-0.21674928958266504,533.52,267979008,572.46,504.06513978494627,1.0026450993220146,0.04315499565058645,631.38,635539968,665.35,603.6806236559141,1.0019698055712027,-0.028194137914569928,3224.73,3380.16,2989.2853763440853,1.004429121948853
18.25,17191,26.25,18.63012903225807,0.9937162973643553,-0.2607212638865628,539.19,210148000,572.46,505.8123655913978,1.003466269869797,0.06279608093600797,636.52,569870016,665.35,605.2368602150536,1.002577913714896,-0.01316553145567334,3215.63,3380.16,3001.8722580645153,1.0042106658066297
17.93,17191,26.25,18.50888172043011,0.9934918694541505,-0.2793335893499298,539.7,250916992,572.46,507.6333333333334,1.0036000854581848,0.03634617737333323,642.01,622560000,665.35,607.1762150537635,1.0032042906937637,-0.008932975177020852,3271.12,3380.16,3018.0915913978497,1.0054030724624479
18.88,17191,26.25,18.46640860215054,0.9977052574584941,-0.2417679490976471,549.31,242156992,572.46,510.10189247311826,1.0048628783369589,0.05580784922207349,651.18,522060000,665.35,609.7040430107527,1.0041632526016608,-0.015370713307234718,3351.28,3380.16,3039.4045376344084,1.00706172943767
20.52,17191,26.25,18.54447311827957,1.0042273794439889,-0.12206762160909512,554.01,194720000,572.46,512.8741075268817,1.005434630011512,0.08654840176171008,656.81,496400000,665.35,612.5799354838709,1.0047168663322568,-0.012602691067155503,3372.85,3380.16,3061.9243010752693,1.0074092682175135
19.78,17191,26.25,18.58449462365591,1.0021581365575112,-0.16228260862167676,553.75,192608000,572.46,515.6403870967742,1.00539368146938,0.10242172123209448,658.05,529190016,665.35,615.5352903225806,1.0048244395017203,-0.02378712801791627,3397.16,3380.16,3085.9194838709677,1.0078366348858696
19.25,17191,26.25,18.600903225806448,1.0008829189323045,-0.14977817452771802,561.91,207695008,572.46,518.9354838709677,1.0063903000165404,0.0911337537424971,673.67,566000000,665.35,619.4884516129031,1.0064223146137579,-0.04836641058862945,3508.01,3397.16,3116.8475913978496,1.0100223313305912
19.48,17191,26.25,18.641978494623658,1.002208240552546,-0.10782996978289239,556.79,257712992,572.46,521.8756129032257,1.0056656927954248,0.09740361402642972,670.48,748579968,673.67,623.1811397849464,1.0059608668449411,-0.013961919297771352,3426.96,3508.01,3141.9391612903223,1.0080503037625974
19.46,17191,26.25,18.6907311827957,1.002615209978174,-0.14302393073872166,542.93,235811008,572.46,523.9177204301076,1.0039130158152467,0.11905532308183464,662.06,601539968,673.67,626.3080860215053,1.0050177164181158,0.0066493598091816875,3340.97,3508.01,3161.2695483870975,1.0061523747292538
18.98,17191,26.25,18.718752688172042,1.0014992193243961,-0.17681901127575972,536.2,337614016,572.46,525.5647096774194,1.0031436028656555,0.12587433425756678,650.71,901080000,673.67,628.7098494623656,1.0038347955175175,-0.015378847518062844,3319.47,3508.01,3179.29711827957,1.0057026361139214
16.77,17191,26.25,18.61537634408602,0.9944773914262277,-0.1540775485431528,532.99,278945984,572.46,527.0362580645161,1.0027999375909389,0.13246641933234304,647.9,606600000,673.67,630.960129032258,1.0035792020306613,-0.028001457355364634,3298.46,3508.01,3196.0085161290317,1.0052563183709313
17.66,17191,26.25,18.578602150537634,0.9980245259151009,-0.0832535192759083,546.99,255752992,572.46,529.3278279569893,1.0043480308183894,0.11798578384655956,658.43,566969984,673.67,633.7764516129033,1.0044635507872184,-0.08518014430701881,3348.44,3508.01,3215.2041290322577,1.0060061206991011
18.84,17191,26.25,18.623806451612907,1.0024331379028946,0.11805810488433899,559.07,219388992,572.46,532.3270967741935,1.005666183901157,0.16049991249768336,676.06,468310016,673.67,637.6739784946236,1.0061496871204372,-0.1212951906094415,3477.13,3508.01,3241.893569892472,1.0083010097614697
17.93,17191,26.25,18.608688172043014,0.9991882282706721,0.22850683191188215,566.57,218964992,572.46,535.6012903225807,1.0061507174221043,0.022428934394455258,681.08,509960000,676.06,641.6934408602151,1.006303318782241,-0.19226014335941466,3483.81,3508.01,3267.366430107527,1.0078574017517483
17.78,17191,26.25,18.577892473118283,0.9983450902804102,0.19963423474494657,561.92,193992992,572.46,538.2568387096774,1.0049580694353766,0.113201642251193,671.61,452009984,681.08,644.7475268817202,1.0047594159875017,-0.1425395465837609,3465.39,3508.01,3289.1156559139777,1.006656500356385
15.75,17191,26.25,18.409935483870967,0.9909593087864867,0.0510516930697259,525.83,254504000,572.46,538.340623655914,1.0001556597895485,-0.04302889613535621,639.46,619489984,681.08,645.4659999999999,1.001114348001852,-0.19025628692288188,3269.96,3508.01,3296.2695698924726,1.0021750265806653
17.32,17191,26.25,18.34202150537634,0.9963110148564004,-0.010419521299920298,547.92,239024992,572.46,539.7288817204302,1.0025787726274276,0.11019845236543047,668.93,570840000,681.08,647.9343870967743,1.003824193833253,-0.13772189375407162,3509.44,3508.01,3317.1935698924735,1.0063477818049582
19.88,17191,26.25,18.44008602150538,1.0053464399275889,0.13855353956042293,564.04,333953984,572.46,542.0391397849461,1.0042804047416394,0.032326800848009984,692.85,702259968,681.08,651.7916129032258,1.0059531117398084,-0.13350767917322903,3585.15,3509.44,3341.454516129033,1.007313696269267
19.3,17191,26.25,18.496688172043008,1.0030695166211057,0.23715023737594165,557.95,246543008,572.46,543.8310967741936,1.0033059549721048,0.015548398608916658,682.83,612889984,692.85,654.8502795698926,1.004692706389766,-0.12031505793350838,3557.54,3585.15,3362.4060215053764,1.0062701752411147
20.7,17191,26.25,18.636860215053762,1.0075782238261777,0.2826678708979806,564.28,182250000,572.46,545.8935913978494,1.0037925279298843,0.03542584119900294,686.83,410710016,692.85,657.993741935484,1.0048002764351815,-0.1222003374754812,3638.35,3585.15,3387.0209677419343,1.0073206347119072
20.17,17191,26.25,18.734236559139784,1.0052249328997687,0.09569209032993631,574.18,263083008,572.46,548.4341720430107,1.0046539851084453,0.03677127629178489,692.93,794089984,692.85,661.3236129032259,1.0050606423063344,-0.09922803064021535,3699.12,3638.35,3413.8196989247317,1.0079121834314075
20.23,17191,26.25,18.830129032258068,1.0051185684997397,0.15089979686420707,568.65,234240992,574.18,550.4540860215054,1.0036830563839052,-0.013365233327193637,690.72,590300032,692.93,664.3016559139784,1.004503155418387,-0.10163709124651654,3663.46,3699.12,3436.663333333334,1.0066915175443498
21.25,17191,26.25,18.9867311827957,1.0083165734164306,0.1643964371195229,571.67,275443008,574.18,552.5041720430108,1.003724354262356,0.06080216611017142,696.03,749059968,692.93,667.3982150537636,1.004661375012719,-0.071343605229933,3709.41,3699.12,3460.7515698924735,1.0070091929941172
21.86,17191,26.25,19.176559139784942,1.0099979272451727,0.13658621097954127,570.3,129136000,574.18,554.2870107526882,1.0032268330265903,0.06611777216317183,687.75,350830016,696.03,669.7282150537633,1.0034911690613557,-0.08107414302704963,3703.06,3709.41,3482.808709677419,1.0063735114582728
22.12,17191,26.25,19.376645161290327,1.0104338854560344,0.01741183729594975,572.93,129719000,574.18,556.1168387096774,1.003301228283348,0.10427532335668188,696.32,312569984,696.03,672.4348387096774,1.0040413761807792,-0.04788388288823775,3756.07,3709.41,3506.869182795699,1.0069083533216812
22.48,17191,26.25,19.59759139784946,1.011402708503974,0.14612159019935955,570.36,302955008,574.18,557.6712043010752,1.0027950342144005,0.12866163644172013,689.47,775470016,696.32,674.5294623655913,1.003114983839822,-0.09300992152242804,3824.68,3756.07,3534.1472043010754,1.0077784542517865
21.52,17191,26.25,19.75,1.0077769047765361,0.11173053135108524,566.12,332691008,574.18,558.8023440860215,1.0020283274019213,0.06018926293511795,675.75,738230016,696.32,675.5293978494624,1.0014824192858298,-0.10137073917151307,3768.25,3824.68,3556.099913978494,1.0062116002555588
22.16,17191,26.25,19.937548387096772,1.0094961208656594,0.2221147808195385,565.3,205710000,574.18,559.7726451612903,1.0017363940676658,0.045124273048639196,669.71,512760000,696.32,675.9896774193547,1.0006813612721484,-0.1331840776570603,3841.47,3824.68,3581.3345376344087,1.0070961514767123
22.01,17191,26.25,20.107118279569892,1.0085050523354648,0.1872837590851517,560.82,402528000,574.18,560.3045806451613,1.0009502705937297,0.0650397890782346,659.25,855809984,696.32,675.5944301075269,0.9994153056991393,-0.09595733540367601,3714.24,3841.47,3596.570623655914,1.0042543040482248
22.73,17191,26.25,20.31561290322581,1.010369194668127,0.349674073989239,574.14,286814016,574.18,561.586064516129,1.0022871201043764,0.03197283192721079,675.92,613480000,696.32,676.1567741935484,1.0008323693342644,-0.12896652671602093,3886.83,3841.47,3621.6851397849455,1.006982906428653
22.69,17191,26.25,20.510860215053764,1.0096107025054093,0.2661426602778576,579.43,296595008,574.18,563.0775913978495,1.002655918613304,-0.01290456555460695,675.23,610540032,696.32,676.5529032258065,1.0005858538247001,-0.15075343849027556,3934.83,3886.83,3648.3872043010747,1.007372828803587
23.52,17191,26.25,20.751548387096776,1.0117346698051386,0.3517397758650329,573.56,260998000,579.43,564.0916774193548,1.0018009703049768,-0.03382059997722986,667.53,538940032,696.32,676.3579569892472,0.9997118536693438,-0.16619475607975476,3906.71,3934.83,3671.7479784946236,1.0064030413674319
24.33,17191,26.25,21.03316129032258,1.0135706935199549,0.4209066313181835,565.8,289251008,579.43,564.5312043010753,1.0007791763277403,0.015267058931562438,649.39,685260032,696.32,674.926,0.9978828415124715,-0.1535950962693351,3811.15,3934.83,3687.4573978494623,1.0042784579570407
25.48,17191,26.25,21.375204301075268,1.0162620828144393,0.3980635087936153,588.59,324935008,579.43,566.3849247311828,1.0032836456443581,0.05922494204344875,661.44,756380032,696.32,674.2555913978495,0.9990066931750287,-0.13065371785107072,3841.94,3934.83,3703.9919139784947,1.0044839883814456
24.93,17191,26.25,21.667569892473118,1.0136777916729967,0.28434190242593327,602.97,291755008,588.59,569.0819139784945,1.0047617602968366,-0.0014920425914066726,675.66,740560000,696.32,674.4805376344086,1.000333621610898,-0.14044250424238114,3943.34,3934.83,3726.013182795699,1.0059452799381388
24.38,17191,26.25,21.91496774193548,1.011417886301514,0.29459875005017566,605.67,304923008,602.97,571.8478064516129,1.0048602712635546,0.01515908462604254,677.2,834460032,696.32,674.7643010752689,1.0004207140533001,-0.12277278608122089,3913.1,3943.34,3744.856623655914,1.0050572662885955
24.3,17191,26.25,22.14731182795699,1.0106020729191814,0.3245689627948162,614.85,274864992,605.67,575.0943010752687,1.0056772004491907,-0.009013139595919428,703.6,674659968,696.32,676.7101075268818,1.002883683159456,-0.08856164785398013,3974.54,3943.34,3766.5543870967736,1.0057940171337394
24.93,17191,26.25,22.409440860215057,1.0118357042287713,0.306031077388219,608.79,223172000,614.85,577.8359784946236,1.004767352787584,-0.024500941726944614,697.77,555630016,703.6,678.2154193548387,1.0022244559542022,-0.13231121612083907,4019.87,3974.54,3790.1733763440857,1.0062707150408408
25.0,17191,26.25,22.66436559139785,1.0113757738433973,0.34264931807177734,608.68,229383008,614.85,580.4587311827956,1.0045389224378254,-0.02314867159217182,707.92,567820032,703.6,680.31688172043,1.0030985175294163,-0.16654011577971684,4128.8,4019.87,3819.5450322580646,1.007749422782952
24.36,17191,26.25,22.866086021505375,1.0089003342844103,0.36346393332694693,617.81,239976000,614.85,583.52911827957,1.005289587238214,-0.023644475827921063,717.35,576780032,707.92,682.9281075268817,1.0038382493167717,-0.1584738084334849,4185.47,4128.8,3850.8785591397855,1.0082034709938206
24.77,17191,26.25,23.082688172043014,1.0094726377891663,0.544569940031113,618.96,221075008,617.81,586.498193548387,1.0050881355802275,-0.06478896742833551,714.11,629400000,717.35,685.1869892473119,1.003307642042455,-0.1651178967121425,4180.17,4185.47,3880.007784946237,1.0075643065235893
24.64,17191,26.25,23.273698924731185,1.0082750653331407,0.46610309967307073,623.89,258983008,618.96,589.6004516129032,1.0052894588570633,-0.04187865935636337,713.69,589689984,717.35,687.2763870967742,1.003049383427081,-0.16476501112120157,4181.17,4185.47,3907.305376344086,1.0070354475843475
26.62,17191,26.25,23.577440860215056,1.0130508664078792,0.44791975064202627,639.39,269550016,623.89,593.5373333333333,1.0066772026881263,-0.012480468950883505,724.97,573809984,717.35,689.974688172043,1.0039260785412214,-0.14492261455004796,4232.6,4185.47,3936.1302150537635,1.0073771655740529
26.0,17191,26.62,23.824451612903225,1.0104765718278177,0.4613488402649961,641.88,251648992,639.39,597.4621290322581,1.006612550683009,-0.038855917461916745,727.74,574590016,724.97,692.7465161290322,1.0040172893361243,-0.12956166436792538,4173.85,4232.6,3959.540064516129,1.0059474275959759
25.29,100500,26.62,24.00830107526882,1.0077168392101006,0.44162108749665363,642.39,238244000,641.88,601.2578709677418,1.0063531088432867,-0.054692826666255634,728.27,549409984,727.74,695.452193548387,1.0039057250471264,-0.11488297745935472,4155.86,4232.6,3980.3053118279568,1.0052443584288786
25.99,166129,26.62,24.22116129032258,1.008866109033972,0.6801955840226575,642.97,255676000,642.39,604.9179784946236,1.0060874172357872,-0.0539710281597765,725.46,648969984,728.27,697.8547311827957,1.0034546409612288,-0.15118780273516963,4204.11,4232.6,4002.6985806451607,1.0056260178712069
27.59,96292,26.62,24.515225806451614,1.0121408099555707,0.6031185637423088,652.64,185643008,642.97,608.9500430107528,1.0066654731045739,-0.06909284665909521,732.67,421449984,728.27,700.5374838709678,1.003844285305088,-0.11000266061876784,4229.89,4232.6,4024.7461505376345,1.005508176408557
27.52,63790,27.59,24.78268817204301,1.010910051072057,0.3658804746874669,643.45,228631008,652.64,612.164,1.005277866429497,-0.08061607471776289,727.42,520660000,732.67,702.7444516129032,1.0031503920814349,-0.1348361019780795,4247.44,4232.6,4046.376623655914,1.0053743695401485
26.93,63790,27.59,24.995655913978492,1.0085934076423448,0.3813291289865641,612.57,269655008,652.64,613.2149247311827,1.001716737232478,-0.1104556674635433,706.19,692710016,732.67,703.5073978494623,1.0010856666812638,-0.13694984374186348,4166.45,4247.44,4061.3576559139788,1.0037023326426122
26.8,63790,27.59,25.183827956989248,1.0075281898446011,0.2488638879122882,621.98,251424992,652.64,614.7554838709679,1.0025122662180157,-0.12637621373239538,719.22,572680000,732.67,705.060752688172,1.0022080149312689,-0.1293911241110921,4280.7,4247.44,4082.4001720430106,1.0051811531787629
26.12,63790,27.59,25.315010752688174,1.0052090093659698,0.2823147102051362,620.16,209724992,652.64,616.0545376344086,1.0021131226927182,-0.13187898794169173,721.8,526000000,732.67,706.7109032258066,1.002340437375564,-0.13492428513106258,4352.34,4280.7,4106.683225806452,1.005948229654147
25.86,63790,27.59,25.416623655913977,1.0040139387740536,0.24506030152725855,619.53,168160992,652.64,617.2140645161292,1.001882182194734,-0.19136365152847712,724.85,414340384,732.67,708.4957419354838,1.0025255570580986,-0.1433263510788254,4369.55,4352.34,4130.67182795699,1.0058413568399414
25.31,63790,27.59,25.470645161290324,1.0021254398738275,0.20225119493835764,614.19,215948000,652.64,617.9196559139785,1.001143187491041,-0.2121497839542812,733.88,551543616,732.67,710.7897634408605,1.003237876206722,-0.11215607816153894,4327.16,4369.55,4150.40711827957,1.0047777434626999
25.51,63790,27.59,25.528838709677416,1.0022847300497724,0.1674761198241097,611.31,224076000,652.64,618.3480000000001,1.0006932035288438,-0.21989112178224013,737.09,561096320,733.88,713.2094838709678,1.003404270228082,-0.11965187909091535,4411.8,4369.55,4174.274559139784,1.0057506264277294
25.42,63790,27.59,25.57337634408602,1.0017446008772708,0.1213346150313066,605.43,216714000,652.64,618.3087956989248,0.9999365983215353,-0.21593749632143866,738.72,499268960,737.09,715.628258064516,1.0033913937605263,-0.10928366560954128,4395.26,4411.8,4195.550731182796,1.0050969747537153
25.59,63790,27.59,25.621784946236566,1.0018929296428916,0.1032802088863829,596.7,239490000,652.64,617.6364731182795,0.9989126427032543,-0.2689303123281457,734.67,503544448,738.72,717.6945591397849,1.0028873944705,-0.09441395095949567,4436.52,4411.8,4218.11423655914,1.0053779603256003
25.82,63790,27.59,25.67834408602151,1.002207462903292,0.18625587945159539,618.72,220268000,652.64,618.3281505376343,1.0011198778722745,-0.1983335210631969,749.91,434151648,738.72,720.6468817204301,1.0041136198443301,-0.07595155003327148,4468.0,4436.52,4241.392924731183,1.0055187429421142
24.85,63790,27.59,25.66307526881721,0.9994053815482357,0.03659872728637392,608.64,222924992,652.64,618.2563870967741,0.999883939554106,-0.20393275239698117,753.12,501740000,749.91,723.6468172043011,1.0041628369732332,-0.03169582636224488,4441.67,4468.0,4261.46806451613,1.0047331478458152
27.03,63790,27.59,25.782666666666664,1.0046600571676134,0.15264470399979002,602.21,215451008,652.64,617.6765806451613,0.9990621909231937,-0.2043439168932879,742.89,432289984,753.12,725.807376344086,1.002985654173305,-0.08720465149752243,4509.37,4468.0,4284.620193548388,1.0054328998086455
27.0,63790,27.59,25.88952688172043,1.0041446533221452,0.03243755574934282,599.49,277265984,652.64,616.8322795698925,0.9986331016882867,-0.2443069162098892,754.28,504790016,753.12,728.5229032258065,1.0037413878257875,-0.05094032413174121,4535.43,4509.37,4307.743655913979,1.005396852304531
26.76,63790,27.59,25.971720430107528,1.0031747798545185,0.005801696008923551,590.24,210976000,652.64,615.336688172043,0.9975753678149067,-0.20589162451368148,744.81,465870016,754.28,730.4589462365591,1.0026574909343,-0.030059762264659673,4458.58,4535.43,4324.514215053764,1.0038931191081348
26.82,63790,27.59,26.049032258064518,1.002976769604657,-0.0006907147197410257,597.91,307439008,652.64,614.3126881720431,0.9983358703947235,-0.18861365128994456,738.16,697929984,754.28,731.8163225806451,1.0018582513789165,-0.028903837668882826,4432.99,4535.43,4338.507462365591,1.0032357963498226
27.53,63790,27.59,26.165053763440863,1.0044539660524405,0.020628396680953287,593.94,240076000,652.64,612.9801935483872,0.99783091795219,-0.1876714662938075,735.86,519449984,754.28,732.8734193548387,1.0014444837339318,-0.03590872484779539,4455.48,4535.43,4352.819892473119,1.0032989294663386
26.0,63790,27.59,26.175483870967742,1.0003986274066614,-0.06630338515520129,591.81,242895008,652.64,611.4497634408602,0.9975032959896017,-0.2209707461725099,716.41,586659968,754.28,732.4897204301075,0.9994764458437189,-0.05096893771596056,4357.05,4535.43,4359.396344086021,1.0015108485476907
26.3,63790,27.59,26.20415053763441,1.0010951723684642,-0.04435588810823843,597.4,242319008,652.64,610.2730537634408,0.99807554152806,-0.16056507734585312,726.43,557169984,754.28,732.6342580645162,1.0001973237717574,-0.03847300394932729,4391.36,4535.43,4367.078580645161,1.0017622248478422
27.75,63790,27.59,26.32341935483871,1.0045515238905762,0.0521102822328543,602.67,212240000,652.64,609.4483225806451,0.9986485865995399,-0.20901609643290453,734.91,532980000,754.28,733.2167096774193,1.0007950100701568,-0.05744839229725951,4471.37,4535.43,4378.959268817204,1.0027205116538773
29.3,63790,27.75,26.535440860215054,1.008054481924187,0.10098182884189222,608.8,178428992,652.64,609.0255268817205,0.9993062648902955,-0.20221983594435688,740.73,487310016,754.28,734.0505376344086,1.001137218977669,-0.09073193807807822,4544.9,4535.43,4394.383247311828,1.0035222932089045
29.07,63790,29.3,26.72187096774194,1.007025702286575,0.08640961334017594,602.8,228532000,652.64,608.2286451612904,0.9986915462730928,-0.20087147298978425,741.09,568390016,754.28,734.8277419354838,1.0010587885455133,-0.08357046937291202,4605.38,4544.9,4412.482580645161,1.0041187425662985
28.27,63790,29.3,26.84778494623656,1.0047120195530703,0.021985460897049336,614.06,213535008,652.64,608.1710967741934,0.9999053836290763,-0.18583146341279022,759.16,500689984,754.28,736.6775913978494,1.0025173919774628,-0.06536598513950898,4697.53,4605.38,4435.267913978494,1.0051638353051586
27.09,63790,29.3,26.890537634408602,1.0015924102587106,0.002612292117128767,610.58,245802000,652.64,607.8774623655914,0.9995171845387598,-0.17539379326284754,757.39,434380000,759.16,738.303053763441,1.0022064772765888,-0.06301837475174588,4682.85,4697.53,4455.883075268817,1.004648008122655
26.35,63790,29.3,26.879677419354838,0.9995961324685503,-0.0612580918357335,596.42,267708992,652.64,606.6858279569891,0.9980396798987002,-0.17623792689300033,750.13,580720000,759.16,739.3740215053764,1.0014505801330176,-0.07342775970056103,4697.96,4697.53,4476.403440860216,1.0046052298152282
23.21,63790,29.3,26.662838709677416,0.9919329869070048,-0.15192258506931589,595.44,191408992,652.64,605.479440860215,0.9980115126459497,-0.16280311421641713,748.44,442500000,759.16,740.2584946236559,1.001196245868199,-0.05019319728363869,4594.62,4697.96,4489.143182795699,1.0028459771563922
22.05,63790,29.3,26.374236559139785,0.9891758655677994,-0.22538190670977576,588.91,336664992,652.64,603.912946236559,0.9974128029492951,-0.20679309040853466,744.85,839480000,759.16,740.8366236559141,1.000780982638439,-0.04483399949214806,4538.43,4697.96,4497.368623655913,1.0018322963927142
23.74,63790,29.3,26.20449462365592,0.9935641005151656,-0.0997210197576136,603.47,265075008,652.64,603.3943655913979,0.9991412990094138,-0.23016951578364953,771.24,671020032,759.16,743.0745806451614,1.0030208509106953,-0.0691644148648749,4712.02,4697.96,4516.135720430108,1.0041729060578848
22.8,63790,29.3,25.97896774193548,0.9913935801869331,-0.13516406045067486,621.48,355846016,652.64,604.1203225806452,1.0012031219226514,-0.21098940331438798,780.14,938729984,771.24,745.793182795699,1.0036585858557794,-0.04061367646090641,4620.64,4712.02,4527.849978494624,1.002593867587177
23.53,63790,29.3,25.80589247311828,0.9933378696745591,-0.127882752217631,619.64,182106000,652.64,604.7725376344086,1.0010796111790734,-0.19637067341450576,785.12,445600000,780.14,748.7215268817204,1.0039264827750827,-0.041848239209452354,4725.78,4712.02,4545.347935483872,1.0038645178334873
23.72,63790,29.3,25.65036559139785,0.9939732027527263,-0.1867337320543644,635.32,138707008,652.64,606.4865376344086,1.0028341233990292,-0.19394795815923305,804.6,355929984,785.12,752.7783440860214,1.0054183258509968,-0.028610635402592566,4766.18,4725.78,4564.33047311828,1.0041762562302916
23.56,63790,29.3,25.492838709677414,0.9938586886350944,-0.1800793659295511,650.74,306048000,652.64,609.232623655914,1.0045278598140306,-0.07713700455059835,807.65,701510016,804.6,756.8772473118279,1.0054450333992844,0.009155347309286022,4677.02,4766.18,4576.407440860215,1.002645945076296
24.01,63790,29.3,25.37286021505376,0.9952936392847411,-0.1567396686234207,659.15,249028000,652.64,612.5056129032258,1.0053723144825553,-0.01982382777749514,804.27,662259968,807.65,760.5855483870968,1.0048994748995819,0.019743940065134913,4662.85,4766.18,4586.646387096775,1.0022373327482037
23.25,63790,29.3,25.21012903225807,0.993586407625454,-0.18573375082574872,646.27,252160992,659.15,614.8474623655915,1.0038233926563798,-0.011892919592368267,792.02,587619968,807.65,763.2926021505376,1.003559170653691,0.07383505899700249,4397.93,4766.18,4578.7261935483875,0.9982732059810261
23.99,63790,29.3,25.10277419354839,0.9957415989988663,-0.1256543798357601,644.96,331856000,659.15,617.052559139785,1.0035864127432672,-0.008701868608989027,788.58,807969984,807.65,765.6211612903227,1.0030506769399106,0.074250369426063,4431.85,4766.18,4572.742279569893,0.9986931050852252
25.82,63790,29.3,25.11806451612903,1.0006091088762838,-0.09719195803950276,640.48,292944000,659.15,618.9152903225806,1.0030187561095159,0.014380220580805458,791.72,682630016,807.65,768.008688172043,1.0031184180929593,0.062275654358102894,4500.54,4766.18,4571.018989247312,0.9996231385419903
26.39,63790,29.3,25.170215053763442,1.0020762164059624,-0.09777534318161862,653.73,260547008,659.15,621.5878064516129,1.0043180644763832,0.07953423102217905,784.66,631779968,807.65,769.7969247311827,1.002328406679091,0.04805298679437908,4418.64,4766.18,4563.730129032258,0.9984054189597114
25.41,63790,29.3,25.156817204301074,0.9994677101711785,-0.07654388599606388,652.73,286140992,659.15,624.1107741935484,1.0040589080347926,0.10160111402924266,793.39,675500032,807.65,772.0391827956988,1.002912791662943,0.09064546517757566,4348.87,4766.18,4551.743247311828,0.9973734464173997
25.74,63790,29.3,25.164924731182797,1.0003222795163587,-0.040455581838248156,659.69,275030016,659.15,626.9936989247312,1.004619251662348,0.1001035648755132,790.89,616430016,807.65,773.9990752688173,1.0025385919740775,0.07304294691383473,4384.62,4766.18,4542.198150537634,0.9979029799671081
24.39,63790,29.3,25.08524731182796,0.9968337906746804,-0.12358380168812955,657.76,332935008,659.69,629.6354193548387,1.004213312565402,0.10274035327791409,790.3,764209984,807.65,775.8087096774193,1.0023380317450297,0.09998558567375115,4328.87,4766.18,4529.079161290323,0.997111753205712
24.39,63790,29.3,25.008150537634407,0.9969266089652143,-0.140494799917525,620.64,359115008,659.69,629.7509892473118,1.0001835504943346,0.02155702902102974,744.6,828889984,807.65,774.5503225806452,0.9983779672990558,0.05193660777341613,4204.31,4766.18,4508.155548387097,0.9953801618037373
26.69,63790,29.3,25.082516129032257,1.0029736541807015,0.028475751366459523,631.95,348595008,659.69,630.5921075268817,1.001335636297412,0.03581280285759214,773.04,791640000,807.65,775.1381935483872,1.0007589835684056,0.021627457680418738,4463.09,4766.18,4504.4944946236565,0.9991879042938635
28.5,63790,29.3,25.269698924731188,1.0074626801687678,-0.013353573623253956,655.01,265996000,659.69,632.8708387096774,1.0036136373348101,0.07817830331483222,783.16,581980032,807.65,776.3361290322579,1.0015454476296501,0.046740542811951835,4543.04,4766.18,4505.945440860215,1.0003221107803084
27.88,63790,29.3,25.413720430107524,1.0056993755962556,-0.04148857126651939,669.81,248146000,659.69,635.9908602150538,1.004929949864237,0.1035659683842054,801.38,589150016,807.65,778.6229462365592,1.0029456534596064,0.06014398318021508,4545.86,4766.18,4507.505913978494,1.0003463142505298
28.8,63790,29.3,25.615204301075263,1.0079281532793223,0.03159743733596687,676.6,256394000,669.81,639.3977204301075,1.0053567754321213,0.08358261060254413,823.24,624329984,807.65,782.2187956989249,1.004618216660254,0.09864070964300709,4488.28,4766.18,4505.329118279569,0.99951707313524
28.7,63790,29.3,25.805849462365593,1.0074426562852878,0.12513527250426892,688.43,198424992,676.6,643.3820860215054,1.00623143540255,0.10588339879687614,824.51,129982496,823.24,785.7279139784947,1.0044861083610686,0.12609354626016556,4392.59,4766.18,4496.914903225807,0.9981323861514084
28.38,63790,29.3,25.9718064516129,1.0064309833896121,0.04929661213826375,689.26,254154000,688.43,647.2253333333333,1.0059735068714664,0.08581814109562913,827.69,132725104,824.51,789.256494623656,1.0044908429271584,0.1660228850904346,4271.78,4766.18,4480.793376344086,0.9964149806637086
28.08,63790,29.3,26.116580645161292,1.0055742827830678,0.19951735574998553,674.73,310684000,689.26,649.9261720430109,1.004172949621375,0.10313613126374577,810.5,695939968,827.69,791.478559139785,1.0028153895866116,0.18300339486205797,4131.93,4766.18,4456.044322580645,0.9944766357908621
24.16,63790,29.3,26.002623655913975,0.9957235149034641,0.016340619398739653,677.51,353903008,689.26,655.1220860215053,1.0038781046042617,0.1903854753213492,802.0,740950016,827.69,792.9498924731183,1.0018589680242664,0.16506277787644286,4023.89,4766.18,4400.566344086023,0.9930811775972718
24.51,63790,29.3,25.921247311827955,0.9968704564138275,-0.045449796181193824,628.14,344283008,689.26,654.3067956989247,0.9987555139111066,0.14299786038462792,732.76,880089984,827.69,789.7916129032258,0.9960170502576875,0.09715118197402495,3901.36,4766.18,4362.964645161291,0.9914552591678875
25.68,63790,29.3,25.925655913978495,1.0001700767751454,-0.044586910789468526,654.45,281651008,689.26,655.1473333333333,1.0012846231155383,0.1480266153459675,777.86,644499968,827.69,789.5476344086021,0.9996910849765461,0.19172230155140502,4158.24,4766.18,4343.319806451613,0.9954973646803522
24.95,63790,29.3,25.89025806451613,0.9986346401580034,-0.06584870295350864,638.14,274759008,689.26,654.8245376344086,0.999507292966786,0.12983380754159568,764.48,598739968,827.69,788.3605806451612,0.9984965393958403,0.12865241250750148,4108.54,4766.18,4321.430107526882,0.9949601457179793
24.24,63790,29.3,25.816193548387094,0.9971392901552208,-0.032187509906235756,628.14,245724992,689.26,653.8047956989246,0.9984427249180859,0.17500381187668823,744.53,584700032,827.69,785.8361290322582,0.9967978464742148,0.1061116141417473,3900.86,4766.18,4287.408344086021,0.9921271980352978
24.04,63790,29.3,25.73535483870968,0.9968686820725178,-0.007792328579473429,600.8,325934016,689.26,650.9834193548388,0.9956846808670625,0.19925663334550536,711.82,859390016,827.69,781.232817204301,0.9941421478882294,0.10682303461351994,3674.84,4766.18,4240.486344086022,0.9890558593363931
22.94,63790,29.3,25.588516129032257,0.9942942807434482,0.04341661065011271,628.22,316292000,689.26,649.9216559139785,0.9983689854314376,0.17701847802966475,758.61,694220032,827.69,779.7462150537635,0.998097107395133,0.22908433919457782,3911.74,4766.18,4211.0484731182805,0.993057902188791
