35.33,33608056,58.58,37.14615053763441,0.9912370607483451,-0.4792229262233516,582.41,36668160,713.15,557.1729892473118,1.0051763087541303,0.05175634035656107,497.72,708367552,734.16,474.5299569892473,1.0049684026008816,0.027994336130940267,2037.41,2126.64,2037.5398709677422,1.0006022373616992
39.27,42534504,58.58,37.12193548387096,0.9993481140464632,-0.3744131093116938,604.01,41594068,713.15,561.3234193548386,1.0074490870656414,0.06453802789917096,514.79,708367552,734.16,477.9742795698924,1.0072583880741657,0.08080913814201596,2102.95,2126.64,2043.1079354838712,1.0027327389247527
36.4,33572876,58.58,36.94774193548386,0.9953075305445002,-0.3450687719201183,604.27,30876040,713.15,565.3040860215054,1.0070915741788256,0.0938528460937762,509.01,708367552,734.16,480.95784946236563,1.0062421138960824,0.09023999679731465,2129.9,2126.64,2050.390494623656,1.003564451497302
36.55,34540904,58.58,36.81165591397849,0.9963167973365464,-0.3514068404476467,615.27,36012188,713.15,569.7482365591397,1.007861522050745,0.08407403303905925,519.62,708367552,734.16,484.48427956989246,1.0073320980444935,0.10716946275035522,2161.74,2129.9,2059.4744946236556,1.004430375591293
37.82,23432204,58.58,36.787182795698925,0.9993351801848644,-0.3392038504770326,607.14,26072392,713.15,573.4353548387096,1.0064714869533204,0.04541973506567132,512.82,708367552,734.16,487.3975053763441,1.006013045065235,0.06272610363296716,2175.03,2161.74,2069.0800215053764,1.0046640669291105
39.39,33339796,58.58,36.89587096774194,1.0029545119735488,-0.2813426455135012,581.34,41409576,713.15,575.2736129032257,1.0032056936305107,0.01932080093707156,502.23,708367552,734.16,489.51105376344077,1.0043363955781117,0.056512852685373094,2173.6,2175.03,2078.3480430107525,1.0044792958266704
41.91,38335056,58.58,37.19391397849462,1.0080779502674773,-0.10848720889586572,571.69,41008056,713.15,576.3384731182796,1.0018510499893778,0.054071342266704736,501.92,708367552,734.16,491.4889247311828,1.0040405031766613,0.06571594140945969,2182.87,2175.03,2087.9352903225804,1.004612917140644
41.71,24624304,58.58,37.488258064516124,1.007913770145075,-0.018778053140082518,576.3,25884444,713.15,577.5067956989246,1.002027146607659,0.0031803877603096,508.16,708367552,734.16,493.6884086021505,1.0044751443222666,0.08031289343519532,2184.05,2182.87,2097.0377204301076,1.0043595364998696
42.01,21057148,58.58,37.80133333333333,1.0083512887762993,-0.05421267981572597,577.88,27963488,713.15,578.6026881720431,1.0018976269738822,0.05018871106718836,518.15,708367552,734.16,496.3195913978495,1.0053296426447382,0.09723034931128827,2183.87,2184.05,2105.475376344086,1.0040236071253157
41.85,20743856,58.58,38.1058494623656,1.0080556980979225,-0.07342265133091486,574.49,25178148,713.15,579.2947096774193,1.0011960219327056,0.01888440279236936,511.22,708367552,734.16,498.2862150537635,1.003962413916354,0.05818705679991498,2169.04,2184.05,2112.360623655914,1.0032701628283982
42.32,15679136,58.58,38.440559139784945,1.008783682351706,0.18850027495976707,574.63,28182508,713.15,579.8474838709677,1.000954219302048,-0.03493157410728975,508.35,708367552,734.16,499.90305376344094,1.0032447991953841,0.05050723641559607,2179.98,2184.05,2119.459634408602,1.0033607001916187
42.24,17465850,58.58,38.748559139784945,1.0080123704465378,0.2141128088169706,571.97,26263136,713.15,580.0799784946236,1.0004009582349203,-0.06425630253090064,511.68,708367552,734.16,501.5449677419354,1.00328446478999,0.08688227397004034,2127.81,2184.05,2122.5478279569893,1.0014570664608335
43.62,29517668,58.58,39.12298924731183,1.0096630717590331,0.33814176577932553,551.31,50404932,713.15,578.8567096774193,0.9978912066222683,-0.07021426181740575,496.79,708367552,734.16,502.0219784946237,1.0009510827211285,0.048634083689606644,2139.16,2184.05,2125.802623655914,1.001533438095507
42.28,30416188,58.58,39.38509677419355,1.0066995782256012,0.18244354603339064,550.48,35811748,713.15,577.5227956989247,0.9976956059138747,-0.07857953992993694,497.27,708367552,734.16,502.3793763440861,1.0007119167382554,0.049308520386024846,2164.69,2184.05,2130.228430107527,1.0020819460858514
40.59,38160360,58.58,39.52083870967741,1.0034465304544538,0.07634331637794745,574.32,46100156,713.15,577.6565161290322,1.0002315413886749,0.01295983319211591,520.35,708367552,734.16,504.07789247311825,1.0033809431855913,0.06374954422256174,2168.27,2184.05,2134.419311827957,1.0019673391178139
41.77,23568904,58.58,39.72511827956989,1.0051689077601091,0.10487749534661228,571.51,27570208,713.15,577.5052473118279,0.9997381336261592,0.06096982135646334,520.28,708367552,734.16,505.6277204301075,1.003074580298266,0.06133775935686159,2153.74,2184.05,2137.3108817204293,1.0013547337566
41.65,21647060,58.58,39.912946236559144,1.0047281912584223,0.10585534627131898,568.39,29700032,713.15,577.0797634408601,0.9992632380866696,0.036687638645575005,514.27,708367552,734.16,506.66425806451616,1.0020500015970781,0.045756396717699266,2132.98,2184.05,2138.5801935483873,1.000593882639542
44.09,22282096,58.58,40.25083870967742,1.0084657361828322,0.23185143345046766,570.09,30933584,713.15,576.7284946236559,0.9993912993671624,0.037428784050646424,516.84,708367552,734.16,507.77860215053767,1.0021993737831012,0.06740757467573277,2141.16,2184.05,2140.1978924731184,1.0007564359426928
42.82,40228880,58.58,40.49126881720431,1.005973294351978,0.20859171488643202,566.69,36472200,713.15,576.1018064516129,0.9989133740089399,0.10525433564290398,510.77,708367552,734.16,508.3830537634409,1.001190384175984,0.09423618450041604,2126.41,2184.05,2140.637698924731,1.0002054980304202
41.23,37700552,58.58,40.61529032258065,1.0030629197108203,0.07230874997036696,558.63,44257784,713.15,574.8950967741936,0.9979053881381629,0.09321545354676197,499.68,708367552,734.16,508.1542365591398,0.9995499118182496,0.05385245801345295,2085.18,2184.05,2138.3021720430106,0.998908957418206
43.96,32838864,58.58,40.91,1.0072561263277613,0.1612493474785759,568.92,43321824,713.15,574.3232258064515,0.9990052603145324,0.10545662388580934,511.21,708367552,734.16,508.59692473118275,1.0008711689093464,0.035429560488412726,2164.45,2184.05,2141.000021505376,1.0012616783061057
43.31,28330686,58.58,41.14974193548387,1.005860228195646,0.10443840392142034,574.28,37338840,713.15,574.066559139785,0.9995530971844189,0.05996058319163333,521.02,708367552,734.16,509.59518279569903,1.0019627685815127,-0.0010592958663613317,2181.9,2184.05,2144.6436344086023,1.0017018275883363
48.2,39700624,58.58,41.70098924731183,1.0133961304712975,0.2767136607999984,585.73,24364676,713.15,574.551806451613,1.0008452805760975,0.055972938278307405,532.69,708367552,734.16,511.3010537634409,1.0033475021454938,-0.011436103286144306,2213.35,2184.05,2150.122043010753,1.0025544610369084
47.8,37597604,58.58,42.206817204301075,1.0121298790776732,0.45520979930048533,589.75,49321572,713.15,575.2841505376344,1.0012746354250357,0.10542719591250227,546.74,708367552,734.16,513.8482795698926,1.0049818512747095,0.055778207561385296,2191.95,2213.35,2153.9014193548387,1.0017577496851267
49.44,31345496,58.58,42.79281720430108,1.013884013029542,0.4884426752065033,602.16,110147968,713.15,576.7950322580646,1.002626322520824,0.07968466352375625,558.71,708367552,734.16,517.0405591397849,1.0062124944206574,0.04758775556635797,2259.53,2213.35,2161.7508817204302,1.003644299732131
50.11,27918284,58.58,43.39204301075268,1.0140029529626615,0.5251457495027373,616.72,155789408,713.15,579.1923655913978,1.0041563002440366,0.07985440186955894,563.18,708367552,734.16,520.3630322580645,1.0064259429159819,0.04326029306835699,2258.07,2259.53,2169.048258064516,1.0033756786712993
50.78,25156424,58.58,44.00550537634409,1.0141376695593567,0.5325837432949593,614.54,73248840,713.15,581.3696989247312,1.0037592576537333,0.08661733779027947,561.56,708367552,734.16,523.4289892473118,1.0058919577279402,0.046036412469404375,2263.79,2259.53,2176.272193548387,1.0033304632375109
50.35,12902910,58.58,44.55752688172042,1.0125443737244995,0.5049895427515386,610.88,51636904,713.15,583.2488172043011,1.003232226039722,0.09131022255084087,554.5,708367552,734.16,525.9057419354839,1.0047317835638672,0.05521431278294431,2238.83,2263.79,2181.531548387097,1.0024166806221673
50.37,38592808,58.58,45.07881720430108,1.0116992651761048,0.48394542650005745,602.4,92534312,713.15,584.5056774193549,1.0021549297280676,0.0403195841239129,557.57,708367552,734.16,528.4511182795698,1.0048399858398924,0.0262719231148143,2276.98,2263.79,2188.9517634408603,1.0034013787512033
48.38,29554748,58.58,45.44167741935484,1.0080494617551574,0.578192349889636,591.78,110857384,713.15,585.0399139784946,1.000913997211282,0.04888888795516089,546.96,708367552,734.16,530.1906451612903,1.003291746050957,-0.006083739028399426,2274.64,2276.98,2195.831956989247,1.0031431453462325
48.76,18092564,58.58,45.797053763440864,1.0078204935263824,0.5436441882020662,588.26,95229624,713.15,585.3363010752688,1.000506610044362,0.04163780743650025,547.41,708367552,734.16,531.8599784946236,1.0031485529753652,-0.014967368313886897,2271.31,2276.98,2202.059849462366,1.002836233644062
49.08,32466436,58.58,46.1441935483871,1.0075799588929748,0.3919771029101563,583.83,108212496,713.15,585.3343010752689,0.9999965831608321,0.04978616271472702,544.42,708367552,734.16,533.2295483870968,1.0025750572478673,-0.03361922976663623,2294.69,2276.98,2209.2931182795696,1.0032847739442547
48.16,26372272,58.58,46.4108817204301,1.0057794524410388,0.501405500792239,575.94,129835416,713.15,584.8666666666667,0.9992010814884023,0.03787815958668017,538.04,708367552,734.16,534.1237849462366,1.0016770198910483,-0.021619301542142866,2297.42,2294.69,2216.2901720430104,1.0031671006918672
50.14,23457700,58.58,46.78002150537635,1.0079537335052127,0.4972431542581559,570.54,109834768,713.15,584.1115698924731,0.9987089420252019,0.006712955743462645,534.42,708367552,734.16,534.7220430107527,1.0011200738131825,-0.04292308942417655,2316.1,2297.42,2224.132129032258,1.0035383259323027
50.02,18320042,58.58,47.11219354838709,1.0071007244614576,0.43695852272623104,561.19,123118712,713.15,582.8494408602152,0.9978392329525501,0.013111123752505893,523.3,708367552,734.16,534.5710537634409,0.9997176304038979,-0.06054217296820852,2351.16,2316.1,2233.9040645161294,1.0043935948572098
50.03,12913945,58.58,47.418774193548394,1.0065074585170064,0.42454039892500495,557.18,103139720,713.15,581.4274193548389,0.9975602249814677,0.027242574192837266,516.53,708367552,734.16,533.9607526881721,0.998858334975356,-0.060660224812133956,2367.34,2351.16,2244.3410967741934,1.0046721040638442
51.27,25691808,58.58,47.78247311827957,1.0076699351874148,0.3580145216675418,568.61,132929912,713.15,580.7947741935484,0.9989119103430099,0.052728024615144586,523.98,708367552,734.16,533.8003440860215,0.9996995872798833,-0.047785797821928266,2383.12,2367.34,2255.3795483870967,1.004918348475982
49.87,25746172,58.58,48.03572043010753,1.005300004275649,0.3652313487861335,558.47,131030840,713.15,579.514559139785,0.9977957531461246,0.05847924223770151,510.15,708367552,734.16,532.7002365591399,0.9979391030015815,-0.08241435173224887,2372.6,2383.12,2265.3086451612903,1.0044024061410393
50.79,28479556,58.58,48.33077419354839,1.0061423823937474,0.3893740322824093,555.86,142031456,713.15,578.1043010752688,0.9975664838056709,0.017063554977312934,511.82,708367552,734.16,531.7035913978494,0.9981290694223678,-0.10122366915733827,2378.25,2383.12,2275.196774193548,1.004365025072137
48.87,21125444,58.58,48.48307526881721,1.0031512235798024,0.3325154944288049,552.52,106370400,713.15,576.5259139784946,0.9972697191599535,0.005503685856446783,502.92,708367552,734.16,530.1463655913979,0.9970712520440992,-0.09688886372647354,2343.98,2383.12,2282.4559139784947,1.0031905547103808
50.54,21873992,58.58,48.72802150537635,1.0050522009010572,0.38227254380297016,554.83,152441168,713.15,575.1438064516129,0.9976026966119458,0.01584436701834424,514.01,708367552,734.16,529.3224731182795,0.9984459150781893,-0.07269239594513777,2362.72,2383.12,2290.547870967742,1.0035452851201592
50.02,17315720,58.58,48.921741935483865,1.0039755447506964,0.3567536540876505,560.12,98889752,713.15,574.1455698924731,0.9982643704966615,-0.014954181057540317,517.13,708367552,734.16,528.6876989247312,0.9988007798161133,-0.09637434505214437,2355.54,2383.12,2297.783612903226,1.0031589568710595
49.24,14671592,58.58,49.048408602150545,1.002589169184403,0.25427088580251656,551.85,76385416,713.15,572.6392688172043,0.997376447447725,-0.008499670823234329,509.4,708367552,734.16,527.5424946236559,0.9978338737530598,-0.06333878265005222,2328.95,2383.12,2302.8141290322583,1.002189290628057
48.56,19884710,58.58,49.11911827956989,1.001441630410334,0.26978231779556294,544.22,99500704,713.15,570.6395483870966,0.996507888056231,0.013657437627442426,498.53,708367552,734.16,525.6688817204301,0.9964484133082732,-0.08246678890821246,2348.69,2383.12,2308.710043010752,1.0025603082351122
50.94,24404128,58.58,49.32987096774195,1.0042906447744546,0.3589037528621931,550.94,101565432,713.15,569.0868387096774,0.9972790009353402,-0.013618728048880757,498.95,708367552,734.16,523.8196559139785,0.9964821470877268,-0.14071247121465658,2384.2,2383.12,2316.501225806451,1.0033746909098809
50.66,24407218,58.58,49.50030107526881,1.003454906817784,0.2858391692100093,549.94,118660216,713.15,567.5198924731183,0.9972465604017271,-0.06728064797491895,495.45,708367552,734.16,521.7906451612903,0.996126508942953,-0.16173527855402048,2399.29,2384.2,2324.8015913978493,1.0035831475066492
52.67,23503172,58.58,49.781290322580645,1.0056765159243086,0.3107295601668395,552.64,91918704,713.15,566.1735268817205,0.9976276327768342,-0.03228032597355346,497.35,708367552,734.16,519.9376129032258,0.996448705481311,-0.15382103268803027,2390.9,2399.29,2332.032602150538,1.003110377582089
52.78,22993846,58.58,50.045677419354845,1.0053109731600163,0.24403077894826153,551.06,106728680,713.15,564.7590967741936,0.9975017727951411,-0.044797162919797295,498.15,708367552,734.16,518.1725806451612,0.9966052999162553,-0.14851704690816325,2381.73,2399.29,2338.1173333333336,1.0026091964482762
52.82,15323305,58.58,50.2939569892473,1.004961059230191,0.325613693871585,546.65,86029352,713.15,563.1010752688172,0.9970641969029862,-0.0896948005506788,487.49,708367552,734.16,515.7600000000001,0.9953440596139662,-0.1816808776874832,2415.82,2399.29,2345.884064516129,1.0033217884629095
52.7,21789428,58.58,50.51298924731183,1.004355041264925,0.4034813104304431,535.6,101515736,713.15,560.773247311828,0.9958660566295705,-0.1241912417759431,476.67,708367552,734.16,512.6994193548387,0.9940658821057053,-0.2157662347230862,2439.07,2415.82,2354.528408602151,1.0036848982508457
54.71,24491308,58.58,50.83703225806451,1.0064150432508787,0.374123297929735,551.89,130879680,713.15,559.5459139784946,0.997811355411092,-0.12472718866156274,486.49,708367552,734.16,510.3218709677419,0.9953626856256467,-0.17186067804937932,2431.77,2439.07,2361.9407311827954,1.0031481134623663
53.77,25825112,58.58,51.07731182795698,1.0047264672861456,0.36351983942980537,561.23,158012656,713.15,558.9577849462365,0.9989489172960333,-0.1287847127681353,488.95,708367552,734.16,508.1561935483871,0.9957562519998447,-0.17670427144402978,2433.15,2439.07,2368.867204301075,1.0029325346850728
51.5,25307354,58.58,51.14864516129034,1.0013965757159191,0.19974112273258582,546.77,104525440,713.15,557.4648172043012,0.9973290152098357,-0.16060540615883157,474.83,708367552,734.16,505.1485161290322,0.994081194999607,-0.2102517919248703,2438.3,2439.07,2375.585612903226,1.0028361271539208
52.33,19271552,58.58,51.26643010752689,1.0023027969922786,0.16566421592252578,541.96,102049920,713.15,555.7453118279569,0.9969154907659148,-0.17155984483032505,477.91,708367552,734.16,502.46397849462375,0.9946856467975396,-0.23148712303059815,2423.41,2439.07,2380.8596129032258,1.0022200841642388
54.07,12821969,58.58,51.486731182795694,1.0042971799442002,0.21078195991128523,537.65,72767472,713.15,553.8505161290323,0.996590532284128,-0.142798102085684,471.95,708367552,734.16,499.5429462365591,0.9941865837491156,-0.22859799089356203,2425.18,2439.07,2385.7500430107525,1.002054060676666
53.81,14262891,58.58,51.680301075268815,1.0037596073401103,0.12882897864202936,544.28,72315848,713.15,552.5221935483871,0.9976016586751077,-0.17162015395325592,481.78,708367552,734.16,497.442688172043,0.995795640634426,-0.23363902343477372,2459.27,2439.07,2392.4835913978495,1.0028224031292898
55.34,15841709,58.58,51.964623655913975,1.0055015658718989,0.22592705748200514,537.79,90696992,713.15,550.9309462365592,0.9971200300541618,-0.19078390210757834,479.45,708367552,734.16,495.36716129032254,0.9958276060115641,-0.23843029621656564,2472.54,2459.27,2399.640580645161,1.0029914475790114
54.98,18879652,58.58,52.215913978494626,1.004835796064734,0.25503298163458576,546.2,114166288,713.15,550.0473333333333,0.9983961458159831,-0.1650189789829284,488.44,708367552,734.16,494.0482150537634,0.9973374370777353,-0.22332717027214155,2472.1,2472.54,2406.320258064516,1.0027836157936447
55.79,14950934,58.58,52.50950537634408,1.0056226421311014,0.27437818670536485,551.63,105974272,713.15,549.6531397849461,0.999283346133144,-0.11927517401958221,483.44,708367552,734.16,492.54875268817216,0.9969649473069586,-0.2207216815666393,2476.83,2472.54,2412.803440860215,1.0026942310666966
52.16,16804056,58.58,52.55724731182796,1.0009092055836692,0.25767623811191886,541.56,83087080,713.15,548.7184516129032,0.9982994945277515,-0.12324315908829142,469.55,708367552,734.16,490.31258064516135,0.9954599985670322,-0.2148052464659317,2441.32,2476.83,2416.5658709677423,1.0015593603870965
50.11,17408516,58.58,52.46460215053763,0.9982372524051601,0.17284034816800942,529.18,97204760,713.15,547.0930537634408,0.997037829063913,-0.13316038540988917,457.09,708367552,734.16,487.43901075268826,0.9941393102973373,-0.23290310641757062,2425.55,2476.83,2418.9524301075267,1.00098758290368
51.72,18517300,58.58,52.472924731182786,1.0001586323026195,0.27851651840431035,532.62,76662912,713.15,545.8166451612905,0.9976669259582626,-0.15407085495083905,461.78,708367552,734.16,485.0622580645161,0.9951239998528183,-0.21644818371057273,2443.05,2476.83,2422.136322580645,1.001316227815599
54.28,24310362,58.58,52.64073118279571,1.0031979626154364,0.2870598262066042,533.33,79983632,713.15,544.6961720430108,0.9979471620585179,-0.13459104629266738,465.36,708367552,734.16,483.09419354838707,0.995942655847969,-0.21305296424021303,2476.55,2476.83,2427.162451612903,1.002075080987557
53.42,23396652,58.58,52.739892473118275,1.0018837369484521,0.29707167454449046,546.05,88704688,713.15,544.4879784946236,0.999617780408468,-0.10133050205864613,471.43,708367552,734.16,481.67404301075265,0.9970603030286843,-0.18061382029016781,2461.43,2476.83,2430.827870967742,1.001510166471306
52.96,26867316,58.58,52.80232258064516,1.0011837359653075,0.3123265431564646,558.49,107653400,713.15,545.1350322580645,1.0011883710733704,-0.059389486938251856,487.76,708367552,734.16,481.44290322580633,0.9995201323627456,-0.13131789971008434,2500.23,2476.83,2436.6839784946233,1.0024091000423447
54.73,20985656,58.58,52.97262365591398,1.0032252572793312,0.3140018943274069,563.69,92819832,713.15,546.123376344086,1.0018130261816556,0.00850217897013894,497.41,708367552,734.16,481.91077419354843,1.0009718098752878,-0.09399158241669192,2502.22,2500.23,2442.347892473119,1.002324435186706
56.08,19972056,58.58,53.21991397849462,1.0046682664650881,0.297543334268919,573.03,95841256,713.15,547.700301075269,1.0028874880649485,-0.0063283736144246205,506.72,708367552,734.16,483.0204086021505,1.002302572318411,-0.09010894212356801,2519.36,2502.22,2448.827548387097,1.0026530437919787
56.02,15520906,58.58,53.45298924731182,1.0043794747378094,0.26660311784104884,570.94,65727756,713.15,549.1328817204301,1.002615628734088,-0.03509018533630215,503.79,708367552,734.16,483.9781290322581,1.0019827742535337,-0.08695482505938668,2549.33,2519.36,2456.94776344086,1.0033159603497237
56.37,16955076,58.58,53.695419354838705,1.0045353891511142,0.17990653679835844,578.0,71612512,713.15,550.994129032258,1.00338942972418,-0.01845554122055404,504.51,708367552,734.16,484.99597849462367,1.0021030897912697,-0.08783224400670109,2553.17,2549.33,2464.9356559139783,1.003251144607947
57.49,18670300,58.58,53.99810752688172,1.0056371320995323,0.23707576870185354,580.36,77355608,713.15,552.9600215053763,1.0035679009440102,0.008146870682750329,502.26,708367552,734.16,485.88438709677416,1.0018317855024448,-0.09996078858985358,2575.21,2553.17,2473.969311827957,1.0036648647977098
58.47,20458560,58.58,54.34548387096775,1.0064331207147046,0.20062117121705747,573.47,107692496,713.15,554.4215268817204,1.0026430579418117,0.016196561952015465,499.45,708367552,734.16,486.5929247311828,1.0014582432636747,-0.12074097176606324,2581.07,2575.21,2482.8837634408605,1.0036032991881847
62.2,23531482,58.58,54.91645161290324,1.010506259237495,0.298728450857924,576.2,98351712,713.15,556.0190752688172,1.0028814688998136,0.0015024385733770629,508.14,708367552,734.16,487.89341935483867,1.002672654199348,-0.11600298589269142,2587.84,2581.07,2491.7654193548387,1.0035771533266098
61.72,20489940,62.2,55.43025806451612,1.009356148048942,0.3040022321725746,579.04,89719000,713.15,557.7652688172044,1.0031405281330374,-0.003283888288519332,513.67,708367552,734.16,489.57002150537636,1.0034364106668106,-0.1004005172496647,2582.3,2587.84,2499.7900860215054,1.0032204743690296
62.27,19234474,62.2,55.95270967741935,1.0094253866235865,0.4102951526932458,564.28,93989408,713.15,558.5007311827957,1.0013185875971642,0.0004080275604074757,496.33,708367552,734.16,490.11873118279567,1.0011207991774744,-0.10240802670519833,2578.85,2587.84,2507.0473333333334,1.002903142688824
62.03,9469970,62.27,56.43019354838711,1.0085337041533926,0.33418086463995456,572.08,55400072,713.15,559.6962795698925,1.0021406388932828,-0.022744023323144846,499.94,708367552,734.16,490.9050752688173,1.0016043950903977,-0.08954338966287723,2602.42,2587.84,2515.3302580645163,1.0033038565411407
62.84,23585428,62.27,56.93608602150538,1.0089649253583455,0.35167159418031624,586.63,117261376,713.15,561.7850752688172,1.0037320164081311,0.013571586538532632,513.33,708367552,734.16,492.5531612903225,1.0033572397282768,-0.06516238221028758,2642.22,2602.42,2525.7116344086025,1.0041272418644835
64.75,17301302,62.84,57.53901075268818,1.0105895008475831,0.35927469336007267,583.24,98344288,713.15,563.5762580645161,1.0031883773253354,-0.0010351643177506364,509.77,708367552,734.16,493.93311827956995,1.0028016407114968,-0.08402425868100982,2651.5,2642.22,2536.1692903225808,1.0041404789729398
65.75,22659712,64.75,58.18047311827957,1.0111483036847557,0.41027433503192645,585.6,121262072,713.15,565.4538924731183,1.0033316421366836,0.010480415675235166,509.24,708367552,734.16,495.2521720430108,1.002670510874094,-0.10121090285697698,2675.81,2651.5,2547.6349032258067,1.004520838946744
66.36,22042738,65.75,58.833397849462365,1.0112224032598602,0.37834291783250196,600.18,101598416,713.15,568.1978924731184,1.0048527387228667,0.07687482288745295,532.36,708367552,734.16,498.0389892473117,1.0056270671016034,-0.01869381337324305,2683.34,2675.81,2558.9538924731182,1.0044429400904265
65.98,9918925,66.36,59.432688172043015,1.010186226607446,0.33720443113070364,599.73,49642112,713.15,570.7977419354839,1.0045756056064368,0.09361115401738185,533.41,708367552,734.16,500.7970537634409,1.0055378485935358,0.02287453081299695,2673.61,2683.34,2569.0698279569892,1.0039531526979153
69.34,14568657,66.36,60.22019354838709,1.0132503745087962,0.3619243890903663,617.31,79605000,713.15,574.393870967742,1.0063001809013192,0.109147495001372,554.41,708367552,734.16,504.78793548387085,1.0079690599024873,0.01156567587353452,2743.15,2683.34,2583.167827956989,1.0054875892615232
71.42,14035289,69.34,61.11043010752688,1.0147830238776048,0.4677985515864099,631.73,107232000,713.15,578.7796344086021,1.0076354635077684,0.16412255247319818,572.02,708367552,734.16,509.7688817204301,1.0098674034905069,0.024778259376454725,2786.24,2743.15,2599.3761935483876,1.0062746080281657
71.89,15396070,71.42,61.993032258064524,1.014442741590669,0.5173742176928863,625.55,80418000,713.15,582.6150752688172,1.0066267723191993,0.1759153983805698,564.66,708367552,734.16,514.0963440860215,1.0084890673416287,0.0366181853540144,2810.3,2786.24,2616.3774838709674,1.0065405270559824
71.74,17603342,71.89,62.822107526881716,1.0133736847290502,0.4892257596134858,633.76,94551000,713.15,586.8107741935484,1.0072014939242608,0.16913395082319949,573.24,708367552,734.16,518.7841720430108,1.0091185786689914,0.014006769700406263,2872.87,2810.3,2636.615548387097,1.0077351470270977
67.41,27408288,71.89,63.330086021505366,1.0080859830181006,0.32362624957127983,591.55,148666000,713.15,588.0858279569893,1.0021728533617897,0.10958782741218875,536.43,708367552,734.16,520.8921505376344,1.0040633053362484,-0.0023134982331578513,2762.13,2872.87,2648.7425161290316,1.0045994448259068
63.84,24822740,71.89,63.579053763440854,1.0039312711789299,0.24988658556336452,544.52,237691008,713.15,586.2107741935484,0.9968115984533162,0.0644365256222803,491.04,708367552,734.16,519.9330752688173,0.9981587834106789,-0.04595342069102548,2619.55,2872.87,2650.9461505376344,1.0008319549352889
67.93,19173202,71.89,64.07032258064517,1.0077268972739384,0.2706933141445186,545.1,136858000,713.15,584.3726236559139,0.9968643521774855,0.06837761788401453,500.52,708367552,734.16,519.5656989247312,0.9992934160922612,-0.061079412862813376,2732.22,2872.87,2660.074129032258,1.0034432908012003
66.81,14804730,71.89,64.46225806451612,1.0061172703380357,0.20727517373856608,549.88,95187000,713.15,582.8271397849462,0.9973553109635784,0.06654488386089397,505.59,708367552,734.16,519.4801075268816,0.9998352635710426,-0.07621057305317236,2747.3,2872.87,2669.616559139785,1.0035872797691539
65.19,20330216,71.89,64.7242365591398,1.004064060156898,0.1638707558923309,538.56,140012992,713.15,580.5434193548388,0.9960816505028401,0.05994240350298896,491.86,708367552,734.16,518.4718279569892,0.9980590602887709,-0.06915348791671194,2691.25,2872.87,2674.9510322580645,1.0019982169724024
70.22,19055932,71.89,65.29051612903226,1.0087491116156315,0.2870943203364995,543.08,161915008,713.15,578.5794193548387,0.9966169627722545,0.03403927766131576,502.18,708367552,734.16,518.1112473118279,0.9993045318458631,-0.07192732919188649,2786.57,2872.87,2685.9740645161287,1.0041208351574045
69.68,20367000,71.89,65.78311827956989,1.0075447734179972,0.33631980815849616,542.63,150966000,713.15,576.5831182795699,0.9965496507333517,0.04576802145140968,497.93,708367552,734.16,517.4063010752687,0.9986393921378531,-0.045244323513802476,2752.01,2872.87,2694.024946236559,1.0029973788007818
71.28,21521096,71.89,66.33686021505378,1.0084176905863682,0.19044007229096405,530.38,131693000,713.15,573.767569892473,0.9951168386693352,0.07440823636266969,493.31,708367552,734.16,516.3154623655914,0.9978917173845576,0.008841269598521384,2588.26,2872.87,2690.809247311828,0.9988063588909141
73.11,14758920,71.89,66.96660215053762,1.0094930922784455,0.2280056962931536,538.6,114873000,713.15,571.4871612903227,0.9960255533393466,0.06298258382209732,498.29,708367552,734.16,515.4781075268817,0.9983782108037724,0.00441205405448164,2640.87,2872.87,2690.6754623655916,0.999950280776547
72.45,19333354,73.11,67.5132688172043,1.008163273170674,0.2045759669457894,542.7,142471008,713.15,569.459935483871,0.9964527185494868,0.06030013658943012,497.8,708367552,734.16,514.5383225806451,0.9981768673925931,-0.0021763664519558468,2604.47,2872.87,2687.839913978495,0.9989461574140928
74.59,16701960,73.11,68.15707526881721,1.009535998817596,0.2366280665178595,567.72,131691000,713.15,569.0541075268817,0.9992873459014381,0.094401773199416,527.75,708367552,734.16,515.4740860215054,1.001818646735907,0.019564785655596273,2656.3,2872.87,2688.040623655914,1.0000746732260262
79.76,18604216,74.59,69.08791397849463,1.0136572572400755,0.2734922398121975,578.47,113124000,713.15,569.3219784946237,1.0004707302244178,0.08708395985354156,541.48,708367552,734.16,517.2096559139784,1.003366939172187,0.02149053478833296,2670.14,2872.87,2688.798602150537,1.0002819817855255
81.43,18580740,79.76,70.07266666666668,1.0142536173328172,0.22730295406411583,581.74,124229000,713.15,569.7690322580645,1.0007852388987737,0.05475813520560446,544.78,708367552,734.16,519.0633548387098,1.00358403773699,0.015353274748713508,2669.91,2872.87,2689.180623655914,1.0001420788842539
76.94,76972736,81.43,70.71322580645162,1.0091413552567088,0.18767061977940958,576.81,116385000,713.15,569.8792903225807,1.0001935136138924,0.04539968394927896,544.84,708367552,734.16,520.8390752688172,1.0034210090416789,0.03672942859837591,2663.42,2872.87,2688.8201720430106,0.9998659622898765
77.33,25622276,81.43,71.33395698924731,1.008778148298519,0.25731357151314227,606.66,157603008,713.15,571.9027311827956,1.003550648171597,0.09543201639810928,565.28,708367552,734.16,523.8452258064516,1.0057717454015578,0.05208751726526861,2727.72,2872.87,2692.3627526881723,1.0013175223400939
79.53,31387704,81.43,72.05154838709677,1.0100596045437047,0.3057934994978273,603.57,107297000,713.15,573.6651827956989,1.003081733163362,0.10892551430250508,573.85,708367552,734.16,527.2735913978495,1.0065446155133322,0.08904107200776501,2712.97,2872.87,2694.5783440860214,1.0008229171182959
77.0,24906628,81.43,72.55851612903227,1.0070361810854058,0.23811956154888936,581.31,113218000,713.15,573.9415913978494,1.00048182914083,0.0483273641979568,547.77,708367552,734.16,528.8654193548387,1.0030189791086808,0.042404617082649754,2721.33,2872.87,2697.037032258064,1.0009124574824253
81.92,27497916,81.43,73.34305376344085,1.0108124817907442,0.22537187203304754,598.34,102105000,713.15,575.2998494623656,1.0023665440610572,0.07243405926847457,561.37,708367552,734.16,531.230752688172,1.0044724673740604,0.04803547808878106,2734.62,2872.87,2700.0515053763443,1.00111769808209
78.99,26083774,81.92,73.89615053763441,1.007541229139129,0.23114126055739348,610.09,123188000,713.15,577.3685591397849,1.0035958807904306,0.10700709380444784,565.02,708367552,734.16,533.7170967741937,1.004680346673155,0.02378288282626695,2779.03,2872.87,2705.615483870967,1.0020606934658631
73.56,30796304,81.92,74.06178494623657,1.002241448402888,0.04268217160608523,592.85,131716000,713.15,578.2582365591398,1.001540917677749,0.10728030468475225,547.51,708367552,734.16,534.9633333333333,1.0023350133744484,0.025248835926980018,2779.66,2872.87,2710.797032258065,1.0019151089347273
72.62,28237244,81.92,74.14249462365592,1.0010897614400995,0.04524432818731183,597.54,116959000,713.15,579.3890537634408,1.0019555574530676,0.08077844390384192,555.82,708367552,734.16,536.6356344086021,1.003126010646092,0.053189479393716654,2754.88,2872.87,2713.948021505376,1.0011623847930387
70.16,28260220,81.92,74.04172043010753,0.9986408038458928,0.017931161288085473,605.41,105924000,713.15,580.9728602150536,1.0027335802106119,0.05329408578629724,561.54,708367552,734.16,538.5567956989247,1.0035800106573987,0.06509573267945279,2718.37,2872.87,2714.415655913979,1.0001723077984168
70.2,24674820,81.92,73.92778494623656,0.9984611988591146,-0.08351817042442833,600.21,63988000,713.15,582.1807956989247,1.002079159917081,0.023663695162008613,559.67,708367552,734.16,540.2536344086021,1.0031507145081613,0.05703493477224941,2759.82,2872.87,2717.393720430108,1.0010971291407196
71.74,22706236,81.92,73.90148387096775,0.9996442328782347,-0.14263016267466844,603.43,88630000,713.15,583.5599784946237,1.0023689939721272,0.041563369615990164,564.08,708367552,734.16,542.1276774193549,1.0034688207378821,0.06078820497302906,2801.31,2872.87,2722.815612903226,1.00199525465609
72.52,18658204,81.92,73.91262365591398,1.0001507383121788,-0.12036435928251321,592.45,83283000,713.15,584.192430107527,1.0010837816783371,-0.009104197523879809,553.41,708367552,734.16,543.1953978494623,1.001969499943611,-0.004616742101996918,2801.83,2872.87,2728.0011612903227,1.0019044801868047
80.99,29940142,81.92,74.45696774193549,1.0073646971125745,0.06309595678339086,601.28,109070000,713.15,585.4111827956991,1.0020862178716485,0.020341780767563877,566.22,708367552,734.16,545.0443010752688,1.0034037534801037,0.007197573691060777,2818.82,2872.87,2734.0280215053763,1.002209258669158
79.09,19992700,81.92,74.84645161290322,1.0052309929181868,0.0034271522852793446,590.34,92111000,713.15,585.9207956989247,1.000870521298879,-0.07840170555296222,556.06,708367552,734.16,546.1671612903225,1.002060126512356,-0.032457579918469204,2840.35,2872.87,2741.1316344086026,1.0025982224203083
80.93,16890142,81.92,75.33367741935484,1.0065096714133022,-0.05415450934070565,583.56,111130000,713.15,586.0509892473118,1.0002222033239694,-0.12821445708154955,554.18,708367552,734.16,547.1651827956989,1.001827318769987,-0.04807068843618245,2833.28,2872.87,2747.570086021505,1.002348829779673
77.11,19334368,81.92,75.554,1.0029246226680095,-0.091114279666203,569.09,113572000,713.15,585.3512258064517,0.9988059683309146,-0.163670393891033,534.27,708367552,734.16,546.9170537634409,0.9995465189671057,-0.06799286198186216,2850.13,2872.87,2754.9944731182795,1.0027021647726282
83.82,22409126,81.92,76.196,1.0084972337665774,-0.006692449291498592,577.1,76881000,713.15,585.2896559139785,0.9998948154718762,-0.1277330802664468,548.4,708367552,734.16,547.6458924731182,1.001332631163468,-0.04396614837395618,2874.69,2872.87,2763.9177204301077,1.0032389347415744
82.29,22240504,83.82,76.71331182795699,1.006789225523085,0.08434995083139252,578.65,77460000,713.15,585.449935483871,1.0002738465788228,-0.09540241998121501,547.58,708367552,734.16,548.3752473118279,1.001331800071422,-0.02967911380191035,2901.52,2874.69,2774.5680215053767,1.0038533350673013
82.51,19812680,83.82,77.21281720430109,1.0065113259282084,0.15569418724853668,576.06,92471000,713.15,585.4708602150538,1.0000357412819005,-0.047937031768905625,534.93,708367552,734.16,548.264494623656,0.9997980348516552,-0.006867635375279013,2871.68,2901.52,2782.9933978494623,1.0030366443636565
84.34,21355544,83.82,77.79023655913977,1.0074782837324905,0.13060569281496415,585.88,104597000,713.15,586.0575053763442,1.0010020057378688,-0.013764897000054566,545.87,708367552,734.16,548.7651612903226,1.0009131845515735,0.027375137034066244,2904.98,2901.52,2793.0249462365587,1.0036045893586554
83.37,29972536,84.34,78.26978494623656,1.0061646346419348,0.19727252825359853,602.71,120396000,713.15,587.642258064516,1.0027040907652127,0.011717169211017175,556.34,708367552,734.16,549.8437849462366,1.0019655468896347,0.033996238221644104,2929.67,2904.98,2804.277870967742,1.0040289381397562
79.97,69562080,84.34,78.49436559139787,1.0028693147082948,0.16346497988802855,605.97,102244000,713.15,589.3237204301074,1.0028613707447276,0.029828244211126176,560.91,708367552,734.16,551.1081075268817,1.002299421427067,0.05762467665654447,2913.98,2929.67,2814.126344086021,1.0035119462376532
84.51,36620744,84.34,78.98006451612903,1.0061876915759722,0.11184769663280547,612.06,85886000,713.15,591.2531182795699,1.0032739185316593,0.09938242606012415,571.36,708367552,734.16,552.898129032258,1.00324804059481,0.10223182094608063,2885.57,2929.67,2821.662924731183,1.0026781244776022
80.08,42690892,84.51,79.14922580645161,1.0021418226404213,0.0861770944385214,580.11,131277000,713.15,590.9728817204301,0.9995260294610281,0.08390228089572149,540.51,708367552,734.16,552.5490537634408,0.9993686445106477,0.08001986199399025,2767.13,2929.67,2821.3453118279567,0.9998874376877399
73.92,37680712,84.51,78.89860215053763,0.9968335299131434,0.007158435841168043,579.7,124100000,713.15,590.5855913978496,0.9993446563546994,0.035768784100369766,530.02,708367552,734.16,551.4316344086022,0.9979777010797,0.005056343889196402,2767.78,2929.67,2821.0371182795698,0.9998907636200735
68.86,42202424,84.51,78.31584946236559,0.9926139035130159,-0.10605261486183581,547.67,134238000,713.15,588.0257849462364,0.9956656469631193,0.002729046822482095,492.59,708367552,734.16,547.8204301075269,0.9934512202859956,-0.01818689809753604,2658.69,2929.67,2813.304795698925,0.9972590496840537
69.49,36173184,84.51,77.7828817204301,0.9931946375402387,-0.09265798242487944,570.87,152886000,713.15,586.9432473118279,0.9981590303314548,0.01737377671721063,500.99,708367552,734.16,544.7634193548387,0.994419684654535,-0.039125060223631936,2723.06,2929.67,2809.6870537634413,0.9987140597275438
67.18,32480168,84.51,77.10724731182796,0.9913138418935091,-0.1241078104966219,578.79,139496992,713.15,586.3110967741936,0.9989229784301472,-0.06596060848572294,505.68,708367552,734.16,542.002129032258,0.9949312119270952,-0.08876780642492832,2781.01,2929.67,2809.5529892473123,0.9999522848938107
65.44,32444116,84.51,76.33529032258065,0.9899885287549501,-0.20519258473106317,570.42,140660992,713.15,585.1151397849463,0.997960200658273,-0.11983936479318957,495.03,708367552,734.16,538.6012043010752,0.9937252557711255,-0.11054990008077092,2736.27,2929.67,2806.2642795698926,0.9988294544754962
61.73,23074496,84.51,75.3547741935484,0.9871551398456894,-0.23933774135897534,544.72,87077000,713.15,582.2784301075267,0.9951518778364506,-0.12625428019257845,469.96,708367552,734.16,533.6827526881721,0.9908681013454368,-0.12335060801438247,2632.56,2929.67,2796.142387096774,0.996393107895501
65.16,28108480,84.51,74.63791397849462,0.9904868640013104,-0.16293339452010913,570.12,112751000,713.15,581.1600430107527,0.9980792915571896,-0.09303756914558714,486.42,708367552,734.16,529.9871397849462,0.9930752626263244,-0.143549615464184,2760.17,2929.67,2794.333720430108,0.9993531564504681
61.56,34242784,84.51,73.71412903225809,0.9876231140851189,-0.22167155287075213,554.13,130771000,713.15,579.024430107527,0.9963252585429618,-0.16411741593408347,471.34,708367552,734.16,525.4442580645161,0.9914283170677058,-0.1314874872361672,2633.08,2929.67,2784.117634408602,0.9963439993058762
59.87,34892936,84.51,72.71522580645161,0.9864489584436473,-0.2897952909453574,542.14,133531000,713.15,576.2282365591396,0.9951708539346638,-0.1947886512490472,455.93,708367552,734.16,520.1092043010752,0.9898465847108261,-0.16383009825934447,2599.95,2929.67,2771.9676559139784,0.9956359679833698
56.74,62392160,84.51,71.55666666666666,0.9840671726321977,-0.32675732325347706,492.41,226210000,713.15,570.3557634408602,0.9898087723827176,-0.15626517299125509,415.06,708367552,734.16,512.3909677419355,0.9851603538347076,-0.1303022320852647,2416.62,2929.67,2748.2329892473126,0.9914376105305457
58.24,20875376,84.51,70.53845161290322,0.9857705074705813,-0.33835647100756394,500.78,135651008,713.15,565.2144731182797,0.9909858185852914,-0.14854795632065798,422.16,708367552,734.16,505.416193548387,0.9863877885586357,-0.15697179710289,2485.74,2929.67,2729.6129677419353,0.9932247296432909
61.65,23554396,84.51,69.79116129032259,0.9894059154192729,-0.2802059165931391,518.19,110265000,713.15,561.4062150537635,0.9932622778686008,-0.11759743688231461,443.41,708367552,734.16,500.11176344086016,0.9895048275555124,-0.12631900091843806,2531.94,2929.67,2714.508817204301,0.9944665596492498
64.87,34360912,84.51,69.28890322580645,0.9928034144262651,-0.14791365175621407,525.56,110840000,713.15,558.2710752688172,0.9944155591782217,-0.1310410338586101,458.28,708367552,734.16,496.0282150537634,0.9918347283835093,-0.09699489982074805,2596.26,2929.67,2704.085720430108,0.996160227328004
66.09,24615356,84.51,68.8840430107527,0.9941569256229336,-0.09844121334976452,534.32,113777000,713.15,555.8458064516129,0.9956557505401181,-0.11981516395676306,471.53,708367552,734.16,492.9913978494624,0.9938777329350672,-0.12109675974570644,2670.71,2929.67,2698.860258064516,0.9980675677822962
64.08,25757380,84.51,68.36354838709678,0.9924439013608032,-0.09670353538457366,526.97,89752000,713.15,553.0823010752688,0.9950282878016374,-0.14803958044503107,464.69,708367552,734.16,489.694559139785,0.9933125837001235,-0.1527507530645359,2664.76,2929.67,2693.4319354838713,0.9979886611155859
65.47,36670912,84.51,67.94580645161291,0.993889405314094,-0.03396887449883279,553.55,140008992,713.15,552.2023225806452,0.9984089556058604,-0.10752917748258528,479.44,708367552,734.16,487.55761290322585,0.9956361650406879,-0.12404310231246041,2706.53,2929.67,2690.8137419354844,0.9990279340220578
62.72,34216384,84.51,67.36081720430109,0.9913903553749351,-0.07884879344101337,542.42,114375000,713.15,550.704623655914,0.997287771413688,-0.15402111450062161,463.84,708367552,734.16,484.5867526881721,0.9939066478782613,-0.14435303697674728,2707.88,2929.67,2688.397247311828,0.9991019465279234
65.15,30258530,84.51,66.952,0.9939309346105293,-0.028927347005472837,561.69,118045000,713.15,550.5813548387097,0.9997761616447198,-0.13284744276221216,485.89,708367552,734.16,483.2540430107527,0.9972498016711633,-0.11264545319663277,2775.6,2929.67,2690.5507096774195,1.0008010208936737
65.02,20083438,84.51,66.55064516129032,0.9940053345873211,-0.1215021285391743,563.66,82909000,713.15,550.6513333333334,1.0001270992815297,-0.1470151863532786,483.41,708367552,734.16,481.90653763440855,0.9972116004080401,-0.13697364249987687,2792.67,2929.67,2693.861870967742,1.001230663030588
62.68,27175860,84.51,66.03266666666667,0.9922167772623648,-0.16592598707570427,575.64,108137000,713.15,551.5751182795699,1.0016776222816794,-0.06163895261297159,488.65,708367552,734.16,481.0751827956989,0.9982748629167999,-0.1083210649739983,2803.69,2929.67,2697.9402365591395,1.001513947554383
57.5,35954132,84.51,65.21578494623657,0.9876291271931553,-0.2841219174107248,567.66,134586000,713.15,552.0156774193548,1.0007987291761076,-0.08831525791417649,469.77,708367552,734.16,479.17073118279575,0.9960412599090319,-0.12047570940776986,2743.07,2929.67,2698.18647311828,1.0000912683519834
60.45,33410264,84.51,64.63961290322582,0.9911651443973919,-0.18511623920280118,580.57,116724000,713.15,553.3233333333334,1.0023688745944532,-0.03338348861135754,484.84,708367552,734.16,478.4200645161291,0.998433404592944,-0.08281745205087909,2822.48,2929.67,2703.749935483871,1.0020619265647572
61.3,33002284,84.51,64.15410752688173,0.9924890426390554,-0.230566164740712,577.79,107841000,713.15,554.4269462365592,1.0019945171958995,-0.07365075497188789,484.86,708367552,734.16,477.77698924731175,0.9986558354958047,-0.09012938379206681,2800.71,2929.67,2707.9683440860217,1.0015602066399665
59.85,27515612,84.51,63.623483870967746,0.991728921555153,-0.23445151532491149,579.88,88845000,713.15,555.6639139784946,1.0022310743558407,-0.07414798837647596,489.45,708367552,734.16,477.566688172043,0.9995598342322847,-0.08302530145068165,2834.4,2929.67,2714.519397849463,1.002419176641318
63.47,34455844,84.51,63.37466666666667,0.9960892238343048,-0.1963029529798368,593.49,83739000,713.15,557.7763010752689,1.0038015552992272,-0.0696456006004309,500.45,708367552,734.16,478.1910752688171,1.001307434358883,-0.07179071796575587,2892.74,2929.67,2724.9786666666664,1.0038530831002679
61.59,37037716,84.51,63.04550537634409,0.9948061061677235,-0.2490236525909486,573.72,134816992,713.15,558.5757204301075,1.0014332257453347,-0.12224865401120388,499.6,708367552,734.16,478.83477419354836,1.0013461123764584,-0.08560026616536043,2907.41,2929.67,2736.3390967741934,1.0041689978150998
59.81,26840376,84.51,62.65043010752688,0.9937334903343411,-0.28357514313661747,572.29,117052000,713.15,559.3090322580646,1.0013128243873408,-0.12081914530026239,496.88,708367552,734.16,479.40249462365585,1.0011856290743788,-0.09846658597748148,2905.03,2929.67,2747.540752688172,1.0040936651189114
60.39,32847290,84.51,62.343440860215054,0.9950999658456464,-0.2334699220607669,564.56,193904000,713.15,559.6090537634409,1.0005364145545175,-0.17212151768656125,490.47,708367552,734.16,479.6845376344085,1.0005883219505858,-0.13446983140426427,2939.88,2929.67,2761.043784946237,1.0049145885260677
59.96,26979756,84.51,62.05081720430108,0.9953062639489199,-0.2497891535002572,550.68,195179008,713.15,559.1026451612903,0.9990950671745839,-0.24604440808503858,474.5,708367552,734.16,479.08774193548396,0.9987558579605929,-0.19034272054370338,2945.64,2939.88,2774.8627311827954,1.0050049717834617
53.15,58157720,84.51,61.371634408602155,0.989054410138343,-0.2985465895410604,553.34,230443008,713.15,558.8998494623655,0.9996372835995683,-0.21772636175698024,471.66,708367552,734.16,478.5160215053764,0.9988066477597656,-0.16867519084004612,2881.4,2945.64,2784.407978494624,1.0034398989198863
51.95,40349656,84.51,60.672946236559135,0.9886154543743895,-0.2695033563511853,546.67,143855008,713.15,558.3243010752689,0.9989702119482582,-0.20750882400237702,468.23,708367552,734.16,477.87107526881726,0.9986521951040841,-0.14972981739613667,2859.53,2945.64,2792.2965161290326,1.002833111273684
50.29,32879088,84.51,59.91440860215054,0.9874979264819098,-0.23629691246196716,536.87,147154000,713.15,557.1875268817204,0.997963953581531,-0.18525697558914622,452.22,708367552,734.16,476.32610752688174,0.996766977911215,-0.14490662201369264,2826.06,2945.64,2797.828387096774,1.001981118744298
45.99,35531700,84.51,58.91838709677419,0.9833759269495552,-0.30281490538169464,512.68,125152000,713.15,554.5133333333333,0.9952005502288376,-0.24203952393552863,432.1,708367552,734.16,473.5698924731183,0.9942135965041389,-0.14815751838454383,2752.06,2945.64,2798.2261290322585,1.0001421609478691
46.99,44479620,84.51,58.03741935483872,0.9850476602407926,-0.2593100176596814,539.72,144383008,713.15,553.7087956989246,0.9985491103891544,-0.19632705582946197,449.69,708367552,734.16,472.0966666666667,0.9968891058535035,-0.14392236413927073,2873.34,2945.64,2806.386021505376,1.0029160947317504
47.96,31616692,84.51,57.26245161290322,0.9866471019809242,-0.23718100456112357,538.66,111215000,713.15,552.9198924731182,0.9985752380458205,-0.181411392212388,447.48,708367552,734.16,470.6012688172043,0.9968324329421325,-0.15113341349498344,2886.98,2945.64,2815.2273548387097,1.0031504337840849
52.66,45636232,84.51,56.82830107526882,0.9924182334949736,-0.12420607310779552,559.93,146631008,710.46,553.5715483870968,1.00117857201893,-0.12461059972633959,470.57,879329600,730.37,470.69780645161296,1.0002051367916014,-0.11945899899013868,2950.46,2945.64,2827.840064516129,1.0044801744540246
55.88,38516028,84.51,56.621397849462376,0.9963591516569816,-0.07590337314147033,554.68,112264000,710.46,553.8517849462365,1.0005062336746826,-0.11818695845658156,471.28,771535104,730.37,470.8388387096774,1.0002996237843715,-0.09691479092459754,2941.76,2950.46,2839.2078279569896,1.0040199456763852
54.87,21388796,84.51,56.369290322580646,0.9955474867019002,-0.027640127354323973,550.44,78923000,710.46,553.8916774193549,1.0000720273441426,-0.12129265131424383,466.84,523452640,727.81,470.72597849462363,0.9997602996911574,-0.14525524043215843,2990.41,2950.46,2853.323784946237,1.0049717941921161
55.48,21244870,84.51,56.170924731182794,0.9964809634774062,0.033805456417250856,562.31,89747000,710.46,554.705311827957,1.0014689413865052,-0.09578853704104495,476.89,650408896,727.81,471.27118279569896,1.0011582201237732,-0.1131926299379531,3013.77,2990.41,2868.1783870967743,1.0052060695771394
55.24,24035942,84.51,55.96651612903225,0.9963609535871311,0.0910237351039187,550.73,113057000,710.46,554.7284731182795,1.0000417542248625,-0.0638948922668543,464.01,765670720,727.81,470.94034408602147,0.9992979865483926,-0.11378971825875261,2976.61,3013.77,2879.745634408602,1.004032959513211
56.84,22070232,84.51,55.86855913978495,0.9982497215116721,0.10085170020853618,547.18,93713000,692.2,554.3971827956989,0.9994027883214317,-0.10001224922194707,461.46,709915456,715.72,470.33972043010755,0.9987246290035321,-0.12419474108398454,3025.86,3013.77,2893.2860215053765,1.0047019385792229
53.62,27382044,84.51,55.56587096774194,0.9945821374901458,-0.024371377395756788,529.63,149767008,692.2,552.8338494623656,0.997180120350811,-0.2043431933272375,445.85,1016894976,715.72,468.6474838709678,0.9964020972806799,-0.15252226389904333,2932.05,3025.86,2899.612602150538,1.002186641969766
48.39,37344984,84.51,54.94303225806452,0.9887909844868805,-0.16976700617498153,526.33,183078000,692.2,551.0330107526881,0.9967425317544706,-0.19891792201546177,435.96,1070551168,715.72,466.31193548387097,0.9950164068570144,-0.17287862365847184,2918.65,3025.86,2904.214215053764,1.0015869750668807
46.22,32840116,84.51,54.215634408602156,0.9867608717690386,-0.21578801006686132,502.88,153516992,692.2,547.7176129032257,0.9939833044758357,-0.23782332464298372,419.03,829329472,715.72,462.93212903225805,0.9927520481582659,-0.19295468271682115,2888.68,3025.86,2906.1889677419354,1.0006799610985773
45.76,23134318,84.51,53.501290322580644,0.9868240205281418,-0.1854608523420792,496.84,126255000,692.2,544.0801505376344,0.9933588727477456,-0.21537269149159466,410.68,730344896,715.72,459.12651612903227,0.9917793286217113,-0.18465820056003157,2847.11,3025.86,2905.0130322580644,0.9995953685404069
49.21,31922540,84.51,53.04892473118279,0.9915447723097823,-0.1606441372599624,506.01,102345000,686.28,541.0990967741934,0.9945209290203011,-0.23184535424157438,422.09,704096192,704.64,456.173182795699,0.9935674956039715,-0.2008777509310562,2926.46,3025.86,2908.564301075269,1.0012224622670434
52.47,26943232,84.51,52.84184946236558,0.9960965227878505,-0.08944134384923885,518.06,88926000,670.44,538.9976989247311,0.9961164269872378,-0.1912501747972416,433.24,577297664,684.82,454.06253763440856,0.9953731494070844,-0.16598653477969527,2978.71,3025.86,2915.0135698924737,1.0022173375416938
53.29,33085170,84.51,52.70972043010754,0.9974995380819865,-0.13911719561984892,530.03,128308000,670.44,537.7209462365591,0.9976312464956362,-0.1539299618790605,447.81,921409472,684.82,452.9576989247311,0.997566769733012,-0.16188151964329034,3007.39,3025.86,2922.730731182796,1.0026473843449746
55.1,30682156,84.51,52.71987096774193,1.0001925743022646,-0.14775723571854138,533.27,174658000,658.52,536.7213118279569,0.9981409792279833,-0.17212869763420557,452.25,1120975232,671.95,452.2212043010752,0.9983740322211009,-0.1358599448931198,2992.07,3025.86,2928.961032258065,1.0021316712514081
62.42,50772100,84.51,53.2236129032258,1.0095550676858085,-0.015831890067800503,520.54,102201000,651.63,534.9657419354838,0.9967290848084753,-0.229770929416795,440.45,776053632,646.26,450.79043010752684,0.996836118740253,-0.15502907953301082,2961.79,3025.86,2932.808967741935,1.0013137544137634
60.74,32546728,84.51,53.61952688172043,1.0074386904025945,0.04857448407749487,500.84,119032000,651.63,532.0576989247312,0.9945640575035114,-0.2507816240026859,423.76,731750016,645.6,448.38653763440857,0.9946673835277628,-0.17411167641002978,2952.01,3025.86,2935.6859354838707,1.0009809598148327
63.42,26736632,84.51,54.18137634408601,1.0104784487115108,0.0268026508618171,503.28,107885000,651.63,529.4507741935483,0.995100296948148,-0.23547640039185003,428.04,730030016,645.6,446.3577204301076,0.9954752941178729,-0.16951380294566276,2970.27,3025.86,2939.291634408602,1.001228230472868
65.14,32941396,84.51,54.847806451612904,1.0122999848378647,0.022812567554741925,494.97,104330000,651.63,526.4739354838708,0.9943774967291118,-0.25524060788839,420.67,753870016,645.6,443.9755698924732,0.9946631358020671,-0.1986183653960062,2986.2,3025.86,2943.607247311829,1.0014682493062976
68.01,25272514,84.51,55.69113978494623,1.0153758807852657,0.08595353583408305,509.87,101729000,651.63,524.636494623656,0.9965099110585102,-0.20956232662125585,438.87,755689984,645.6,442.9056559139785,0.9975901512356776,-0.1697213761164983,3022.55,3025.86,2949.86911827957,1.0021272780101556
66.47,42205788,84.51,56.41756989247312,1.0130439080674598,0.013670548868380372,506.75,134316992,648.86,522.7483225806452,0.9964009898999397,-0.21702273437718145,437.36,843580032,645.6,441.8470967741935,0.9976099669858572,-0.18627589180122506,3066.91,3025.86,2958.588301075269,1.002955786323423
66.23,28713628,84.51,57.12206451612903,1.0124871493933294,0.04662877137048427,517.7,180872992,648.86,521.7531397849463,0.9980962487057136,-0.12608280701935326,446.13,925569984,645.6,441.4900215053764,0.9991918578362876,-0.17088658265859646,3093.08,3066.91,2968.621311827956,1.0033911479840032
64.69,21034952,84.51,57.71722580645161,1.0104191137936642,0.032321071936036505,510.13,138032000,648.86,520.3900430107526,0.9973874679992237,-0.1916236293118606,440.43,713080000,645.6,440.88019354838707,0.9986187050051325,-0.18776650150808294,3120.46,3093.08,2980.0214838709676,1.003840224415822
62.36,22890532,84.51,58.15156989247311,1.007525380507338,-0.004238798428226387,507.85,147356992,633.76,519.0135268817204,0.9973548376885378,-0.15605782495225018,438.15,795379968,604.75,440.24466666666666,0.9985585043487542,-0.16463814197123638,3110.29,3120.46,2990.30223655914,1.0034498921379646
60.64,24465460,84.51,58.47070967741936,1.0054880682591434,-0.027029890548152302,499.6,102667000,633.76,517.2267096774193,0.9965572820133678,-0.1525882441815709,431.37,590910016,604.75,439.2842365591398,0.9978184173932219,-0.15721064007887564,3140.98,3120.46,3002.1965161290314,1.0039776178556379
60.2,20746808,84.51,58.76000000000001,1.004947610935059,0.06592709284183962,506.84,137254000,633.76,516.0168387096774,0.997660849787714,-0.14868702375671905,437.91,839900032,604.75,438.8384946236559,0.9989852994977116,-0.16335490713230238,3145.91,3140.98,3013.9887741935486,1.0039278768065862
58.61,26734272,84.51,58.93154838709677,1.0029194756143083,0.0728296076635977,504.61,153079008,633.76,514.7630967741935,0.9975703468541475,-0.10043782642193322,441.35,769120000,604.75,438.6872688172043,0.9996553953030459,-0.16556182147609066,3168.8,3145.91,3026.6889677419354,1.0042137494529273
61.61,32631872,84.51,59.28232258064515,1.0059522310739961,0.1624152520902662,511.42,174072992,633.76,514.0391612903227,0.9985936531029372,-0.09533391499381838,452.48,963990016,604.75,439.3119139784946,1.001423896259799,-0.13925223848982005,3221.22,3168.8,3042.106,1.0050936955935603
60.38,15359183,84.51,59.52939784946237,1.0041677730908924,0.2149703902281559,513.24,79395000,633.76,513.487376344086,0.9989265702152894,-0.061241093281524606,454.96,420100000,604.75,440.09599999999995,1.0017848048198932,-0.12440276052965937,3240.02,3221.22,3057.8861290322575,1.0051872383908573
58.23,20819984,84.51,59.60681720430108,1.0013005230631509,0.11946495297729909,519.01,124585000,633.76,513.3066451612904,0.9996480318872055,-0.07335313198352245,458.77,542880000,604.75,441.07673118279575,1.0022284482994523,-0.10562356572186049,3234.85,3240.02,3072.2833333333333,1.004708221200386
60.22,31168900,84.51,59.78845161290322,1.003047208643595,0.1370915769301735,508.34,181980000,633.76,512.4820645161291,0.9983935905507278,-0.08879589854135905,453.87,909459968,604.75,441.72180645161285,1.0014625012457294,-0.11678086391440878,3265.35,3240.02,3087.870838709677,1.005073589797928
56.89,30034810,84.51,59.72888172043011,0.9990036555410601,-0.04529032486489859,504.53,148488992,633.76,511.47688172043013,0.998038599074393,-0.14755175377857133,448.77,764409984,604.75,442.02410752688183,1.0006843698247487,-0.17483557006620898,3329.62,3265.35,3106.7910967741936,1.0061272828601933
54.49,20366432,84.51,59.505376344086024,0.9962580016583897,-0.16895725255453153,486.4,142712000,633.76,509.4211612903225,0.9959808145713392,-0.21199274160328352,429.71,734200000,604.75,441.1436129032257,0.99800803936106,-0.2084441311892099,3295.47,3329.62,3122.692731182796,1.005118346845114
54.5,37626592,84.51,59.28550537634409,0.9963050234911457,-0.17612840570583266,459.86,193435008,633.76,505.8000215053763,0.9928916581011787,-0.20807849409825185,405.45,996729984,604.75,438.7873548387097,0.9946587505846245,-0.2101224828858862,3225.52,3329.62,3133.320795698925,1.0034034935330007
54.69,29739248,84.51,59.07868817204301,0.9965115047432217,-0.11449045825544157,462.24,187508000,633.76,502.5272258064516,0.9935294670625278,-0.24139581033875968,408.55,839180032,604.75,436.7631182795699,0.9953867481894871,-0.24747202027707527,3327.71,3329.62,3150.0361505376345,1.0053347090606408
58.33,32433068,84.51,59.10840860215054,1.0005030651665958,0.05549677677401954,460.79,151594000,633.76,499.37608602150533,0.9937294147995875,-0.3040405190875478,409.82,793320000,604.75,434.9677849462366,0.9958894575613316,-0.25235996569056474,3380.16,3329.62,3169.4602365591404,1.0061663057480121
59.13,32390982,84.51,59.18309677419356,1.0012635794772573,0.026695862922407443,453.46,121165000,633.76,495.9454623655914,0.9931301803351349,-0.3036522907117486,405.93,670529984,604.75,433.03802150537626,0.995563433643485,-0.22341028534096763,3337.75,3380.16,3185.2803440860216,1.0049914200987282
47.42,52585784,84.51,58.49737634408603,0.9884135763844224,-0.12236595563583919,388.69,379332992,633.76,488.5376774193549,0.9850633073425001,-0.23897934849520663,343.53,1628099968,604.75,427.2018709677419,0.9865227757199101,-0.23705548711281244,2954.22,3380.16,3175.6858494623652,0.9969878649326832
39.15,57019480,84.51,57.29144086021505,0.9793847936567689,-0.16725512539802145,372.74,391172992,633.76,480.4039569892473,0.9833508840647194,-0.29324061285864644,318.64,1619769984,604.75,419.97995698924734,0.9830948446875133,-0.2875130273373919,2972.37,3380.16,3167.2146451612903,0.9973324803829355
24.92,82281040,84.51,55.18731182795697,0.9632732394112424,-0.4636461699871861,304.58,870096000,633.76,468.20311827956994,0.9746029595881316,-0.3073703248230948,241.29,3292879872,604.75,408.0200215053764,0.9715226041508996,-0.36266796776676924,2711.02,3380.16,3141.766623655914,0.9919651730758904
18.95,82566184,84.51,52.74382795698926,0.9557238106000684,-0.6112995495471685,238.66,584001984,633.76,452.1758279569892,0.965768510082817,-0.22484233712792084,193.93,2519310080,604.75,393.3868387096774,0.9641361158167917,-0.3373479756061726,2304.92,3380.16,3090.5006666666673,0.9836824426730999
23.15,75598136,84.51,50.628967741935476,0.9599031716700885,-0.5253615361226397,272.44,628326976,633.76,438.88311827956994,0.9706027857847287,-0.2610884508579747,217.56,2174540032,604.75,380.74430107526877,0.9678623268742884,-0.35301005538305696,2541.47,3380.16,3055.6620000000003,0.9887271771067945
20.06,57306016,84.51,48.37079569892473,0.9553976282012892,-0.6275676086897783,293.35,610363008,633.76,427.4417419354839,0.9739306984763131,-0.17351452921351096,229.26,2343450112,604.75,369.2964516129032,0.9699329722597674,-0.3063036020726341,2488.65,3380.16,3018.2435268817203,0.9877543808450411
25.63,58061272,84.51,46.54167741935485,0.9621854829315833,-0.5129117561392866,326.48,509827008,633.76,418.62103225806453,0.9793639487863806,-0.31077802570385227,259.63,1929040000,604.75,360.24662365591394,0.9754944085775422,-0.34787773919476783,2789.82,3380.16,3001.3092688172046,0.9943893665591619
25.45,56690228,84.51,44.760430107526886,0.961727909035629,-0.5546392286252546,330.38,455991008,633.76,410.48967741935485,0.9805758568917364,-0.2634636829950836,260.17,1785549952,604.75,351.6363225806451,0.9760988708571691,-0.3854470264621336,2874.56,3380.16,2990.31,0.9963351764739862
25.76,52394432,84.51,43.062946236559135,0.9620762386132142,-0.6135318445595779,332.23,519596992,633.76,402.91400000000004,0.9815447797202084,-0.20494618052811353,264.51,1988070016,604.75,343.7190967741934,0.977484618914373,-0.35723401346212214,2836.74,3380.16,2977.123440860215,0.9955902367514455
29.24,57287032,84.51,41.66881720430108,0.9676257861085574,-0.5338037876871143,335.33,441313984,633.76,395.94329032258065,0.9826992616850757,-0.16525918253172778,272.28,1770749952,597.81,336.68152688172046,0.9795252287157722,-0.3163758437544003,2830.71,3380.16,2963.816774193548,0.9955303611250926
33.03,53733708,84.51,40.586946236559136,0.9740364368290667,-0.4894676670407502,357.42,383755008,633.76,390.753677419355,0.9868930399123631,-0.14187516392096944,294.75,1471280000,587.93,331.4193978494624,0.9843706036354448,-0.29777110721497313,2929.8,3380.16,2957.1638709677422,0.9977552919992444
30.3,40172464,84.51,39.39430107526882,0.9706150555319181,-0.5844327947364897,329.25,318564000,633.76,384.06032258064516,0.9828706542625151,-0.1110611051771544,272.31,1336999936,583.44,324.99617204301074,0.980619040864442,-0.31165345916212006,2863.7,3380.16,2946.333483870968,0.9963375762827679
35.57,62083604,84.51,38.616580645161285,0.980258047258623,-0.5169810966344313,341.55,312184000,633.76,378.51690322580646,0.985566279490705,-0.15889245070172664,288.94,1347160064,573.85,319.96490322580644,0.9845189905297147,-0.3194275629939166,2955.45,3380.16,2941.685892473118,0.998422584740223
35.14,39809720,84.51,37.88088172043011,0.9809486258897094,-0.4850116141219838,346.42,289502016,633.76,373.6496559139785,0.9871412682753448,-0.19990351351916535,291.59,1306320000,573.85,315.4270322580645,0.985817597736526,-0.3259262453960521,3044.31,3380.16,2942.9155053763443,1.0004179959887534
41.56,44207512,84.51,37.62675268817205,0.9932913643844513,-0.4109139665223738,398.23,440398016,633.76,372.46978494623653,0.9968423068265487,-0.21279203421183668,336.52,1566889984,573.85,314.1013548387097,0.9957971978182574,-0.27829575888224267,3193.93,3380.16,2953.846623655914,1.0037143840044336
36.62,48968132,84.51,37.10696774193548,0.9861857612177103,-0.48753883592849645,358.78,574558976,633.76,369.0016774193549,0.9906888889594568,-0.2198338442788762,299.28,1833100032,573.85,310.6088172043011,0.9888808577848954,-0.29511740592295466,3041.31,3380.16,2954.71440860215,1.000293781315281
38.19,54537452,84.51,36.748838709677415,0.9903487389552089,-0.438219090027274,352.09,435199008,633.76,365.42744086021514,0.9903137660941368,-0.23404317102444028,296.4,1514950016,573.85,307.2340215053763,0.9891349005179558,-0.31948434916935486,3097.74,3380.16,2959.393053763441,1.001583450890438
35.37,47396164,84.51,36.26075268817204,0.9867183280168023,-0.46122590102164784,334.01,305936992,633.76,361.02172043010745,0.9879436519060073,-0.20990004854615563,277.3,1229929984,573.85,302.9318064516129,0.985996944502814,-0.3151615688358409,3009.05,3380.16,2958.376752688172,0.9996565846250208
36.07,22915606,84.51,35.87217204301075,0.9892837126547557,-0.43284392925569637,339.07,212942000,633.76,357.29855913978497,0.9896871543188956,-0.2612863711876844,283.46,923779968,573.85,299.3583440860215,0.9882037399524034,-0.34764386151585946,3130.01,3380.16,2965.448043010753,1.002390260238543
36.2,45894512,84.51,35.54387096774194,0.9908480290829567,-0.41145404333745483,327.29,240224000,633.76,353.1761935483871,0.9884624063379303,-0.2892965997262522,270.32,1121350016,573.85,295.26929032258056,0.9863406053506699,-0.3926405456486114,3185.04,3380.16,2976.103849462366,1.0035933209070136
37.93,35672368,84.51,35.37537634408602,0.9952595308538894,-0.4148005937888869,333.71,221744000,633.76,349.84935483870964,0.9905802294422722,-0.2612635345483991,278.27,1003249984,573.85,292.0609462365591,0.9891341761870449,-0.38610114148397323,3224.73,3380.16,2989.2853763440853,1.004429121948853
38.7,29622460,84.51,35.307483870967744,0.9980807985628787,-0.34617982166352645,338.81,264416000,633.76,347.23372043010744,0.9925235408542968,-0.24304312972285613,284.11,1250930048,573.85,289.60402150537635,0.9915876300380375,-0.3679997875924601,3215.63,3380.16,3001.8722580645153,1.0042106658066297
38.2,29156320,84.51,35.25395698924731,0.9984839791496881,-0.34656526228490925,322.04,250063008,633.76,343.9112688172043,0.9904316562090003,-0.31994435609011274,272.09,1138329984,573.85,286.7390322580645,0.9901072187035959,-0.4181264063941146,3271.12,3380.16,3018.0915913978497,1.0054030724624479
36.67,65162184,84.51,35.14479569892474,0.9969035733958641,-0.3473765346989438,332.03,240712000,633.76,341.6569247311828,0.9934449833709296,-0.29066298576770333,280.59,1113129984,573.85,284.82389247311824,0.9933209658627059,-0.40809903891108434,3351.28,3380.16,3039.4045376344084,1.00706172943767
38.35,35944968,84.51,35.19466666666667,1.001419014302122,-0.2496411424345487,336.54,293659008,633.76,340.07270967741937,0.995363140802693,-0.2373996564669072,286.99,1048550016,573.85,283.6943010752688,0.996034070779522,-0.37347993170240956,3372.85,3380.16,3061.9243010752693,1.0074092682175135
35.4,31309032,84.51,35.094086021505376,0.997142162302206,-0.26008293762234347,317.68,237708000,633.76,337.6329892473118,0.9928258858747536,-0.2424707609703025,269.45,893169984,573.85,281.7810107526882,0.9932558027590657,-0.40380670875785574,3397.16,3380.16,3085.9194838709677,1.0078366348858696
37.09,33952420,84.51,35.14359139784947,1.0014106472615858,-0.23004661273100802,317.36,266346000,633.76,335.5354623655914,0.9937875535018174,-0.2395624949592119,272.48,894270016,573.85,280.40784946236556,0.9951268494400859,-0.41553626851693237,3508.01,3397.16,3116.8475913978496,1.0100223313305912
33.64,29927266,84.51,35.00795698924732,0.9961405649449233,-0.36308957354071925,303.96,289176000,633.76,332.8798709677419,0.9920855119779977,-0.2482230577203658,260.32,1125330048,573.85,278.5361290322581,0.9933250070078417,-0.3926450436143515,3426.96,3508.01,3141.9391612903223,1.0080503037625974
31.25,30823168,84.51,34.763397849462365,0.9930141841793262,-0.5221776743015825,286.46,310958016,633.76,329.4356344086021,0.9896532146893509,-0.22689038021079377,243.58,1147399936,573.85,275.9031827956989,0.9905472003014221,-0.3940473754249856,3340.97,3508.01,3161.2695483870975,1.0061523747292538
32.28,44375972,84.51,34.64352688172043,0.9965518051986456,-0.5288961823155625,289.67,384324000,633.76,326.57339784946237,0.9913116971566298,-0.2086072697892275,250.65,1363120000,573.85,274.083870967742,0.9934059773811884,-0.37705226414923365,3319.47,3508.01,3179.29711827957,1.0057026361139214
28.63,44858728,84.51,34.34591397849462,0.9914092781534075,-0.4923218169574486,267.56,327592992,633.76,322.63694623655914,0.9879461963563922,-0.2574424076150612,229.09,1207549952,573.85,271.2075268817204,0.989505606164034,-0.44965440221778175,3298.46,3508.01,3196.0085161290317,1.0052563183709313
28.27,33365892,84.51,34.065483870967746,0.991835124617663,-0.40307260399806044,259.69,329542016,633.76,318.4532473118279,0.9870327965425766,-0.2501752863662272,222.55,1330669952,573.85,268.15535483870974,0.9887459906511304,-0.42808482596806297,3348.44,3508.01,3215.2041290322577,1.0060061206991011
30.12,31640772,84.51,33.9278064516129,0.9959584481501471,0.08165145922945194,272.17,326303008,633.76,315.3178279569893,0.9901542239518493,-0.15625291917807282,233.68,1102930048,573.85,266.0278924731183,0.9920663066121835,-0.31412986650719266,3477.13,3508.01,3241.893569892472,1.0083010097614697
29.37,26052004,84.51,33.730559139784944,0.9941862639393069,0.4807970678524225,267.19,237184000,633.76,311.93081720430104,0.9892584229232029,-0.2121634195210249,228.78,1058819968,573.85,263.6006666666666,0.990876047680989,-0.33176275850621795,3483.81,3508.01,3267.366430107527,1.0078574017517483
29.89,32653566,84.51,33.54445161290323,0.9944825247008076,0.198154776676277,266.81,284496000,633.76,308.4579354838709,0.9888665001055169,-0.1596528733631929,229.96,1288470016,573.85,261.17462365591393,0.9907965217181317,-0.3065418663849042,3465.39,3508.01,3289.1156559139777,1.006656500356385
29.5,34772096,84.51,33.31868817204302,0.9932697233072855,0.45374827985408817,254.8,384056992,633.76,304.2223225806451,0.9862684262066996,-0.2939198598060564,216.82,1394089984,573.85,257.8741720430108,0.9873630463530356,-0.3682108670774371,3269.96,3508.01,3296.2695698924726,1.0021750265806653
31.58,41817520,84.51,33.20681720430108,0.9966423957880849,0.180242693412894,258.99,351124000,633.76,300.33993548387105,0.9872383227376589,-0.20780860199997664,218.58,1337539968,573.85,254.7140215053763,0.9877453778616209,-0.4160545745549594,3509.44,3508.01,3317.1935698924735,1.0063477818049582
37.56,52371596,84.51,33.46795698924732,1.007864041390646,0.45633592170356563,293.94,444492992,633.76,298.85752688172045,0.995064230803132,-0.1932691098004491,254.55,1581479936,573.85,253.96279569892477,0.997050708861602,-0.26880083212681694,3585.15,3509.44,3341.454516129033,1.007313696269267
38.26,43107724,84.51,33.74821505376344,1.0083739220952794,0.4991644670504233,303.39,312558016,633.76,298.06316129032257,0.9973419923543961,-0.2010554305729143,267.24,1299810048,573.85,254.04236559139784,1.0003133131853195,-0.24377351789235813,3557.54,3585.15,3362.4060215053764,1.0062701752411147
41.42,31069844,84.51,34.205462365591394,1.0135487850572105,0.48018934375702094,327.96,305620000,633.76,298.91597849462363,1.0028611962666207,-0.13910872899742144,289.99,1032150016,573.85,255.5838064516129,1.0060676527579433,-0.22027024083159907,3638.35,3585.15,3387.0209677419343,1.0073206347119072
42.91,34733016,84.51,34.73264516129033,1.015412240011971,0.3107202835552314,338.72,389820000,633.76,300.4788387096774,1.0052284264726312,-0.16858947172606376,302.94,1468370048,573.85,257.92264516129035,1.0091509659479159,-0.23479821721410787,3699.12,3638.35,3413.8196989247317,1.0079121834314075
42.91,27221328,84.51,35.238580645161285,1.0145665693333032,0.5027604807756019,347.19,397864000,633.76,302.62836559139794,1.0071536714230895,-0.11448254151161397,306.38,1333609984,573.85,260.4658064516129,1.009860170628803,-0.15416030481427012,3663.46,3699.12,3436.663333333334,1.0066915175443498
40.35,37592888,84.51,35.552236559139786,1.0089009235966935,0.23616066263104984,332.02,361796000,633.76,303.7606021505377,1.0037413431385624,-0.13735592976409194,293.33,1307219968,573.85,262.0937634408602,1.006250175450764,-0.2399148933616866,3709.41,3699.12,3460.7515698924735,1.0070091929941172
41.21,20844772,84.51,35.911096774193545,1.0100938857800636,0.32566807113487994,323.75,189092000,633.76,304.37978494623655,1.0020383907304478,-0.11047743043138292,287.38,689120000,573.85,263.3284086021506,1.0047107002665059,-0.23082537388246505,3703.06,3709.41,3482.808709677419,1.0063735114582728
41.36,14170918,84.51,36.26658064516129,1.0098989978836626,0.15823878852763096,320.46,185024992,633.76,304.83546236559135,1.00149706860275,-0.18870705259509668,286.14,619209984,573.85,264.49210752688174,1.0044191924863273,-0.3257113889659716,3756.07,3709.41,3506.869182795699,1.0069083533216812
43.18,28538824,84.51,36.73991397849463,1.0130515015453074,0.32977059664912867,350.57,354275008,633.76,307.4009677419355,1.0084160332148866,-0.033210204529800835,312.78,1385229952,573.85,267.48286021505373,1.0113075309359394,-0.21246824503781525,3824.68,3756.07,3534.1472043010754,1.0077784542517865
43.98,38477596,84.51,37.25075268817205,1.0139041890510805,0.26511294152674725,363.48,361118016,633.76,310.81703225806456,1.0111127318213158,-0.0047416925916312636,322.58,1329280000,573.85,271.07683870967736,1.0134362945413926,-0.12812476270737694,3768.25,3824.68,3556.099913978494,1.0062116002555588
45.75,21565476,84.51,37.86333333333333,1.0164447857010896,0.39926949006618395,360.39,208704992,633.76,314.009247311828,1.0102703993747455,-0.015935582969960782,317.54,924000000,573.85,274.2893548387097,1.0118509428703828,-0.13152521088369817,3841.47,3824.68,3581.3345376344087,1.0070961514767123
43.16,32677782,84.51,38.286494623655926,1.0111760178798115,0.32612732821081536,337.84,290003008,633.76,315.68989247311833,1.0053522155021803,-0.03875256387767689,296.52,1217170048,573.85,276.0592043010753,1.0064524905219392,-0.14058083566350343,3714.24,3841.47,3596.570623655914,1.0042543040482248
47.65,27690044,84.51,38.98408602150538,1.0182202994739151,0.3940378003978533,366.59,257984992,633.76,319.2280215053763,1.0112076094820148,0.0331084702599036,321.1,1015619968,573.85,279.3867741935484,1.0120538270074995,-0.03248802664888073,3886.83,3841.47,3621.6851397849455,1.006982906428653
50.46,27036710,84.51,39.8383440860215,1.0219129945497472,0.4314507208175895,376.72,281073984,633.76,323.33518279569887,1.0128659171928407,0.029928663014069823,334.99,1193170048,573.85,283.5012688172043,1.0147268768735829,-0.016373670434234322,3934.83,3886.83,3648.3872043010747,1.007372828803587
53.0,29005488,84.51,40.829526881720426,1.0248801203573799,0.42142903717602387,389.59,205031008,633.76,328.18017204301077,1.0149844171160713,0.05231314869904735,345.23,762270016,573.85,288.15443010752693,1.0164131938799996,0.0002151580382154794,3906.71,3934.83,3671.7479784946236,1.0064030413674319
54.62,36066376,84.51,41.89447311827956,1.0260827474108185,0.4924094566843785,405.58,347312992,633.76,333.94756989247304,1.0175738766103957,0.22631562791739612,360.19,1363670016,573.85,293.641311827957,1.0190414623102708,0.15869967813214148,3811.15,3934.83,3687.4573978494623,1.0042784579570407
57.32,31412460,84.51,43.09830107526881,1.0287347677959933,0.5880315290521546,450.22,418204992,633.76,342.41531182795705,1.0253565011364225,0.34367886100450495,396.54,1371990016,573.85,301.28389247311827,1.0260269258354187,0.2668266647260493,3841.94,3934.83,3703.9919139784947,1.0044839883814456
57.75,30347086,84.51,44.28546236559139,1.0275454312746406,0.5331135699656909,458.26,332352000,633.76,351.1475913978494,1.0255020125217993,0.2718147336581227,400.82,1142089984,573.85,308.953247311828,1.0254555753902246,0.2274922053799755,3943.34,3934.83,3726.013182795699,1.0059452799381388
53.76,47727140,84.51,45.173483870967736,1.0200522125758884,0.49847151161041814,420.83,374497984,633.76,357.2032688172043,1.0172453907351278,0.24609617139450446,370.11,1277709952,573.85,314.39651612903225,1.0176184224136355,0.22170188434673443,3913.1,3943.34,3744.856623655914,1.0050572662885955
55.02,26770852,84.51,46.103311827956986,1.020583490076727,0.48222307790381325,432.48,294699008,633.76,363.78873118279574,1.01843617609491,0.25951511110642667,381.18,1064700032,573.85,320.3375053763441,1.0188964856241396,0.26593843295159036,3974.54,3943.34,3766.5543870967736,1.0057940171337394
55.8,18256660,84.51,47.04490322580645,1.0204235088655493,0.656613958460244,427.91,184212000,633.76,369.8317849462365,1.0166114374785409,0.28989049530455113,379.71,716380032,573.85,325.94989247311827,1.0175202310144125,0.2856144430240335,4019.87,3974.54,3790.1733763440857,1.0062707150408408
52.83,23672148,84.51,47.74722580645162,1.0149287708654464,0.6603027351317567,414.95,236959008,633.76,374.77215053763445,1.0133584126418884,0.30429345991950596,364.35,860060032,573.85,330.314559139785,1.0133906062479425,0.2600037019515411,4128.8,4019.87,3819.5450322580646,1.007749422782952
54.26,21896928,84.51,48.495397849462364,1.0156694348283928,0.70167207989016,417.91,230184992,633.76,379.62716129032253,1.0129545665165443,0.26686552354408954,365.19,829900032,573.85,334.4736989247312,1.0125914516023078,0.19608685232834855,4185.47,4128.8,3850.8785591397855,1.0082034709938206
53.0,23622296,84.51,49.11501075268817,1.0127767361585358,0.9016770643326643,411.44,213444992,633.76,383.78896774193555,1.010962878518669,0.3116619896341313,358.74,869059968,573.85,337.97038709677423,1.0104542993463588,0.29862519249393404,4180.17,4185.47,3880.007784946237,1.0075643065235893
55.65,25530290,84.51,49.85318279569892,1.0150294590533169,1.0368545797985904,421.09,240898000,633.76,388.2639354838711,1.0116599697179012,0.4390440235817685,371.6,931270016,573.85,342.0179354838709,1.0119760444749784,0.4210452095403787,4181.17,4185.47,3907.305376344086,1.0070354475843475
60.0,38464200,84.51,50.81311827956989,1.019255249716048,1.0923161583642882,454.86,236551008,633.76,394.5705161290322,1.016243024573739,0.5150872594714757,404.65,1020739968,573.85,347.87720430107527,1.0171314665381948,0.5143732967647641,4232.6,4185.47,3936.1302150537635,1.0073771655740529
60.08,57061616,84.51,51.713956989247315,1.0177284673757094,1.0917712077042765,445.75,316523008,633.76,399.8964731182795,1.0134981119255895,0.4965098913439605,401.29,1101549952,573.85,353.15202150537635,1.015162871090961,0.5559726823223021,4173.85,4232.6,3959.540064516129,1.0059474275959759
59.59,50304448,84.51,52.51713978494624,1.0155312577582474,1.050621106093512,429.23,256594000,633.76,403.7726236559139,1.0096928850294908,0.4108495328957047,389.91,952190016,573.85,357.32165591397853,1.0118069107769179,0.49630833367203286,4155.86,4232.6,3980.3053118279568,1.0052443584288786
61.8,49443372,84.51,53.39903225806452,1.0167924695962036,1.1146351585592336,427.17,227860992,633.76,407.16658064516133,1.0084056144235765,0.3997487194137017,389.82,1000030016,573.85,361.1415053763441,1.010690226576374,0.5122205955965411,4204.11,4232.6,4002.6985806451607,1.0056260178712069
63.67,27286656,84.51,54.33210752688172,1.017473636306888,1.1180816003501561,449.66,216715008,633.76,411.640817204301,1.0109887126592025,0.4759903928133815,415.85,931670016,573.85,366.26866666666666,1.0141970978522103,0.697217928281805,4229.89,4232.6,4024.7461505376345,1.005508176408557
63.18,39572808,84.51,55.164559139784956,1.0153215409965712,0.7496115201665342,450.87,227883008,633.76,415.78307526881724,1.0100627972042442,0.31248050411595885,413.47,844689984,573.85,370.8180430107527,1.0124208723216457,0.4395859611791064,4247.44,4232.6,4046.376623655914,1.0053743695401485
58.87,36627448,84.51,55.66384946236558,1.009050925637155,0.5943609694843758,435.21,336943008,633.76,418.5775268817205,1.00672093641882,0.22614051606760888,391.92,1127040000,573.85,373.6353333333334,1.0075975006493925,0.295386515516205,4166.45,4247.44,4061.3576559139788,1.0037023326426122
62.55,24712698,84.51,56.35623655913978,1.0124387210633414,0.4822174265335617,462.89,250440992,633.76,422.8743010752689,1.0102651812808923,0.18279171087441992,418.03,859089984,573.85,377.86901075268815,1.0113310413701633,0.26498265697031065,4280.7,4247.44,4082.4001720430106,1.0051811531787629
61.07,21819804,84.51,56.90769892473118,1.0097852943926215,0.4502933904612201,454.73,216323008,633.76,426.35445161290323,1.0082297517933465,0.13053687078850817,413.52,826560000,573.85,381.53636559139784,1.0097053601495518,0.18843483154645213,4352.34,4280.7,4106.683225806452,1.005948229654147
58.68,26267972,84.51,57.26591397849464,1.006294667690522,0.3741724873576284,441.95,185408992,633.76,428.7606021505377,1.0056435450093977,-0.007904595781599077,399.42,699204736,573.85,384.0562365591398,1.0066045368017176,0.11093661598938742,4369.55,4352.34,4130.67182795699,1.0058413568399414
53.26,31791360,84.51,57.2405376344086,0.9995568682603133,0.2827460215606161,414.02,229574000,633.76,429.16103225806444,1.000933924678523,-0.03955528509511175,368.6,828216704,573.85,384.38763440860214,1.000862888863442,0.09006927058435976,4327.16,4369.55,4150.40711827957,1.0047777434626999
53.43,28489156,84.51,57.19836559139785,0.9992632486563964,0.17809208132767718,413.86,254383008,633.76,429.37479569892474,1.0004980961103005,-0.013468596754770301,367.17,1000337664,573.85,384.4649032258065,1.000201017957623,0.08625325782852888,4411.8,4369.55,4174.274559139784,1.0057506264277294
55.22,17623654,84.51,57.245397849462364,1.0008222657689294,0.2424509254924021,420.72,208840992,633.76,429.83735483870976,1.0010772852631744,0.04019931090172424,372.99,806608384,573.85,384.746064516129,1.0007313054792868,0.13334754137367155,4395.26,4411.8,4195.550731182796,1.0050969747537153
57.41,29784728,84.51,57.40391397849463,1.002769063278224,0.30747387352426303,422.3,205816992,633.76,430.1862365591398,1.000811659844131,-0.11050203573365369,374.19,882087808,573.85,384.917870967742,1.0004465450525895,0.036364529694058234,4436.52,4411.8,4218.11423655914,1.0053779603256003
59.15,24951112,84.51,57.64408602150537,1.004183896643367,0.34346440952600377,417.66,191820992,633.76,430.08150537634407,0.9997565445523469,-0.142187588939106,371.14,692964096,573.85,384.7608387096775,0.9995920369774735,-0.03515997704058038,4468.0,4436.52,4241.392924731183,1.0055187429421142
54.77,29986286,84.51,57.56905376344085,0.9986983528885074,0.25599961382917025,385.74,253996992,633.76,427.80090322580645,0.9946972791853907,-0.21025954422426185,343.95,885270016,573.85,382.74518279569895,0.9947612758077506,-0.07307164766531282,4441.67,4468.0,4261.46806451613,1.0047331478458152
60.02,25904378,84.51,57.81333333333333,1.004243244485071,0.44781541131954106,407.88,197392992,633.76,426.89417204301077,0.997880483243587,-0.07082948984787252,369.21,754969984,573.85,382.3024086021505,0.9988431619431124,0.03106757021058293,4509.37,4468.0,4284.620193548388,1.0054328998086455
58.24,29505012,84.51,57.90651612903226,1.0016117872872279,0.308127574541998,402.59,231316000,633.76,425.4955268817204,0.9967236723926289,-0.19025755885240647,363.88,839729984,573.85,381.35944086021505,0.9975334506905585,-0.0336416800128283,4535.43,4509.37,4307.743655913979,1.005396852304531
56.87,22245212,84.51,57.88853763440861,0.9996895255348536,0.17194116038715712,395.94,153962000,633.76,423.59043010752686,0.9955226397133826,-0.1735285654566645,357.39,581830016,573.85,379.9057634408602,0.9961881698376842,-0.06623846395833333,4458.58,4535.43,4324.514215053764,1.0038931191081348
58.86,30126676,84.51,57.98516129032259,1.0016691327828007,0.1669316486600244,403.2,275003008,633.76,422.1123870967742,0.9965106789348913,-0.19613363577077836,369.23,1179379968,573.85,379.1677849462365,0.9980574695999879,-0.06519294485952187,4432.99,4535.43,4338.507462365591,1.0032357963498226
61.89,28762296,84.51,58.26466666666666,1.004820291435332,0.1870169090120355,420.2,260656992,633.76,421.70184946236554,0.9990274210211354,-0.20135921258302014,386.57,956280000,573.85,379.49690322580653,1.000868001693806,-0.09582533181473685,4455.48,4535.43,4352.819892473119,1.0032989294663386
63.56,31994776,84.51,58.63627956989248,1.0063780147469448,0.20458207310793564,442.02,323055008,633.76,422.6676129032258,1.0022901569962084,-0.24465476527316066,408.94,1223760000,573.85,381.2125161290323,1.0045207560025988,-0.10280500337403353,4357.05,4535.43,4359.396344086021,1.0015108485476907
65.16,38517332,84.51,59.09769892473118,1.0078691785737992,0.24602299437517683,455.34,302150016,633.76,424.5103655913979,1.0043598152115667,-0.1576993987675348,429.46,1280649984,573.85,384.22533333333325,1.0079032483898855,-0.042160826945072394,4391.36,4535.43,4367.078580645161,1.0017622248478422
66.8,29468592,84.51,59.648989247311825,1.0093284566507874,0.37568731201766414,458.06,221190000,633.76,426.53488172043006,1.004769061707626,-0.1155948766309216,434.44,923900032,573.85,387.49784946236565,1.008517179491112,0.031146251417721205,4471.37,4535.43,4378.959268817204,1.0027205116538773
67.52,24771748,84.51,60.218688172043,1.0095508562998299,0.3705293882016214,467.52,215470000,633.76,429.0896559139785,1.0059896020303047,-0.11135894993920714,439.56,932460032,573.85,390.96234408602146,1.008940680905617,0.009652590160898145,4544.9,4535.43,4394.383247311828,1.0035222932089045
65.93,29902660,84.51,60.6589247311828,1.0073106301798216,0.3022730941984537,475.35,232780000,633.76,432.0742365591397,1.0069556108007403,-0.08016784966842128,436.19,850320000,573.85,394.083870967742,1.0079842136434338,0.0030911310067187614,4605.38,4544.9,4412.482580645161,1.0041187425662985
65.81,39990636,84.51,61.069634408602155,1.006770803789211,0.3918461550487947,477.81,214410000,633.76,435.115505376344,1.0070387645452403,-0.04318213102462454,442.0,896289984,573.85,397.45877419354844,1.008563921221944,0.07537220831878533,4697.53,4605.38,4435.267913978494,1.0051638353051586
65.8,27318580,84.51,61.451784946236565,1.0062576195409576,0.3103231401460901,471.23,196950000,633.76,437.5970752688171,1.0057032439934006,-0.036103886683795716,434.6,720120000,573.85,400.1892688172043,1.0068698813586292,0.07123052361953586,4682.85,4697.53,4455.883075268817,1.004648008122655
60.28,31732880,84.51,61.452989247311834,1.00001959749544,0.2459747515526004,452.68,221040000,633.76,438.76720430107525,1.0026739873239312,-0.039588676556413516,411.91,831660032,573.85,401.30662365591394,1.002792065969215,0.02434502257057236,4697.96,4697.53,4476.403440860216,1.0046052298152282
61.35,24285230,84.51,61.507569892473114,1.000888169083877,0.2028757839036539,459.94,193404992,633.76,440.31703225806456,1.0035322329057343,-0.024941564987743803,418.74,720019968,573.85,402.7502795698925,1.0035973887020024,0.02797303005609808,4594.62,4697.96,4489.143182795699,1.0028459771563922
61.67,41375376,84.51,61.5705376344086,1.0010237397127795,0.12059137793273766,457.94,291563008,633.76,441.65427956989254,1.0030370101855253,-0.1210715267014828,415.28,1205639936,573.85,403.8693333333334,1.0027785300723713,-0.0459862081262139,4538.43,4697.96,4497.368623655913,1.0018322963927142
63.69,28781212,84.51,61.76023655913979,1.003081001596211,0.14412168337182218,474.27,191824000,633.76,444.0384516129033,1.005398276781859,-0.10634761760953615,430.61,786200000,573.85,405.9545591397849,1.0051631199359485,-0.05587414259365864,4712.02,4697.96,4516.135720430108,1.0041729060578848
62.45,36556740,84.51,61.862172043010744,1.001650503455785,0.12493318522418351,452.32,265888000,633.76,444.9451612903226,1.0020419620736127,-0.12464508020020193,408.68,1041520000,573.85,406.5618924731183,1.0014960623539253,-0.06369794691972919,4620.64,4712.02,4527.849978494624,1.002593867587177
63.04,22642568,84.51,61.99602150537634,1.0021636722078322,0.06746912449441012,461.7,157516000,633.76,446.407376344086,1.003286281503822,-0.07925160403789211,418.37,601980032,573.85,407.75402150537633,1.002932220294938,-0.05084678533208442,4725.78,4712.02,4545.347935483872,1.0038645178334873
63.99,21960212,84.51,62.188494623655906,1.0031046043537306,0.003933615583561201,464.11,143091008,633.76,447.950817204301,1.0034574716772273,-0.13527419972790855,422.74,544929984,573.85,409.1666881720431,1.0034645070119759,-0.1102173287310515,4766.18,4725.78,4564.33047311828,1.0041762562302916
70.93,37440456,84.51,62.82802150537634,1.010283684877575,0.16103714875711905,510.53,313438016,633.76,452.4580215053763,1.0100618285043101,0.04385539914449277,467.58,1073810048,573.85,413.457440860215,1.0104865640635137,0.029729451272354268,4677.02,4766.18,4576.407440860215,1.002645945076296
74.74,32391140,84.51,63.69668817204302,1.0138261025232562,0.32586485948740007,530.76,266827008,633.76,458.14208602150535,1.012562633981419,0.12368506610240293,491.98,1031980032,573.85,419.2060215053763,1.0139036816780977,0.13616501015799276,4662.85,4766.18,4586.646387096775,1.0022373327482037
70.7,31788478,84.51,64.27058064516129,1.0090097694179672,0.22923670243524086,526.91,244731008,633.76,463.3722795698925,1.0114160949364115,0.0873593746158885,476.81,889699968,573.85,423.7607096774193,1.0108650351817157,0.11322620985997989,4397.93,4766.18,4578.7261935483875,0.9982732059810261
71.8,45220212,84.51,64.89791397849464,1.0097608163336327,0.29879801882651613,548.42,390735008,633.76,469.85253763440863,1.0139849929532496,0.15734280136232948,500.72,1344579968,573.85,429.7315698924731,1.0140901694722926,0.1926041753735659,4431.85,4766.18,4572.742279569893,0.9986931050852252
78.19,40217536,84.51,65.91443010752688,1.015663309753979,0.4970405159419593,583.82,349536992,633.76,478.4151827956989,1.0182241117700483,0.3015734272554558,525.45,1125289984,573.85,437.11038709677416,1.0171707589604073,0.2855546068111541,4500.54,4766.18,4571.018989247312,0.9996231385419903
81.19,33698792,84.51,67.08253763440861,1.0177215751539712,0.702370895716347,586.1,334374016,633.76,486.8198279569893,1.0175676806747154,0.43078885332103745,534.65,1051340032,573.85,444.81172043010747,1.0176187378764538,0.42934744737421626,4418.64,4766.18,4563.730129032258,0.9984054189597114
77.02,28475764,84.51,67.92154838709676,1.0125071409382373,0.6048227741649651,562.94,279230016,633.76,493.36021505376345,1.0134349233970643,0.3940634151052399,514.82,990190016,573.85,450.8766021505377,1.0136347165370683,0.4163938228543742,4348.87,4766.18,4551.743247311828,0.9973734464173997
76.54,23409444,84.51,68.67886021505377,1.011149802175312,0.557370185646073,576.31,317609984,633.76,500.4425806451613,1.0143553642456273,0.38029971946352303,521.54,1012689984,573.85,457.0575053763441,1.013708636013325,0.40068883975064207,4384.62,4766.18,4542.198150537634,0.9979029799671081
77.73,34905344,84.51,69.46709677419356,1.0114771351282126,0.6200556091152402,646.37,640689984,633.76,511.71034408602156,1.0225155969468747,0.5310052386739161,569.81,1665910016,573.85,466.0331397849462,1.0196378667958017,0.5470470572553673,4328.87,4766.18,4529.079161290323,0.997111753205712
78.51,43918648,84.51,70.26195698924731,1.0114422547071096,0.619116586810736,672.46,894840000,646.37,524.1794623655915,1.0243675321862826,0.6285194518617657,580.55,2098160000,573.85,475.2809892473118,1.0198437593228522,0.6232519781414363,4204.31,4766.18,4508.155548387097,0.9953801618037373
78.32,47259228,84.51,71.0029247311828,1.0105457885559448,0.8243085828911936,630.99,555020032,672.46,533.4251397849462,1.0176383816672814,0.6333052485504869,559.78,1632099968,580.55,482.7384946236559,1.0156907293686506,0.6226814872219308,4463.09,4766.18,4504.4944946236565,0.9991879042938635
82.23,25467544,84.51,71.94550537634407,1.0132752368825635,0.8896874699282402,671.36,370910016,672.46,544.7479139784946,1.0212265477366014,0.6364755533068964,601.34,1137689984,580.55,492.4131397849463,1.020041171916138,0.621254107264942,4543.04,4766.18,4505.945440860215,1.0003221107803084
84.81,28985112,84.51,73.0067741935484,1.014751009276436,0.9178073274895102,653.97,303460000,672.46,554.3821290322581,1.0176856391856581,0.610673228537427,586.89,970540032,601.34,500.65632258064517,1.0167403794287435,0.6105672074949837,4545.86,4766.18,4507.505913978494,1.0003463142505298
86.9,21450588,84.81,74.14574193548387,1.0156008501199623,0.9617992688240035,681.24,299660000,672.46,565.2350967741936,1.0195766911911115,0.6578329683232713,605.71,905900032,601.34,509.6341075268817,1.0179320314980949,0.688153874198177,4488.28,4766.18,4505.329118279569,0.99951707313524
87.2,16123550,86.9,75.23948387096775,1.0147512440624786,0.8655163474324654,685.97,217175008,681.24,575.7796774193548,1.0186552121503765,0.6558038604121113,607.63,694819968,605.71,518.2017419354838,1.0168113442214035,0.654781499544626,4392.59,4766.18,4496.914903225807,0.9981323861514084
87.08,23599478,87.2,76.26453763440861,1.0136238808495655,0.7874763715200388,654.77,58174508,685.97,583.703247311828,1.0137614615506867,0.48356472395919736,579.9,1000800000,607.63,524.4676559139784,1.012091649779276,0.5413465340105876,4271.78,4766.18,4480.793376344086,0.9964149806637086
87.26,25586480,87.2,77.24703225806452,1.0128827192051661,0.7346349652922511,646.5,345264992,685.97,590.588817204301,1.0117963535823786,0.42562709724971204,572.41,1127609984,607.63,529.8345806451613,1.0102330900116805,0.4514087796373287,4131.93,4766.18,4456.044322580645,0.9944766357908621
95.88,32174690,95.92,80.1587741935484,1.0180537806009533,0.7251481300631927,687.24,385713984,703.75,609.2681935483871,1.0142160799038846,0.5665322142497515,612.25,1187629952,607.63,537.4202795698925,1.0143171080217044,0.48666101618188695,4023.89,4766.18,4400.566344086023,0.9930811775972718
96.56,30850380,95.92,81.56161290322581,1.0175007505265758,0.7649029569219908,698.03,333207008,703.75,618.0114623655915,1.014350443548158,0.6042788748195055,618.93,1017340032,612.25,545.0438494623655,1.014185489796876,0.5247383436370999,3901.36,4766.18,4362.964645161291,0.9914552591678875
102.1,25375712,96.56,83.25941935483873,1.0208162442009012,0.8787355291960628,744.5,288247008,703.75,629.2570752688172,1.0181964471341363,0.6285575065992883,669.03,961569984,618.93,555.5029247311828,1.0191894198588503,0.663640846765888,4158.24,4766.18,4343.319806451613,0.9954973646803522
105.62,27453278,102.1,85.10653763440858,1.0221850968200694,0.9213120157916749,748.62,269881984,744.5,640.1896774193548,1.0173738247533683,0.6573928021803621,676.93,989030016,669.03,565.9781935483871,1.0188572703235963,0.6490062435000725,4108.54,4766.18,4321.430107526882,0.9949601457179793
108.34,35682912,105.62,87.04352688172044,1.0227595822971034,0.8772752759017705,744.86,317750016,748.62,650.2973118279568,1.0157884995105615,0.7269161305199102,670.72,946700032,676.93,575.5350967741934,1.016885638589518,0.642848977347901,3900.86,4766.18,4287.408344086021,0.9921271980352978
87.29,71425216,108.34,87.53096774193548,1.0055999667945144,0.7447647262350643,635.81,469950016,748.62,652.7810107526882,1.0038193282973134,0.5964590730729381,555.65,1643440000,676.93,577.1762580645161,1.002851539896561,0.4455221710324737,3674.84,4766.18,4240.486344086022,0.9890558593363931
85.68,50372148,108.34,87.85645161290324,1.0037184996277817,0.7032817527652051,633.85,331740000,748.62,654.7444301075269,1.0030077764556522,0.5000812882539755,547.02,1236310016,676.93,578.000322580645,1.0014277519295274,0.5457881775665576,3911.74,4766.18,4211.0484731182805,0.993057902188791
