6.7,152625,115.01,9.665612903225806,0.9748041503639375,-0.2240683743573917,1894.0,640809984,2078.8,1896.6621505376347,1.0023393846613697,0.24408060189441516,1122.4,22925640,1230.3,1143.4363440860216,1.00088964136309,0.07452846028529114,2588.26,2872.87,2690.809247311828,0.9988063588909141
6.65,34111,105.84,9.414709677419355,0.9740416641636129,-0.2695568820127162,1946.9,557980032,2078.8,1903.923440860215,1.0038284574406264,0.2266395481338207,1141.6,22925640,1230.3,1145.4062365591399,1.0017227828058002,0.06204737993031939,2640.87,2872.87,2690.6754623655916,0.999950280776547
6.5,38862,104.37,9.157139784946237,0.9726417594064654,-0.4953990182752144,1925.6,569299968,2078.8,1909.1913978494626,1.0027668953888542,0.22399446870388307,1115.4,22925640,1230.3,1145.4064516129033,1.0000001877532674,0.05628448207690395,2604.47,2872.87,2687.839913978495,0.9989461574140928
6.85,127071,104.37,8.931505376344084,0.9753597287033795,-0.5384519396799816,1983.4,435560000,2078.8,1917.6247311827956,1.004417227807978,0.2687486787882567,1157.1,22925640,1230.3,1147.850752688172,1.0021340032368655,0.07769006918522803,2656.3,2872.87,2688.040623655914,1.0000746732260262
7.25,203621,98.98,8.742537634408603,0.9788425652817743,-0.5939388188856839,2020.0,424620000,2078.8,1927.7356989247314,1.0052726519310686,0.2841425033045517,1154.7,22925640,1230.3,1149.8344086021507,1.0017281479402556,0.07820006280762692,2670.14,2872.87,2688.798602150537,1.0002819817855255
7.5,142083,98.35,8.584215053763442,0.9818905462846349,-0.4867525957751522,2021.4,529270016,2078.8,1937.144086021505,1.004880537877688,0.26257372179910365,1147.8,22925640,1230.3,1151.0578494623653,1.001064014827754,0.06752620143316701,2669.91,2872.87,2689.180623655914,1.0001420788842539
8.15,103666,96.25,8.478043010752689,0.9876317121197696,-0.5214427370893884,2032.7,490350016,2078.8,1946.488817204301,1.0048239732140876,0.24046706517265393,1184.6,22925640,1230.3,1154.3767741935485,1.0028833691831678,0.10144929036260364,2663.42,2872.87,2688.8201720430106,0.9998659622898765
6.6,118812,96.25,8.286172043010753,0.9773684838000248,-0.623061597326162,2091.1,561769984,2078.8,1958.856559139785,1.0063538725864594,0.2694998833620459,1225.5,22925640,1230.3,1160.0094623655914,1.0048794191792172,0.10200933023835224,2727.72,2872.87,2692.3627526881723,1.0013175223400939
6.23,125418,96.25,8.087096774193549,0.9759750017518499,-0.6209107649226435,2064.6,513430016,2091.1,1968.6926881720433,1.0050213625833724,0.25093343930853707,1206.6,22925640,1230.3,1164.0391397849462,1.0034738315074923,0.08771407278707799,2712.97,2872.87,2694.5783440860214,1.0008229171182959
5.85,32410,96.25,7.878645161290324,0.974224172317511,-0.7134482908228444,2094.0,467520000,2091.1,1979.7419354838712,1.0056124794784946,0.19271394139227505,1222.4,22925640,1230.3,1168.7670967741935,1.0040616821442283,0.06960082198490891,2721.33,2872.87,2697.037032258064,1.0009124574824253
6.3,42850,96.25,7.717075268817204,0.9794926806366466,-0.6729046765174748,2137.7,428240000,2094.0,1992.9959139784949,1.006694801103652,0.21291024842295625,1247.6,22925640,1230.3,1174.8309677419356,1.0051882629006912,0.06957861694199252,2734.62,2872.87,2700.0515053763443,1.00111769808209
5.85,96346,96.25,7.543247311827957,0.9774748915963483,-0.5342418400440467,2159.5,464760000,2137.7,2006.9587096774192,1.0070059329279062,0.24859085113445212,1256.1,22925640,1247.6,1181.1423655913977,1.0053721752513833,0.057787269870133384,2779.03,2872.87,2705.615483870967,1.0020606934658631
6.0,16350,96.25,7.387268817204302,0.9793221025142477,-0.47803497147848506,2154.2,577619968,2159.5,2019.8210752688174,1.006408884014094,0.2526962724720866,1262.4,22925640,1256.1,1187.5410752688172,1.0054173907090493,0.06612833321322786,2779.66,2872.87,2710.797032258065,1.0019151089347273
5.95,24109,96.25,7.2356989247311825,0.9794822827998182,-0.48109879267333366,2119.2,645950016,2159.5,2029.6660215053764,1.0048741674978556,0.20047788145246948,1245.9,22925640,1262.4,1192.5335483870967,1.0042040424725094,0.05095387048479383,2754.88,2872.87,2713.948021505376,1.0011623847930387
5.8,26556,96.25,7.082516129032259,0.9788295785531714,-0.4616460593903856,2085.2,595640000,2159.5,2036.6746236559138,1.003453081480538,0.17116491674864542,1218.6,22925640,1262.4,1195.5002150537634,1.0024877008036202,0.07879633536446096,2718.37,2872.87,2714.415655913979,1.0001723077984168
5.85,40774,96.25,6.94094623655914,0.9800113561488687,-0.511587730974566,2148.5,353280000,2159.5,2047.1825806451614,1.0051593695267755,0.18434499520208636,1246.8,22925640,1262.4,1200.0316129032258,1.0037903781131972,0.09146987550361274,2759.82,2872.87,2717.393720430108,1.0010971291407196
5.6,25404,96.25,6.793247311827957,0.978720635530466,-0.5472217402571065,2238.0,570200000,2159.5,2062.7277419354837,1.007593441560754,0.2259018307386248,1275.7,22925640,1262.4,1206.1141935483872,1.0050686836744624,0.091709524437382,2801.31,2872.87,2722.815612903226,1.00199525465609
5.7,32812,96.25,6.664365591397849,0.9810279657851249,-0.4904559580382001,2243.8,502900000,2238.0,2077.796129032258,1.0073050780238382,0.24084661390266693,1277.0,22925640,1275.7,1211.9466666666667,1.004835755311958,0.09826496158587017,2801.83,2872.87,2728.0011612903227,1.0019044801868047
5.66,24392,96.25,6.543978494623658,0.981935700386908,-0.5538374653107047,2242.8,526929984,2243.8,2091.8752688172044,1.00677599673434,0.2557789227416276,1262.3,22925640,1277.0,1216.488387096774,1.0037474589889328,0.08680138839445983,2818.82,2872.87,2734.0280215053763,1.002209258669158
5.45,18898,96.25,6.421419354838709,0.9812714635468867,-0.6238036565596712,2236.6,612070016,2243.8,2104.6270967741934,1.0060958835103966,0.15718766423030894,1277.1,22925640,1277.0,1221.649247311828,1.004242424563847,0.07239071076837744,2840.35,2872.87,2741.1316344086026,1.0025982224203083
4.35,96400,96.25,6.240150537634409,0.9717712226553605,-0.7674885569332093,2264.2,391670016,2243.8,2118.3851612903227,1.0065370556794677,0.1303246040724475,1281.3,22925640,1277.1,1226.8137634408602,1.004227495036236,0.084931461716516,2833.28,2872.87,2747.570086021505,1.002348829779673
3.45,474409,95.69,6.014580645161291,0.9638518508307286,-0.8187231508864818,2239.7,435300000,2264.2,2129.8118279569894,1.0053940458399486,0.08747354879927083,1279.2,22925640,1281.3,1231.5881720430107,1.00389171424745,0.06961939209901447,2850.13,2872.87,2754.9944731182795,1.0027021647726282
3.75,33190,94.99,5.823096774193549,0.9681633878960805,-0.7616230337995972,2301.2,450769984,2264.2,2144.53870967742,1.0069146398414723,0.11296062275162755,1300.8,22925640,1281.3,1237.5434408602152,1.00483543846262,0.07985489983022376,2874.69,2872.87,2763.9177204301077,1.0032389347415744
3.35,107983,94.99,5.618172043010753,0.9648082903085229,-0.7858436968204399,2351.6,463390016,2301.2,2161.86688172043,1.0080801395492724,0.14226737206113715,1327.2,22925640,1300.8,1244.9935483870966,1.0060200775834607,0.09932307252962702,2901.52,2874.69,2774.5680215053767,1.0038533350673013
3.39,19359,89.74,5.428086021505377,0.9661658596336773,-0.7783184859638126,2292.9,406529984,2351.6,2174.5101075268817,1.005848290620184,0.1312721520713942,1288.3,22925640,1327.2,1249.5621505376344,1.003669578976097,0.07164113463065758,2871.68,2901.52,2782.9933978494623,1.0030366443636565
3.4,113961,89.74,5.249956989247312,0.9671838228885208,-0.7632973681217059,2386.1,456940000,2351.6,2192.2210752688175,1.008144808194099,0.13212197035661788,1311.9,22925640,1327.2,1255.2550537634409,1.004555918425792,0.06054870573625304,2904.98,2901.52,2793.0249462365587,1.0036045893586554
3.5,85136,88.34,5.091827956989247,0.9698799375724533,-0.7474487746082764,2367.3,673760000,2386.1,2207.791397849462,1.007102533022923,0.10565825057739953,1311.2,22925640,1327.2,1260.5920430107528,1.0042517169967258,0.03583769511820756,2929.67,2904.98,2804.277870967742,1.0040289381397562
3.2,54853,87.64,4.92563440860215,0.9673607298221902,-0.7174378529397487,2393.5,659849984,2386.1,2224.2391397849465,1.0074498623155728,0.10869554008108584,1322.1,22925640,1327.2,1266.3707526881722,1.0045841235548478,0.03794785585745486,2913.98,2929.67,2814.126344086021,1.0035119462376532
3.28,18373,87.64,4.773634408602151,0.9691410309026294,-0.6475260630326103,2323.1,673020032,2393.5,2235.272688172043,1.0049605944746407,0.08988587144901916,1292.5,22925640,1327.2,1269.9335483870968,1.002813390700442,0.015029226565957954,2885.57,2929.67,2821.662924731183,1.0026781244776022
3.18,44920,87.64,4.623612903225807,0.9685728959247479,-0.6503081966662256,2237.3,1021990016,2393.5,2240.245376344086,1.002224644983297,0.10731625948790557,1243.1,22925640,1327.2,1270.175483870968,1.0001905103492843,0.014778322427275059,2767.13,2929.67,2821.3453118279567,0.9998874376877399
3.02,90391,87.64,4.471591397849462,0.967120624377901,-0.6266358483458271,2210.0,694899968,2393.5,2243.0494623655914,1.0012516870031807,0.10962151338816728,1228.6,22925640,1327.2,1269.4288172043011,0.9994121547170858,0.025259336335829996,2767.78,2929.67,2821.0371182795698,0.9998907636200735
2.67,69817,85.61,4.304903225806451,0.9627228525121556,-0.6940537403584786,2162.3,942590016,2393.5,2242.096559139785,0.9995751751168245,0.09652651497893938,1195.3,22925640,1327.2,1266.3053763440857,0.9975394911334262,0.04029146686649243,2658.69,2929.67,2813.304795698925,0.9972590496840537
2.4,132184,85.61,4.129354838709677,0.9592212930491862,-0.6259359779901104,2193.3,1076620032,2393.5,2242.6804301075267,1.0002604129449117,0.1044882493616055,1207.0,22925640,1327.2,1263.8212903225808,0.9980383199282651,0.036589748913620435,2723.06,2929.67,2809.6870537634413,0.9987140597275438
2.51,17386,85.61,3.9697204301075266,0.9613415618571466,-0.6885638546119812,2251.9,702780032,2393.5,2246.469247311828,1.0016894146635593,0.04991394357475576,1223.9,22925640,1327.2,1262.2305376344084,0.9987413151682495,0.010781769912229455,2781.01,2929.67,2809.5529892473123,0.9999522848938107
2.3,60217,85.61,3.8058709677419356,0.9587251885238798,-0.7435500563616109,2224.6,739089984,2393.5,2247.9193548387093,1.0006455051760075,-0.004636216234863877,1193.8,22925640,1327.2,1258.554193548387,0.9970874226407869,0.009095117431317634,2736.27,2929.67,2806.2642795698926,0.9988294544754962
2.3,108795,85.61,3.6526666666666667,0.959745271877631,-0.7551919422272899,2118.3,573379968,2393.5,2242.0713978494623,0.9973985023187513,-0.014680530698693017,1121.2,22925640,1327.2,1250.1098924731182,0.9932904748015173,-0.00918553353132967,2632.56,2929.67,2796.142387096774,0.996393107895501
2.83,118992,85.61,3.5448387096774203,0.9704796613462549,-0.7480314695753456,2285.0,765870016,2393.5,2246.7698924731185,1.002095604371994,0.04268133185248013,1189.9,22925640,1327.2,1246.1550537634407,0.9968364071562913,-0.03185139218834143,2760.17,2929.67,2794.333720430108,0.9993531564504681
2.79,43980,85.61,3.4458709677419357,0.9720811720811718,-0.6280050970467111,2169.6,691529984,2393.5,2243.4806451612903,0.9985360105977709,-0.03998850162917367,1129.6,22925640,1327.2,1238.2984946236559,0.9936953598863498,-0.04355813072196768,2633.08,2929.67,2784.117634408602,0.9963439993058762
3.04,93822,85.61,3.3712258064516125,0.9783377955851789,-0.5302912088909817,2181.0,741609984,2393.5,2240.7580645161293,0.9987864479013745,-0.03663193595728531,1129.3,22925640,1327.2,1230.6288172043012,0.9938062773615132,-0.022405171856549222,2599.95,2929.67,2771.9676559139784,0.9956359679833698
9.75,50253468,85.61,3.7363440860215063,1.1083043084420974,0.632116471099522,2011.7,1159480064,2393.5,2226.8625806451614,0.9937987576209087,-0.042637492619696404,1039.7,22925640,1327.2,1217.3447311827956,0.9892054486001036,-0.03748909375820486,2416.62,2929.67,2748.2329892473126,0.9914376105305457
6.12,16266615,85.61,3.858881720430107,1.0327961321514902,-0.02467351673848195,2083.3,591180032,2393.5,2217.7634408602153,0.9959139194919203,-0.01094475956155383,1078.1,22925640,1327.2,1206.9309677419355,0.9914455099084859,-0.04485003597806703,2485.74,2929.67,2729.6129677419353,0.9932247296432909
5.25,6290476,85.61,3.9256774193548387,1.01730959997325,-0.08407624384445556,2117.8,550780032,2393.5,2211.0070967741935,0.9969535325718053,0.013726050737059792,1079.3,22925640,1327.2,1196.9591397849463,0.991737863868349,-0.051840806424315766,2531.94,2929.67,2714.508817204301,0.9944665596492498
5.54,4651740,85.61,4.01247311827957,1.0221097379261987,-0.08733333333333326,2179.2,647100032,2393.5,2208.3017204301077,0.9987764054000401,-0.005933225255850827,1115.5,22925640,1327.2,1189.703010752688,0.9939378640497604,-0.05038636029352006,2596.26,2929.67,2704.085720430108,0.996160227328004
6.68,4371121,85.61,4.173806451612903,1.040207953692786,0.1285676464027331,2262.4,672350016,2393.5,2210.9103225806452,1.0011812707142345,0.05355795348044867,1146.6,22925640,1327.2,1184.7692473118282,0.9958529453180602,-0.04914836571726211,2670.71,2929.67,2698.860258064516,0.9980675677822962
5.95,1295645,85.61,4.286473118279569,1.0269937449119442,-0.07008235461690848,2259.0,504670016,2393.5,2212.991612903226,1.0009413725655554,0.06487482668723499,1158.0,22925640,1327.2,1180.784516129032,0.9966367027234736,-0.030007820290878895,2664.76,2929.67,2693.4319354838713,0.9979886611155859
6.15,847927,85.61,4.411720430107526,1.0292191991812203,-0.055120873626545386,2250.7,684809984,2393.5,2214.1636559139783,1.00052961927371,0.017778351120864455,1170.2,22925640,1327.2,1177.7172043010753,0.9974023102555475,-0.04212804912323265,2706.53,2929.67,2690.8137419354844,0.9990279340220578
6.09,899124,85.61,4.532451612903225,1.0273660094079797,-0.06251966181675161,2313.5,906019968,2393.5,2219.1675268817207,1.0022599372699381,-0.01918028863320953,1190.8,22925640,1327.2,1176.1436559139786,0.9986638996345217,-0.033199444054434646,2707.88,2929.67,2688.397247311828,0.9991019465279234
4.4,1755152,85.61,4.543096774193549,1.0023486541500009,-0.389928992018295,2367.6,687910016,2393.5,2227.4993548387097,1.003754483542167,-0.025753191558582467,1219.9,22925640,1327.2,1176.6301075268818,1.0004135988069631,-0.0353524352669482,2775.6,2929.67,2690.5507096774195,1.0008010208936737
4.45,1174560,85.61,4.559763440860215,1.003668569589215,-0.3129645538972874,2413.4,485889984,2393.5,2238.5197849462365,1.0049474448033342,-0.008383029360665262,1236.9,22925640,1327.2,1178.3361290322582,1.0014499216826622,-0.01084506804270946,2792.67,2929.67,2693.861870967742,1.001230663030588
4.08,320037,85.61,4.555161290322581,0.9989907041017975,-0.3124979328627395,2443.8,677870016,2413.4,2251.134623655914,1.0056353483201312,0.05590256717003017,1249.0,22925640,1327.2,1180.8774193548388,1.002156676910745,-0.009096115421285855,2803.69,2929.67,2697.9402365591395,1.001513947554383
3.93,268868,85.61,4.543827956989246,0.9975119797936876,-0.1284931945162321,2382.9,635990016,2443.8,2259.374838709677,1.0036604719092193,-0.008644004825187901,1222.1,22925640,1327.2,1181.7436559139785,1.0007335533264858,-0.01436365214222679,2743.07,2929.67,2698.18647311828,1.0000912683519834
4.08,358765,85.61,4.543075268817205,0.9998343493241456,0.16565060761070116,2472.8,811160000,2443.8,2273.159784946237,1.0061012214531133,0.05052039401121955,1281.6,22925640,1327.2,1186.5759139784948,1.004089091606571,0.011577484477864664,2822.48,2929.67,2703.749935483871,1.0020619265647572
4.29,203311,85.61,4.554516129032258,1.0025183074323203,0.11162654265784289,2482.3,638129984,2472.8,2287.0563440860215,1.0061133226233427,0.0038516822608785084,1286.8,22925640,1327.2,1191.738494623656,1.0043508220454698,0.014972341185795601,2800.71,2929.67,2707.9683440860217,1.0015602066399665
4.57,250853,85.61,4.582860215053764,1.0062232924900254,0.35370232209281216,2508.0,509750016,2482.3,2302.221505376345,1.0066308647487143,-0.009765716127193791,1299.2,22925640,1327.2,1197.731182795699,1.0050285261398184,0.002035656445688927,2834.4,2929.67,2714.519397849463,1.002419176641318
4.56,268678,85.61,4.607935483870968,1.0054715325452948,0.3559406809957163,2532.8,617070016,2508.0,2318.650322580645,1.0071360714709399,0.004724462369434912,1332.2,22925640,1327.2,1205.9131182795697,1.0068311951808526,0.02674222779059665,2892.74,2929.67,2724.9786666666664,1.0038530831002679
4.8,488021,85.61,4.645978494623656,1.0082559772995627,0.3805777677058717,2566.5,539520000,2532.8,2336.737419354839,1.007800700518767,-0.02588900759897217,1347.6,22925640,1332.2,1214.9941935483869,1.007530455661493,0.02637594540116761,2907.41,2929.67,2736.3390967741934,1.0041689978150998
4.89,92334,85.61,4.686817204301076,1.0087901202566216,0.38873949579831923,2573.1,392240000,2566.5,2354.862365591398,1.0077565181635013,0.016587371664896544,1365.4,22925640,1347.6,1225.14688172043,1.008356161886167,0.049746684170000166,2905.03,2929.67,2747.540752688172,1.0040936651189114
5.07,48925,85.61,4.7362795698924725,1.0105535085827553,0.5968706612287402,2691.3,701680000,2573.1,2380.170537634409,1.0107471979733538,0.020635503645220155,1378.9,22925640,1365.4,1236.0539784946236,1.0089026850061253,0.034073767176143965,2939.88,2929.67,2761.043784946237,1.0049145885260677
5.58,156064,85.61,4.814623655913979,1.0165412714484854,0.6710517149798418,2673.0,554969984,2691.3,2403.6576344086025,1.0098678209829186,0.00485758686489457,1383.6,22925640,1378.9,1247.1421505376345,1.0089706212155194,0.0496661814916588,2945.64,2939.88,2774.8627311827954,1.0050049717834617
4.35,222735,85.61,4.808666666666667,0.9987627300339468,0.3421134510478985,2633.5,614030016,2691.3,2423.8438709677416,1.0083981330245086,0.005508513583426966,1334.2,22925640,1383.6,1254.847311827957,1.0061782542487243,0.03198903672179321,2881.4,2945.64,2784.407978494624,1.0034398989198863
3.36,359079,85.61,4.736322580645162,0.984955479130423,0.06345901863120207,2640.7,638280000,2691.3,2443.6425806451607,1.0081683106385537,0.04435580093625169,1320.2,22925640,1383.6,1261.4533333333334,1.005264402643341,0.04140709466483283,2859.53,2945.64,2792.2965161290326,1.002833111273684
2.95,228506,85.61,4.636795698924731,0.978986464704253,0.15384850569441266,2597.2,572910016,2691.3,2459.7086021505374,1.00657462004985,0.035591356795510176,1283.3,22925640,1383.6,1265.4817204301075,1.0031934491671834,0.010669629597130692,2826.06,2945.64,2797.828387096774,1.001981118744298
2.36,301042,85.61,4.498602150537634,0.9701963257904281,-0.06542820139226169,2536.9,572060032,2691.3,2470.9490322580646,1.0045698218470673,0.016551530519010704,1258.6,22925640,1383.6,1267.7273118279568,1.0017744953258478,0.032100837676089844,2752.06,2945.64,2798.2261290322585,1.0001421609478691
2.45,494799,85.61,4.366301075268817,0.9705906255228626,0.0005245219587850514,2666.0,807120000,2691.3,2489.7795698924733,1.0076207713670244,0.05506499840365464,1333.7,22925640,1383.6,1274.7070967741936,1.0055057462918997,0.0565130435795298,2873.34,2945.64,2806.386021505376,1.0029160947317504
2.48,507174,85.61,4.236064516129032,0.9701723365167239,0.10799595696835307,2663.1,633289984,2691.3,2507.53247311828,1.0071303112293484,0.0713809678638766,1331.1,22925640,1383.6,1281.2830107526881,1.0051587647037783,0.059932260659775194,2886.98,2945.64,2815.2273548387097,1.0031504337840849
2.5,66995,82.6,4.106731182795699,0.9694685166288453,0.12695652173913063,2770.5,821929984,2691.3,2531.271397849462,1.0094670457853179,0.15535519891204563,1375.3,2229939968,1383.6,1290.4152688172042,1.0071274324156934,0.1058751980101631,2950.46,2945.64,2827.840064516129,1.0044801744540246
2.46,201371,79.73,3.9743870967741937,0.9677738619523153,-0.09140716658063874,2724.4,707900032,2770.5,2550.633548387097,1.0076491799947191,0.10119265236204011,1372.6,2179950080,1383.6,1298.82688172043,1.006518531752136,0.08775288846659302,2941.76,2950.46,2839.2078279569896,1.0040199456763852
2.53,44982,71.05,3.8473548387096774,0.9680372709121309,-0.10537607937188642,2804.2,456340000,2770.5,2574.1991397849465,1.0092391129304918,0.17786274858792273,1403.2,1289410048,1383.6,1308.8197849462367,1.0076937915025057,0.10650163956677439,2990.41,2950.46,2853.323784946237,1.0049717941921161
2.38,71889,69.86,3.711204301075269,0.9646119104314095,-0.2748029571173759,2849.9,598990016,2804.2,2599.3483870967743,1.0097697365068379,0.17370122779752606,1424.5,1726429952,1403.2,1319.598494623656,1.008235442191044,0.10223626847499112,3013.77,2990.41,2868.1783870967743,1.0052060695771394
2.23,98193,64.47,3.5667956989247314,0.9610884795243696,-0.7979271138439379,2799.8,589580032,2849.9,2619.8268817204307,1.0078783185529543,0.20942543505205813,1415.1,1659769984,1424.5,1329.1359139784947,1.0072275160919753,0.12934121734703496,2976.61,3013.77,2879.745634408602,1.004032959513211
2.14,47902,64.19,3.432752688172043,0.9624192070229597,-0.7701441830187152,2875.1,802230016,2849.9,2643.468602150537,1.009024153693156,0.18740237441302954,1449.3,1666680064,1424.5,1340.0724731182797,1.0082283226453859,0.12702202589057277,3025.86,3013.77,2893.2860215053765,1.0047019385792229
2.02,269599,64.19,3.2995268817204297,0.9611898034744365,-0.7454976772828895,2742.8,754179968,2875.1,2656.872043010753,1.0050703991147507,0.06869753711387716,1386.1,2336169984,1449.3,1346.1333333333334,1.0045227853990242,0.12623324389074653,2932.05,3025.86,2899.612602150538,1.002186641969766
2.09,173076,64.19,3.177763440860215,0.9630966968219622,-0.756580457854096,2746.8,781169984,2875.1,2669.1894623655917,1.0046360604332607,0.060079529161432665,1374.8,2368470016,1449.3,1350.805376344086,1.0034707134093348,0.10827704084615353,2918.65,3025.86,2904.214215053764,1.0015869750668807
2.45,249198,64.19,3.0866451612903223,0.971326286155137,-0.7339449807766891,2708.4,612150016,2875.1,2677.808817204301,1.0032292030821484,0.018153604247903354,1370.6,2193420032,1449.3,1354.648817204301,1.0028452957972502,0.11374519410584738,2888.68,3025.86,2906.1889677419354,1.0006799610985773
2.79,85704,64.19,3.026559139784946,0.9805335507110061,-0.584801534113731,2680.4,612230016,2875.1,2683.662580645161,1.0021860273979424,0.02834595684384089,1351.1,1796480000,1449.3,1356.7524731182796,1.0015529160674426,0.09832284487553666,2847.11,3025.86,2905.0130322580644,0.9995953685404069
2.48,64779,64.19,2.9532688172043016,0.9757842754112341,-0.6390289368069074,2739.5,577619968,2875.1,2692.4230107526887,1.0032643560225152,0.07121355820621034,1393.3,1537990016,1449.3,1361.1634408602151,1.0032511219469515,0.10939214165113742,2926.46,3025.86,2908.564301075269,1.0012224622670434
2.52,34781,64.19,2.8904516129032256,0.978729601607841,-0.6552785327288484,2762.1,498432992,2875.1,2701.590322580645,1.0034048556973942,0.04756501189178963,1426.8,1324349952,1449.3,1367.2559139784946,1.0044759306159656,0.09817058309410842,2978.71,3025.86,2915.0135698924737,1.0022173375416938
2.75,62379,64.19,2.8501505376344083,0.9860571700668125,-0.3939814422506569,2717.5,749473024,2875.1,2706.915483870968,1.0019711209526527,0.05022243735395082,1421.3,1936230016,1449.3,1372.4860215053764,1.0038252586610965,0.08158562789167334,3007.39,3025.86,2922.730731182796,1.0026473843449746
2.51,48609,64.19,2.797913978494623,0.981672350828479,-0.4605410216911292,2755.7,741662016,2875.1,2713.952688172043,1.002599713342735,0.023619881862685377,1410.3,1890029952,1449.3,1376.5733333333333,1.002978035305215,0.06878797876816978,2992.07,3025.86,2928.961032258065,1.0021316712514081
2.62,57476,64.19,2.7569462365591395,0.9853577550094926,-0.4187209504824606,2703.1,643958016,2875.1,2716.8602150537636,1.0010713255593555,-0.027946136549263922,1398.8,1799879936,1449.3,1379.5458064516129,1.0021593278369572,0.06354597697182673,2961.79,3025.86,2932.808967741935,1.0013137544137634
2.36,93226,64.19,2.702344086021505,0.9801946988252547,-0.457851806580576,2729.8,702580992,2875.1,2720.932688172043,1.001498963066158,0.012508598507149804,1414.4,1780290048,1449.3,1383.202580645161,1.0026507087886802,0.08118196829908775,2952.01,3025.86,2935.6859354838707,1.0009809598148327
2.09,38913,64.19,2.633698924731183,0.9745979197669886,-0.48247466430843977,2762.4,568273984,2875.1,2726.362365591398,1.0019955206694227,0.014765590339745449,1432.1,1607619968,1449.3,1387.5877419354838,1.0031702957698918,0.06506958304542709,2970.27,3025.86,2939.291634408602,1.001228230472868
2.14,38640,64.19,2.5725591397849463,0.976785583055027,-0.4737053487053486,2681.3,632979008,2875.1,2725.936989247312,0.9998439765933338,-0.03173374586055577,1419.8,1468620032,1449.3,1390.855698924731,1.0023551353838633,0.037127530432253586,2986.2,3025.86,2943.607247311829,1.0014682493062976
2.25,27156,64.19,2.5231397849462365,0.9807898080652712,-0.5110854072307931,2738.1,842929024,2875.1,2728.7481720430105,1.0010312721118602,0.0029159604224584523,1455.2,1640029952,1449.3,1396.121505376344,1.0037860192510868,0.053692999726095536,3022.55,3025.86,2949.86911827957,1.0021272780101556
2.0,57342,64.19,2.46258064516129,0.9759984999062441,-0.6109288535686341,2807.4,617931008,2875.1,2735.5354838709677,1.0024873353640675,0.03754724764304651,1485.1,1804630016,1455.2,1402.980860215054,1.0049131503327577,0.05456320498584444,3066.91,3025.86,2958.588301075269,1.002955786323423
1.85,132277,64.19,2.3978494623655915,0.9737140861060171,-0.5761560072347742,2852.3,565267008,2875.1,2744.629032258065,1.0033242297315146,0.08291852312892645,1509.6,1818480000,1485.1,1411.0920430107526,1.0057813923380645,0.05635275110583282,3093.08,3066.91,2968.621311827956,1.0033911479840032
1.93,38978,60.83,2.3446236559139786,0.9778026905829597,-0.5406468345262441,2920.3,505433984,2875.1,2757.495053763441,1.0046877087410209,0.05192714646231256,1529.4,1736329984,1509.6,1420.1322580645162,1.0064065381833456,0.045953740839908885,3120.46,3093.08,2980.0214838709676,1.003840224415822
1.66,265357,60.83,2.280344086021505,0.9725842696629211,-0.6543940197515972,2936.4,658880000,2920.3,2770.6531182795698,1.0047717454644827,0.03546331245795553,1516.7,1759160064,1529.4,1428.000430107527,1.0055404501928111,0.04196977963196935,3110.29,3120.46,2990.30223655914,1.0034498921379646
1.47,143656,60.83,2.2111397849462366,0.9696518163642539,-0.7145525551375713,2975.7,433142016,2936.4,2785.8195698924733,1.0054739626237734,0.05341334699471312,1543.0,1210589952,1529.4,1437.2690322580645,1.0064906157975313,0.04889174672471963,3140.98,3120.46,3002.1965161290314,1.0039776178556379
1.5,51407,59.92,2.152709677419355,0.9735746659145287,-0.6635596232986076,2948.8,620979008,2975.7,2798.599569892473,1.0045875189255322,0.05507470793242808,1536.8,1620630016,1543.0,1445.7948387096774,1.0059319488977079,0.060052171232032325,3145.91,3140.98,3013.9887741935486,1.0039278768065862
1.37,154056,59.92,2.092021505376344,0.9718084734418235,-0.6092257268148733,2985.9,623864000,2975.7,2813.0950537634412,1.0051795490955233,0.10722364320954192,1566.9,1800710016,1543.0,1455.82688172043,1.0069387735674211,0.0787114892018852,3168.8,3145.91,3026.6889677419354,1.0042137494529273
1.59,234609,59.92,2.0498064516129033,0.9798209274355207,-0.580628817038342,3044.9,713427008,2985.9,2830.6546236559143,1.0062420819619946,0.1244484300612454,1597.0,2230720000,1566.9,1467.2703225806451,1.0078604406910605,0.10462072784783993,3221.22,3168.8,3042.106,1.0050936955935603
1.35,90018,59.92,1.9950322580645163,0.9732783583029083,-0.5408678336574972,3068.3,326804000,3044.9,2848.7610752688174,1.006396559813969,0.14713485607839694,1614.7,915790016,1597.0,1479.181075268817,1.0081176266601122,0.10562623728084075,3240.02,3221.22,3057.8861290322575,1.0051872383908573
1.42,113003,53.62,1.9469462365591397,0.9758971208054413,-0.5985597450296186,3075.2,446115008,3068.3,2866.169892473118,1.00611101343508,0.11850698842344132,1621.7,1195389952,1614.7,1490.7776344086024,1.0078398509375721,0.09012536300163054,3234.85,3240.02,3072.2833333333333,1.004708221200386
1.6,139128,51.31,1.9126881720430104,0.9824042062010536,-0.48113885826582936,3155.4,787203968,3075.2,2887.872903225806,1.0075721299039817,0.152351676718526,1656.8,1793580032,1621.7,1504.0193548387097,1.0088824249334545,0.11362401538472455,3265.35,3240.02,3087.870838709677,1.005073589797928
1.64,71169,51.31,1.882903225806452,0.98442770407016,-0.49304921700223736,3249.6,757361984,3155.4,2914.5946236559143,1.009253080494041,0.1243182594417176,1705.8,1797890048,1656.8,1519.7219354838708,1.0104404112850296,0.11180242992514122,3329.62,3265.35,3106.7910967741936,1.0061272828601933
1.44,104749,51.31,1.842064516129032,0.9783107760836043,-0.5292814569686736,3235.2,554088000,3249.6,2939.3569892473115,1.008495989593344,0.09859608451617707,1711.1,1570230016,1705.8,1535.0556989247311,1.0100898480720937,0.12637472381606552,3295.47,3329.62,3122.692731182796,1.005118346845114
1.45,63814,51.31,1.8040645161290323,0.9793709722611377,-0.4910876126395691,3279.8,672926016,3249.6,2965.898279569893,1.0090296246490897,0.12608350633233156,1673.9,2124070016,1711.1,1547.261505376344,1.007951376917569,0.11429486538947842,3225.52,3329.62,3133.320795698925,1.0034034935330007
1.36,41544,51.31,1.7625806451612902,0.9770053284697635,-0.45346329899247173,3469.0,965958976,3279.8,3003.6232258064524,1.0127195684681507,0.15380221608558808,1748.7,1852189952,1711.1,1563.7109677419357,1.010631339504301,0.1234200944888888,3327.71,3329.62,3150.0361505376345,1.0053347090606408
1.35,84190,51.31,1.7226451612903229,0.9773426061493413,-0.42495640532140133,3534.9,805489984,3469.0,3044.268387096774,1.0135320438799074,0.12182446422320847,1788.5,1956790016,1748.7,1582.0309677419355,1.011715720090174,0.12829458832749863,3380.16,3329.62,3169.4602365591404,1.0061663057480121
1.34,118456,51.31,1.683956989247312,0.977541415427637,-0.35461220668520943,3425.5,645339008,3534.9,3076.274623655914,1.01051360540181,0.05906271886945946,1743.3,1608930048,1788.5,1596.6318279569894,1.0092291873628074,0.0997817231253526,3337.75,3380.16,3185.2803440860216,1.0049914200987282
1.41,182029,51.31,1.651505376344086,0.9807289538210051,-0.30902770651826805,3107.4,1282535936,3534.9,3086.574623655914,1.0033482056253349,0.16006080762942632,1549.2,3533360128,1788.5,1598.0778494623655,1.0009056699735384,0.11010701530418632,2954.22,3380.16,3175.6858494623652,0.9969878649326832
1.51,218043,51.31,1.6268172043010753,0.9850511100983138,-0.2456551169142709,3058.0,1256824064,3534.9,3092.9034408602156,1.00205043388739,0.11186797928072156,1557.9,3242299904,1788.5,1599.7344086021506,1.0010365947693614,0.11477723864676315,2972.37,3380.16,3167.2146451612903,0.9973324803829355
1.13,80784,51.31,1.5788602150537634,0.9705209724113315,-0.5443996183212647,2929.4,1474589952,3534.9,3090.26623655914,0.9991473370082506,0.16855633348974042,1476.9,3856780032,1788.5,1595.7713978494623,0.997522707062261,0.13905941357195106,2711.02,3380.16,3141.766623655914,0.9919651730758904
0.95,140111,51.31,1.5221290322580645,0.9640682675674571,-0.6219402857651519,2582.4,1692989056,3534.9,3064.7666666666673,0.9917484229705512,0.258240106698738,1251.7,4051510016,1788.5,1577.050752688172,0.9882685921138082,0.1168655292901154,2304.92,3380.16,3090.5006666666673,0.9836824426730999
1.27,66353,51.31,1.4899999999999998,0.9788920442504131,-0.4370130542756818,2810.6,1357933056,3534.9,3054.2004301075267,0.9965523520357806,0.22645685846627295,1383.0,3586540032,1788.5,1567.0148387096774,0.9936362771068795,0.12416232648445014,2541.47,3380.16,3055.6620000000003,0.9887271771067945
1.11,44685,51.31,1.4501505376344088,0.9732553943855095,-0.5188233457464226,2788.9,1128832000,3534.9,3042.08129032258,0.9960319762693112,0.2699410803379839,1355.6,2762619904,1788.5,1555.2333333333333,0.9924815610641918,0.11461900487198906,2488.65,3380.16,3018.2435268817203,0.9877543808450411
1.15,63312,51.31,1.4159139784946237,0.9763910309645272,-0.598117558117558,3046.4,916078016,3534.9,3046.5174193548387,1.0014582545990374,0.19428719903278024,1499.2,2264859904,1788.5,1552.8694623655915,0.9984800538175996,0.12715410087637513,2789.82,3380.16,3001.3092688172046,0.9943893665591619
1.41,7877409,51.31,1.4018924731182796,0.990097205346294,-0.4768239158015496,3270.5,956915968,3534.9,3064.7043010752686,1.0059697284528515,0.30381303513595137,1571.0,2398159872,1788.5,1554.9703225806454,1.0013528891294272,0.15322120086185775,2874.56,3380.16,2990.31,0.9963351764739862
1.63,507353,51.31,1.4044301075268817,1.0018101491071976,-0.41736515577098143,3206.6,1207216000,3534.9,3077.6615053763444,1.004227880744165,0.34308038076843617,1558.5,2306160128,1788.5,1555.9191397849463,1.0006101834810108,0.15639037723482585,2836.74,3380.16,2977.123440860215,0.9955902367514455
1.8,250586,51.31,1.4200645161290322,1.0111322083728906,-0.28328111002341394,3218.7,966899968,3534.9,3090.3165591397847,1.0041119056599737,0.3443030063428567,1561.7,2352229888,1788.5,1556.7309677419355,1.0005217674467977,0.14523374625941265,2830.71,3380.16,2963.816774193548,0.9955303611250926
1.67,161189,51.31,1.4285161290322583,1.0059515696697108,-0.327770105522486,3445.6,800497024,3534.9,3116.5589247311827,1.0084918049944704,0.39526479482196175,1665.4,1886520064,1788.5,1563.9163440860218,1.0046156827948947,0.17653264217080622,2929.8,3380.16,2957.1638709677422,0.9977552919992444
1.48,88946,51.31,1.4256129032258062,0.9979676632643841,-0.4668685054137679,3408.6,888006016,3534.9,3138.9449462365587,1.0071829290079304,0.49499608601225586,1640.7,2333289984,1788.5,1569.0064516129032,1.0032547185443326,0.19660732839625938,2863.7,3380.16,2946.333483870968,0.9963375762827679
1.51,183430,51.31,1.426064516129032,1.000316785083948,-0.4633897645456314,3471.0,740612992,3534.9,3163.7926881720427,1.0079159534050686,0.43889827465603415,1694.5,1881289984,1788.5,1577.0924731182797,1.0051535935349816,0.1866445480462149,2955.45,3380.16,2941.685892473118,0.998422584740223
1.49,76725,51.31,1.4268172043010754,1.0005278079382316,-0.36806425462923464,3505.3,908507008,3534.9,3189.2772043010755,1.0080550524768288,0.36507824253403676,1718.5,2068460032,1788.5,1586.212258064516,1.005782657074131,0.16453011443518284,3044.31,3380.16,2942.9155053763443,1.0004179959887534
1.25,188447,51.31,1.4131827956989247,0.9904441798423439,-0.5289496712253419,3560.6,1254112000,3534.9,3216.8286021505373,1.0086387592186423,0.26630459484097146,1781.2,2028979968,1788.5,1598.8752688172044,1.007983175447238,0.1473101683968978,3193.93,3380.16,2953.846623655914,1.0037143840044336
1.32,301312,51.1,1.4053548387096775,0.9944607611888059,-0.4943452388108146,3540.7,1039308032,3560.6,3241.5729032258064,1.0076921415889946,0.28929916196923344,1745.1,2312290048,1788.5,1608.6251612903225,1.006097969405913,0.1664005503287761,3041.31,3380.16,2954.71440860215,1.000293781315281
1.62,619834,48.51,1.4181935483870969,1.0091355644309783,-0.1647927070314732,3696.8,1053804992,3560.6,3275.053978494624,1.010328651018615,0.33161811005562825,1793.7,2262739968,1788.5,1621.0466666666666,1.0077218146745763,0.1866683422391151,3097.74,3380.16,2959.393053763441,1.001583450890438
1.42,224872,46.55,1.4182150537634413,1.000015163921997,-0.1745167946696753,3705.0,1145778048,3696.8,3307.4288172043016,1.0098852840051689,0.3666302976180629,1785.7,2293139968,1793.7,1632.3563440860216,1.006976774729509,0.1992938059830961,3009.05,3380.16,2958.376752688172,0.9996565846250208
1.37,100478,42.98,1.4151182795698924,0.9978164283439729,-0.20700976145093264,3869.6,701307008,3705.0,3348.8546236559137,1.0125250787669644,0.3819880032484878,1851.3,1454979968,1793.7,1647.3763440860216,1.0092014222595556,0.20970019916012295,3130.01,3380.16,2965.448043010753,1.002390260238543
1.35,132515,42.98,1.411010752688172,0.9970973967752231,-0.1117049231247087,3995.2,913369984,3869.6,3396.4034408602147,1.0141985313033364,0.4001255283400523,1901.3,1743670016,1851.3,1664.9458064516127,1.0106651175541426,0.2082900548520903,3185.04,3380.16,2976.103849462366,1.0035933209070136
1.45,300119,39.69,1.4133978494623656,1.0016917637017617,-0.15346698113207558,3804.6,903294976,3995.2,3429.4849462365596,1.009740157773473,0.33571910536239,1879.1,1852460032,1901.3,1680.3638709677418,1.0092604002222683,0.17555405768720966,3224.73,3380.16,2989.2853763440853,1.004429121948853
1.38,172993,39.13,1.411569892473118,0.9987066932428523,-0.06149948217191903,3785.3,955646976,3995.2,3459.6875268817203,1.0088067395304663,0.33049725227875715,1850.2,2333880064,1901.3,1693.310752688172,1.0077048084311488,0.1533752571664967,3215.63,3380.16,3001.8722580645153,1.0042106658066297
1.41,248746,28.35,1.4116129032258065,1.000030470154484,-0.06674858920701943,3876.9,774236992,3995.2,3494.2578494623654,1.0099923251195475,0.32026512714601163,1942.4,2369809920,1901.3,1711.6995698924734,1.0108596825332319,0.18654317540919552,3271.12,3380.16,3018.0915913978497,1.0054030724624479
1.51,317633,28.35,1.4181290322580644,1.004616087751371,-0.11207124010554093,3959.7,981625984,3995.2,3532.446021505376,1.0109288363046494,0.31106817797235775,1999.4,2175269888,1942.4,1733.0761290322578,1.0124884994515289,0.1804684533578016,3351.28,3380.16,3039.4045376344084,1.00706172943767
1.43,533834,28.35,1.4196774193548387,1.0010918520540468,-0.17948059682592443,3903.9,754153024,3995.2,3565.3045161290324,1.0093019099014156,0.2969115537616277,2001.5,2091820032,1999.4,1753.8513978494625,1.0119875108018512,0.16036628434043876,3372.85,3380.16,3061.9243010752693,1.0074092682175135
1.38,154641,28.35,1.4184516129032259,0.9991365598727562,-0.1468595202315357,4020.6,678257024,3995.2,3604.28494623656,1.010933268092861,0.34717130134423757,2071.2,1831600000,2001.5,1778.4875268817204,1.0140468736761086,0.17959190804138725,3397.16,3380.16,3085.9194838709677,1.0078366348858696
1.41,268983,28.35,1.419290322580645,1.000591285363413,-0.1653990282883926,4357.6,935972992,4020.6,3663.318279569892,1.016378653245763,0.39893202273717454,2164.4,2001350016,2071.2,1808.3621505376348,1.0167977695678836,0.20544858028771995,3508.01,3397.16,3116.8475913978496,1.0100223313305912
1.32,189769,28.35,1.4144086021505378,0.9965604497174115,-0.13060890534837666,4101.6,1243518976,4357.6,3703.517634408602,1.0109734813551143,0.27655449285591505,2074.5,3437110016,2164.4,1831.3819354838708,1.012729632136678,0.15648451485262438,3426.96,3508.01,3141.9391612903223,1.0080503037625974
1.16,166599,28.28,1.399290322580645,0.9893112361258931,-0.2761334732741423,3941.2,961612992,4357.6,3732.0081720430103,1.0076928316392255,0.26637774479543797,1984.0,2410500096,2164.4,1847.8623655913977,1.0089989039359901,0.12090360293740321,3340.97,3508.01,3161.2695483870975,1.0061523747292538
1.21,151920,28.28,1.3878064516129034,0.9917930748305595,-0.2242629742363852,3905.3,1110301056,4357.6,3757.3088172043017,1.0067793648874679,0.29266042059948716,1963.3,2988819968,2164.4,1862.5868817204303,1.0079684052249855,0.1316741849487908,3319.47,3508.01,3179.29711827957,1.0057026361139214
1.28,116144,28.28,1.3811182795698926,0.9951807602311995,-0.18976156525862053,4041.0,847931008,4357.6,3790.3324731182797,1.0087891779783356,0.3546382162415138,2005.2,2595620096,2164.4,1879.541505376344,1.0091027290175334,0.17782063297014927,3298.46,3508.01,3196.0085161290317,1.0052563183709313
1.27,166511,28.28,1.3740645161290321,0.9948927158917503,-0.24671495184747083,4047.2,768291968,4357.6,3821.748387096774,1.0082884322684886,0.3765986335837951,2021.4,2334060032,2164.4,1896.5606451612905,1.0090549422485557,0.1709939530948319,3348.44,3508.01,3215.2041290322577,1.0060061206991011
1.35,94885,28.28,1.3726881720430106,0.998998341002285,0.07382215196418818,4252.4,635449984,4357.6,3864.2756989247314,1.0111277110684578,0.4017842258819575,2114.1,2124440064,2164.4,1918.5636559139784,1.0116015329163475,0.1488531870267411,3477.13,3508.01,3241.893569892472,1.0083010097614697
1.29,47168,28.28,1.3669677419354838,0.9958326805577314,0.21362579520852143,4317.4,758828032,4357.6,3908.151397849463,1.011354184417261,0.3401497733253205,2130.5,2361230080,2164.4,1940.2544086021505,1.0113057247912052,0.1906183887571824,3483.81,3508.01,3267.366430107527,1.0078574017517483
3.45,265057408,28.28,1.499870967741935,1.097224844251463,1.5523384309295385,4246.8,1232258944,4357.6,3943.741075268817,1.0091065247469526,0.37200632099721376,2083.5,2057490048,2164.4,1957.0230107526884,1.0086424759950003,0.14296995452449957,3465.39,3508.01,3289.1156559139777,1.006656500356385
2.47,48912584,28.28,1.5648602150537634,1.043329892177105,1.0555161312850736,3956.0,1090397952,4357.6,3957.4808602150533,1.003483947014777,0.25597353255289845,1948.7,2894279936,2164.4,1963.588387096774,1.0033547772857103,0.12356911206028531,3269.96,3508.01,3296.2695698924726,1.0021750265806653
2.09,7288196,28.28,1.602408602150538,1.0239947228101038,0.6777137002237772,4355.1,822729024,4357.6,3994.459139784946,1.0093438934706265,0.42850058773509425,2137.7,2440580096,2164.4,1981.0718279569894,1.008903821684373,0.16794885300969997,3509.44,3508.01,3317.1935698924735,1.0063477818049582
1.84,3841930,28.28,1.6218064516129034,1.012105432681984,0.17909209616714028,4195.0,961084992,4357.6,4018.293978494623,1.0059669752213214,0.19970661321585603,2129.2,2489210112,2164.4,1996.6337634408603,1.0078553110817388,0.10811551451985846,3585.15,3509.44,3341.454516129033,1.007313696269267
2.07,12271412,27.3,1.6551182795698927,1.020539952793911,0.15374504642841558,4171.5,810352000,4357.6,4038.6245161290326,1.0050594948361709,0.18666252353934887,2109.7,1958790016,2164.4,2009.7372043010753,1.0065627663421024,0.09957891516989781,3557.54,3585.15,3362.4060215053764,1.0062701752411147
2.22,5143173,27.16,1.6971612903225806,1.0254018164572585,0.11102780381130906,4279.1,766940992,4357.6,4063.8219354838707,1.0062391091952736,0.21231939854859028,2153.9,1546610048,2164.4,2024.5068817204303,1.0073490590649097,0.09388857292940855,3638.35,3585.15,3387.0209677419343,1.0073206347119072
2.24,6194410,26.39,1.7395913978494626,1.0250006335690212,0.24003007628464657,4271.9,1346444032,4357.6,4086.2744086021507,1.0055249647929287,0.12354302338111345,2213.9,2578439936,2164.4,2041.8739784946235,1.008578433064863,0.06676582947664422,3699.12,3638.35,3413.8196989247317,1.0079121834314075
1.98,5046572,26.39,1.764021505376344,1.014043589521702,0.23296316461009692,4262.8,1006764992,4357.6,4106.362795698925,1.0049160641425563,0.0816314068999946,2182.2,2076589952,2213.9,2056.016344086021,1.0069261696560843,0.05076699149159003,3663.46,3699.12,3436.663333333334,1.0066915175443498
2.0,2471634,26.39,1.7886666666666668,1.0139710095456376,0.2002365622616744,4425.9,1165693056,4357.6,4135.136774193548,1.0070071690998081,0.16565431877620052,2252.1,2566830080,2213.9,2073.503870967742,1.0085055388455557,0.07395626169897684,3709.41,3699.12,3460.7515698924735,1.0070091929941172
2.03,4772064,25.27,1.8141935483870968,1.0142714582857417,0.2535537952083706,4472.9,739318976,4425.9,4164.8894623655915,1.007195091673321,0.23100250470977723,2270.6,1429090048,2252.1,2090.9858064516134,1.0084311081974071,0.104881255136964,3703.06,3709.41,3482.808709677419,1.0063735114582728
2.02,2357420,25.27,1.837913978494624,1.0130749170222855,0.49320780218092475,4431.9,552267008,4472.9,4189.916129032258,1.006008962997172,0.25128805034926127,2291.3,1424579968,2270.6,2108.615913978495,1.0084314812049344,0.11037736361927308,3756.07,3709.41,3506.869182795699,1.0069083533216812
2.1,3347854,25.27,1.865139784946237,1.014813428033184,0.44125565675660194,4404.3,860542016,4472.9,4211.288387096774,1.0051008796850196,0.23357947146889257,2301.2,2472829952,2291.3,2125.7877419354836,1.0081436490368647,0.06108718203334207,3824.68,3756.07,3534.1472043010754,1.0077784542517865
2.08,7141678,25.27,1.8893978494623656,1.0130060302782227,0.14962343015174184,4283.2,788521024,4472.9,4222.990537634409,1.002778757819932,0.12153229861808534,2240.9,2412689920,2301.2,2137.8733333333334,1.0056852296019199,0.03286570573152936,3768.25,3824.68,3556.099913978494,1.0062116002555588
2.26,3883691,23.73,1.9242795698924728,1.0184618186371033,0.44668367514391916,4469.3,589267968,4472.9,4245.438064516129,1.005315552256552,0.11137354468308969,2339.1,1942419968,2301.2,2155.3326881720427,1.0081666928374502,0.03326767298407529,3841.47,3824.68,3581.3345376344087,1.0070961514767123
2.16,6084437,23.17,1.9509032258064518,1.0138356485879372,0.4085192207714501,4464.9,946420992,4472.9,4265.9580645161295,1.0048334234743663,0.11871519585127666,2269.1,2957319936,2339.1,2167.085806451613,1.0054530413536937,0.03902489668033793,3714.24,3841.47,3596.570623655914,1.0042543040482248
2.78,13043915,23.17,2.015827956989247,1.0332793192014726,0.8719968281057409,4746.6,860745024,4472.9,4303.372043010752,1.0087703577786733,0.10110716515257301,2379.9,2065459968,2339.1,2185.088817204301,1.0083074748120686,0.03138304366924727,3886.83,3841.47,3621.6851397849455,1.006982906428653
2.52,12037738,23.17,2.060903225806452,1.0223606725270975,0.5475516836810379,4827.5,658691008,4746.6,4344.3894623655915,1.0095314602002532,0.1699030522759195,2434.5,1929389952,2379.9,2205.5851612903225,1.0093800965547228,0.07536254453241176,3934.83,3886.83,3648.3872043010747,1.007372828803587
2.63,13601970,23.17,2.1107741935483872,1.0241985975457049,0.7439939990072542,4754.3,545004032,4827.5,4378.484516129032,1.007848065662344,0.15842591441031728,2387.8,1625479936,2434.5,2221.8741935483868,1.0073853562963466,0.07565039699467624,3906.71,3934.83,3671.7479784946236,1.0064030413674319
1.99,12014906,23.17,2.1166666666666667,1.0027916169982984,0.21583347042130252,4510.1,1027969984,4827.5,4394.7408602150535,1.003712778708281,0.13023322782655455,2293.4,2749929984,2434.5,2230.9167741935485,1.0040697986733085,0.015614039040802385,3811.15,3934.83,3687.4573978494623,1.0042784579570407
1.65,10747516,22.4,2.0993763440860214,0.9918313436626872,-0.15078340155826964,4398.2,1039904000,4827.5,4402.416129032258,1.00174646675682,0.09845776300500053,2262.3,2716219904,2434.5,2237.198064516129,1.0028155646123782,-0.014920283179556515,3841.94,3934.83,3703.9919139784947,1.0044839883814456
1.99,5394842,21.91,2.103720430107527,1.0020692269081448,0.19386130419229697,4483.5,941651008,4827.5,4414.651612903226,1.0027792656378574,0.0586010190387003,2304.3,2544179968,2434.5,2245.6236559139784,1.003766135654901,-0.017855288581594353,3943.34,3934.83,3726.013182795699,1.0059452799381388
1.96,2672706,21.91,2.1049247311827957,1.0005724625088168,0.25289296732506994,4380.4,845440000,4827.5,4418.989032258065,1.0009825054693242,0.010887493253888936,2273.1,2710459904,2434.5,2251.3851612903227,1.0025656593709151,-0.054394196313690024,3913.1,3943.34,3744.856623655914,1.0050572662885955
1.84,2486678,21.91,2.0971397849462363,0.9963015560028197,0.09707059504806859,4460.0,1109581952,4827.5,4427.688172043011,1.0019685814382981,-0.07972834170643206,2330.6,2324590080,2434.5,2260.4221505376345,1.004013968557087,-0.05620190436827932,3974.54,3943.34,3766.5543870967736,1.0057940171337394
1.83,768612,21.49,2.0877849462365594,0.9955392393121202,0.16792159037583687,4592.4,862033984,4827.5,4444.709032258064,1.0038441867524739,0.0017671966136063588,2380.0,1728429952,2434.5,2272.2888172043013,1.0052497568491108,-0.025748998570663595,4019.87,3974.54,3790.1733763440857,1.0062707150408408
1.72,1992891,21.49,2.0702365591397847,0.9915947343482826,0.3111951369540835,4819.9,969028992,4827.5,4475.35182795699,1.0068942186038572,0.07870156082506141,2491.0,1936809984,2434.5,2290.659784946237,1.0080847855267527,0.01973559271274028,4128.8,4019.87,3819.5450322580646,1.007749422782952
1.52,1909682,21.49,2.0385806451612902,0.9847090353811315,0.03765530074982215,4917.5,1282023936,4827.5,4510.401720430107,1.0078317624670678,0.08334108687293829,2517.3,2057059968,2491.0,2309.6372043010747,1.008284695736815,0.021292944868531727,4185.47,4128.8,3850.8785591397855,1.0082034709938206
1.55,984673,19.32,2.0081935483870965,0.9850939932907146,-0.016127236328857597,4906.9,1019318976,4917.5,4542.590967741935,1.0071366697041695,-0.01180790884886096,2505.7,2049590016,2517.3,2326.6748387096777,1.0073767578634754,-0.017708555658551894,4180.17,4185.47,3880.007784946237,1.0075643065235893
1.79,1910161,19.32,1.9927096774193551,0.99228965207055,0.17247838305490681,4767.3,1011310976,4917.5,4563.911612903225,1.0046934987791536,-0.004540759310230014,2452.6,2264250112,2517.3,2339.2103225806454,1.0053877248605652,-0.035374425460594994,4181.17,4185.47,3907.305376344086,1.0070354475843475
1.59,5357758,19.32,1.9632043010752689,0.9851933391610277,-0.02217753946976475,4670.8,1094899968,4917.5,4577.457849462365,1.0029681198296745,-0.05775613392036116,2440.4,2120150016,2517.3,2350.031397849463,1.0046259522559218,-0.06292362596404666,4232.6,4185.47,3936.1302150537635,1.0073771655740529
1.41,899063,19.32,1.9215698924731182,0.9787926256175442,-0.08339956842757612,4618.6,1499974016,4917.5,4586.736559139785,1.0020270442639925,-0.10201438256531459,2386.0,2354180096,2517.3,2356.6410752688175,1.0028125911106565,-0.07814560301268902,4173.85,4232.6,3959.540064516129,1.0059474275959759
1.55,1008326,19.32,1.8887096774193548,0.9828992870972436,-0.7295798466275984,4634.3,947548032,4917.5,4596.380430107527,1.002102556107899,-0.10665309232682119,2389.2,2013330048,2517.3,2362.9077419354835,1.0026591519312933,-0.0525231530948147,4155.86,4232.6,3980.3053118279568,1.0052443584288786
1.59,749537,19.32,1.8625161290322583,0.9861315115286081,-0.5143313144753359,4743.9,1059716992,4917.5,4612.261935483871,1.0034552199535782,-0.07757682229866658,2426.9,1951810048,2517.3,2370.9492473118275,1.0034032244397986,-0.0402819119112372,4204.11,4232.6,4002.6985806451607,1.0056260178712069
1.62,561628,19.32,1.8401505376344087,0.9879917327698684,-0.4160061725511103,4759.9,827214976,4917.5,4627.48129032258,1.0032997594350879,-0.16726714114326713,2455.6,1412610048,2517.3,2379.813978494624,1.0037388953782318,-0.05657793124575683,4229.89,4232.6,4024.7461505376345,1.005508176408557
1.66,2205328,19.32,1.8213763440860213,0.9897974686502973,-0.28316170046656886,4920.9,911868992,4917.5,4652.217204301075,1.0053454379232662,-0.04836462956290011,2489.5,1649369984,2517.3,2390.1821505376342,1.004356715330149,-0.015512975907786997,4247.44,4232.6,4046.376623655914,1.0053743695401485
1.64,1923330,19.32,1.8016989247311828,0.9891964011618297,-0.374454512381871,4972.0,1124103936,4920.9,4678.688817204301,1.0056901068330928,-0.01645234497655812,2491.9,2223960064,2517.3,2399.930322580645,1.0040784222410908,0.010002789962085146,4166.45,4247.44,4061.3576559139788,1.0037023326426122
3.81,286219200,19.32,1.9229462365591397,1.0672961004547679,0.5670860839963134,5082.5,1112032000,4972.0,4710.567956989247,1.00681369097849,-0.04088065331127866,2550.5,1800039936,2517.3,2412.6372043010747,1.0052946877669207,0.007581301341469393,4280.7,4247.44,4082.4001720430106,1.0051811531787629
20.29,992578944,19.32,3.1039999999999996,1.6141896954717783,7.901179831315181,5248.2,746259968,5082.5,4751.409677419355,1.0086702327199226,0.016581588367788003,2633.3,1771680000,2550.5,2429.8331182795696,1.0071274346378474,0.012851505502002203,4352.34,4280.7,4106.683225806452,1.005948229654147
17.36,92240104,20.29,4.057204301075268,1.3070890145216716,7.59412074819173,5285.4,695649024,5248.2,4792.551827956989,1.008658935627706,-0.040949449413547834,2656.4,1567229952,2633.3,2447.617419354839,1.0073191450645227,0.02456507989955825,4369.55,4352.34,4130.67182795699,1.0058413568399414
8.78,43232488,20.29,4.423784946236559,1.090353016007633,3.216788411368941,5253.0,764076992,5285.4,4829.404516129032,1.0076895753024655,-0.09965111370028246,2640.2,1878550016,2656.4,2463.3367741935485,1.0064223087784907,0.0057921312651714185,4327.16,4369.55,4150.40711827957,1.0047777434626999
7.84,82024848,20.29,4.715139784946236,1.0658609860674944,2.6544500495880383,5462.9,961457024,5285.4,4878.020430107527,1.0100666477235711,-0.07046772708154059,2713.4,2061810048,2656.4,2482.9440860215054,1.00795965538832,0.0036214694889098453,4411.8,4369.55,4174.274559139784,1.0057506264277294
8.28,75617216,20.29,5.022387096774193,1.0651618670582979,2.862295585963767,5395.0,734212992,5462.9,4920.126666666666,1.0086318286613265,-0.055352588979014516,2693.6,2224369920,2713.4,2500.3217204301077,1.0069988021504128,0.005401973531223847,4395.26,4411.8,4195.550731182796,1.0050969747537153
5.87,23776152,20.29,5.1606881720430104,1.0275369207119949,1.5529114303984128,5494.2,660990016,5462.9,4966.561720430108,1.0094377760796351,-0.06764896456966585,2718.6,2352310016,2713.4,2518.447096774193,1.0072492176490662,0.02141207275860446,4436.52,4411.8,4218.11423655914,1.0053779603256003
5.18,13808411,20.29,5.24636559139785,1.0166019368926376,1.2406094199775457,5525.0,904336000,5494.2,5012.64,1.0092777019925772,-0.0013232626093779842,2720.6,1946099968,2718.6,2535.803870967742,1.0068918557851705,0.028369499029929468,4468.0,4436.52,4241.392924731183,1.0055187429421142
5.49,39698996,20.29,5.34537634408602,1.0188722556526584,1.2072074749610784,5638.3,874372992,5525.0,5063.357419354839,1.0101179058050924,-0.019037795399060142,2732.6,2171470080,2720.6,2552.9032258064517,1.0067431693099294,0.011984824052936993,4441.67,4468.0,4261.46806451613,1.0047331478458152
6.92,43356680,20.29,5.529698924731183,1.03448261989057,1.998606053918864,5697.2,864784000,5638.3,5115.360860215054,1.0102705451251437,-0.002149340236459185,2771.7,1973010048,2732.6,2571.6789247311826,1.007354645775419,0.00742141370481586,4509.37,4468.0,4284.620193548388,1.0054328998086455
5.93,15678000,20.29,5.639913978494622,1.019931474617996,0.9482519701324861,5732.7,903158976,5697.2,5167.004516129032,1.0100957991674915,-0.0807112059174191,2796.1,1830089984,2771.7,2590.947956989247,1.0074927830503095,0.008010094007757207,4535.43,4509.37,4307.743655913979,1.005396852304531
5.8,5023771,20.29,5.734967741935483,1.0168537612104205,1.1150441647189133,5622.4,648371968,5732.7,5209.411397849463,1.008207246885126,-0.05988709263981096,2746.4,1463980032,2796.1,2606.1154838709676,1.0058540453662164,-0.004989475252288322,4458.58,4535.43,4324.514215053764,1.0038931191081348
5.66,5480178,20.29,5.813935483870968,1.0137695180668678,0.934363711623762,5657.8,1285927936,5732.7,5252.392688172044,1.0082506999428618,-0.04102930585435405,2727.7,2240069888,2796.1,2619.405806451613,1.0050996675561379,0.007636789074330075,4432.99,4535.43,4338.507462365591,1.0032357963498226
10.21,264005408,20.29,6.179935483870968,1.0629521949487326,3.969226615886631,5697.3,1041203008,5732.7,5295.97935483871,1.0082984402070354,0.025825058990564642,2753.6,1845880064,2796.1,2633.636129032258,1.0054326529114335,0.031598315820551726,4455.48,4535.43,4352.819892473119,1.0032989294663386
8.57,39400988,20.29,6.422451612903226,1.039242501748635,4.056214090918607,5469.6,991280000,5732.7,5322.322580645161,1.0049741934477865,0.01715820706436877,2661.5,2120470016,2796.1,2640.9348387096775,1.002771343237952,0.042382094300789985,4357.05,4535.43,4359.396344086021,1.0015108485476907
7.94,10399988,20.29,6.609440860215054,1.0291149328297238,2.7811762367622705,5515.3,934145024,5732.7,5349.310107526881,1.005070629687096,0.07880523865318367,2668.5,1831629952,2796.1,2647.826666666667,1.0026096168129452,0.04443798970680346,4391.36,4535.43,4367.078580645161,1.0017622248478422
7.47,6742556,20.29,6.75331182795699,1.021767494525589,2.571998399463318,5744.1,752248000,5732.7,5388.840000000001,1.0073897178661408,0.1072556969405547,2737.9,1791309952,2796.1,2658.4126881720426,1.0039980039625112,0.06181152627633102,4471.37,4535.43,4378.959268817204,1.0027205116538773
6.56,4702378,20.29,6.826623655913979,1.0108556853029496,2.3621118787076902,5856.9,839547008,5744.1,5432.714623655914,1.0081417566036313,0.12082624040734369,2782.0,1857330048,2796.1,2670.844301075269,1.0046763292089815,0.05018063072805723,4544.9,4535.43,4394.383247311828,1.0035222932089045
6.3,3014231,20.29,6.873010752688172,1.0067950276904467,2.159613771796628,6101.6,978764992,5856.9,5489.372258064516,1.010428973051869,0.13759762650816287,2836.9,2368130048,2796.1,2685.8470967741932,1.005617248333377,0.04632082598180931,4605.38,4544.9,4412.482580645161,1.0041187425662985
7.37,16461964,20.29,6.978817204301074,1.015394483643361,3.0475348628917196,6162.8,874942016,6101.6,5546.732688172044,1.010449360584584,0.08394547679098818,2931.7,2399820032,2836.9,2705.983440860215,1.007497204181953,0.03916985569674547,4697.53,4605.38,4435.267913978494,1.0051638353051586
6.34,8006252,20.29,7.006021505376344,1.0038981248940728,3.0264133035157057,6190.8,1080209024,6162.8,5603.011612903227,1.010146319986033,0.09524121810004194,2936.4,2316699904,2931.7,2725.4752688172043,1.0072032325337485,0.047652981941293415,4682.85,4697.53,4455.883075268817,1.004648008122655
5.45,3980598,20.29,6.965440860215053,0.9942077475597028,2.321178549313939,6238.1,911392000,6190.8,5659.603870967742,1.0101003285329961,0.13146944332982136,3005.8,2480750080,2936.4,2748.543225806452,1.0084638291358479,0.07571677828137235,4697.96,4697.53,4476.403440860216,1.0046052298152282
5.31,2958828,20.29,6.907440860215055,0.9916731760180062,1.741089292559997,5955.1,857326016,6238.1,5695.075268817204,1.0062674700664866,0.13195357972156252,2908.6,2044780032,3005.8,2764.2647311827955,1.0057199411050668,0.08704133541636394,4594.62,4697.96,4489.143182795699,1.0028459771563922
4.68,4141413,20.29,6.801225806451611,0.9846230961780341,1.7096719044390498,5720.9,1388157056,6238.1,5712.882580645161,1.003126791304315,0.09697945929633,2895.7,3252819968,3005.8,2778.173333333333,1.0050315738552966,0.11431195193096255,4538.43,4697.96,4497.368623655913,1.0018322963927142
4.81,4050904,20.29,6.696752688172044,0.984639075182526,2.106961497776929,6029.1,1093100032,6238.1,5748.315483870968,1.006202281024618,0.13506590408681918,3068.9,2615810048,3005.8,2802.276989247312,1.0086760806551471,0.1572727221790169,4712.02,4697.96,4516.135720430108,1.0041729060578848
4.35,2032228,20.29,6.555290322580644,0.9788759758380724,1.5283513819851702,5715.1,1311256064,6238.1,5760.456989247313,1.002112184936685,0.05477844674031762,2944.9,3316379904,3068.9,2816.9120430107528,1.005222557876897,0.12075105295958477,4620.64,4712.02,4527.849978494624,1.002593867587177
4.3,2747540,20.29,6.404580645161291,0.977009458009783,1.5389357752149937,5874.6,747123008,6238.1,5780.564516129032,1.0034906131439316,0.07826226223221289,3041.1,1755000064,3068.9,2836.558494623656,1.006974463992104,0.12899434486249373,4725.78,4712.02,4545.347935483872,1.0038645178334873
3.71,7484606,20.29,6.209978494623655,0.9696151611917544,1.1165851807202016,5870.4,640998976,6238.1,5797.969462365591,1.0030109423029525,0.0658936297435373,3055.4,1630649984,3068.9,2855.8066666666664,1.0067857483212468,0.11747221953872922,4766.18,4725.78,4564.33047311828,1.0041762562302916
4.53,87166136,20.29,6.063784946236559,0.9764582842736631,1.5713562998613029,5405.8,1232411008,6238.1,5783.012043010753,0.9974202314358627,0.010072328976971301,2912.0,2609730048,3068.9,2864.513333333334,1.0030487591363564,0.06857422556085258,4677.02,4766.18,4576.407440860215,1.002645945076296
3.6,12968019,20.29,5.851419354838709,0.964978046998574,1.0042483396914426,5329.8,1204809984,6238.1,5762.108602150539,0.9963853713765861,-0.02390112429110469,2910.2,2528079872,3068.9,2872.1952688172046,1.0026817593740893,0.048721683573694996,4662.85,4766.18,4586.646387096775,1.0022373327482037
3.13,1961725,20.29,5.604516129032259,0.9578045580338934,-0.40175631924771604,5053.5,1131072000,6238.1,5722.609892473119,0.9931450945470416,-0.056651475670211004,2708.3,2292640000,3068.9,2865.9518279569893,0.9978262477736111,0.03448451358022875,4397.93,4766.18,4578.7261935483875,0.9982732059810261
3.06,2378223,20.29,5.354559139784947,0.9554007904531676,-1.0722022803902944,5189.7,1800502016,6238.1,5691.960645161291,0.9946441837050364,-0.05983822755287238,2769.6,3906190080,3068.9,2863.3238709677416,0.9990830421629519,0.03349181504681131,4431.85,4766.18,4572.742279569893,0.9986931050852252
3.21,1723392,20.29,5.1513333333333335,0.9620462112479766,-1.0204408376253726,5232.8,1751774976,6238.1,5664.217849462365,0.9951259684617619,-0.02938767976562373,2798.9,3243249920,3068.9,2862.2931182795696,0.9996400153337095,0.02366611416765374,4500.54,4766.18,4571.018989247312,0.9996231385419903
3.18,1676367,20.29,4.976602150537635,0.9660803967654268,-0.8614658538955442,5098.5,1543190016,6238.1,5627.92365591398,0.9935923732961948,-0.014255006452716046,2717.5,2838710016,3068.9,2855.7043010752695,0.9976980634295552,0.008137198130121703,4418.64,4766.18,4563.730129032258,0.9984054189597114
3.76,80550616,20.29,4.851333333333333,0.9748284445059026,-0.7024085067702011,4887.5,1515554048,6238.1,5578.348817204302,0.9911912737733065,-0.07148368783304737,2670.9,2940369920,3068.9,2845.9427956989243,0.9965817520488134,-0.0013989866017731778,4348.87,4766.18,4551.743247311828,0.9973734464173997
3.07,5127794,20.29,4.690322580645161,0.9668110307774829,-0.7872847901160946,5056.2,1388835968,6238.1,5540.895268817204,0.993285907781244,-0.05231757493677325,2705.5,2701250048,3068.9,2838.504946236559,0.997386507742318,0.0068386690867501265,4384.62,4766.18,4542.198150537634,0.9979029799671081
3.05,2826065,20.29,4.539225806451612,0.9677854195323244,-0.6593092060359237,4901.5,1443747968,6238.1,5494.189677419356,0.9915707500084515,-0.1074665235054808,2624.0,2960100096,3068.9,2825.7834408602153,0.9955182373759078,-0.010532808523308734,4328.87,4766.18,4529.079161290323,0.997111753205712
2.95,2031074,20.29,4.387741935483871,0.9666278177321699,-0.6257089262955988,4691.9,1502050048,6238.1,5435.236129032259,0.9892698374376496,-0.1323334820559917,2524.1,2983980032,3068.9,2806.8202150537636,0.993289214759968,-0.013209257219907511,4204.31,4766.18,4508.155548387097,0.9953801618037373
3.01,1735063,20.29,4.244924731182795,0.9674508650688624,-0.6477772791956019,5093.2,1663041024,6238.1,5403.964516129032,0.9942465033421106,-0.09916377544494914,2722.7,3298520064,3068.9,2801.0924731182795,0.9979593484809733,-0.008445433675453584,4463.09,4766.18,4504.4944946236565,0.9991879042938635
2.7,4251630,20.29,4.087440860215053,0.9629006682236597,-0.7740302922817459,5097.7,1250657024,6238.1,5374.155483870967,0.9944838586247015,-0.11472588197764166,2786.1,2699249920,3068.9,2799.4763440860215,0.9994230361732903,-0.002271307481712892,4543.04,4766.18,4505.945440860215,1.0003221107803084
2.83,19433900,20.29,3.9474193548387095,0.9657434785811246,-0.6726497940849188,5204.7,1141704960,6238.1,5352.538924731182,0.9959776825950308,-0.10583693381106063,2789.4,2801019904,3068.9,2798.042150537635,0.9994876922066456,-0.0046958663957185065,4545.86,4766.18,4507.505913978494,1.0003463142505298
2.54,4877277,20.29,3.7953548387096774,0.9614774863120046,-0.7518463495021788,4982.2,1115398016,6238.1,5317.703010752687,0.9934917028220874,-0.17659671816533373,2677.0,2637179904,3068.9,2789.370752688172,0.996900905210525,-0.031930757327107706,4488.28,4766.18,4505.329118279569,0.99951707313524
2.51,2352169,20.29,3.64836559139785,0.961271276716303,-0.7713229679677175,4771.8,785747008,6238.1,5270.669677419353,0.9911553290512408,-0.2021085946576423,2574.9,1943859968,3068.9,2774.261505376344,0.9945832775018283,-0.04690440279421526,4392.59,4766.18,4496.914903225807,0.9981323861514084
2.28,2182097,20.29,3.49331182795699,0.9575004862981804,-1.0137608620124159,4579.4,1142942976,6238.1,5213.1288172043005,0.989082817983914,-0.27088520156436435,2509.6,2356460032,3068.9,2755.2679569892475,0.9931536560809829,-0.047381146917839345,4271.78,4766.18,4480.793376344086,0.9964149806637086
2.29,1398368,20.29,3.355956989247311,0.9606806247268201,-0.9708104364637795,4577.9,1338204032,6238.1,5157.895268817205,0.9894049139540126,-0.20000477987254817,2478.0,3027109888,3068.9,2734.7604301075266,0.9925569755095145,-0.01727809666895952,4131.93,4766.18,4456.044322580645,0.9944766357908621
2.08,1707002,20.29,3.218559139784946,0.9590585189552201,-0.9299350779661744,4443.3,1368017024,6238.1,5095.895483870969,0.9879796347705886,-0.19989127388336925,2461.5,3285600000,3068.9,2713.5830107526886,0.9922562067515343,-0.01653818554514963,4123.34,4766.18,4431.225204301075,0.9944302353201917
2.05,1899593,20.29,3.0918279569892473,0.9606248705424856,-0.9078570736044976,4286.7,2083979008,6238.1,5026.097849462366,0.9863031660226315,-0.1875164633565083,2375.3,3504839936,3068.9,2687.2894623655916,0.9903103946763715,-0.032360559170075076,4023.89,4766.18,4400.566344086023,0.9930811775972718
2.07,1034622,20.29,2.9780430107526876,0.9631981637337412,-0.845338587987808,4161.1,1349480960,6238.1,4951.331182795699,0.985124311363205,-0.1783083854533336,2285.8,3260610048,3068.9,2656.001505376344,0.9883570573890819,-0.03676481672388765,3901.36,4766.18,4362.964645161291,0.9914552591678875
2.1,1116028,20.29,2.8758494623655912,0.9656843275875766,-0.8179574411313454,4462.3,1851694976,6238.1,4899.643655913979,0.9895608827255755,-0.20632409658452022,2470.3,2907089920,3068.9,2637.6838709677418,0.9931033042068977,-0.03213476930395032,4158.24,4766.18,4343.319806451613,0.9954973646803522
2.0,532085,20.29,2.776236559139785,0.9653622679040135,-0.9444922545219109,4454.4,1395811968,6238.1,4850.971827956989,0.9900662514715244,-0.18659225851281824,2442.4,2374089984,3068.9,2618.3546236559137,0.9926718862997269,-0.041516836998229834,4108.54,4766.18,4321.430107526882,0.9949601457179793
1.87,1650574,20.29,2.679784946236559,0.9652581432278554,-0.9421790764624245,4180.6,1223938944,6238.1,4788.309462365592,0.9870825129863127,-0.1784633589104957,2286.4,2273639936,3068.9,2590.01311827957,0.9891758338919074,-0.05436930020876851,3900.86,4766.18,4287.408344086021,0.9921271980352978
1.73,716000,20.29,2.5839139784946235,0.9642243800658052,-0.9032676358041756,4028.2,1600963968,6238.1,4720.137849462366,0.9857629057939905,-0.16234569296885815,2174.4,3285469952,3068.9,2555.843655913979,0.9868072242088534,-0.05881894407574362,3674.84,4766.18,4240.486344086022,0.9890558593363931
1.84,613450,20.29,2.5031397849462365,0.968739596511086,-0.8435005812168548,4410.5,1334754944,6238.1,4681.383225806452,0.9917895144396413,-0.13740756623634554,2332.8,2160740096,3068.9,2533.6815053763444,0.9913288316809389,-0.04933865482074096,3911.74,4766.18,4211.0484731182805,0.993057902188791
