19.52,1859937,21.28,16.755032258064517,1.0101834023766456,0.29216539187637447,2724.4,707900032,2770.5,2550.633548387097,1.0076491799947191,0.10119265236204011,1372.6,2179950080,1383.6,1298.82688172043,1.006518531752136,0.08775288846659302,2941.76,2950.46,2839.2078279569896,1.0040199456763852
17.5,370404,21.28,16.781913978494625,1.0016043968173902,0.1525729945611225,2804.2,456340000,2770.5,2574.1991397849465,1.0092391129304918,0.17786274858792273,1403.2,1289410048,1383.6,1308.8197849462367,1.0076937915025057,0.10650163956677439,2990.41,2950.46,2853.323784946237,1.0049717941921161
18.52,521278,21.28,16.867118279569894,1.005077150388475,0.08739883726488529,2849.9,598990016,2804.2,2599.3483870967743,1.0097697365068379,0.17370122779752606,1424.5,1726429952,1403.2,1319.598494623656,1.008235442191044,0.10223626847499112,3013.77,2990.41,2868.1783870967743,1.0052060695771394
18.15,282165,21.28,16.92232258064516,1.003272894643902,-0.26116865794623556,2799.8,589580032,2849.9,2619.8268817204307,1.0078783185529543,0.20942543505205813,1415.1,1659769984,1424.5,1329.1359139784947,1.0072275160919753,0.12934121734703496,2976.61,3013.77,2879.745634408602,1.004032959513211
20.05,642278,21.28,17.10683870967742,1.0109037118370086,-0.11428352393188157,2875.1,802230016,2849.9,2643.468602150537,1.009024153693156,0.18740237441302954,1449.3,1666680064,1424.5,1340.0724731182797,1.0082283226453859,0.12702202589057277,3025.86,3013.77,2893.2860215053765,1.0047019385792229
18.93,510876,21.28,17.21920430107527,1.0065684603277567,-0.1796191547348216,2742.8,754179968,2875.1,2656.872043010753,1.0050703991147507,0.06869753711387716,1386.1,2336169984,1449.3,1346.1333333333334,1.0045227853990242,0.12623324389074653,2932.05,3025.86,2899.612602150538,1.002186641969766
17.75,825345,21.28,17.259010752688173,1.0023117474487726,-0.1613949648430527,2746.8,781169984,2875.1,2669.1894623655917,1.0046360604332607,0.060079529161432665,1374.8,2368470016,1449.3,1350.805376344086,1.0034707134093348,0.10827704084615353,2918.65,3025.86,2904.214215053764,1.0015869750668807
17.93,394480,21.28,17.31417204301075,1.0031960864451044,-0.06366274661711557,2708.4,612150016,2875.1,2677.808817204301,1.0032292030821484,0.018153604247903354,1370.6,2193420032,1449.3,1354.648817204301,1.0028452957972502,0.11374519410584738,2888.68,3025.86,2906.1889677419354,1.0006799610985773
19.4,430786,21.28,17.463440860215055,1.0086211929067992,0.10345535878033019,2680.4,612230016,2875.1,2683.662580645161,1.0021860273979424,0.02834595684384089,1351.1,1796480000,1449.3,1356.7524731182796,1.0015529160674426,0.09832284487553666,2847.11,3025.86,2905.0130322580644,0.9995953685404069
19.66,430845,21.28,17.622709677419355,1.0091201280709314,0.029594735574993924,2739.5,577619968,2875.1,2692.4230107526887,1.0032643560225152,0.07121355820621034,1393.3,1537990016,1449.3,1361.1634408602151,1.0032511219469515,0.10939214165113742,2926.46,3025.86,2908.564301075269,1.0012224622670434
18.8,259149,21.28,17.720774193548387,1.0055646672914713,-0.005969111326388665,2762.1,498432992,2875.1,2701.590322580645,1.0034048556973942,0.04756501189178963,1426.8,1324349952,1449.3,1367.2559139784946,1.0044759306159656,0.09817058309410842,2978.71,3025.86,2915.0135698924737,1.0022173375416938
17.89,300067,21.28,17.756,1.001987825479117,-0.19788832912172316,2717.5,749473024,2875.1,2706.915483870968,1.0019711209526527,0.05022243735395082,1421.3,1936230016,1449.3,1372.4860215053764,1.0038252586610965,0.08158562789167334,3007.39,3025.86,2922.730731182796,1.0026473843449746
18.02,860508,21.28,17.80195698924731,1.002588251252946,-0.14318589729299758,2755.7,741662016,2875.1,2713.952688172043,1.002599713342735,0.023619881862685377,1410.3,1890029952,1449.3,1376.5733333333333,1.002978035305215,0.06878797876816978,2992.07,3025.86,2928.961032258065,1.0021316712514081
18.19,313290,21.28,17.86036559139785,1.003281021417242,-0.1315574982558434,2703.1,643958016,2875.1,2716.8602150537636,1.0010713255593555,-0.027946136549263922,1398.8,1799879936,1449.3,1379.5458064516129,1.0021593278369572,0.06354597697182673,2961.79,3025.86,2932.808967741935,1.0013137544137634
18.38,254086,21.28,17.932537634408604,1.004040905133852,0.15763433932607507,2729.8,702580992,2875.1,2720.932688172043,1.001498963066158,0.012508598507149804,1414.4,1780290048,1449.3,1383.202580645161,1.0026507087886802,0.08118196829908775,2952.01,3025.86,2935.6859354838707,1.0009809598148327
18.55,196205,21.28,18.00862365591398,1.0042429032107192,0.12189842343585022,2762.4,568273984,2875.1,2726.362365591398,1.0019955206694227,0.014765590339745449,1432.1,1607619968,1449.3,1387.5877419354838,1.0031702957698918,0.06506958304542709,2970.27,3025.86,2939.291634408602,1.001228230472868
18.4,260646,21.28,18.068645161290327,1.0033329312957593,0.09030198520176613,2681.3,632979008,2875.1,2725.936989247312,0.9998439765933338,-0.03173374586055577,1419.8,1468620032,1449.3,1390.855698924731,1.0023551353838633,0.037127530432253586,2986.2,3025.86,2943.607247311829,1.0014682493062976
19.83,245602,21.28,18.216344086021508,1.0081743220597195,0.24404594207832453,2738.1,842929024,2875.1,2728.7481720430105,1.0010312721118602,0.0029159604224584523,1455.2,1640029952,1449.3,1396.121505376344,1.0037860192510868,0.053692999726095536,3022.55,3025.86,2949.86911827957,1.0021272780101556
20.14,260686,21.28,18.375247311827955,1.0087231128845653,0.10498267719343368,2807.4,617931008,2875.1,2735.5354838709677,1.0024873353640675,0.03754724764304651,1485.1,1804630016,1455.2,1402.980860215054,1.0049131503327577,0.05456320498584444,3066.91,3025.86,2958.588301075269,1.002955786323423
19.87,1041593,21.28,18.51025806451613,1.0073474250657442,0.09899247162582592,2852.3,565267008,2875.1,2744.629032258065,1.0033242297315146,0.08291852312892645,1509.6,1818480000,1485.1,1411.0920430107526,1.0057813923380645,0.05635275110583282,3093.08,3066.91,2968.621311827956,1.0033911479840032
17.75,529467,21.28,18.501032258064516,0.9995015841259772,-0.1335206442411685,2920.3,505433984,2875.1,2757.495053763441,1.0046877087410209,0.05192714646231256,1529.4,1736329984,1509.6,1420.1322580645162,1.0064065381833456,0.045953740839908885,3120.46,3093.08,2980.0214838709676,1.003840224415822
17.41,504252,21.28,18.468451612903223,0.998238982306131,-0.1017108609735966,2936.4,658880000,2920.3,2770.6531182795698,1.0047717454644827,0.03546331245795553,1516.7,1759160064,1529.4,1428.000430107527,1.0055404501928111,0.04196977963196935,3110.29,3120.46,2990.30223655914,1.0034498921379646
17.67,172585,21.28,18.450795698924733,0.9990439959803584,-0.09190204457955908,2975.7,433142016,2936.4,2785.8195698924733,1.0054739626237734,0.05341334699471312,1543.0,1210589952,1529.4,1437.2690322580645,1.0064906157975313,0.04889174672471963,3140.98,3120.46,3002.1965161290314,1.0039776178556379
16.25,342291,21.28,18.339225806451612,0.9939531121424957,-0.13077284961685653,2948.8,620979008,2975.7,2798.599569892473,1.0045875189255322,0.05507470793242808,1536.8,1620630016,1543.0,1445.7948387096774,1.0059319488977079,0.060052171232032325,3145.91,3140.98,3013.9887741935486,1.0039278768065862
18.64,477327,21.28,18.380989247311827,1.0022772739318975,0.017791845346952107,2985.9,623864000,2975.7,2813.0950537634412,1.0051795490955233,0.10722364320954192,1566.9,1800710016,1543.0,1455.82688172043,1.0069387735674211,0.0787114892018852,3168.8,3145.91,3026.6889677419354,1.0042137494529273
19.14,528875,21.28,18.448666666666664,1.0036819247562931,0.0975795730240594,3044.9,713427008,2985.9,2830.6546236559143,1.0062420819619946,0.1244484300612454,1597.0,2230720000,1566.9,1467.2703225806451,1.0078604406910605,0.10462072784783993,3221.22,3168.8,3042.106,1.0050936955935603
18.53,133393,21.28,18.469806451612904,1.0011458706110419,0.10373285942278376,3068.3,326804000,3044.9,2848.7610752688174,1.006396559813969,0.14713485607839694,1614.7,915790016,1597.0,1479.181075268817,1.0081176266601122,0.10562623728084075,3240.02,3221.22,3057.8861290322575,1.0051872383908573
18.3,277312,21.28,18.468107526881717,0.9999080161053319,0.10098412337696439,3075.2,446115008,3068.3,2866.169892473118,1.00611101343508,0.11850698842344132,1621.7,1195389952,1614.7,1490.7776344086024,1.0078398509375721,0.09012536300163054,3234.85,3240.02,3072.2833333333333,1.004708221200386
19.02,213194,21.28,18.504967741935484,1.001995884797623,0.0946513788929424,3155.4,787203968,3075.2,2887.872903225806,1.0075721299039817,0.152351676718526,1656.8,1793580032,1621.7,1504.0193548387097,1.0088824249334545,0.11362401538472455,3265.35,3240.02,3087.870838709677,1.005073589797928
18.96,381319,21.28,18.53120430107527,1.001417811665801,-0.07149695855557803,3249.6,757361984,3155.4,2914.5946236559143,1.009253080494041,0.1243182594417176,1705.8,1797890048,1656.8,1519.7219354838708,1.0104404112850296,0.11180242992514122,3329.62,3265.35,3106.7910967741936,1.0061272828601933
19.26,188752,21.28,18.575612903225807,1.002396422889146,-0.09070178913369098,3235.2,554088000,3249.6,2939.3569892473115,1.008495989593344,0.09859608451617707,1711.1,1570230016,1705.8,1535.0556989247311,1.0100898480720937,0.12637472381606552,3295.47,3329.62,3122.692731182796,1.005118346845114
18.18,157258,21.28,18.55090322580645,0.9986697786205986,-0.05670035689983188,3279.8,672926016,3249.6,2965.898279569893,1.0090296246490897,0.12608350633233156,1673.9,2124070016,1711.1,1547.261505376344,1.007951376917569,0.11429486538947842,3225.52,3329.62,3133.320795698925,1.0034034935330007
18.12,145900,21.28,18.520860215053766,0.9983805095424738,-0.016765019359108457,3469.0,965958976,3279.8,3003.6232258064524,1.0127195684681507,0.15380221608558808,1748.7,1852189952,1711.1,1563.7109677419357,1.010631339504301,0.1234200944888888,3327.71,3329.62,3150.0361505376345,1.0053347090606408
19.52,245027,21.28,18.582,1.0033011309537632,0.020494881387697284,3534.9,805489984,3469.0,3044.268387096774,1.0135320438799074,0.12182446422320847,1788.5,1956790016,1748.7,1582.0309677419355,1.011715720090174,0.12829458832749863,3380.16,3329.62,3169.4602365591404,1.0061663057480121
19.25,196463,21.28,18.622774193548388,1.002194284444537,-0.10069168504851433,3425.5,645339008,3534.9,3076.274623655914,1.01051360540181,0.05906271886945946,1743.3,1608930048,1788.5,1596.6318279569894,1.0092291873628074,0.0997817231253526,3337.75,3380.16,3185.2803440860216,1.0049914200987282
16.54,466020,21.28,18.490430107526883,0.9928934279798467,-0.18811323118661372,3107.4,1282535936,3534.9,3086.574623655914,1.0033482056253349,0.16006080762942632,1549.2,3533360128,1788.5,1598.0778494623655,1.0009056699735384,0.11010701530418632,2954.22,3380.16,3175.6858494623652,0.9969878649326832
14.3,417981,21.28,18.21870967741935,0.9853048074854179,-0.28963693056212514,3058.0,1256824064,3534.9,3092.9034408602156,1.00205043388739,0.11186797928072156,1557.9,3242299904,1788.5,1599.7344086021506,1.0010365947693614,0.11477723864676315,2972.37,3380.16,3167.2146451612903,0.9973324803829355
12.94,386518,21.28,17.86666666666667,0.9806768417200802,-0.3290368873423052,2929.4,1474589952,3534.9,3090.26623655914,0.9991473370082506,0.16855633348974042,1476.9,3856780032,1788.5,1595.7713978494623,0.997522707062261,0.13905941357195106,2711.02,3380.16,3141.766623655914,0.9919651730758904
15.6,394108,21.28,17.696967741935484,0.9905019258545978,-0.21412897427629707,2582.4,1692989056,3534.9,3064.7666666666673,0.9917484229705512,0.258240106698738,1251.7,4051510016,1788.5,1577.050752688172,0.9882685921138082,0.1168655292901154,2304.92,3380.16,3090.5006666666673,0.9836824426730999
14.73,283618,21.28,17.47931182795699,0.9877009487075729,-0.28531316606561885,2810.6,1357933056,3534.9,3054.2004301075267,0.9965523520357806,0.22645685846627295,1383.0,3586540032,1788.5,1567.0148387096774,0.9936362771068795,0.12416232648445014,2541.47,3380.16,3055.6620000000003,0.9887271771067945
18.21,842351,21.28,17.49677419354839,1.0009990304974976,-0.0274850668904576,2788.9,1128832000,3534.9,3042.08129032258,0.9960319762693112,0.2699410803379839,1355.6,2762619904,1788.5,1555.2333333333333,0.9924815610641918,0.11461900487198906,2488.65,3380.16,3018.2435268817203,0.9877543808450411
19.26,337813,21.28,17.583247311827954,1.0049422320550636,0.09506695318582936,3046.4,916078016,3534.9,3046.5174193548387,1.0014582545990374,0.19428719903278024,1499.2,2264859904,1788.5,1552.8694623655915,0.9984800538175996,0.12715410087637513,2789.82,3380.16,3001.3092688172046,0.9943893665591619
19.45,442806,21.28,17.679032258064517,1.0054475117444392,0.0686896041435443,3270.5,956915968,3534.9,3064.7043010752686,1.0059697284528515,0.30381303513595137,1571.0,2398159872,1788.5,1554.9703225806454,1.0013528891294272,0.15322120086185775,2874.56,3380.16,2990.31,0.9963351764739862
18.76,293285,21.28,17.727225806451614,1.0027260286470212,0.037214469618000456,3206.6,1207216000,3534.9,3077.6615053763444,1.004227880744165,0.34308038076843617,1558.5,2306160128,1788.5,1555.9191397849463,1.0006101834810108,0.15639037723482585,2836.74,3380.16,2977.123440860215,0.9955902367514455
19.61,621200,21.28,17.829032258064515,1.0057429432402136,-0.02902385774999927,3218.7,966899968,3534.9,3090.3165591397847,1.0041119056599737,0.3443030063428567,1561.7,2352229888,1788.5,1556.7309677419355,1.0005217674467977,0.14523374625941265,2830.71,3380.16,2963.816774193548,0.9955303611250926
20.32,611586,21.28,17.974,1.0081309933055909,-0.010985135151184267,3445.6,800497024,3534.9,3116.5589247311827,1.0084918049944704,0.39526479482196175,1665.4,1886520064,1788.5,1563.9163440860218,1.0046156827948947,0.17653264217080622,2929.8,3380.16,2957.1638709677422,0.9977552919992444
19.57,196540,21.28,18.06677419354839,1.0051615774757088,-0.08643270529501246,3408.6,888006016,3534.9,3138.9449462365587,1.0071829290079304,0.49499608601225586,1640.7,2333289984,1788.5,1569.0064516129032,1.0032547185443326,0.19660732839625938,2863.7,3380.16,2946.333483870968,0.9963375762827679
22.96,367354,21.28,18.37574193548387,1.0171014337493525,-0.004017162520192574,3471.0,740612992,3534.9,3163.7926881720427,1.0079159534050686,0.43889827465603415,1694.5,1881289984,1788.5,1577.0924731182797,1.0051535935349816,0.1866445480462149,2955.45,3380.16,2941.685892473118,0.998422584740223
25.22,996072,22.96,18.823784946236557,1.0243823086069526,0.15305072431424227,3505.3,908507008,3534.9,3189.2772043010755,1.0080550524768288,0.36507824253403676,1718.5,2068460032,1788.5,1586.212258064516,1.005782657074131,0.16453011443518284,3044.31,3380.16,2942.9155053763443,1.0004179959887534
25.84,668123,25.22,19.30090322580645,1.0253465645157236,0.23933115806314098,3560.6,1254112000,3534.9,3216.8286021505373,1.0086387592186423,0.26630459484097146,1781.2,2028979968,1788.5,1598.8752688172044,1.007983175447238,0.1473101683968978,3193.93,3380.16,2953.846623655914,1.0037143840044336
25.23,640965,25.84,19.72582795698925,1.0220157951268647,0.3894669803259241,3540.7,1039308032,3560.6,3241.5729032258064,1.0076921415889946,0.28929916196923344,1745.1,2312290048,1788.5,1608.6251612903225,1.006097969405913,0.1664005503287761,3041.31,3380.16,2954.71440860215,1.000293781315281
21.61,1188898,25.84,19.90111827956989,1.0088863353651287,0.22428257824227216,3696.8,1053804992,3560.6,3275.053978494624,1.010328651018615,0.33161811005562825,1793.7,2262739968,1788.5,1621.0466666666666,1.0077218146745763,0.1866683422391151,3097.74,3380.16,2959.393053763441,1.001583450890438
22.42,514431,25.84,20.119634408602153,1.0109800929758097,0.23644374695891823,3705.0,1145778048,3696.8,3307.4288172043016,1.0098852840051689,0.3666302976180629,1785.7,2293139968,1793.7,1632.3563440860216,1.006976774729509,0.1992938059830961,3009.05,3380.16,2958.376752688172,0.9996565846250208
23.54,340658,25.84,20.400193548387097,1.0139445446217945,0.4381386022305849,3869.6,701307008,3705.0,3348.8546236559137,1.0125250787669644,0.3819880032484878,1851.3,1454979968,1793.7,1647.3763440860216,1.0092014222595556,0.20970019916012295,3130.01,3380.16,2965.448043010753,1.002390260238543
23.54,737714,25.84,20.665075268817205,1.0129842748698357,0.2736834741135711,3995.2,913369984,3869.6,3396.4034408602147,1.0141985313033364,0.4001255283400523,1901.3,1743670016,1851.3,1664.9458064516127,1.0106651175541426,0.2082900548520903,3185.04,3380.16,2976.103849462366,1.0035933209070136
27.4,629057,25.84,21.168451612903226,1.0243587955784317,0.40037001062184663,3804.6,903294976,3995.2,3429.4849462365596,1.009740157773473,0.33571910536239,1879.1,1852460032,1901.3,1680.3638709677418,1.0092604002222683,0.17555405768720966,3224.73,3380.16,2989.2853763440853,1.004429121948853
26.7,499586,27.4,21.608903225806454,1.0208069830027036,0.43250327653997367,3785.3,955646976,3995.2,3459.6875268817203,1.0088067395304663,0.33049725227875715,1850.2,2333880064,1901.3,1693.310752688172,1.0077048084311488,0.1533752571664967,3215.63,3380.16,3001.8722580645153,1.0042106658066297
22.41,631310,27.4,21.755010752688168,1.0067614503778806,0.23708582516316623,3876.9,774236992,3995.2,3494.2578494623654,1.0099923251195475,0.32026512714601163,1942.4,2369809920,1901.3,1711.6995698924734,1.0108596825332319,0.18654317540919552,3271.12,3380.16,3018.0915913978497,1.0054030724624479
25.6,458665,27.4,22.098086021505377,1.0157699425073747,0.31578383264802157,3959.7,981625984,3995.2,3532.446021505376,1.0109288363046494,0.31106817797235775,1999.4,2175269888,1942.4,1733.0761290322578,1.0124884994515289,0.1804684533578016,3351.28,3380.16,3039.4045376344084,1.00706172943767
25.98,357263,27.4,22.45152688172043,1.0159941842868696,0.3444420873029739,3903.9,754153024,3995.2,3565.3045161290324,1.0093019099014156,0.2969115537616277,2001.5,2091820032,1999.4,1753.8513978494625,1.0119875108018512,0.16036628434043876,3372.85,3380.16,3061.9243010752693,1.0074092682175135
29.48,444040,27.4,23.015677419354837,1.0251274909099268,0.48150967434974157,4020.6,678257024,3995.2,3604.28494623656,1.010933268092861,0.34717130134423757,2071.2,1831600000,2001.5,1778.4875268817204,1.0140468736761086,0.17959190804138725,3397.16,3380.16,3085.9194838709677,1.0078366348858696
35.73,1114450,29.48,23.961075268817204,1.041076255642484,1.0143261264902002,4357.6,935972992,4020.6,3663.318279569892,1.016378653245763,0.39893202273717454,2164.4,2001350016,2071.2,1808.3621505376348,1.0167977695678836,0.20544858028771995,3508.01,3397.16,3116.8475913978496,1.0100223313305912
37.33,1519421,35.73,24.971956989247314,1.042188495678475,1.0113929906607184,4101.6,1243518976,4357.6,3703.517634408602,1.0109734813551143,0.27655449285591505,2074.5,3437110016,2164.4,1831.3819354838708,1.012729632136678,0.15648451485262438,3426.96,3508.01,3141.9391612903223,1.0080503037625974
40.64,1012241,37.33,26.15507526881721,1.0473778759141439,1.1063961175436585,3941.2,961612992,4357.6,3732.0081720430103,1.0076928316392255,0.26637774479543797,1984.0,2410500096,2164.4,1847.8623655913977,1.0089989039359901,0.12090360293740321,3340.97,3508.01,3161.2695483870975,1.0061523747292538
33.15,1447918,40.64,26.80954838709677,1.0250227962088811,0.7518130094810578,3905.3,1110301056,4357.6,3757.3088172043017,1.0067793648874679,0.29266042059948716,1963.3,2988819968,2164.4,1862.5868817204303,1.0079684052249855,0.1316741849487908,3319.47,3508.01,3179.29711827957,1.0057026361139214
34.1,896282,40.64,27.495419354838713,1.0255830854678645,1.1016686819830714,4041.0,847931008,4357.6,3790.3324731182797,1.0087891779783356,0.3546382162415138,2005.2,2595620096,2164.4,1879.541505376344,1.0091027290175334,0.17782063297014927,3298.46,3508.01,3196.0085161290317,1.0052563183709313
37.52,465434,40.64,28.364172043010758,1.0315962697989969,1.6631111066655495,4047.2,768291968,4357.6,3821.748387096774,1.0082884322684886,0.3765986335837951,2021.4,2334060032,2164.4,1896.5606451612905,1.0090549422485557,0.1709939530948319,3348.44,3508.01,3215.2041290322577,1.0060061206991011
45.0,754820,40.64,29.665569892473115,1.0458817499586786,2.4654027565014305,4252.4,635449984,4357.6,3864.2756989247314,1.0111277110684578,0.4017842258819575,2114.1,2124440064,2164.4,1918.5636559139784,1.0116015329163475,0.1488531870267411,3477.13,3508.01,3241.893569892472,1.0083010097614697
48.04,1107908,45.0,31.09415053763441,1.0481561840995934,2.0217894855276985,4317.4,758828032,4357.6,3908.151397849463,1.011354184417261,0.3401497733253205,2130.5,2361230080,2164.4,1940.2544086021505,1.0113057247912052,0.1906183887571824,3483.81,3508.01,3267.366430107527,1.0078574017517483
49.1,724490,48.04,32.521354838709684,1.045899446564648,2.306688270771447,4246.8,1232258944,4357.6,3943.741075268817,1.0091065247469526,0.37200632099721376,2083.5,2057490048,2164.4,1957.0230107526884,1.0086424759950003,0.14296995452449957,3465.39,3508.01,3289.1156559139777,1.006656500356385
33.97,1066950,49.1,32.89851612903226,1.0115973424905917,0.7456411536310461,3956.0,1090397952,4357.6,3957.4808602150533,1.003483947014777,0.25597353255289845,1948.7,2894279936,2164.4,1963.588387096774,1.0033547772857103,0.12356911206028531,3269.96,3508.01,3296.2695698924726,1.0021750265806653
38.92,1260944,49.1,33.561139784946235,1.020141445082662,0.8905088499385907,4355.1,822729024,4357.6,3994.459139784946,1.0093438934706265,0.42850058773509425,2137.7,2440580096,2164.4,1981.0718279569894,1.008903821684373,0.16794885300969997,3509.44,3508.01,3317.1935698924735,1.0063477818049582
40.21,765038,49.1,34.264709677419354,1.0209638259302714,0.9335154095463478,4195.0,961084992,4357.6,4018.293978494623,1.0059669752213214,0.19970661321585603,2129.2,2489210112,2164.4,1996.6337634408603,1.0078553110817388,0.10811551451985846,3585.15,3509.44,3341.454516129033,1.007313696269267
44.36,672777,49.1,35.191376344086024,1.0270443460747414,1.2638940958674636,4171.5,810352000,4357.6,4038.6245161290326,1.0050594948361709,0.18666252353934887,2109.7,1958790016,2164.4,2009.7372043010753,1.0065627663421024,0.09957891516989781,3557.54,3585.15,3362.4060215053764,1.0062701752411147
44.0,707719,49.1,36.03976344086021,1.0241078123367222,1.1900440900104725,4279.1,766940992,4357.6,4063.8219354838707,1.0062391091952736,0.21231939854859028,2153.9,1546610048,2164.4,2024.5068817204303,1.0073490590649097,0.09388857292940855,3638.35,3585.15,3387.0209677419343,1.0073206347119072
48.09,1065065,49.1,37.09956989247312,1.0294065873476668,1.324352888940484,4271.9,1346444032,4357.6,4086.2744086021507,1.0055249647929287,0.12354302338111345,2213.9,2578439936,2164.4,2041.8739784946235,1.008578433064863,0.06676582947664422,3699.12,3638.35,3413.8196989247317,1.0079121834314075
41.64,1829226,49.1,37.68352688172043,1.0157402630526395,1.058674914666003,4262.8,1006764992,4357.6,4106.362795698925,1.0049160641425563,0.0816314068999946,2182.2,2076589952,2213.9,2056.016344086021,1.0069261696560843,0.05076699149159003,3663.46,3699.12,3436.663333333334,1.0066915175443498
46.86,1011222,49.1,38.55679569892473,1.0231737549392677,1.0219593242998657,4425.9,1165693056,4357.6,4135.136774193548,1.0070071690998081,0.16565431877620052,2252.1,2566830080,2213.9,2073.503870967742,1.0085055388455557,0.07395626169897684,3709.41,3699.12,3460.7515698924735,1.0070091929941172
56.41,1618195,49.1,39.99479569892473,1.0372956303534349,1.2121309258447128,4472.9,739318976,4425.9,4164.8894623655915,1.007195091673321,0.23100250470977723,2270.6,1429090048,2252.1,2090.9858064516134,1.0084311081974071,0.104881255136964,3703.06,3709.41,3482.808709677419,1.0063735114582728
54.21,922156,56.41,41.22378494623656,1.030728729221759,1.0370324034907075,4431.9,552267008,4472.9,4189.916129032258,1.006008962997172,0.25128805034926127,2291.3,1424579968,2270.6,2108.615913978495,1.0084314812049344,0.11037736361927308,3756.07,3709.41,3506.869182795699,1.0069083533216812
70.4,1841951,56.41,43.43627956989247,1.0536703416860294,1.7319682610113192,4404.3,860542016,4472.9,4211.288387096774,1.0051008796850196,0.23357947146889257,2301.2,2472829952,2291.3,2125.7877419354836,1.0081436490368647,0.06108718203334207,3824.68,3756.07,3534.1472043010754,1.0077784542517865
67.11,2163003,70.4,45.33937634408602,1.0438135308327066,2.110777143587324,4283.2,788521024,4472.9,4222.990537634409,1.002778757819932,0.12153229861808534,2240.9,2412689920,2301.2,2137.8733333333334,1.0056852296019199,0.03286570573152936,3768.25,3824.68,3556.099913978494,1.0062116002555588
69.23,1938354,70.4,47.281397849462365,1.0428329999653747,2.115328127482454,4469.3,589267968,4472.9,4245.438064516129,1.005315552256552,0.11137354468308969,2339.1,1942419968,2301.2,2155.3326881720427,1.0081666928374502,0.03326767298407529,3841.47,3824.68,3581.3345376344087,1.0070961514767123
65.29,1562566,70.4,48.86855913978495,1.0335684087720056,1.7701501264945672,4464.9,946420992,4472.9,4265.9580645161295,1.0048334234743663,0.11871519585127666,2269.1,2957319936,2339.1,2167.085806451613,1.0054530413536937,0.03902489668033793,3714.24,3841.47,3596.570623655914,1.0042543040482248
71.0,2156622,70.4,50.73432258064515,1.0381792193938708,1.9666173909721996,4746.6,860745024,4472.9,4303.372043010752,1.0087703577786733,0.10110716515257301,2379.9,2065459968,2339.1,2185.088817204301,1.0083074748120686,0.03138304366924727,3886.83,3841.47,3621.6851397849455,1.006982906428653
77.37,2354535,71.0,52.90898924731183,1.0428638159740857,1.8621499538357857,4827.5,658691008,4746.6,4344.3894623655915,1.0095314602002532,0.1699030522759195,2434.5,1929389952,2379.9,2205.5851612903225,1.0093800965547228,0.07536254453241176,3934.83,3886.83,3648.3872043010747,1.007372828803587
66.32,2024059,77.37,54.263290322580644,1.0255968049009294,1.5485652699750312,4754.3,545004032,4827.5,4378.484516129032,1.007848065662344,0.15842591441031728,2387.8,1625479936,2434.5,2221.8741935483868,1.0073853562963466,0.07565039699467624,3906.71,3934.83,3671.7479784946236,1.0064030413674319
45.51,2892733,77.37,54.18980645161291,0.9986457903578848,1.048979632648932,4510.1,1027969984,4827.5,4394.7408602150535,1.003712778708281,0.13023322782655455,2293.4,2749929984,2434.5,2230.9167741935485,1.0040697986733085,0.015614039040802385,3811.15,3934.83,3687.4573978494623,1.0042784579570407
33.49,4662734,77.37,53.291161290322584,0.9834167121063121,0.33020970964737484,4398.2,1039904000,4827.5,4402.416129032258,1.00174646675682,0.09845776300500053,2262.3,2716219904,2434.5,2237.198064516129,1.0028155646123782,-0.014920283179556515,3841.94,3934.83,3703.9919139784947,1.0044839883814456
42.71,5754004,77.37,52.97038709677418,0.993980724274315,0.6355696804098152,4483.5,941651008,4827.5,4414.651612903226,1.0027792656378574,0.0586010190387003,2304.3,2544179968,2434.5,2245.6236559139784,1.003766135654901,-0.017855288581594353,3943.34,3934.83,3726.013182795699,1.0059452799381388
42.79,4072493,77.37,52.618795698924735,0.9933624914387145,0.4345287152604642,4380.4,845440000,4827.5,4418.989032258065,1.0009825054693242,0.010887493253888936,2273.1,2710459904,2434.5,2251.3851612903227,1.0025656593709151,-0.054394196313690024,3913.1,3943.34,3744.856623655914,1.0050572662885955
32.47,2945005,77.37,51.572774193548376,0.9801207630945887,-0.2108517223498354,4460.0,1109581952,4827.5,4427.688172043011,1.0019685814382981,-0.07972834170643206,2330.6,2324590080,2434.5,2260.4221505376345,1.004013968557087,-0.05620190436827932,3974.54,3943.34,3766.5543870967736,1.0057940171337394
35.92,2425293,77.37,50.756344086021514,0.9841693583427785,-0.150672961536651,4592.4,862033984,4827.5,4444.709032258064,1.0038441867524739,0.0017671966136063588,2380.0,1728429952,2434.5,2272.2888172043013,1.0052497568491108,-0.025748998570663595,4019.87,3974.54,3790.1733763440857,1.0062707150408408
34.69,1557124,77.37,49.86359139784946,0.9824110127660294,-0.3245590620792731,4819.9,969028992,4827.5,4475.35182795699,1.0068942186038572,0.07870156082506141,2491.0,1936809984,2434.5,2290.659784946237,1.0080847855267527,0.01973559271274028,4128.8,4019.87,3819.5450322580646,1.007749422782952
32.74,1694763,77.37,48.85782795698924,0.9798297031428106,-0.13866817272113996,4917.5,1282023936,4827.5,4510.401720430107,1.0078317624670678,0.08334108687293829,2517.3,2057059968,2491.0,2309.6372043010747,1.008284695736815,0.021292944868531727,4185.47,4128.8,3850.8785591397855,1.0082034709938206
32.33,1429698,77.37,47.82649462365592,0.9788911342059408,-0.20095537536000863,4906.9,1019318976,4917.5,4542.590967741935,1.0071366697041695,-0.01180790884886096,2505.7,2049590016,2517.3,2326.6748387096777,1.0073767578634754,-0.017708555658551894,4180.17,4185.47,3880.007784946237,1.0075643065235893
29.92,1141699,77.37,46.643483870967735,0.9752645314694871,-0.3172059460216664,4767.3,1011310976,4917.5,4563.911612903225,1.0046934987791536,-0.004540759310230014,2452.6,2264250112,2517.3,2339.2103225806454,1.0053877248605652,-0.035374425460594994,4181.17,4185.47,3907.305376344086,1.0070354475843475
26.79,1742976,77.37,45.27488172043011,0.9706582348281775,-0.46887680895050465,4670.8,1094899968,4917.5,4577.457849462365,1.0029681198296745,-0.05775613392036116,2440.4,2120150016,2517.3,2350.031397849463,1.0046259522559218,-0.06292362596404666,4232.6,4185.47,3936.1302150537635,1.0073771655740529
25.61,2293062,77.37,43.86931182795698,0.9689547528549617,-0.4917944516033913,4618.6,1499974016,4917.5,4586.736559139785,1.0020270442639925,-0.10201438256531459,2386.0,2354180096,2517.3,2356.6410752688175,1.0028125911106565,-0.07814560301268902,4173.85,4232.6,3959.540064516129,1.0059474275959759
26.25,1526141,77.37,42.553268817204305,0.9700008284626433,-0.495714353318077,4634.3,947548032,4917.5,4596.380430107527,1.002102556107899,-0.10665309232682119,2389.2,2013330048,2517.3,2362.9077419354835,1.0026591519312933,-0.0525231530948147,4155.86,4232.6,3980.3053118279568,1.0052443584288786
26.99,1177778,77.37,41.33410752688173,0.9713497617407557,-0.18625585047205817,4743.9,1059716992,4917.5,4612.261935483871,1.0034552199535782,-0.07757682229866658,2426.9,1951810048,2517.3,2370.9492473118275,1.0034032244397986,-0.0402819119112372,4204.11,4232.6,4002.6985806451607,1.0056260178712069
28.19,918928,77.37,40.207376344086015,0.9727408851863333,-0.28274123922816796,4759.9,827214976,4917.5,4627.48129032258,1.0032997594350879,-0.16726714114326713,2455.6,1412610048,2517.3,2379.813978494624,1.0037388953782318,-0.05657793124575683,4229.89,4232.6,4024.7461505376345,1.005508176408557
22.98,5361394,77.37,38.767591397849465,0.9641910247036468,-0.39664352823331495,4920.9,911868992,4917.5,4652.217204301075,1.0053454379232662,-0.04836462956290011,2489.5,1649369984,2517.3,2390.1821505376342,1.004356715330149,-0.015512975907786997,4247.44,4232.6,4046.376623655914,1.0053743695401485
23.08,5235422,77.37,37.37131182795699,0.9639833293855359,-0.4853355598755239,4972.0,1124103936,4920.9,4678.688817204301,1.0056901068330928,-0.01645234497655812,2491.9,2223960064,2517.3,2399.930322580645,1.0040784222410908,0.010002789962085146,4166.45,4247.44,4061.3576559139788,1.0037023326426122
23.65,2705372,77.37,36.05756989247311,0.96484624512161,-0.4249420778798473,5082.5,1112032000,4972.0,4710.567956989247,1.00681369097849,-0.04088065331127866,2550.5,1800039936,2517.3,2412.6372043010747,1.0052946877669207,0.007581301341469393,4280.7,4247.44,4082.4001720430106,1.0051811531787629
24.05,2202857,77.37,34.81339784946236,0.9654948448627853,-0.44900585674953797,5248.2,746259968,5082.5,4751.409677419355,1.0086702327199226,0.016581588367788003,2633.3,1771680000,2550.5,2429.8331182795696,1.0071274346378474,0.012851505502002203,4352.34,4280.7,4106.683225806452,1.005948229654147
23.51,1769067,77.37,33.58608602150537,0.9647459913776861,-0.3946981913619023,5285.4,695649024,5248.2,4792.551827956989,1.008658935627706,-0.040949449413547834,2656.4,1567229952,2633.3,2447.617419354839,1.0073191450645227,0.02456507989955825,4369.55,4352.34,4130.67182795699,1.0058413568399414
22.11,2391954,77.37,32.30744086021505,0.9619293191689083,-0.5444683903838832,5253.0,764076992,5285.4,4829.404516129032,1.0076895753024655,-0.09965111370028246,2640.2,1878550016,2656.4,2463.3367741935485,1.0064223087784907,0.0057921312651714185,4327.16,4369.55,4150.40711827957,1.0047777434626999
20.17,1437369,77.37,30.956860215053766,0.9581959880076897,-0.6810161876642848,5462.9,961457024,5285.4,4878.020430107527,1.0100666477235711,-0.07046772708154059,2713.4,2061810048,2656.4,2482.9440860215054,1.00795965538832,0.0036214694889098453,4411.8,4369.55,4174.274559139784,1.0057506264277294
21.77,1744713,77.37,29.787440860215053,0.9622242260127516,-0.637916137181977,5395.0,734212992,5462.9,4920.126666666666,1.0086318286613265,-0.055352588979014516,2693.6,2224369920,2713.4,2500.3217204301077,1.0069988021504128,0.005401973531223847,4395.26,4411.8,4195.550731182796,1.0050969747537153
21.82,1246395,77.37,28.691010752688175,0.9631915305288511,-0.7360497926120119,5494.2,660990016,5462.9,4966.561720430108,1.0094377760796351,-0.06764896456966585,2718.6,2352310016,2713.4,2518.447096774193,1.0072492176490662,0.02141207275860446,4436.52,4411.8,4218.11423655914,1.0053779603256003
21.12,1320242,77.37,27.65389247311828,0.9638521525606161,-0.8121059705844175,5525.0,904336000,5494.2,5012.64,1.0092777019925772,-0.0013232626093779842,2720.6,1946099968,2718.6,2535.803870967742,1.0068918557851705,0.028369499029929468,4468.0,4436.52,4241.392924731183,1.0055187429421142
20.25,1238601,77.37,26.65954838709677,0.9640432504397676,-0.8659540404243853,5638.3,874372992,5525.0,5063.357419354839,1.0101179058050924,-0.019037795399060142,2732.6,2171470080,2720.6,2552.9032258064517,1.0067431693099294,0.011984824052936993,4441.67,4468.0,4261.46806451613,1.0047331478458152
21.42,1825697,77.37,25.846021505376342,0.9694845962914295,-0.8064261322044528,5697.2,864784000,5638.3,5115.360860215054,1.0102705451251437,-0.002149340236459185,2771.7,1973010048,2732.6,2571.6789247311826,1.007354645775419,0.00742141370481586,4509.37,4468.0,4284.620193548388,1.0054328998086455
24.22,1673418,77.37,25.30748387096774,0.9791636157891234,-0.7719374940658543,5732.7,903158976,5697.2,5167.004516129032,1.0100957991674915,-0.0807112059174191,2796.1,1830089984,2771.7,2590.947956989247,1.0074927830503095,0.008010094007757207,4535.43,4509.37,4307.743655913979,1.005396852304531
23.46,939251,77.37,24.820516129032256,0.9807579550611065,-0.9014070452337046,5622.4,648371968,5732.7,5209.411397849463,1.008207246885126,-0.05988709263981096,2746.4,1463980032,2796.1,2606.1154838709676,1.0058540453662164,-0.004989475252288322,4458.58,4535.43,4324.514215053764,1.0038931191081348
23.77,1866649,77.37,24.46948387096774,0.9858571733061618,-0.8198693111371708,5657.8,1285927936,5732.7,5252.392688172044,1.0082506999428618,-0.04102930585435405,2727.7,2240069888,2796.1,2619.405806451613,1.0050996675561379,0.007636789074330075,4432.99,4535.43,4338.507462365591,1.0032357963498226
21.6,1209419,77.37,24.06995698924731,0.9836724434472255,-0.6660753590634642,5697.3,1041203008,5732.7,5295.97935483871,1.0082984402070354,0.025825058990564642,2753.6,1845880064,2796.1,2633.636129032258,1.0054326529114335,0.031598315820551726,4455.48,4535.43,4352.819892473119,1.0032989294663386
19.67,1229060,77.37,23.59733333333333,0.9803645824491871,-0.5531636848978477,5469.6,991280000,5732.7,5322.322580645161,1.0049741934477865,0.01715820706436877,2661.5,2120470016,2796.1,2640.9348387096775,1.002771343237952,0.042382094300789985,4357.05,4535.43,4359.396344086021,1.0015108485476907
19.43,1131769,77.37,23.138946236559146,0.9805746229754414,-0.6654145066316086,5515.3,934145024,5732.7,5349.310107526881,1.005070629687096,0.07880523865318367,2668.5,1831629952,2796.1,2647.826666666667,1.0026096168129452,0.04443798970680346,4391.36,4535.43,4367.078580645161,1.0017622248478422
20.73,875079,77.37,22.814494623655914,0.9859781163071893,-0.6126473972343904,5744.1,752248000,5732.7,5388.840000000001,1.0073897178661408,0.1072556969405547,2737.9,1791309952,2796.1,2658.4126881720426,1.0039980039625112,0.06181152627633102,4471.37,4535.43,4378.959268817204,1.0027205116538773
22.17,913800,77.37,22.630387096774196,0.9919302386522811,-0.38263255825890563,5856.9,839547008,5744.1,5432.714623655914,1.0081417566036313,0.12082624040734369,2782.0,1857330048,2796.1,2670.844301075269,1.0046763292089815,0.05018063072805723,4544.9,4535.43,4394.383247311828,1.0035222932089045
24.13,1729588,77.37,22.59488172043011,0.9984310751648986,-0.41195110305783833,6101.6,978764992,5856.9,5489.372258064516,1.010428973051869,0.13759762650816287,2836.9,2368130048,2796.1,2685.8470967741932,1.005617248333377,0.04632082598180931,4605.38,4544.9,4412.482580645161,1.0041187425662985
26.03,1754278,77.37,22.707311827956993,1.004975910425998,-0.30934600129557843,6162.8,874942016,6101.6,5546.732688172044,1.010449360584584,0.08394547679098818,2931.7,2399820032,2836.9,2705.983440860215,1.007497204181953,0.03916985569674547,4697.53,4605.38,4435.267913978494,1.0051638353051586
25.36,965556,77.37,22.795139784946237,1.0038678271410846,-0.2812335797512343,6190.8,1080209024,6162.8,5603.011612903227,1.010146319986033,0.09524121810004194,2936.4,2316699904,2931.7,2725.4752688172043,1.0072032325337485,0.047652981941293415,4682.85,4697.53,4455.883075268817,1.004648008122655
24.35,996405,77.37,22.83367741935484,1.001690607505467,-0.2982613863968884,6238.1,911392000,6190.8,5659.603870967742,1.0101003285329961,0.13146944332982136,3005.8,2480750080,2936.4,2748.543225806452,1.0084638291358479,0.07571677828137235,4697.96,4697.53,4476.403440860216,1.0046052298152282
23.61,976243,77.37,22.841634408602147,1.0003484760295582,-0.3160885754900027,5955.1,857326016,6238.1,5695.075268817204,1.0062674700664866,0.13195357972156252,2908.6,2044780032,3005.8,2764.2647311827955,1.0057199411050668,0.08704133541636394,4594.62,4697.96,4489.143182795699,1.0028459771563922
21.82,1476232,77.37,22.74767741935484,0.9958865907943995,-0.3233298053410756,5720.9,1388157056,6238.1,5712.882580645161,1.003126791304315,0.09697945929633,2895.7,3252819968,3005.8,2778.173333333333,1.0050315738552966,0.11431195193096255,4538.43,4697.96,4497.368623655913,1.0018322963927142
23.5,1003169,77.37,22.77279569892473,1.0011042129315812,-0.18358683216924165,6029.1,1093100032,6238.1,5748.315483870968,1.006202281024618,0.13506590408681918,3068.9,2615810048,3005.8,2802.276989247312,1.0086760806551471,0.1572727221790169,4712.02,4697.96,4516.135720430108,1.0041729060578848
24.94,2190749,77.37,22.89535483870968,1.0053818223025965,-0.18529749443816335,5715.1,1311256064,6238.1,5760.456989247313,1.002112184936685,0.05477844674031762,2944.9,3316379904,3068.9,2816.9120430107528,1.005222557876897,0.12075105295958477,4620.64,4712.02,4527.849978494624,1.002593867587177
24.53,874365,77.37,22.994279569892473,1.0043207336981534,-0.21839291733305433,5874.6,747123008,6238.1,5780.564516129032,1.0034906131439316,0.07826226223221289,3041.1,1755000064,3068.9,2836.558494623656,1.006974463992104,0.12899434486249373,4725.78,4712.02,4545.347935483872,1.0038645178334873
23.87,922739,77.37,23.055913978494623,1.0026804235555546,-0.2508088155536048,5870.4,640998976,6238.1,5797.969462365591,1.0030109423029525,0.0658936297435373,3055.4,1630649984,3068.9,2855.8066666666664,1.0067857483212468,0.11747221953872922,4766.18,4725.78,4564.33047311828,1.0041762562302916
22.06,1501025,77.37,23.010064516129027,0.9980113795354909,-0.12780936737724335,5405.8,1232411008,6238.1,5783.012043010753,0.9974202314358627,0.010072328976971301,2912.0,2609730048,3068.9,2864.513333333334,1.0030487591363564,0.06857422556085258,4677.02,4766.18,4576.407440860215,1.002645945076296
20.7,1247569,77.37,22.878451612903223,0.9942802027724195,-0.22398769757799686,5329.8,1204809984,6238.1,5762.108602150539,0.9963853713765861,-0.02390112429110469,2910.2,2528079872,3068.9,2872.1952688172046,1.0026817593740893,0.048721683573694996,4662.85,4766.18,4586.646387096775,1.0022373327482037
18.34,1920217,77.37,22.599698924731182,0.9878159285913026,-0.3687932545299897,5053.5,1131072000,6238.1,5722.609892473119,0.9931450945470416,-0.056651475670211004,2708.3,2292640000,3068.9,2865.9518279569893,0.9978262477736111,0.03448451358022875,4397.93,4766.18,4578.7261935483875,0.9982732059810261
18.95,1973134,77.37,22.371720430107526,0.9899123216029141,-0.3762552141995398,5189.7,1800502016,6238.1,5691.960645161291,0.9946441837050364,-0.05983822755287238,2769.6,3906190080,3068.9,2863.3238709677416,0.9990830421629519,0.03349181504681131,4431.85,4766.18,4572.742279569893,0.9986931050852252
20.11,1393483,77.37,22.22954838709677,0.9936450107422483,-0.31432840487167013,5232.8,1751774976,6238.1,5664.217849462365,0.9951259684617619,-0.02938767976562373,2798.9,3243249920,3068.9,2862.2931182795696,0.9996400153337095,0.02366611416765374,4500.54,4766.18,4571.018989247312,0.9996231385419903
20.4,1217025,77.37,22.11339784946237,0.9947749483879834,-0.21701817400193224,5098.5,1543190016,6238.1,5627.92365591398,0.9935923732961948,-0.014255006452716046,2717.5,2838710016,3068.9,2855.7043010752695,0.9976980634295552,0.008137198130121703,4418.64,4766.18,4563.730129032258,0.9984054189597114
19.84,954361,77.37,21.964795698924732,0.993279994709576,-0.1422333749172947,4887.5,1515554048,6238.1,5578.348817204302,0.9911912737733065,-0.07148368783304737,2670.9,2940369920,3068.9,2845.9427956989243,0.9965817520488134,-0.0013989866017731778,4348.87,4766.18,4551.743247311828,0.9973734464173997
20.22,959422,77.37,21.84141935483871,0.9943829960552713,-0.18739250144378994,5056.2,1388835968,6238.1,5540.895268817204,0.993285907781244,-0.05231757493677325,2705.5,2701250048,3068.9,2838.504946236559,0.997386507742318,0.0068386690867501265,4384.62,4766.18,4542.198150537634,0.9979029799671081
17.56,1664065,77.37,21.549763440860215,0.9866466593017508,-0.31753926004448085,4901.5,1443747968,6238.1,5494.189677419356,0.9915707500084515,-0.1074665235054808,2624.0,2960100096,3068.9,2825.7834408602153,0.9955182373759078,-0.010532808523308734,4328.87,4766.18,4529.079161290323,0.997111753205712
18.36,1258464,77.37,21.318881720430106,0.9892861134618147,-0.23196910716663288,4691.9,1502050048,6238.1,5435.236129032259,0.9892698374376496,-0.1323334820559917,2524.1,2983980032,3068.9,2806.8202150537636,0.993289214759968,-0.013209257219907511,4204.31,4766.18,4508.155548387097,0.9953801618037373
20.86,1398938,77.37,21.255225806451612,0.9970141063300946,-0.07475121643761762,5093.2,1663041024,6238.1,5403.964516129032,0.9942465033421106,-0.09916377544494914,2722.7,3298520064,3068.9,2801.0924731182795,0.9979593484809733,-0.008445433675453584,4463.09,4766.18,4504.4944946236565,0.9991879042938635
18.95,865648,77.37,21.067032258064515,0.9911460103928901,-0.239579540779984,5097.7,1250657024,6238.1,5374.155483870967,0.9944838586247015,-0.11472588197764166,2786.1,2699249920,3068.9,2799.4763440860215,0.9994230361732903,-0.002271307481712892,4543.04,4766.18,4505.945440860215,1.0003221107803084
19.94,925451,77.37,20.94802150537634,0.9943508534457852,-0.2855757721246337,5204.7,1141704960,6238.1,5352.538924731182,0.9959776825950308,-0.10583693381106063,2789.4,2801019904,3068.9,2798.042150537635,0.9994876922066456,-0.0046958663957185065,4545.86,4766.18,4507.505913978494,1.0003463142505298
18.21,867190,77.37,20.726602150537634,0.9894300588348223,-0.3465773640594846,4982.2,1115398016,6238.1,5317.703010752687,0.9934917028220874,-0.17659671816533373,2677.0,2637179904,3068.9,2789.370752688172,0.996900905210525,-0.031930757327107706,4488.28,4766.18,4505.329118279569,0.99951707313524
18.36,658840,77.37,20.526150537634408,0.9903287759639837,-0.3772512465210207,4771.8,785747008,6238.1,5270.669677419353,0.9911553290512408,-0.2021085946576423,2574.9,1943859968,3068.9,2774.261505376344,0.9945832775018283,-0.04690440279421526,4392.59,4766.18,4496.914903225807,0.9981323861514084
17.63,845182,77.37,20.29023655913978,0.9885066623640862,-0.31812348342850505,4579.4,1142942976,6238.1,5213.1288172043005,0.989082817983914,-0.27088520156436435,2509.6,2356460032,3068.9,2755.2679569892475,0.9931536560809829,-0.047381146917839345,4271.78,4766.18,4480.793376344086,0.9964149806637086
15.6,1313389,77.37,19.931892473118282,0.9823390878180727,-0.3517797029896509,4577.9,1338204032,6238.1,5157.895268817205,0.9894049139540126,-0.20000477987254817,2478.0,3027109888,3068.9,2734.7604301075266,0.9925569755095145,-0.01727809666895952,4131.93,4766.18,4456.044322580645,0.9944766357908621
15.61,1602956,77.37,19.58294623655914,0.9824930704884265,-0.3647263059368159,4443.3,1368017024,6238.1,5095.895483870969,0.9879796347705886,-0.19989127388336925,2461.5,3285600000,3068.9,2713.5830107526886,0.9922562067515343,-0.01653818554514963,4123.34,4766.18,4431.225204301075,0.9944302353201917
15.41,2694119,77.37,19.229311827956987,0.9819417158005594,-0.4438953303334505,4286.7,2083979008,6238.1,5026.097849462366,0.9863031660226315,-0.1875164633565083,2375.3,3504839936,3068.9,2687.2894623655916,0.9903103946763715,-0.032360559170075076,4023.89,4766.18,4400.566344086023,0.9930811775972718
15.35,1125728,77.37,18.883247311827954,0.9820032812809297,-0.49800226464926267,4161.1,1349480960,6238.1,4951.331182795699,0.985124311363205,-0.1783083854533336,2285.8,3260610048,3068.9,2656.001505376344,0.9883570573890819,-0.03676481672388765,3901.36,4766.18,4362.964645161291,0.9914552591678875
15.39,1136982,77.37,18.554430107526883,0.9825868295388416,-0.52400782685147,4462.3,1851694976,6238.1,4899.643655913979,0.9895608827255755,-0.20632409658452022,2470.3,2907089920,3068.9,2637.6838709677418,0.9931033042068977,-0.03213476930395032,4158.24,4766.18,4343.319806451613,0.9954973646803522
14.22,967590,77.37,18.168924731182795,0.9792230009701186,-0.6492213081620561,4454.4,1395811968,6238.1,4850.971827956989,0.9900662514715244,-0.18659225851281824,2442.4,2374089984,3068.9,2618.3546236559137,0.9926718862997269,-0.041516836998229834,4108.54,4766.18,4321.430107526882,0.9949601457179793
13.4,1212423,77.37,17.755913978494625,0.9772682886412463,-0.7151074661539201,4180.6,1223938944,6238.1,4788.309462365592,0.9870825129863127,-0.1784633589104957,2286.4,2273639936,3068.9,2590.01311827957,0.9891758338919074,-0.05436930020876851,3900.86,4766.18,4287.408344086021,0.9921271980352978
13.31,2201880,77.37,17.362817204301077,0.9778610791497608,-0.6511351777651707,4028.2,1600963968,6238.1,4720.137849462366,0.9857629057939905,-0.16234569296885815,2174.4,3285469952,3068.9,2555.843655913979,0.9868072242088534,-0.05881894407574362,3674.84,4766.18,4240.486344086022,0.9890558593363931
14.61,790886,77.37,17.077333333333332,0.9835577448285854,-0.5485912968960598,4410.5,1334754944,6238.1,4681.383225806452,0.9917895144396413,-0.13740756623634554,2332.8,2160740096,3068.9,2533.6815053763444,0.9913288316809389,-0.04933865482074096,3911.74,4766.18,4211.0484731182805,0.993057902188791
