46.98,1642307,50.37,45.992989247311826,1.0036924994579515,-0.08192427654397672,2543.2,1192390016,2532.1,2400.3062365591395,1.0060016203933413,0.22725794533187083,904.4,22925640,897.6,842.0137634408601,1.0066305461729226,0.06544781045984904,2378.25,2383.12,2275.196774193548,1.004365025072137
44.97,1466108,50.37,46.01692473118279,1.000520415921267,-0.15616575117617937,2536.9,1066129984,2543.2,2413.416559139785,1.0054619374732114,0.20954750503435837,896.6,22925640,904.4,846.7965591397849,1.0056801870783918,0.06340703493210165,2343.98,2383.12,2282.4559139784947,1.0031905547103808
48.3,1430642,50.37,46.24709677419355,1.0050018997217949,-0.15212397387645038,2560.2,850510016,2543.2,2427.254193548387,1.005733628683452,0.2169452043618163,906.2,22925640,904.4,851.9559139784948,1.0060927914538895,0.06544431015618524,2362.72,2383.12,2290.547870967742,1.0035452851201592
51.38,4066594,50.37,46.66574193548388,1.0090523555096746,-0.05758098422937219,2532.4,1013859968,2560.2,2438.5118279569892,1.0046380121367284,0.20977643064261153,900.9,22925640,906.2,856.5202150537634,1.0053574381025823,0.06480068938990735,2355.54,2383.12,2297.783612903226,1.0031589568710595
50.76,1845090,51.38,47.02423655913979,1.007682179877297,-0.05972366196133572,2438.6,784870016,2560.2,2442.7950537634406,1.001756491708322,0.09535955362808712,888.7,22925640,906.2,860.0133333333333,1.0040782671770925,0.03337421835173293,2328.95,2383.12,2302.8141290322583,1.002189290628057
51.74,2194780,51.38,47.4267311827957,1.0085593016092822,0.06705012509463337,2518.6,783489984,2560.2,2451.7419354838707,1.0036625592911064,0.17203725546651905,904.6,22925640,906.2,864.3243010752687,1.0050126754723983,0.05243179179483426,2348.69,2383.12,2308.710043010752,1.0025603082351122
48.88,8051584,51.74,47.62006451612903,1.0040764633891417,-0.05082068888709679,2539.6,1005260032,2560.2,2461.3494623655915,1.003918653404207,0.14743614635650604,928.3,22925640,906.2,869.9292473118279,1.0064847722429953,0.058328125698895006,2384.2,2383.12,2316.501225806451,1.0033746909098809
45.97,3380228,51.74,47.611591397849466,0.9998220683158316,-0.10640840777594307,2567.9,1208800000,2560.2,2472.196129032258,1.004406796691211,0.09965544061675824,941.0,22925640,928.3,876.0812903225808,1.0070718889263275,0.0610639488196667,2399.29,2384.2,2324.8015913978493,1.0035831475066492
48.55,2133519,51.74,47.76301075268817,1.0031803044257315,0.03882048798151283,2634.6,987139968,2567.9,2486.714193548387,1.0058725375165976,0.1887441329692463,951.6,22925640,941.0,882.6156989247313,1.007458678406138,0.07440719281893271,2390.9,2399.29,2332.032602150538,1.003110377582089
56.18,7981279,51.74,48.38587096774194,1.0130406397176022,0.19885103884142663,2668.7,1332630016,2634.6,2502.5144086021505,1.0063538524430176,0.20151871906675334,944.9,22925640,951.6,888.3834408602149,1.0065348281732471,0.06597148947453335,2381.73,2399.29,2338.1173333333336,1.0026091964482762
60.45,6800647,56.18,49.24556989247312,1.0177675612226622,0.37130989089011535,2732.0,882929984,2668.7,2521.3909677419356,1.0075430371449206,0.18647142857836774,966.8,22925640,951.6,895.2565591397848,1.0077366573524993,0.07134085387251377,2415.82,2399.29,2345.884064516129,1.0033217884629095
59.25,4232314,60.45,49.976344086021506,1.0148393895155243,0.2840495202368625,2778.1,757960000,2732.0,2542.101505376344,1.0082139334594968,0.2065950283919411,979.7,22925640,966.8,902.6047311827957,1.008207895231811,0.0900234966790372,2439.07,2415.82,2354.528408602151,1.0036848982508457
54.85,4097804,60.45,50.37679569892473,1.008012823271225,0.12438488466813435,2735.3,1429139968,2778.1,2558.709247311828,1.0065330758431008,0.13146871349181177,957.8,22925640,979.7,908.1055913978494,1.0060944287405242,0.0908986322469949,2431.77,2439.07,2361.9407311827954,1.0031481134623663
55.86,4036986,60.45,50.81215053763441,1.0086419716194648,-0.042672940144442784,2685.5,1295920000,2778.1,2571.0187096774193,1.0048108093479255,0.062208415560310204,946.7,22925640,979.7,912.5266666666666,1.0048684594728812,0.07372160832051189,2433.15,2439.07,2368.867204301075,1.0029325346850728
58.26,3657209,60.45,51.383182795698914,1.011238104508912,-0.0021865413267305733,2713.7,1501670016,2778.1,2584.315698924731,1.005171875722748,0.05944867097822426,968.2,22925640,979.7,918.0113978494625,1.0060104886609296,0.10169757679234559,2438.3,2439.07,2375.585612903226,1.0028361271539208
55.77,4025334,60.45,51.772279569892476,1.0075724537294746,0.023849667315957612,2596.4,1310380032,2778.1,2589.2681720430105,1.001916357633992,0.06615467173248035,940.3,22925640,979.7,921.3443010752687,1.0036305684587512,0.09821965815611722,2423.41,2439.07,2380.8596129032258,1.0022200841642388
57.94,1479059,60.45,52.28279569892474,1.0098608006692666,0.07927357248832334,2643.1,869539968,2778.1,2596.4772043010757,1.0027841968382816,0.08666834947426283,945.6,22925640,979.7,924.6767741935485,1.0036169682868723,0.08807370257359914,2425.18,2439.07,2385.7500430107525,1.002054060676666
60.51,2390931,60.45,52.94283870967742,1.012624478127635,0.19014385657218158,2767.9,1107299968,2778.1,2611.1182795698924,1.0056388229577227,0.1124995993327984,981.1,22925640,979.7,930.016989247312,1.0057752235189654,0.11381545635569501,2459.27,2439.07,2392.4835913978495,1.0028224031292898
63.02,3017954,60.51,53.739763440860216,1.0150525500824181,0.22265713394965014,2769.3,932430016,2778.1,2624.9993548387097,1.0053161418911685,0.07116230562586989,992.0,22925640,981.1,935.7045161290322,1.006115508584766,0.11783861511313032,2472.54,2459.27,2399.640580645161,1.0029914475790114
60.89,3698381,63.02,54.364107526881725,1.01161791653044,0.14802988197400957,2735.9,1339719936,2778.1,2636.0077419354834,1.0041936723056644,0.09039887804987945,985.7,22925640,992.0,940.6152688172042,1.0052481874390087,0.1157329275771386,2472.1,2472.54,2406.320258064516,1.0027836157936447
42.16,14971742,63.02,53.74864516129032,0.9886788840359961,-0.2687213958631709,2721.7,1049030016,2778.1,2645.334623655914,1.0035382603670133,0.10675284328447088,989.6,22925640,992.0,945.3954838709678,1.0050820087789716,0.10797697233904491,2476.83,2472.54,2412.803440860215,1.0026942310666966
40.76,5951211,63.02,53.0494623655914,0.98699162009385,-0.3213248072705638,2683.1,970110016,2778.1,2651.4445161290323,1.002309686048215,0.068554563359978,979.9,22925640,992.0,949.201505376344,1.004025851159974,0.10166251833056816,2441.32,2476.83,2416.5658709677423,1.0015593603870965
39.67,3992939,63.02,52.2943440860215,0.9857657694178692,-0.38272167891090336,2693.8,929280000,2778.1,2657.6873118279573,1.0023544885291582,0.07784197693020678,980.2,22925640,992.0,952.7131182795698,1.003699544178276,0.10458009088151576,2425.55,2476.83,2418.9524301075267,1.00098758290368
44.07,6514239,63.02,51.838645161290316,0.9912858850666224,-0.367279865431695,2697.6,783619968,2778.1,2663.598494623656,1.00222418294635,0.020070742783493856,989.8,22925640,992.0,956.5339784946237,1.004010504465346,0.09273647084872527,2443.05,2476.83,2422.136322580645,1.001316227815599
45.7,3839941,63.02,51.49806451612903,0.9934299856004799,-0.35115822435373767,2781.0,759990016,2778.1,2674.4288172043002,1.0040660492196947,0.06905357825105662,1011.7,22925640,992.0,961.4782795698924,1.0051689758925761,0.10488974449445299,2476.55,2476.83,2427.162451612903,1.002075080987557
42.52,2554511,63.02,50.95664516129032,0.9894866077021373,-0.3390874174867816,2719.1,668430016,2781.0,2680.579139784946,1.00229967705294,0.05474722285484912,1000.9,22925640,1011.7,965.3894623655916,1.0040678847133695,0.09315942616699413,2461.43,2476.83,2430.827870967742,1.001510166471306
45.36,2797602,63.02,50.60623655913978,0.9931233973303892,-0.3185099285214621,2864.1,937859968,2781.0,2695.489892473118,1.0055625116479001,0.09635601559279983,1014.9,22925640,1011.7,969.9135483870967,1.0046862807166128,0.08793020931138673,2500.23,2476.83,2436.6839784946233,1.0024091000423447
43.27,3388469,63.02,50.128365591397845,0.9905570735894679,-0.3325024072936411,2867.8,1186259968,2864.1,2709.8316129032255,1.0053206359519862,0.14993454677011742,1008.2,22925640,1014.9,973.7184946236558,1.0039229746227243,0.07800158280048741,2502.22,2500.23,2442.347892473119,1.002324435186706
44.61,2788958,63.02,49.74597849462366,0.9923718419249677,-0.2087075116490198,2930.9,1128370048,2867.8,2727.4253763440856,1.0064925670499543,0.16405481450434478,1018.2,22925640,1014.9,977.910752688172,1.0043054107400275,0.08341598934800021,2519.36,2502.22,2448.827548387097,1.0026530437919787
43.44,3848456,63.02,49.29077419354839,0.9908494251223852,-0.20150825902824654,2987.7,871440000,2930.9,2747.7305376344084,1.0074448091106127,0.1225106544962522,1033.5,22925640,1018.2,982.8202150537634,1.0050203583017119,0.07691583974979954,2549.33,2519.36,2456.94776344086,1.0033159603497237
41.59,2162884,63.02,48.722236559139795,0.9884656379675406,-0.21937472040426675,3049.4,944560000,2987.7,2771.036559139785,1.0084819166894878,0.14075486451265018,1047.1,22925640,1033.5,988.3148387096775,1.00559067016709,0.08423428718530501,2553.17,2549.33,2464.9356559139783,1.003251144607947
36.86,8235021,63.02,47.860129032258065,0.9823056660004659,-0.3109401207210136,3085.3,839790016,3049.4,2795.570107526882,1.0088535635901943,0.17392889492023,1057.3,22925640,1047.1,994.1606451612905,1.0059149232842088,0.08058420407125233,2575.21,2553.17,2473.969311827957,1.0036648647977098
40.1,2477777,63.02,47.224494623655914,0.9867189156934004,-0.2158936106873376,3200.9,1278889984,3085.3,2826.382365591398,1.0110218155436546,0.2328545721528037,1087.6,22925640,1057.3,1001.6156989247313,1.007498842163714,0.10776188685314869,2581.07,2575.21,2482.8837634408605,1.0036032991881847
37.33,3425343,63.02,46.42778494623657,0.983129312790565,-0.34534850519510485,3322.6,1326390016,3200.9,2863.6683870967745,1.0131921363362932,0.284830317870131,1107.7,22925640,1087.6,1009.9774193548388,1.008348232200318,0.13092965376518184,2587.84,2581.07,2491.7654193548387,1.0035771533266098
36.63,3915155,63.02,45.61612903225807,0.9825178841739187,-0.36619492986453916,3326.3,1241139968,3322.6,2899.4937634408598,1.0125103089818321,0.3114658161142012,1107.7,22925640,1107.7,1017.8944086021503,1.0078387784673133,0.13764443788634062,2582.3,2587.84,2499.7900860215054,1.0032204743690296
32.85,13983490,63.02,44.59098924731183,0.9775268132852462,-0.49399331172537175,3330.4,923760000,3326.3,2933.674623655914,1.011788561384761,0.2858698590947053,1103.5,22925640,1107.7,1025.0694623655913,1.0070489175525528,0.12188113580933546,2578.85,2587.84,2507.0473333333334,1.002903142688824
33.03,3836990,63.02,43.618086021505384,0.9781816182545199,-0.4635319795149442,3409.2,701960000,3330.4,2971.1935483870966,1.0127890545286262,0.2813013207235935,1122.9,22925640,1107.7,1033.0683870967741,1.007803300190724,0.11810295096602763,2602.42,2587.84,2515.3302580645163,1.0033038565411407
32.27,5154028,63.02,42.63023655913978,0.97735229689174,-0.43966501045255546,3224.8,1320809984,3409.2,2994.9455913978495,1.0079941083015769,0.20266735969746597,1100.2,22925640,1122.9,1039.1843010752689,1.0059201443533494,0.06793093488173207,2642.22,2602.42,2525.7116344086025,1.0041272418644835
32.26,6005907,63.02,41.67120430107528,0.9775034732276453,-0.410550287773248,3164.7,1217139968,3409.2,3013.407526881721,1.0061643642331595,0.14480126520059478,1101.1,22925640,1122.9,1045.0159139784946,1.0056117215177247,0.048107212982193115,2651.5,2642.22,2536.1692903225808,1.0041404789729398
32.87,3439164,63.02,40.78655913978495,0.9787708280543381,-0.49580848414289447,3210.1,945009984,3409.2,3033.6584946236558,1.0067202884313793,0.15067152697569708,1120.4,22925640,1122.9,1051.771182795699,1.0064642736314764,0.06226066647064865,2675.81,2651.5,2547.6349032258067,1.004520838946744
33.52,3230370,63.02,39.993978494623654,0.9805676021248829,-0.4936019185255667,3272.4,1039430016,3409.2,3056.764516129033,1.007616553262777,0.1767549124359462,1117.8,22925640,1122.9,1057.9812903225807,1.0059044282905478,0.04544862667027427,2683.34,2675.81,2558.9538924731182,1.0044429400904265
32.54,2057450,63.02,39.19608602150539,0.9800496848988023,-0.47317953970878057,3225.4,484510016,3409.2,3075.6761290322584,1.0061868072608924,0.13488560016221163,1106.2,22925640,1122.9,1063.1182795698926,1.0048554632244449,0.03296155772318832,2673.61,2683.34,2569.0698279569892,1.0039531526979153
36.82,3805443,63.02,38.73176344086021,0.9881538534130572,-0.3985015315295617,3372.7,1161570048,3409.2,3103.1290322580644,1.0089258108051982,0.22363683637697096,1152.8,22925640,1122.9,1070.9896774193548,1.0074040659451804,0.07554491485227266,2743.15,2683.34,2583.167827956989,1.0054875892615232
36.5,3639972,63.02,38.28556989247312,0.988479906186859,-0.3946269676077133,3349.4,1087440000,3409.2,3127.707956989247,1.0079206905274245,0.28572213721909057,1162.9,22925640,1152.8,1079.0933333333332,1.007566511689921,0.08325582753364769,2786.24,2743.15,2599.3761935483876,1.0062746080281657
33.46,4195937,63.02,37.68488172043011,0.9843103243929745,-0.4715117920567905,3460.7,884449984,3409.2,3158.039784946237,1.0096977813702874,0.3071028040620697,1180.3,22925640,1162.9,1087.854623655914,1.0081191219072008,0.06650099671628906,2810.3,2786.24,2616.3774838709674,1.0065405270559824
32.18,3355521,63.02,37.05494623655914,0.9832841326518091,-0.518219926863068,3533.5,1172029952,3460.7,3191.4619354838705,1.010583194897338,0.36067157255095816,1203.9,22925640,1180.3,1097.682365591398,1.0090340581560944,0.0948701285934177,2872.87,2810.3,2636.615548387097,1.0077351470270977
30.51,4753373,63.02,36.367999999999995,0.9814614159153363,-0.6703227384323304,3335.5,1382700032,3533.5,3210.094623655914,1.0058382924655558,0.2713018514128819,1154.3,22925640,1203.9,1103.7432258064516,1.0055215064075373,0.08176828910593947,2762.13,2872.87,2648.7425161290316,1.0045994448259068
18.92,28259396,63.02,34.99230107526882,0.9621728188316329,-0.8830346982777774,3204.1,1801319936,3533.5,3218.7608602150535,1.002699682587322,0.22158797468031177,1103.1,22925640,1203.9,1106.0520430107529,1.0020918064549065,0.059176407400897135,2619.55,2872.87,2650.9461505376344,1.0008319549352889
20.38,6501054,63.02,33.80023655913978,0.965933520245928,-0.8207773637941692,3365.9,1137430016,3533.5,3236.9277419354835,1.0056440607144752,0.27021845465294914,1167.4,22925640,1203.9,1112.24688172043,1.0056008564414514,0.07178891492541184,2732.22,2872.87,2660.074129032258,1.0034432908012003
21.13,6188452,63.02,32.748258064516136,0.9688765937249281,-0.7882867476578128,3452.4,800750016,3533.5,3259.392258064516,1.0069400734029361,0.32169565196347416,1189.6,22925640,1203.9,1119.4967741935484,1.0065182403226018,0.09553571289700757,2747.3,2872.87,2669.616559139785,1.0035872797691539
21.36,5075779,63.02,31.796623655913976,0.9709409151861641,-0.5890920118446478,3485.1,1255760000,3533.5,3282.425591397849,1.0070667570852643,0.36412228186034723,1179.7,22925640,1203.9,1125.6694623655915,1.0055138061264086,0.10552748344575891,2691.25,2872.87,2674.9510322580645,1.0019982169724024
23.31,6384712,63.02,31.01552688172043,0.9754346001435197,-0.4935544545221714,3650.5,1459660032,3533.5,3314.4881720430108,1.009767953530824,0.3917856626830519,1230.3,22925640,1203.9,1134.6978494623656,1.008020460178249,0.11411688314774038,2786.57,2872.87,2685.9740645161287,1.0041208351574045
21.15,5871544,63.02,30.132602150537632,0.9715328153363352,-0.5195311023578232,3632.9,1710169984,3650.5,3343.334838709677,1.0087032039848511,0.3689666779635318,1218.4,22925640,1230.3,1142.42,1.006805468558254,0.108419475922791,2752.01,2872.87,2694.024946236559,1.0029973788007818
17.72,4676935,63.02,29.068215053763442,0.9646765622345962,-0.57004432103594,3391.4,1329840000,3650.5,3354.58129032258,1.003363842437404,0.33580543908483385,1122.4,22925640,1230.3,1143.4363440860216,1.00088964136309,0.07452846028529114,2588.26,2872.87,2690.809247311828,0.9988063588909141
16.6,5012844,63.02,27.98823655913979,0.9628467557218024,-0.5709058676150995,3429.6,1143069952,3650.5,3366.8002150537636,1.0036424589758588,0.2863267305320757,1141.6,22925640,1230.3,1145.4062365591399,1.0017227828058002,0.06204737993031939,2640.87,2872.87,2690.6754623655916,0.999950280776547
17.1,6687306,63.02,27.003096774193544,0.9648016486188895,-0.5309524789815223,3247.4,1347090048,3650.5,3365.869462365591,0.9997235497716761,0.2607273349609591,1115.4,22925640,1230.3,1145.4064516129033,1.0000001877532674,0.05628448207690395,2604.47,2872.87,2687.839913978495,0.9989461574140928
19.3,4802444,63.02,26.214559139784942,0.9707982517337717,-0.5042315819967179,3437.1,978800000,3650.5,3376.041290322581,1.0030220506382446,0.27793791422782066,1157.1,22925640,1230.3,1147.850752688172,1.0021340032368655,0.07769006918522803,2656.3,2872.87,2688.040623655914,1.0000746732260262
17.03,6474848,63.02,25.3356129032258,0.9664710654918017,-0.4789981438226822,3321.4,1038160000,3650.5,3377.5163440860206,1.0004369181643802,0.21903390014930157,1154.7,22925640,1230.3,1149.8344086021507,1.0017281479402556,0.07820006280762692,2670.14,2872.87,2688.798602150537,1.0002819817855255
17.01,4471020,63.02,24.5118064516129,0.9674842501438752,-0.5131575976192886,3303.3,1378800000,3650.5,3376.8481720430113,0.9998021705966933,0.16661818038813958,1147.8,22925640,1230.3,1151.0578494623653,1.001064014827754,0.06752620143316701,2669.91,2872.87,2689.180623655914,1.0001420788842539
21.46,12345694,63.02,24.034451612903226,0.9805255137089961,-0.3918958134661445,3386.6,1038569984,3650.5,3380.7533333333326,1.001156451546342,0.16863246781748886,1184.6,22925640,1230.3,1154.3767741935485,1.0028833691831678,0.10144929036260364,2663.42,2872.87,2688.8201720430106,0.9998659622898765
22.77,3978162,63.02,23.688881720430107,0.9856218940195167,-0.35651135378846366,3539.7,942019968,3650.5,3393.6780645161293,1.0038230328889606,0.20663296965160538,1225.5,22925640,1230.3,1160.0094623655914,1.0048794191792172,0.10200933023835224,2727.72,2872.87,2692.3627526881723,1.0013175223400939
22.65,3562407,63.02,23.37604301075269,0.986793859103631,-0.19751440777878182,3504.0,1116089984,3650.5,3403.2451612903224,1.002819093795085,0.20464113067869472,1206.6,22925640,1230.3,1164.0391397849462,1.0034738315074923,0.08771407278707799,2712.97,2872.87,2694.5783440860214,1.0008229171182959
22.53,3220593,63.02,23.086021505376344,0.9875932164719693,-0.35139737005497385,3633.0,1180899968,3650.5,3420.2344086021503,1.0049920727149104,0.1696494875553941,1222.4,22925640,1230.3,1168.7670967741935,1.0040616821442283,0.06960082198490891,2721.33,2872.87,2697.037032258064,1.0009124574824253
23.72,3082130,63.02,22.91055913978495,0.9923996273870519,-0.2436611197462757,3697.8,1087929984,3650.5,3440.475053763441,1.005917911681838,0.1469335150272989,1247.6,22925640,1230.3,1174.8309677419356,1.0051882629006912,0.06957861694199252,2734.62,2872.87,2700.0515053763443,1.00111769808209
24.58,3664418,63.02,22.81984946236559,0.9960407043378596,-0.20056925274941817,3690.8,1239960064,3697.8,3459.4572043010753,1.0055173050933388,0.162965071707317,1256.1,22925640,1247.6,1181.1423655913977,1.0053721752513833,0.057787269870133384,2779.03,2872.87,2705.615483870967,1.0020606934658631
24.68,4126533,63.02,22.761505376344083,0.9974432747193304,-0.1028707832539093,3701.1,1244409984,3697.8,3478.3199999999997,1.0054525304361253,0.1679573632168957,1262.4,22925640,1256.1,1187.5410752688172,1.0054173907090493,0.06612833321322786,2779.66,2872.87,2710.797032258065,1.0019151089347273
23.86,4001211,63.02,22.667827956989242,0.9958843926266758,-0.11403922180202442,3559.8,1294179968,3701.1,3487.269462365591,1.0025729266903538,0.08044876517933397,1245.9,22925640,1262.4,1192.5335483870967,1.0042040424725094,0.05095387048479383,2754.88,2872.87,2713.948021505376,1.0011623847930387
23.04,3157616,63.02,22.540967741935486,0.9944035125335138,-0.15601591000755588,3394.2,1235289984,3701.1,3485.2111827956987,0.9994097732933731,0.0738111107961722,1218.6,22925640,1262.4,1195.5002150537634,1.0024877008036202,0.07879633536446096,2718.37,2872.87,2714.415655913979,1.0001723077984168
24.24,1533385,63.02,22.511376344086024,0.998687217062362,-0.17167793698316425,3490.7,722929984,3701.1,3489.0144086021505,1.001091246873425,0.09757895510440528,1246.8,22925640,1262.4,1200.0316129032258,1.0037903781131972,0.09146987550361274,2759.82,2872.87,2717.393720430108,1.0010971291407196
24.6,1705231,63.02,22.52225806451613,1.0004833876109474,-0.17460305265050535,3473.3,898800000,3701.1,3490.9939784946246,1.0005673722319959,0.09310718047134559,1275.7,22925640,1262.4,1206.1141935483872,1.0050686836744624,0.091709524437382,2801.31,2872.87,2722.815612903226,1.00199525465609
23.9,1657098,63.02,22.50576344086021,0.9992676301102372,-0.2803678861020904,3489.6,841779968,3701.1,3493.4591397849463,1.0007061488233746,0.07014857596567203,1277.0,22925640,1275.7,1211.9466666666667,1.004835755311958,0.09826496158587017,2801.83,2872.87,2728.0011612903227,1.0019044801868047
21.84,2539190,63.02,22.37705376344086,0.9942810348221437,-0.3119150038276933,3468.0,1376770048,3701.1,3494.063655913978,1.000173042278396,0.09297276156099099,1262.3,22925640,1277.0,1216.488387096774,1.0037474589889328,0.08680138839445983,2818.82,2872.87,2734.0280215053763,1.002209258669158
21.18,5801806,63.02,22.22877419354839,0.9933735883436663,-0.40297234129301984,3507.5,1164429952,3701.1,3496.6948387096777,1.0007530437492878,0.0052558289254829305,1277.1,22925640,1277.0,1221.649247311828,1.004242424563847,0.07239071076837744,2840.35,2872.87,2741.1316344086026,1.0025982224203083
23.3,2396553,63.02,22.25090322580645,1.0009955129358632,-0.3006240383155928,3453.6,943950016,3701.1,3495.5587096774193,0.9996750848773873,-0.02085347753452238,1281.3,22925640,1277.1,1226.8137634408602,1.004227495036236,0.084931461716516,2833.28,2872.87,2747.570086021505,1.002348829779673
21.89,2516771,63.02,22.210451612903228,0.9981820237815646,-0.34552008399355716,3357.5,1189209984,3701.1,3487.998494623656,0.9978371940849304,-0.10323437621114717,1279.2,22925640,1281.3,1231.5881720430107,1.00389171424745,0.06961939209901447,2850.13,2872.87,2754.9944731182795,1.0027021647726282
22.86,1964751,63.02,22.257462365591397,1.002116604988836,-0.27507675492274586,3485.9,1167480064,3701.1,3488.944086021506,1.000271098568221,-0.0518012143987735,1300.8,22925640,1281.3,1237.5434408602152,1.00483543846262,0.07985489983022376,2874.69,2872.87,2763.9177204301077,1.0032389347415744
23.05,2472685,63.02,22.336774193548386,1.0035633814248115,-0.2643963603587497,3551.8,1511879936,3701.1,3494.2436559139787,1.0015189609697976,-0.008747454186709414,1327.2,22925640,1300.8,1244.9935483870966,1.0060200775834607,0.09932307252962702,2901.52,2874.69,2774.5680215053767,1.0038533350673013
21.89,1668357,63.02,22.35729032258065,1.000918491132806,0.181257927568774,3441.1,1471270016,3701.1,3491.936129032258,0.9993396204990412,-0.03189187693162854,1288.3,22925640,1327.2,1249.5621505376344,1.003669578976097,0.07164113463065758,2871.68,2901.52,2782.9933978494623,1.0030366443636565
20.27,4224037,63.02,22.266903225806452,0.995957153328062,0.050892421385860476,3454.3,1998960000,3701.1,3489.970537634408,0.9994371055697417,-0.06231345158979207,1311.9,22925640,1327.2,1255.2550537634409,1.004555918425792,0.06054870573625304,2904.98,2901.52,2793.0249462365587,1.0036045893586554
21.41,2786753,63.02,22.250301075268816,0.9992544023580974,0.07252114430102485,3476.1,1639830016,3701.1,3489.2212903225804,0.9997853141441315,-0.07749354846090695,1311.2,22925640,1327.2,1260.5920430107528,1.0042517169967258,0.03583769511820756,2929.67,2904.98,2804.277870967742,1.0040289381397562
20.6,2746777,63.02,22.18083870967742,0.9968781381718649,0.007134453966224474,3481.0,1326499968,3701.1,3488.737204301075,0.9998612624476275,-0.09651530491941995,1322.1,22925640,1327.2,1266.3707526881722,1.0045841235548478,0.03794785585745486,2913.98,2929.67,2814.126344086021,1.0035119462376532
17.76,2632571,63.02,21.929784946236555,0.9886815026822529,-0.12190189403210527,3376.6,1400329984,3701.1,3481.5264516129037,0.997933133891747,-0.10266466916425432,1292.5,22925640,1327.2,1269.9335483870968,1.002813390700442,0.015029226565957954,2885.57,2929.67,2821.662924731183,1.0026781244776022
15.66,4296502,63.02,21.555182795698926,0.9829181110778783,-0.08345460873638288,3199.4,1601720064,3701.1,3463.4724731182796,0.9948143497556193,-0.10449488329613688,1243.1,22925640,1327.2,1270.175483870968,1.0001905103492843,0.014778322427275059,2767.13,2929.67,2821.3453118279567,0.9998874376877399
14.8,3909810,63.02,21.136903225806453,0.9805949421140638,-0.05001143827328913,3117.9,1266029952,3701.1,3441.092688172044,0.9935383390167133,-0.13786630893700214,1228.6,22925640,1327.2,1269.4288172043011,0.9994121547170858,0.025259336335829996,2767.78,2929.67,2821.0371182795698,0.9998907636200735
13.59,4991951,63.02,20.646838709677425,0.9768147438206227,-0.11093460052674387,2951.5,1810950016,3701.1,3408.5655913978494,0.9905474511378323,-0.15351492074724193,1195.3,22925640,1327.2,1266.3053763440857,0.9975394911334262,0.04029146686649243,2658.69,2929.67,2813.304795698925,0.9972590496840537
16.53,6137162,63.02,20.352924731182796,0.9857646982849307,0.050000000000000044,3132.8,1595650048,3701.1,3388.7634408602153,0.9941904739672287,-0.06982312457215856,1207.0,22925640,1327.2,1263.8212903225808,0.9980383199282651,0.036589748913620435,2723.06,2929.67,2809.6870537634413,0.9987140597275438
16.07,3945943,63.02,20.03055913978495,0.9841612153704893,-0.05421293933151772,3112.5,1278880000,3701.1,3367.898064516129,0.9938427757769985,-0.1798997376128625,1223.9,22925640,1327.2,1262.2305376344084,0.9987413151682495,0.010781769912229455,2781.01,2929.67,2809.5529892473123,0.9999522848938107
18.01,7361808,63.02,19.840301075268815,0.9905016099057246,0.09112087824377169,3053.3,1432589952,3701.1,3343.911397849462,0.992877852533784,-0.18664231887439242,1193.8,22925640,1327.2,1258.554193548387,0.9970874226407869,0.009095117431317634,2736.27,2929.67,2806.2642795698926,0.9988294544754962
17.13,2588644,63.02,19.59116129032258,0.9874427417204475,0.016988257319376587,2923.9,973820032,3701.1,3312.1529032258063,0.9905025908748419,-0.17747244614178648,1121.2,22925640,1327.2,1250.1098924731182,0.9932904748015173,-0.00918553353132967,2632.56,2929.67,2796.142387096774,0.996393107895501
17.77,3392048,63.02,19.383053763440863,0.9893774787620927,-0.21048334302173488,3097.0,1356630016,3701.1,3292.378064516129,0.9940296117699102,-0.1669527902441531,1189.9,22925640,1327.2,1246.1550537634407,0.9968364071562913,-0.03185139218834143,2760.17,2929.67,2794.333720430108,0.9993531564504681
15.64,3915996,63.02,19.045462365591405,0.9825831676489387,-0.37199270216647784,2889.5,1296230016,3701.1,3259.838924731183,0.9901168276706617,-0.2612164354741372,1129.6,22925640,1327.2,1238.2984946236559,0.9936953598863498,-0.04355813072196768,2633.08,2929.67,2784.117634408602,0.9963439993058762
15.56,3430481,63.02,18.718043010752687,0.9828085373537452,-0.490923919109836,2954.4,1196060032,3701.1,3232.8851612903227,0.9917315658646898,-0.24986021063054453,1129.3,22925640,1327.2,1230.6288172043012,0.9938062773615132,-0.022405171856549222,2599.95,2929.67,2771.9676559139784,0.9956359679833698
14.07,3491512,63.02,18.30974193548387,0.9781867647683967,-0.463328694321415,2758.3,1746370048,3701.1,3194.4617204301076,0.9881148141850855,-0.2440999306183982,1039.7,22925640,1327.2,1217.3447311827956,0.9892054486001036,-0.03748909375820486,2416.62,2929.67,2748.2329892473126,0.9914376105305457
15.0,2088326,63.02,17.979634408602152,0.981970935033116,-0.5002492235254685,2872.4,992289984,3701.1,3165.2806451612905,0.9908651041012042,-0.20871065105667552,1078.1,22925640,1327.2,1206.9309677419355,0.9914455099084859,-0.04485003597806703,2485.74,2929.67,2729.6129677419353,0.9932247296432909
14.68,2979665,63.02,17.647634408602155,0.981534663472292,-0.4803694465823789,2862.7,1050240000,3701.1,3137.248817204301,0.9911439675973626,-0.19133262434680753,1079.3,22925640,1327.2,1196.9591397849463,0.991737863868349,-0.051840806424315766,2531.94,2929.67,2714.508817204301,0.9944665596492498
16.78,3257979,63.02,17.47240860215054,0.9900708614880303,-0.41617649519507016,3031.5,1427340032,3701.1,3121.888172043011,0.9951037848585506,-0.19845764772635155,1115.5,22925640,1327.2,1189.703010752688,0.9939378640497604,-0.05038636029352006,2596.26,2929.67,2704.085720430108,0.996160227328004
16.67,1869988,63.02,17.307075268817204,0.9905374618292188,-0.42296195372090517,3073.2,1122889984,3701.1,3110.657849462366,0.9964027146515964,-0.15070778809575447,1146.6,22925640,1327.2,1184.7692473118282,0.9958529453180602,-0.04914836571726211,2670.71,2929.67,2698.860258064516,0.9980675677822962
17.92,2002967,63.02,17.237849462365595,0.9960001441389502,-0.27088691064952175,3139.6,1327549952,3701.1,3104.7578494623654,0.9981032950952737,-0.09348480403114012,1158.0,22925640,1327.2,1180.784516129032,0.9966367027234736,-0.030007820290878895,2664.76,2929.67,2693.4319354838713,0.9979886611155859
18.04,2306729,63.02,17.187376344086022,0.9970719596786265,-0.25898529842667306,3143.6,1791939968,3701.1,3099.663440860215,0.9983591607303505,-0.12922536290688558,1170.2,22925640,1327.2,1177.7172043010753,0.9974023102555475,-0.04212804912323265,2706.53,2929.67,2690.8137419354844,0.9990279340220578
16.46,6306458,63.02,17.048301075268817,0.9919082897800711,-0.3024770027480054,3181.9,1301240064,3701.1,3097.786451612903,0.9993944538550318,-0.13681292506071774,1190.8,22925640,1327.2,1176.1436559139786,0.9986638996345217,-0.033199444054434646,2707.88,2929.67,2688.397247311828,0.9991019465279234
17.77,2240727,63.02,17.011247311827958,0.9978265421711369,-0.21911701816904583,3316.3,1122029952,3701.1,3105.207096774194,1.0023954669817305,-0.13058930187513884,1219.9,22925640,1327.2,1176.6301075268818,1.0004135988069631,-0.0353524352669482,2775.6,2929.67,2690.5507096774195,1.0008010208936737
18.31,1657695,63.02,17.02221505376344,1.0006447347295842,-0.19521740734315607,3346.6,735550016,3701.1,3114.9552688172043,1.00313929851994,-0.1194544286187601,1236.9,22925640,1327.2,1178.3361290322582,1.0014499216826622,-0.01084506804270946,2792.67,2929.67,2693.861870967742,1.001230663030588
19.53,2780976,63.02,17.11948387096774,1.0057142279601736,-0.09555950063062935,3350.9,962140032,3701.1,3125.2419354838707,1.0033023481170478,-0.08138523265391873,1249.0,22925640,1327.2,1180.8774193548388,1.002156676910745,-0.009096115421285855,2803.69,2929.67,2697.9402365591395,1.001513947554383
17.47,2326654,63.02,17.087397849462363,0.998125759996784,-0.3169893811567318,3253.5,972929984,3701.1,3129.5815053763445,1.0013885548645698,-0.11900824363823459,1222.1,22925640,1327.2,1181.7436559139785,1.0007335533264858,-0.01436365214222679,2743.07,2929.67,2698.18647311828,1.0000912683519834
19.34,2003949,63.02,17.188494623655917,1.0059164522933335,-0.12026874714147329,3443.8,1027230016,3701.1,3146.628817204301,1.0054471538123135,-0.027852396249522737,1281.6,22925640,1327.2,1186.5759139784948,1.004089091606571,0.011577484477864664,2822.48,2929.67,2703.749935483871,1.0020619265647572
17.97,2211231,63.02,17.206688172043012,1.0010584724715832,-0.19391499306344628,3452.7,1392839936,3701.1,3164.064731182796,1.005541141008804,-0.08437047104429418,1286.8,22925640,1327.2,1191.738494623656,1.0043508220454698,0.014972341185795601,2800.71,2929.67,2707.9683440860217,1.0015602066399665
16.71,3115114,63.02,17.15410752688172,0.996944173995858,-0.25271852375520676,3453.7,1048560000,3701.1,3181.6365591397844,1.0055535614628275,-0.10389342404768642,1299.2,22925640,1327.2,1197.731182795699,1.0050285261398184,0.002035656445688927,2834.4,2929.67,2714.519397849463,1.002419176641318
17.96,2021877,63.02,17.195806451612906,1.0024308419814811,-0.21763485443845032,3626.3,1157190016,3701.1,3210.554838709678,1.0090891209704078,-0.04608286604988332,1332.2,22925640,1327.2,1205.9131182795697,1.0068311951808526,0.02674222779059665,2892.74,2929.67,2724.9786666666664,1.0038530831002679
16.15,3314446,63.02,17.129182795698924,0.9961255870085852,-0.28999625539747254,3676.2,897769984,3701.1,3242.2941935483873,1.0098859407277607,-0.037254775716734745,1347.6,22925640,1332.2,1214.9941935483869,1.007530455661493,0.02637594540116761,2907.41,2929.67,2736.3390967741934,1.0041689978150998
16.41,2846143,63.02,17.0881935483871,0.9976070517898777,-0.30486703923121394,3812.4,946830016,3701.1,3282.3434408602147,1.012352132447302,0.026399243015483354,1365.4,22925640,1347.6,1225.14688172043,1.008356161886167,0.049746684170000166,2905.03,2929.67,2747.540752688172,1.0040936651189114
14.35,5673852,63.02,16.92505376344086,0.9904530701572234,-0.4250528188878896,3715.4,1104610048,3812.4,3315.411397849463,1.0100744963423394,-0.03644782921302436,1378.9,22925640,1365.4,1236.0539784946236,1.0089026850061253,0.034073767176143965,2939.88,2929.67,2761.043784946237,1.0049145885260677
13.53,4245497,63.02,16.722451612903225,0.9880294530599797,-0.48372581372419854,3748.8,1133149952,3812.4,3350.130107526881,1.010471916004131,-0.03553089756684735,1383.6,22925640,1378.9,1247.1421505376345,1.0089706212155194,0.0496661814916588,2945.64,2939.88,2774.8627311827954,1.0050049717834617
15.2,11080102,63.02,16.63668817204301,0.9948713596041121,-0.342728565615545,3502.1,1197820032,3812.4,3368.132258064516,1.0053735675809095,-0.07696845159621435,1334.2,22925640,1383.6,1254.847311827957,1.0061782542487243,0.03198903672179321,2881.4,2945.64,2784.407978494624,1.0034398989198863
14.15,7130897,63.02,16.48417204301075,0.9908325426638367,-0.3451483042262654,3328.4,1200960000,3812.4,3374.2769892473116,1.0018243734841714,-0.08301768646876129,1320.2,22925640,1383.6,1261.4533333333334,1.005264402643341,0.04140709466483283,2859.53,2945.64,2792.2965161290326,1.002833111273684
14.01,4551210,63.02,16.324021505376347,0.9902845871047368,-0.2288494671392982,3129.1,1156560000,3812.4,3367.110967741936,0.9978762794138681,-0.10536427777236756,1283.3,22925640,1383.6,1265.4817204301075,1.0031934491671834,0.010669629597130692,2826.06,2945.64,2797.828387096774,1.001981118744298
14.15,4377274,63.02,16.172,0.990687251586487,-0.49195361423129125,3080.6,1020750016,3812.4,3356.4339784946233,0.9968290355293895,-0.15676979589306783,1258.6,22925640,1383.6,1267.7273118279568,1.0017744953258478,0.032100837676089844,2752.06,2945.64,2798.2261290322585,1.0001421609478691
15.14,3379998,63.02,16.088967741935484,0.9948656778342495,-0.37713418302859514,3274.2,1397030016,3812.4,3358.3595698924737,1.0005737015565295,-0.07687235463209507,1333.7,22925640,1383.6,1274.7070967741936,1.0055057462918997,0.0565130435795298,2873.34,2945.64,2806.386021505376,1.0029160947317504
14.25,2061297,63.02,15.950516129032257,0.9913946242466286,-0.5354543969998968,3233.8,1000550016,3812.4,3357.330967741935,0.9996937188740123,-0.06661675416285151,1331.1,22925640,1383.6,1281.2830107526881,1.0051587647037783,0.059932260659775194,2886.98,2945.64,2815.2273548387097,1.0031504337840849
14.56,8004726,63.02,15.840150537634411,0.9930807510863573,-0.43090184795259034,3355.4,1075789952,3812.4,3363.75935483871,1.0019147314216383,-0.004956335650386556,1375.3,2229939968,1383.6,1290.4152688172042,1.0071274324156934,0.1058751980101631,2950.46,2945.64,2827.840064516129,1.0044801744540246
15.13,3422809,63.02,15.772086021505372,0.9957030385558947,-0.421047314464814,3479.0,1148800000,3812.4,3377.233978494624,1.0040058227222857,0.03224023211204874,1372.6,2179950080,1383.6,1298.82688172043,1.006518531752136,0.08775288846659302,2941.76,2950.46,2839.2078279569896,1.0040199456763852
15.16,1845625,63.02,15.711634408602155,0.9961671770734201,-0.2873076559438784,3479.4,671590016,3812.4,3389.9129032258065,1.003754233438346,0.0895194035450173,1403.2,1289410048,1383.6,1308.8197849462367,1.0076937915025057,0.10650163956677439,2990.41,2950.46,2853.323784946237,1.0049717941921161
16.04,3881368,63.02,15.708989247311829,0.9998316431491763,-0.16430134885945558,3586.2,897790016,3812.4,3408.2135483870975,1.0053985591027652,0.08085757884048572,1424.5,1726429952,1403.2,1319.598494623656,1.008235442191044,0.10223626847499112,3013.77,2990.41,2868.1783870967743,1.0052060695771394
17.59,5358415,63.02,15.80531182795699,1.0061316854400193,0.041741367310752286,3616.0,887689984,3812.4,3427.0780645161285,1.005535015884776,0.12861961882285677,1415.1,1659769984,1424.5,1329.1359139784947,1.0072275160919753,0.12934121734703496,2976.61,3013.77,2879.745634408602,1.004032959513211
19.7,5136027,63.02,16.030193548387096,1.0142282368660596,0.12956989247311812,3775.7,933960000,3812.4,3454.401290322581,1.007972746839168,0.12180799305499579,1449.3,1666680064,1424.5,1340.0724731182797,1.0082283226453859,0.12702202589057277,3025.86,3013.77,2893.2860215053765,1.0047019385792229
19.4,6930140,63.02,16.225612903225805,1.0121907046380219,0.14354032125412086,3527.8,1080720000,3812.4,3463.788387096774,1.0027174308904094,0.005913074369031879,1386.1,2336169984,1449.3,1346.1333333333334,1.0045227853990242,0.12623324389074653,2932.05,3025.86,2899.612602150538,1.002186641969766
19.86,3564747,63.02,16.440559139784945,1.013247341585254,-0.030908870153906864,3446.5,1257479936,3812.4,3466.5,1.0007828460056414,-0.06348709979545997,1374.8,2368470016,1449.3,1350.805376344086,1.0034707134093348,0.10827704084615353,2918.65,3025.86,2904.214215053764,1.0015869750668807
19.94,2974693,63.02,16.654043010752687,1.0129851952815356,-0.05449211572266588,3484.9,1102620032,3812.4,3470.796559139784,1.0012394516485748,-0.04501758359660202,1370.6,2193420032,1449.3,1354.648817204301,1.0028452957972502,0.11374519410584738,2888.68,3025.86,2906.1889677419354,1.0006799610985773
18.96,2123719,63.02,16.7972688172043,1.0086000622406908,-0.2733168607001375,3414.1,887280000,3812.4,3469.640000000001,0.9996667741482174,-0.07076524123413486,1351.1,1796480000,1449.3,1356.7524731182796,1.0015529160674426,0.09832284487553666,2847.11,3025.86,2905.0130322580644,0.9995953685404069
19.64,1877552,63.02,16.982129032258065,1.0110053733773925,-0.1937740669860457,3558.3,746019968,3812.4,3477.196344086022,1.002177846717821,-0.014044500910125324,1393.3,1537990016,1449.3,1361.1634408602151,1.0032511219469515,0.10939214165113742,2926.46,3025.86,2908.564301075269,1.0012224622670434
21.01,1848026,63.02,17.25193548387097,1.015887669390593,-0.07152032463725888,3722.4,684040000,3812.4,3494.4479569892474,1.0049613571383644,0.02352673422097351,1426.8,1324349952,1449.3,1367.2559139784946,1.0044759306159656,0.09817058309410842,2978.71,3025.86,2915.0135698924737,1.0022173375416938
22.76,2800056,63.02,17.624860215053765,1.0216163995936252,-0.023692862053166674,3792.6,835169984,3812.4,3515.0662365591393,1.0059002966487607,0.046059567267229706,1421.3,1936230016,1449.3,1372.4860215053764,1.0038252586610965,0.08158562789167334,3007.39,3025.86,2922.730731182796,1.0026473843449746
22.0,2012014,63.02,17.938021505376344,1.0177681573925392,-0.08119053661626019,3689.5,778209984,3812.4,3528.0086021505376,1.003681969192156,-0.015751016228264136,1410.3,1890029952,1449.3,1376.5733333333333,1.002978035305215,0.06878797876816978,2992.07,3025.86,2928.961032258065,1.0021316712514081
21.68,2080607,63.02,18.222602150537636,1.0158646618344167,-0.13364205141905017,3631.0,843520000,3812.4,3536.4393548387097,1.002389663302701,-0.050461899055371795,1398.8,1799879936,1449.3,1379.5458064516129,1.0021593278369572,0.06354597697182673,2961.79,3025.86,2932.808967741935,1.0013137544137634
21.38,3347713,63.02,18.48320430107527,1.0143010393567717,-0.025886308751718934,3699.8,767260032,3812.4,3548.7064516129026,1.0034687705749594,0.004105031684285221,1414.4,1780290048,1449.3,1383.202580645161,1.0026507087886802,0.08118196829908775,2952.01,3025.86,2935.6859354838707,1.0009809598148327
22.13,2627159,63.02,18.78378494623656,1.0162623666473136,-0.14040126155937993,3734.7,736860032,3812.4,3562.2653763440862,1.003820807642464,-0.017877969289232798,1432.1,1607619968,1449.3,1387.5877419354838,1.0031702957698918,0.06506958304542709,2970.27,3025.86,2939.291634408602,1.001228230472868
21.04,1412604,63.02,19.008043010752687,1.0119389178037337,-0.13845475543072583,3734.5,666480000,3812.4,3575.1858064516127,1.0036270262719131,-0.03028404734974921,1419.8,1468620032,1449.3,1390.855698924731,1.0023551353838633,0.037127530432253586,2986.2,3025.86,2943.607247311829,1.0014682493062976
21.26,1358287,63.02,19.23989247311828,1.0121974399065932,-0.037790795796070364,3898.6,771720000,3812.4,3598.0873118279574,1.0064056825620133,0.03998791764523024,1455.2,1640029952,1449.3,1396.121505376344,1.0037860192510868,0.053692999726095536,3022.55,3025.86,2949.86911827957,1.0021272780101556
23.44,1710208,63.02,19.602602150537635,1.0188519596939603,0.0414296655218509,3956.0,862030016,3898.6,3623.735268817204,1.00712821973634,0.020048804712026413,1485.1,1804630016,1455.2,1402.980860215054,1.0049131503327577,0.05456320498584444,3066.91,3025.86,2958.588301075269,1.002955786323423
23.07,2666701,63.02,19.929655913978493,1.0166842014610744,0.21296744665851608,4087.5,853590016,3956.0,3657.158064516129,1.009223299501631,0.08344247725010279,1509.6,1818480000,1485.1,1411.0920430107526,1.0057813923380645,0.05635275110583282,3093.08,3066.91,2968.621311827956,1.0033911479840032
25.91,6343753,63.02,20.42505376344086,1.0248573207485685,0.3624018031776173,4088.7,827390016,4087.5,3689.7737634408604,1.0089183180899912,-0.010533336219537892,1529.4,1736329984,1509.6,1420.1322580645162,1.0064065381833456,0.045953740839908885,3120.46,3093.08,2980.0214838709676,1.003840224415822
24.22,2390158,63.02,20.790989247311828,1.0179160108026721,0.5057706575164611,3999.4,918659968,4088.7,3716.0339784946236,1.0071170257954445,0.020830689820096726,1516.7,1759160064,1529.4,1428.000430107527,1.0055404501928111,0.04196977963196935,3110.29,3120.46,2990.30223655914,1.0034498921379646
24.67,1253448,63.02,21.1647311827957,1.0179761497174644,0.6500781398719222,4057.6,518910016,4088.7,3745.438279569893,1.0079128181403716,0.022542826452831122,1543.0,1210589952,1529.4,1437.2690322580645,1.0064906157975313,0.04889174672471963,3140.98,3120.46,3002.1965161290314,1.0039776178556379
25.04,2493999,63.02,21.538387096774194,1.0176546496504635,0.454837926068409,4045.3,732049984,4088.7,3773.384946236559,1.007461521077281,0.09045504418862005,1536.8,1620630016,1543.0,1445.7948387096774,1.0059319488977079,0.060052171232032325,3145.91,3140.98,3013.9887741935486,1.0039278768065862
26.25,1565011,63.02,21.968946236559137,1.0199903148666796,0.6830340814007381,4186.7,847059968,4088.7,3809.2860215053765,1.009514289101255,0.23437237887284068,1566.9,1800710016,1543.0,1455.82688172043,1.0069387735674211,0.0787114892018852,3168.8,3145.91,3026.6889677419354,1.0042137494529273
26.79,2555558,63.02,22.408322580645162,1.0199998825321375,0.7464043634630328,4320.7,978030016,4186.7,3851.986451612903,1.0112095625968909,0.33288285874659307,1597.0,2230720000,1566.9,1467.2703225806451,1.0078604406910605,0.10462072784783993,3221.22,3168.8,3042.106,1.0050936955935603
27.43,911582,63.02,22.861505376344088,1.0202238607583396,0.7718720186267145,4333.8,475369984,4320.7,3892.969462365592,1.0106394483125787,0.34447047680456544,1614.7,915790016,1597.0,1479.181075268817,1.0081176266601122,0.10562623728084075,3240.02,3221.22,3057.8861290322575,1.0051872383908573
26.08,1172023,63.02,23.199032258064516,1.0147639832182567,0.5185764258856984,4324.9,573089984,4333.8,3930.6832258064514,1.0096876597172026,0.28592143228546063,1621.7,1195389952,1614.7,1490.7776344086024,1.0078398509375721,0.09012536300163054,3234.85,3240.02,3072.2833333333333,1.004708221200386
26.41,1184895,63.02,23.53432258064516,1.014452771945437,0.7484946236559138,4337.7,886200000,4333.8,3966.9632258064507,1.0092299475474917,0.3088550290356813,1656.8,1793580032,1621.7,1504.0193548387097,1.0088824249334545,0.11362401538472455,3265.35,3240.02,3087.870838709677,1.005073589797928
28.98,1843483,63.02,24.009268817204298,1.02018100308312,0.8433766911656522,4447.6,820300032,4337.7,4007.9595698924736,1.0103344401630263,0.2768943411355338,1705.8,1797890048,1656.8,1519.7219354838708,1.0104404112850296,0.11180242992514122,3329.62,3265.35,3106.7910967741936,1.0061272828601933
28.9,1717177,63.02,24.448043010752688,1.0182752001691104,0.7897664975424445,4562.2,823100032,4447.6,4054.000645161291,1.011487410106298,0.22245909815815224,1711.1,1570230016,1705.8,1535.0556989247311,1.0100898480720937,0.12637472381606552,3295.47,3329.62,3122.692731182796,1.005118346845114
28.42,7223203,63.02,24.826236559139787,1.015469276956882,0.7454762178525438,4255.2,1044880000,4562.2,4077.905806451612,1.0058966841356707,0.17945024507943197,1673.9,2124070016,1711.1,1547.261505376344,1.007951376917569,0.11429486538947842,3225.52,3329.62,3133.320795698925,1.0034034935330007
28.69,2135018,63.02,25.193333333333335,1.0147866461080024,0.5953387547527598,4432.3,903760000,4562.2,4111.568387096774,1.00825486959309,0.17249870809012036,1748.7,1852189952,1711.1,1563.7109677419357,1.010631339504301,0.1234200944888888,3327.71,3329.62,3150.0361505376345,1.0053347090606408
29.63,1649180,63.02,25.593870967741935,1.0158985565391083,0.47154463036824557,4649.3,893740032,4562.2,4157.411397849462,1.011149762435317,0.14502773940974212,1788.5,1956790016,1748.7,1582.0309677419355,1.011715720090174,0.12829458832749863,3380.16,3329.62,3169.4602365591404,1.0061663057480121
29.81,2087370,63.02,25.980129032258066,1.0150918188578415,0.27239499016264057,4511.1,795329984,4649.3,4192.116129032258,1.008347677884548,0.06239772966964274,1743.3,1608930048,1788.5,1596.6318279569894,1.0092291873628074,0.0997817231253526,3337.75,3380.16,3185.2803440860216,1.0049914200987282
25.27,2772361,63.02,26.05174193548387,1.0027564490975733,0.013016905532019285,4037.4,1495480064,4649.3,4194.678064516128,1.0006111318019382,0.17158358829340026,1549.2,3533360128,1788.5,1598.0778494623655,1.0009056699735384,0.11010701530418632,2954.22,3380.16,3175.6858494623652,0.9969878649326832
24.01,2101334,63.02,26.029440860215054,0.9991439698994391,-0.017299253114850588,4010.9,1534470016,4649.3,4194.434408602151,0.9999419130836195,0.16233284476042065,1557.9,3242299904,1788.5,1599.7344086021506,1.0010365947693614,0.11477723864676315,2972.37,3380.16,3167.2146451612903,0.9973324803829355
19.7,3648495,63.02,25.72015053763441,0.988117673205444,-0.1803051299458912,3698.1,1627840000,4649.3,4172.796344086021,0.9948412437987459,0.14813656811668952,1476.9,3856780032,1788.5,1595.7713978494623,0.997522707062261,0.13905941357195106,2711.02,3380.16,3141.766623655914,0.9919651730758904
16.13,4078848,63.02,25.181053763440858,0.9790399059521548,-0.3028003918983754,3120.2,1678940032,4649.3,4113.415913978494,0.9857696313907854,0.2087176335955544,1251.7,4051510016,1788.5,1577.050752688172,0.9882685921138082,0.1168655292901154,2304.92,3380.16,3090.5006666666673,0.9836824426730999
18.03,3117222,63.02,24.77062365591398,0.98370083669323,-0.2386557400609738,3594.1,1557209984,4649.3,4085.2417204301078,0.9931506577167062,0.21056420146871369,1383.0,3586540032,1788.5,1567.0148387096774,0.9936362771068795,0.12416232648445014,2541.47,3380.16,3055.6620000000003,0.9887271771067945
18.55,1942612,63.02,24.397204301075266,0.9849249110548914,-0.23942255785587896,3525.9,1259090048,4649.3,4052.5905376344085,0.9920075273312685,0.20744979441384503,1355.6,2762619904,1788.5,1555.2333333333333,0.9924815610641918,0.11461900487198906,2488.65,3380.16,3018.2435268817203,0.9877543808450411
24.21,2571647,63.02,24.394236559139788,0.999878357294596,-0.1029513816226868,3865.4,1102960000,4649.3,4042.265161290323,0.9974521540609151,0.0924521152563601,1499.2,2264859904,1788.5,1552.8694623655915,0.9984800538175996,0.12715410087637513,2789.82,3380.16,3001.3092688172046,0.9943893665591619
24.86,1862920,63.02,24.43008602150537,1.0014695873871138,-0.007056045986450599,4121.2,1097650048,4649.3,4048.286451612903,1.0014895832119677,0.23400797172054744,1571.0,2398159872,1788.5,1554.9703225806454,1.0013528891294272,0.15322120086185775,2874.56,3380.16,2990.31,0.9963351764739862
26.54,2379557,63.02,24.568172043010755,1.0056522937080052,0.07463192657136641,4092.4,1080819968,4649.3,4051.521290322581,1.0007990636898705,0.28388519394533884,1558.5,2306160128,1788.5,1555.9191397849463,1.0006101834810108,0.15639037723482585,2836.74,3380.16,2977.123440860215,0.9955902367514455
28.72,5062164,63.02,24.83645161290323,1.0109198018241978,0.20156303724917146,3953.2,1071200000,4649.3,4044.783225806452,0.9983369050701464,0.23369582523102395,1561.7,2352229888,1788.5,1556.7309677419355,1.0005217674467977,0.14523374625941265,2830.71,3380.16,2963.816774193548,0.9955303611250926
31.15,3029481,63.02,25.24572043010753,1.0164785543274497,0.30065640016116824,4243.4,787390016,4649.3,4056.2227956989245,1.002828228177838,0.28415269114879294,1665.4,1886520064,1788.5,1563.9163440860218,1.0046156827948947,0.17653264217080622,2929.8,3380.16,2957.1638709677422,0.9977552919992444
28.18,2683606,63.02,25.443978494623657,1.0078531355468743,0.22878303169236625,4142.4,1031040000,4649.3,4060.0522580645165,1.0009440956669473,0.33297186083771246,1640.7,2333289984,1788.5,1569.0064516129032,1.0032547185443326,0.19660732839625938,2863.7,3380.16,2946.333483870968,0.9963375762827679
30.91,3014608,63.02,25.80301075268817,1.0141106964911315,0.36747633673798386,4381.2,861550016,4649.3,4078.410967741935,1.0045217914722533,0.2950189405485717,1694.5,1881289984,1788.5,1577.0924731182797,1.0051535935349816,0.1866445480462149,2955.45,3380.16,2941.685892473118,0.998422584740223
31.75,2431196,63.02,26.19548387096774,1.0152103613815175,0.22486096080533757,4476.7,913510016,4649.3,4101.89311827957,1.0057576714861172,0.2481080896958744,1718.5,2068460032,1788.5,1586.212258064516,1.005782657074131,0.16453011443518284,3044.31,3380.16,2942.9155053763443,1.0004179959887534
33.89,2741517,63.02,26.70815053763441,1.019570803471008,0.3558538911682376,4751.2,914640000,4649.3,4141.965161290323,1.0097691582533381,0.18035177110443223,1781.2,2028979968,1788.5,1598.8752688172044,1.007983175447238,0.1473101683968978,3193.93,3380.16,2953.846623655914,1.0037143840044336
32.13,2000228,63.02,27.083999999999996,1.0140724630796123,0.08912745444947978,4514.4,1004049984,4751.2,4165.332473118279,1.0056416002834454,0.1809714577357221,1745.1,2312290048,1788.5,1608.6251612903225,1.006097969405913,0.1664005503287761,3041.31,3380.16,2954.71440860215,1.000293781315281
33.2,2188772,63.02,27.515505376344088,1.0159321140283597,0.21765175610117304,4638.1,919100032,4751.2,4195.764946236559,1.0073061330193163,0.23236051946907688,1793.7,2262739968,1788.5,1621.0466666666666,1.0077218146745763,0.1866683422391151,3097.74,3380.16,2959.393053763441,1.001583450890438
31.55,4118646,63.02,27.821247311827957,1.0111116234756394,0.10072470213767892,4525.0,868460032,4751.2,4217.5270967741935,1.0051866943969667,0.2367363536355267,1785.7,2293139968,1793.7,1632.3563440860216,1.006976774729509,0.1992938059830961,3009.05,3380.16,2958.376752688172,0.9996565846250208
35.13,2592804,63.02,28.34316129032258,1.0187595463512067,0.22302556894711545,4690.9,621310016,4751.2,4248.9873118279575,1.0074593984417615,0.22931800159775728,1851.3,1454979968,1793.7,1647.3763440860216,1.0092014222595556,0.20970019916012295,3130.01,3380.16,2965.448043010753,1.002390260238543
37.04,3851891,63.02,28.966602150537636,1.021996165277016,0.21200704024925465,4863.2,789790016,4751.2,4290.175268817205,1.0096935937828273,0.223686599847999,1901.3,1743670016,1851.3,1664.9458064516127,1.0106651175541426,0.2082900548520903,3185.04,3380.16,2976.103849462366,1.0035933209070136
37.61,2716244,63.02,29.60361290322581,1.0219912142051617,0.18771270500565795,4841.0,791939968,4863.2,4328.4761290322585,1.0089275747061992,0.20664024509415335,1879.1,1852460032,1901.3,1680.3638709677418,1.0092604002222683,0.17555405768720966,3224.73,3380.16,2989.2853763440853,1.004429121948853
36.44,2393372,63.02,30.14187096774193,1.018182174799937,0.07821858897678258,4692.6,1275980032,4863.2,4356.083870967743,1.0063781666139526,0.17960844843006096,1850.2,2333880064,1901.3,1693.310752688172,1.0077048084311488,0.1533752571664967,3215.63,3380.16,3001.8722580645153,1.0042106658066297
42.26,5296491,63.02,31.036236559139784,1.0296718671629579,0.30836275973808913,4871.1,1255970048,4863.2,4394.436129032258,1.0088042974379174,0.18585857337680045,1942.4,2369809920,1901.3,1711.6995698924734,1.0108596825332319,0.18654317540919552,3271.12,3380.16,3018.0915913978497,1.0054030724624479
39.98,2386616,63.02,31.748709677419352,1.0229561698604128,0.14980018299026487,4996.1,986849984,4871.1,4439.678279569892,1.0102953255455773,0.20795731829071296,1999.4,2175269888,1942.4,1733.0761290322578,1.0124884994515289,0.1804684533578016,3351.28,3380.16,3039.4045376344084,1.00706172943767
38.39,1800963,63.02,32.32941935483871,1.0182908119202205,0.0023847693930105773,5068.1,975539968,4996.1,4488.149677419355,1.010917772594585,0.23507714101742339,2001.5,2091820032,1999.4,1753.8513978494625,1.0119875108018512,0.16036628434043876,3372.85,3380.16,3061.9243010752693,1.0074092682175135
36.88,2221834,63.02,32.79247311827957,1.0143229842255594,-0.06629156105012823,5133.6,807470016,5068.1,4539.51247311828,1.011444091527816,0.22965083058640257,2071.2,1831600000,2001.5,1778.4875268817204,1.0140468736761086,0.17959190804138725,3397.16,3380.16,3085.9194838709677,1.0078366348858696
36.5,2291604,63.02,33.213849462365594,1.0128497885037875,0.028494683961371337,5292.8,766080000,5133.6,4599.917419354839,1.0133064831508363,0.31415725170228426,2164.4,2001350016,2071.2,1808.3621505376348,1.0167977695678836,0.20544858028771995,3508.01,3397.16,3116.8475913978496,1.0100223313305912
32.91,3323950,63.02,33.38623655913978,1.0051902173209257,-0.054117436097267824,5184.2,1169139968,5292.8,4651.084516129032,1.0111234815996695,0.26383750875884704,2074.5,3437110016,2164.4,1831.3819354838708,1.012729632136678,0.15648451485262438,3426.96,3508.01,3141.9391612903223,1.0080503037625974
32.46,2772959,63.02,33.52051612903226,1.0040220037875374,-0.1073590052788933,5005.1,786040000,5292.8,4689.079784946236,1.0081691202740874,0.22796579186716037,1984.0,2410500096,2164.4,1847.8623655913977,1.0089989039359901,0.12090360293740321,3340.97,3508.01,3161.2695483870975,1.0061523747292538
32.7,2396379,63.02,33.6641935483871,1.004286253194962,-0.10085647362529793,5050.5,952729984,5292.8,4729.238924731183,1.0085643967743678,0.2721650001998457,1963.3,2988819968,2164.4,1862.5868817204303,1.0079684052249855,0.1316741849487908,3319.47,3508.01,3179.29711827957,1.0057026361139214
32.0,2564756,63.02,33.75649462365591,1.0027418175081528,0.10531438107829283,5144.4,867489984,5292.8,4774.296129032258,1.0095273689949247,0.3283804726205235,2005.2,2595620096,2164.4,1879.541505376344,1.0091027290175334,0.17782063297014927,3298.46,3508.01,3196.0085161290317,1.0052563183709313
33.8,1763560,63.02,33.95045161290322,1.0057457680784008,0.17471931632332538,5246.9,911960000,5292.8,4823.585591397849,1.0103239223193268,0.36127949856680786,2021.4,2334060032,2164.4,1896.5606451612905,1.0090549422485557,0.1709939530948319,3348.44,3508.01,3215.2041290322577,1.0060061206991011
36.35,1231973,63.02,34.28787096774193,1.0099385822222897,0.5979611317405849,5610.7,906409984,5292.8,4893.687956989247,1.0145332479880558,0.4673404062382336,2114.1,2124440064,2164.4,1918.5636559139784,1.0116015329163475,0.1488531870267411,3477.13,3508.01,3241.893569892472,1.0083010097614697
36.36,1181896,63.02,34.59012903225806,1.0088153057038887,0.9789148222466786,5646.6,714209984,5610.7,4961.993333333333,1.0139578528390907,0.47798582158963066,2130.5,2361230080,2164.4,1940.2544086021505,1.0113057247912052,0.1906183887571824,3483.81,3508.01,3267.366430107527,1.0078574017517483
35.45,1913671,63.02,34.790172043010756,1.0057832397955537,0.6052446824063662,5501.2,802060032,5646.6,5015.484946236559,1.0107802669834085,0.3916318538196881,2083.5,2057490048,2164.4,1957.0230107526884,1.0086424759950003,0.14296995452449957,3465.39,3508.01,3289.1156559139777,1.006656500356385
36.5,2605044,63.02,35.020494623655914,1.0066203346266989,0.7056898698039067,5189.1,1154080000,5646.6,5044.739784946237,1.0058329033031252,0.30920247889640873,1948.7,2894279936,2164.4,1963.588387096774,1.0033547772857103,0.12356911206028531,3269.96,3508.01,3296.2695698924726,1.0021750265806653
43.26,3128343,63.02,35.6483440860215,1.017928058101769,0.6292725332770319,5830.1,993400000,5646.6,5111.772688172043,1.0132876830289315,0.5071901386414763,2137.7,2440580096,2164.4,1981.0718279569894,1.008903821684373,0.16794885300969997,3509.44,3508.01,3317.1935698924735,1.0063477818049582
41.32,1955741,63.02,36.110064516129036,1.0129520863295467,0.4466743006494116,5701.8,936499968,5830.1,5166.303010752688,1.0106675953543125,0.3005571928914057,2129.2,2489210112,2164.4,1996.6337634408603,1.0078553110817388,0.10811551451985846,3585.15,3509.44,3341.454516129033,1.007313696269267
42.75,1652426,63.02,36.62864516129032,1.0143611110118524,0.34888795997883837,5783.8,782350016,5830.1,5222.724516129032,1.0109210600421448,0.29905460915462534,2109.7,1958790016,2164.4,2009.7372043010753,1.0065627663421024,0.09957891516989781,3557.54,3585.15,3362.4060215053764,1.0062701752411147
44.78,1392852,63.02,37.24333333333334,1.0167816245819714,0.27870573988913816,5942.1,572220032,5830.1,5285.721505376345,1.0120620930804913,0.3859810241079775,2153.9,1546610048,2164.4,2024.5068817204303,1.0073490590649097,0.09388857292940855,3638.35,3585.15,3387.0209677419343,1.0073206347119072
47.92,1919905,63.02,38.02606451612903,1.0210166790332684,0.17780966926149078,6292.4,1011449984,5942.1,5367.041290322581,1.0153848031651918,0.36659744032025765,2213.9,2578439936,2164.4,2041.8739784946235,1.008578433064863,0.06676582947664422,3699.12,3638.35,3413.8196989247317,1.0079121834314075
48.01,2289882,63.02,38.7785376344086,1.019788351170561,0.3550752217549107,6077.3,806499968,6292.4,5430.077204301076,1.0117450026129213,0.2981263562167289,2182.2,2076589952,2213.9,2056.016344086021,1.0069261696560843,0.05076699149159003,3663.46,3699.12,3436.663333333334,1.0066915175443498
51.35,2828633,63.02,39.703849462365596,1.0238614420347805,0.404083090693411,6198.8,917560000,6292.4,5496.790752688173,1.012285929992718,0.30540978846159583,2252.1,2566830080,2213.9,2073.503870967742,1.0085055388455557,0.07395626169897684,3709.41,3699.12,3460.7515698924735,1.0070091929941172
54.57,1863192,63.02,40.79294623655914,1.0274305083497224,0.4855146990121382,6147.7,462070016,6292.4,5556.29870967742,1.0108259454773945,0.32822938582647465,2270.6,1429090048,2252.1,2090.9858064516134,1.0084311081974071,0.104881255136964,3703.06,3709.41,3482.808709677419,1.0063735114582728
55.04,2239795,63.02,41.863290322580646,1.0262384599488,0.4297856700389,6248.8,513780000,6292.4,5618.73569892473,1.0112371548956796,0.3217866818092098,2291.3,1424579968,2270.6,2108.615913978495,1.0084314812049344,0.11037736361927308,3756.07,3709.41,3506.869182795699,1.0069083533216812
58.09,3076050,63.02,43.0849247311828,1.0291815191588802,0.6079047845294094,6529.1,999299968,6292.4,5696.035913978495,1.0137575816332771,0.4359559048156738,2301.2,2472829952,2291.3,2125.7877419354836,1.0081436490368647,0.06108718203334207,3824.68,3756.07,3534.1472043010754,1.0077784542517865
61.67,2910574,63.02,44.48169892473118,1.0324190932736492,0.6993600946781757,6597.0,1051400000,6529.1,5773.384086021506,1.0135792985176222,0.38525829313427695,2240.9,2412689920,2301.2,2137.8733333333334,1.0056852296019199,0.03286570573152936,3768.25,3824.68,3556.099913978494,1.0062116002555588
61.99,1538329,63.02,45.83789247311828,1.0304887983411326,0.8377578021473908,6796.0,809030016,6597.0,5859.358279569891,1.0148914730541738,0.40696319880138576,2339.1,1942419968,2301.2,2155.3326881720427,1.0081666928374502,0.03326767298407529,3841.47,3824.68,3581.3345376344087,1.0070961514767123
56.86,3910995,63.02,46.797655913978495,1.0209382104865112,0.4850455612674647,6404.4,1042249984,6796.0,5915.184086021505,1.009527631489316,0.3301567213129788,2269.1,2957319936,2339.1,2167.085806451613,1.0054530413536937,0.03902489668033793,3714.24,3841.47,3596.570623655914,1.0042543040482248
62.71,2510284,63.02,48.08810752688172,1.027575133576675,0.5322488288954201,6600.7,811350016,6796.0,5979.989462365592,1.0109557666171762,0.2703065195612817,2379.9,2065459968,2339.1,2185.088817204301,1.0083074748120686,0.03138304366924727,3886.83,3841.47,3621.6851397849455,1.006982906428653
67.67,2105585,63.02,49.643354838709676,1.032341620242771,0.6635474822746417,7107.4,798860032,6796.0,6073.748602150537,1.015678813545577,0.36921203628089816,2434.5,1929389952,2379.9,2205.5851612903225,1.0093800965547228,0.07536254453241176,3934.83,3886.83,3648.3872043010747,1.007372828803587
67.98,1801300,67.67,51.15395698924733,1.030429090770468,0.7305390988586877,7111.5,606940032,7107.4,6162.898279569893,1.0146778675343577,0.4179068035988329,2387.8,1625479936,2434.5,2221.8741935483868,1.0073853562963466,0.07565039699467624,3906.71,3934.83,3671.7479784946236,1.0064030413674319
64.35,2113849,67.98,52.3625376344086,1.0236263373606722,0.4097929027635574,6756.1,991609984,7111.5,6223.916989247313,1.0099009762792448,0.35388310648518817,2293.4,2749929984,2434.5,2230.9167741935485,1.0040697986733085,0.015614039040802385,3811.15,3934.83,3687.4573978494623,1.0042784579570407
62.09,2707143,67.98,53.377806451612905,1.019389221055191,0.44344529689009526,6412.8,1024590016,7111.5,6258.733548387097,1.0055939947785189,0.27127822804336743,2262.3,2716219904,2434.5,2237.198064516129,1.0028155646123782,-0.014920283179556515,3841.94,3934.83,3703.9919139784947,1.0044839883814456
66.29,2618266,67.98,54.61649462365591,1.023206052372457,0.6154438072735058,6541.7,996080000,7111.5,6298.819569892474,1.006404813560997,0.2008939521726858,2304.3,2544179968,2434.5,2245.6236559139784,1.003766135654901,-0.017855288581594353,3943.34,3934.83,3726.013182795699,1.0059452799381388
63.24,2077131,67.98,55.59840860215054,1.0179783412549757,0.6705759558861144,6635.7,1017129984,7111.5,6341.801075268817,1.0068237397339954,0.21400004530786565,2273.1,2710459904,2434.5,2251.3851612903227,1.0025656593709151,-0.054394196313690024,3913.1,3943.34,3744.856623655914,1.0050572662885955
58.46,7951426,67.98,56.21524731182795,1.0110945389478927,0.5491134461349203,6795.1,978289984,7111.5,6391.836129032257,1.007889722993451,0.18061090644365407,2330.6,2324590080,2434.5,2260.4221505376345,1.004013968557087,-0.05620190436827932,3974.54,3943.34,3766.5543870967736,1.0057940171337394
58.56,2224002,67.98,56.791311827956996,1.0102474781073825,0.676387015274093,7076.8,696910016,7111.5,6456.814623655913,1.0101658574018377,0.24717736838976156,2380.0,1728429952,2434.5,2272.2888172043013,1.0052497568491108,-0.025748998570663595,4019.87,3974.54,3790.1733763440857,1.0062707150408408
59.16,1877104,67.98,57.35092473118279,1.0098538470976173,0.7405596165660357,7231.1,753929984,7111.5,6527.677849462366,1.0109749512626287,0.3004955192549956,2491.0,1936809984,2434.5,2290.659784946237,1.0080847855267527,0.01973559271274028,4128.8,4019.87,3819.5450322580646,1.007749422782952
60.5,1834364,67.98,57.93956989247312,1.0102639175226806,0.7837796012017102,7198.3,867470016,7231.1,6591.637849462366,1.0097982776532497,0.24941967804563236,2517.3,2057059968,2491.0,2309.6372043010747,1.008284695736815,0.021292944868531727,4185.47,4128.8,3850.8785591397855,1.0082034709938206
61.01,2163838,67.98,58.50133333333332,1.0096956784785034,0.8313470228498792,7020.9,869049984,7231.1,6639.533763440861,1.0072661628372683,0.13867901758001588,2505.7,2049590016,2517.3,2326.6748387096777,1.0073767578634754,-0.017708555658551894,4180.17,4185.47,3880.007784946237,1.0075643065235893
56.61,4424926,67.98,58.716838709677425,1.0036837686265403,0.6348840928281962,6850.7,976009984,7231.1,6672.413548387096,1.0049521225612679,0.12319996424678648,2452.6,2264250112,2517.3,2339.2103225806454,1.0053877248605652,-0.035374425460594994,4181.17,4185.47,3907.305376344086,1.0070354475843475
56.14,2774390,67.98,58.85296774193548,1.0023183985250148,0.5133191113742352,6834.6,834680000,7231.1,6700.805591397851,1.0042551383850626,0.06198914389052268,2440.4,2120150016,2517.3,2350.031397849463,1.0046259522559218,-0.06292362596404666,4232.6,4185.47,3936.1302150537635,1.0073771655740529
51.08,3841470,67.98,58.62008602150538,0.9960429910442025,0.43466104058320987,6540.1,966089984,7231.1,6707.56559139785,1.0010088339241894,-0.013541777431924862,2386.0,2354180096,2517.3,2356.6410752688175,1.0028125911106565,-0.07814560301268902,4173.85,4232.6,3959.540064516129,1.0059474275959759
54.54,1809950,67.98,58.57877419354839,0.9992952615603151,0.5519759992160466,6740.3,824289984,7231.1,6725.320215053764,1.002646954906961,0.02734350027015764,2389.2,2013330048,2517.3,2362.9077419354835,1.0026591519312933,-0.0525231530948147,4155.86,4232.6,3980.3053118279568,1.0052443584288786
59.2,2120445,67.98,58.797053763440864,1.0037262570427177,0.5570699593209618,7051.6,750120000,7231.1,6760.4939784946255,1.0052300503643128,0.08218279350095248,2426.9,1951810048,2517.3,2370.9492473118275,1.0034032244397986,-0.0402819119112372,4204.11,4232.6,4002.6985806451607,1.0056260178712069
58.83,1477247,67.98,58.942645161290315,1.002476168252158,0.2859490533994651,7170.3,537200000,7231.1,6799.320430107527,1.0057431382583002,-0.03033964990250948,2455.6,1412610048,2517.3,2379.813978494624,1.0037388953782318,-0.05657793124575683,4229.89,4232.6,4024.7461505376345,1.005508176408557
59.9,2448130,67.98,59.123784946236555,1.003073153307772,0.42339777450782146,7169.2,651960000,7231.1,6835.1937634408605,1.0052760174641109,0.0359533636551419,2489.5,1649369984,2517.3,2390.1821505376342,1.004356715330149,-0.015512975907786997,4247.44,4232.6,4046.376623655914,1.0053743695401485
58.67,1979949,67.98,59.18561290322581,1.0010457374649724,0.36553287110720833,7118.8,860899968,7231.1,6864.659784946236,1.004310927023456,0.02246736586487219,2491.9,2223960064,2517.3,2399.930322580645,1.0040784222410908,0.010002789962085146,4166.45,4247.44,4061.3576559139788,1.0037023326426122
61.96,1832744,67.98,59.42546236559141,1.0040524960476083,0.38482985353496646,7298.6,700409984,7231.1,6902.854838709678,1.0055640126328185,-0.0003441176843199667,2550.5,1800039936,2517.3,2412.6372043010747,1.0052946877669207,0.007581301341469393,4280.7,4247.44,4082.4001720430106,1.0051811531787629
62.54,2044949,67.98,59.66578494623655,1.004044101149212,0.3801226373957052,7546.6,824320000,7298.6,6954.132688172042,1.0074284988835067,-0.012638591166675983,2633.3,1771680000,2550.5,2429.8331182795696,1.0071274346378474,0.012851505502002203,4352.34,4280.7,4106.683225806452,1.005948229654147
59.98,1478109,67.98,59.7095053763441,1.000732755466922,0.368649215861966,7429.7,581560000,7546.6,6995.171397849463,1.005901341190573,-0.058305691307444896,2656.4,1567229952,2633.3,2447.617419354839,1.0073191450645227,0.02456507989955825,4369.55,4352.34,4130.67182795699,1.0058413568399414
57.35,1684700,67.98,59.55780645161289,0.9974593839996654,0.1974903414266419,7062.1,640060032,7546.6,7009.585591397849,1.0020605919038408,-0.14725946825327285,2640.2,1878550016,2656.4,2463.3367741935485,1.0064223087784907,0.0057921312651714185,4327.16,4369.55,4150.40711827957,1.0047777434626999
60.31,1362046,67.98,59.58417204301075,1.0004426890943219,0.24459001176319273,7372.9,830700032,7546.6,7042.194838709677,1.0046520934635346,-0.09250659815944551,2713.4,2061810048,2656.4,2482.9440860215054,1.00795965538832,0.0036214694889098453,4411.8,4369.55,4174.274559139784,1.0057506264277294
61.72,2291778,67.98,59.68916129032258,1.0017620324947376,0.15665604934752797,7539.0,1121650048,7546.6,7082.885376344086,1.0057781044924716,-0.06619180632571764,2693.6,2224369920,2713.4,2500.3217204301077,1.0069988021504128,0.005401973531223847,4395.26,4411.8,4195.550731182796,1.0050969747537153
61.94,1657900,67.98,59.79397849462366,1.0017560508815202,0.16071654785060596,7692.3,1407750016,7546.6,7130.691612903227,1.0067495425972597,-0.13695541716210258,2718.6,2352310016,2713.4,2518.447096774193,1.0072492176490662,0.02141207275860446,4436.52,4411.8,4218.11423655914,1.0053779603256003
61.11,1054534,67.98,59.836967741935474,1.00071895612893,0.0716383836882919,7516.9,1063900032,7692.3,7164.680215053764,1.0047665225192228,-0.15180451366648873,2720.6,1946099968,2718.6,2535.803870967742,1.0068918557851705,0.028369499029929468,4468.0,4436.52,4241.392924731183,1.0055187429421142
58.02,1216746,67.98,59.6818064516129,0.9974069326007335,0.05081225461345429,7408.2,1033500032,7692.3,7189.677634408602,1.0034889790757604,-0.19051760730846135,2732.6,2171470080,2720.6,2552.9032258064517,1.0067431693099294,0.011984824052936993,4441.67,4468.0,4261.46806451613,1.0047331478458152
62.16,1468833,67.98,59.80227956989248,1.0020185903450702,0.17872489077236564,7839.6,1029040000,7692.3,7241.190752688172,1.0071648717646307,-0.05405062897326052,2771.7,1973010048,2732.6,2571.6789247311826,1.007354645775419,0.00742141370481586,4509.37,4468.0,4284.620193548388,1.0054328998086455
63.8,1286686,67.98,60.017161290322576,1.0035932028339984,0.20106948098522637,7818.7,730460032,7839.6,7288.269032258064,1.0065014555171625,-0.10393402663474993,2796.1,1830089984,2771.7,2590.947956989247,1.0074927830503095,0.008010094007757207,4535.43,4509.37,4307.743655913979,1.005396852304531
64.17,1415630,67.98,60.25356989247312,1.003939016725682,0.10512772499903833,7760.9,536360000,7839.6,7328.9989247311805,1.0055884178112589,-0.1326014681150507,2746.4,1463980032,2796.1,2606.1154838709676,1.0058540453662164,-0.004989475252288322,4458.58,4535.43,4324.514215053764,1.0038931191081348
63.34,1795981,67.98,60.44395698924732,1.0031597645934334,0.1725098385909879,7751.6,823480000,7839.6,7367.723440860216,1.005283738819822,-0.1410586572000836,2727.7,2240069888,2796.1,2619.405806451613,1.0050996675561379,0.007636789074330075,4432.99,4535.43,4338.507462365591,1.0032357963498226
67.41,1381664,67.98,60.906903225806445,1.0076590987688228,0.2707662503541135,7823.3,742310016,7839.6,7409.6972043010755,1.005696978690606,-0.07944540114233223,2753.6,1845880064,2796.1,2633.636129032258,1.0054326529114335,0.031598315820551726,4455.48,4535.43,4352.819892473119,1.0032989294663386
65.34,1633313,67.98,61.22972043010753,1.0053001743185705,0.2767120730764816,7431.7,905880000,7839.6,7424.111397849463,1.0019453147883048,-0.0675560930482888,2661.5,2120470016,2796.1,2640.9348387096775,1.002771343237952,0.042382094300789985,4357.05,4535.43,4359.396344086021,1.0015108485476907
65.64,1148169,67.98,61.564903225806454,1.005474184649945,0.17111378567499214,7424.4,783329984,7839.6,7435.863440860215,1.0015829561789922,-0.016393125884453852,2668.5,1831629952,2796.1,2647.826666666667,1.0026096168129452,0.04443798970680346,4391.36,4535.43,4367.078580645161,1.0017622248478422
64.29,1174677,67.98,61.8143870967742,1.0040523716906156,0.15329648820430297,7632.2,797379968,7839.6,7459.12365591398,1.0031281121874764,-0.05389035259872066,2737.9,1791309952,2796.1,2658.4126881720426,1.0039980039625112,0.06181152627633102,4471.37,4535.43,4378.959268817204,1.0027205116538773
66.49,924735,67.98,62.203548387096774,1.00629564262626,0.21236918957341488,7776.0,802950016,7839.6,7489.518279569891,1.0040748250140368,-0.048026017811170885,2782.0,1857330048,2796.1,2670.844301075269,1.0046763292089815,0.05018063072805723,4544.9,4535.43,4394.383247311828,1.0035222932089045
69.82,1701372,67.98,62.79027956989246,1.0094324391133513,0.2917170640457445,8108.2,1084550016,7839.6,7539.235698924731,1.006638266641322,-0.04528844475511051,2836.9,2368130048,2796.1,2685.8470967741932,1.005617248333377,0.04632082598180931,4605.38,4544.9,4412.482580645161,1.0041187425662985
73.5,2317135,69.82,63.590215053763444,1.0127397980921644,0.32629066744984603,8953.8,1232009984,8108.2,7641.289892473118,1.0135364110665677,0.04356458457906376,2931.7,2399820032,2836.9,2705.983440860215,1.007497204181953,0.03916985569674547,4697.53,4605.38,4435.267913978494,1.0051638353051586
74.85,1540435,73.5,64.44640860215053,1.013464234201177,0.2868519350059301,9105.5,1236370048,8953.8,7749.426451612904,1.0141516106130595,0.10126028062780446,2936.4,2316699904,2931.7,2725.4752688172043,1.0072032325337485,0.047652981941293415,4682.85,4697.53,4455.883075268817,1.004648008122655
77.51,1552114,74.85,65.44335483870968,1.0154693839142168,0.3054532346409452,9490.2,1095049984,9105.5,7878.280860215053,1.0166276058501502,0.2118850426967549,3005.8,2480750080,2936.4,2748.543225806452,1.0084638291358479,0.07571677828137235,4697.96,4697.53,4476.403440860216,1.0046052298152282
73.59,1413307,77.51,66.15191397849462,1.0108270601580747,0.3445941904337778,9146.3,911580032,9490.2,7979.637849462367,1.0128653688597422,0.21788771797049722,2908.6,2044780032,3005.8,2764.2647311827955,1.0057199411050668,0.08704133541636394,4594.62,4697.96,4489.143182795699,1.0028459771563922
74.1,2986751,77.51,66.85686021505376,1.0106564752879004,0.37785404081377993,9123.2,1371480064,9490.2,8074.567741935484,1.0118965163913438,0.20701216153532243,2895.7,3252819968,3005.8,2778.173333333333,1.0050315738552966,0.11431195193096255,4538.43,4697.96,4497.368623655913,1.0018322963927142
76.67,1822336,77.51,67.68898924731182,1.0124464270320415,0.475275208147353,9315.6,1191430016,9490.2,8176.988817204301,1.0126844034928197,0.25405221985549464,3068.9,2615810048,3005.8,2802.276989247312,1.0086760806551471,0.1572727221790169,4712.02,4697.96,4516.135720430108,1.0041729060578848
73.48,2301196,77.51,68.26027956989248,1.0084399298753504,0.3567921428726445,8885.0,1367910016,9490.2,8245.660430107528,1.0083981541907874,0.13975150157353733,2944.9,3316379904,3068.9,2816.9120430107528,1.005222557876897,0.12075105295958477,4620.64,4712.02,4527.849978494624,1.002593867587177
77.48,1086921,77.51,69.04890322580644,1.0115531852621038,0.33640358219585653,9317.5,842680000,9490.2,8337.623010752686,1.011152845963602,0.1612453967687908,3041.1,1755000064,3068.9,2836.558494623656,1.006974463992104,0.12899434486249373,4725.78,4712.02,4545.347935483872,1.0038645178334873
78.3,994685,77.51,69.85111827956989,1.0116180709075133,0.2771335956857479,9322.5,817040000,9490.2,8425.035268817204,1.0104840741721934,0.13274521432591557,3055.4,1630649984,3068.9,2855.8066666666664,1.0067857483212468,0.11747221953872922,4766.18,4725.78,4564.33047311828,1.0041762562302916
72.48,1556357,78.3,70.23597849462365,1.0055097215983488,0.14577791963049935,8856.6,1222000000,9490.2,8477.761075268818,1.006258229760386,0.1469014067663188,2912.0,2609730048,3068.9,2864.513333333334,1.0030487591363564,0.06857422556085258,4677.02,4766.18,4576.407440860215,1.002645945076296
71.62,1936356,78.3,70.5383010752688,1.0043043834103955,0.12397974143601376,9030.0,1262290048,9490.2,8538.045161290323,1.0071108498442314,0.17260809736760274,2910.2,2528079872,3068.9,2872.1952688172046,1.0026817593740893,0.048721683573694996,4662.85,4766.18,4586.646387096775,1.0022373327482037
65.06,1661248,78.3,70.38954838709677,0.9978911784675206,-0.017304693244837965,7939.7,1122230016,9490.2,8523.877204301076,0.9983406088019443,0.03689314134688049,2708.3,2292640000,3068.9,2865.9518279569893,0.9978262477736111,0.03448451358022875,4397.93,4766.18,4578.7261935483875,0.9982732059810261
60.08,4484525,78.3,69.91283870967742,0.9932275502778088,-0.14956405037540788,7710.6,1887549952,9490.2,8493.549892473118,0.996442075466238,-0.02695990795267278,2769.6,3906190080,3068.9,2863.3238709677416,0.9990830421629519,0.03349181504681131,4431.85,4766.18,4572.742279569893,0.9986931050852252
58.67,3116117,78.3,69.35045161290323,0.9919558823936534,-0.11645210319215604,8107.1,1626700032,9490.2,8488.450537634408,0.999399620311499,0.0717388733340556,2798.9,3243249920,3068.9,2862.2931182795696,0.9996400153337095,0.02366611416765374,4500.54,4766.18,4571.018989247312,0.9996231385419903
58.2,2207641,78.3,68.76055913978495,0.9914940355917087,-0.052692117537252114,7893.3,1556790016,9490.2,8468.100860215052,0.9976026628971763,0.13285545977254432,2717.5,2838710016,3068.9,2855.7043010752695,0.9976980634295552,0.008137198130121703,4418.64,4766.18,4563.730129032258,0.9984054189597114
58.65,1637932,78.3,68.19787096774193,0.991816701622523,-0.08769725046714283,7899.1,1615049984,9490.2,8446.337849462367,0.9974300009988151,0.10521445844952215,2670.9,2940369920,3068.9,2845.9427956989243,0.9965817520488134,-0.0013989866017731778,4348.87,4766.18,4551.743247311828,0.9973734464173997
60.52,1611721,78.3,67.75939784946235,0.993570574681327,-0.0027802335765262365,8106.0,1374060032,9490.2,8436.791612903226,0.9988697780352525,0.0856902265713807,2705.5,2701250048,3068.9,2838.504946236559,0.997386507742318,0.0068386690867501265,4384.62,4766.18,4542.198150537634,0.9979029799671081
57.79,2128411,78.3,67.14737634408604,0.9909677251451378,-0.11895213012203798,7730.2,1534950016,9490.2,8401.780860215054,0.9958502290569052,0.005337879404851975,2624.0,2960100096,3068.9,2825.7834408602153,0.9955182373759078,-0.010532808523308734,4328.87,4766.18,4529.079161290323,0.997111753205712
56.44,1688877,78.3,66.45718279569893,0.9897212134566461,-0.13553593716412327,7456.8,1448839936,9490.2,8349.049892473118,0.9937238344323365,0.01045853104221628,2524.1,2983980032,3068.9,2806.8202150537636,0.993289214759968,-0.013209257219907511,4204.31,4766.18,4508.155548387097,0.9953801618037373
61.15,1916233,78.3,66.08090322580645,0.9943380150336913,-0.09362995165695676,8240.0,1557840000,9490.2,8346.977204301076,0.999751745623905,0.10979528721481002,2722.7,3298520064,3068.9,2801.0924731182795,0.9979593484809733,-0.008445433675453584,4463.09,4766.18,4504.4944946236565,0.9991879042938635
62.25,1886209,78.3,65.76886021505376,0.9952778640194067,-0.12189729629994406,8532.9,1433219968,9490.2,8362.012473118279,1.001801283081192,0.0789368816095617,2786.1,2699249920,3068.9,2799.4763440860215,0.9994230361732903,-0.002271307481712892,4543.04,4766.18,4505.945440860215,1.0003221107803084
58.41,2455082,78.3,65.20888172043011,0.9914856591281557,-0.28863572626215006,8171.5,1514550016,9490.2,8352.240645161291,0.998831402370135,0.03138885434717986,2789.4,2801019904,3068.9,2798.042150537635,0.9994876922066456,-0.0046958663957185065,4545.86,4766.18,4507.505913978494,1.0003463142505298
51.35,2478394,78.3,64.20501075268815,0.9846053031234939,-0.41363235754134486,7501.2,1389639936,9490.2,8298.46494623656,0.9935615242412962,-0.09619336732485795,2677.0,2637179904,3068.9,2789.370752688172,0.996900905210525,-0.031930757327107706,4488.28,4766.18,4505.329118279569,0.99951707313524
50.9,2292626,78.3,63.19967741935484,0.9843418243911559,-0.507352777123776,7192.6,1044979968,9490.2,8225.338064516129,0.9911879025585817,-0.11762476789155907,2574.9,1943859968,3068.9,2774.261505376344,0.9945832775018283,-0.04690440279421526,4392.59,4766.18,4496.914903225807,0.9981323861514084
51.61,2650602,78.3,62.26690322580645,0.9852408393264563,-0.5488622892900404,6990.4,1196009984,9490.2,8140.36817204301,0.9896697385801472,-0.18113347437660177,2509.6,2356460032,3068.9,2755.2679569892475,0.9931536560809829,-0.047381146917839345,4271.78,4766.18,4480.793376344086,0.9964149806637086
50.95,3593485,78.3,61.325526881720435,0.9848815936666678,-0.45256574142051,6801.1,1456099968,9490.2,8044.976559139785,0.9882816586563204,-0.12182913034103116,2478.0,3027109888,3068.9,2734.7604301075266,0.9925569755095145,-0.01727809666895952,4131.93,4766.18,4456.044322580645,0.9944766357908621
52.34,2695422,78.3,60.50477419354839,0.9866164592477935,-0.3395162795522094,6956.0,1747709952,9490.2,7960.934623655914,0.9895534890790462,-0.06861215371221174,2461.5,3285600000,3068.9,2713.5830107526886,0.9922562067515343,-0.01653818554514963,4123.34,4766.18,4431.225204301075,0.9944302353201917
52.53,2667578,78.3,59.72488172043012,0.9871102324814323,-0.31688573575332735,6866.5,1780310016,9490.2,7872.125806451612,0.9888444232489478,-0.03412019284146228,2375.3,3504839936,3068.9,2687.2894623655916,0.9903103946763715,-0.032360559170075076,4023.89,4766.18,4400.566344086023,0.9930811775972718
52.51,1974425,78.3,58.96898924731183,0.9873437593956805,-0.2976887014699031,6627.9,1677149952,9490.2,7769.570107526882,0.9869722992942159,-0.03641615585456359,2285.8,3260610048,3068.9,2656.001505376344,0.9883570573890819,-0.03676481672388765,3901.36,4766.18,4362.964645161291,0.9914552591678875
54.82,1437009,78.3,58.39219354838709,0.9902186605826717,-0.3467569744445653,7210.1,1543719936,9490.2,7707.044731182796,0.991952530773419,-0.04842127309753885,2470.3,2907089920,3068.9,2637.6838709677418,0.9931033042068977,-0.03213476930395032,4158.24,4766.18,4343.319806451613,0.9954973646803522
54.64,1458451,78.3,57.83604301075268,0.9904756012090289,-0.42646570001708206,7108.2,1195200000,9490.2,7639.876559139785,0.9912848342800908,-0.11550537531285032,2442.4,2374089984,3068.9,2618.3546236559137,0.9926718862997269,-0.041516836998229834,4108.54,4766.18,4321.430107526882,0.9949601457179793
51.32,1084074,78.3,57.106258064516126,0.9873818313244411,-0.4579859756703446,6545.6,1281789952,9490.2,7540.380645161288,0.9869767641913707,-0.13489350210564977,2286.4,2273639936,3068.9,2590.01311827957,0.9891758338919074,-0.05436930020876851,3900.86,4766.18,4287.408344086021,0.9921271980352978
45.48,2455476,78.3,56.05030107526881,0.9815089094429136,-0.515699202119443,5993.7,1690019968,9490.2,7410.783440860216,0.9828129095333886,-0.17651988376399852,2174.4,3285469952,3068.9,2555.843655913979,0.9868072242088534,-0.05881894407574362,3674.84,4766.18,4240.486344086022,0.9890558593363931
49.68,2483490,78.3,55.33419354838709,0.9872238415647389,-0.40849775900328544,6323.1,1090880000,9490.2,7309.957204301075,0.9863946588962209,-0.18670451440112756,2332.8,2160740096,3068.9,2533.6815053763444,0.9913288316809389,-0.04933865482074096,3911.74,4766.18,4211.0484731182805,0.993057902188791
