5.53,2620874,22.86,5.123612903225807,0.994967697209891,-0.663971717836764,1809.7,206932192,2029.7,1760.2348387096777,1.0021404058225114,0.04746143165182781,707.6,22925640,750.3,695.250322580645,1.0011327686625031,0.03174615300539363,2022.19,2126.64,1981.013569892473,1.000991764673807
5.51,1188251,22.86,5.104322580645162,0.9962350156139822,-0.5659080278092751,1847.3,276633216,2029.7,1766.2038709677418,1.0033910431306083,0.11820793435168775,724.0,22925640,750.3,697.0972043010753,1.0026564269881602,0.06322792066039118,2049.58,2126.64,1984.8925591397851,1.0019580831278823
5.05,854077,22.86,5.060731182795699,0.9914599053722124,-0.608993952357137,1820.7,155773104,2029.7,1769.8567741935485,1.00206822286252,0.008075104661305232,723.8,22925640,750.3,698.7855913978494,1.0024220253450407,0.04609386232908119,2035.94,2126.64,1987.722322580645,1.0014256506871517
5.52,645838,22.86,5.053247311827956,0.998521187809148,-0.6312113523490077,1860.0,248827104,2029.7,1775.7290322580648,1.0033179284053604,-0.036159642098931855,743.5,22925640,750.3,701.643440860215,1.0040897372492308,0.056920753452524675,2072.78,2126.64,1992.827634408602,1.0025684230488134
5.38,846217,22.86,5.043139784946236,0.9979997957238187,-0.6479155808162286,1828.8,228747808,2029.7,1779.1199999999997,1.0019096200379305,-0.06561077689005868,729.2,22925640,750.3,703.3875268817204,1.0024857155642575,0.03600175633467262,2047.6,2126.64,1995.9824946236558,1.0015831074201207
5.29,543987,22.86,5.034150537634408,0.9982175296154469,-0.610110439814379,1836.7,218318800,2029.7,1782.7374193548387,1.0020332632733255,-0.015213989419939677,737.8,22925640,750.3,705.5701075268817,1.00310295613975,0.03574200138514727,2080.73,2126.64,2001.0886451612903,1.0025582140882439
5.22,470509,22.86,5.027999999999999,0.9987782372441133,-0.5461936437546194,1838.0,420919008,2029.7,1786.0924731182795,1.0018819674322283,0.023373590665421995,722.7,22925640,750.3,706.6363440860214,1.0015111702547561,-0.001405895335692131,2091.58,2126.64,2006.630924731183,1.0027696322115935
5.16,345084,22.86,5.02378494623656,0.9991616838179319,-0.3712208495280399,1767.0,244803808,2029.7,1784.4382795698923,0.999073847758006,-0.026511112443333262,696.8,22925640,750.3,705.9144086021506,0.9989783493448748,-0.023487327960359794,2065.3,2126.64,2010.13311827957,1.001745310263698
5.09,1145964,22.86,5.017720430107526,0.9987928392250196,-0.4099002923004462,1750.3,188208992,2029.7,1781.5303225806454,0.9983703796188749,-0.08061125875830433,697.5,22925640,750.3,705.1870967741934,0.9989696883657645,-0.020107930978189303,2057.14,2126.64,2012.8638279569889,1.0013584720596793
4.97,964899,22.86,5.006645161290323,0.9977927688536116,-0.578278725942997,1747.1,173379200,2029.7,1778.4038709677416,0.9982450752741749,-0.07769390648337615,697.3,22925640,750.3,704.4455913978495,0.9989484983776138,-0.017982764635304793,2046.61,2126.64,2014.8243225806452,1.0009739827386368
5.07,1040208,22.86,5.0067526881720426,1.00002147683294,-0.5616019962378623,1818.7,204435504,2029.7,1780.0066666666667,1.0009012551789223,-0.04806493353808383,707.2,22925640,750.3,704.36,0.9998784982134963,-0.030473040036748222,2052.32,2126.64,2017.1241720430105,1.0011414640157905
5.41,1330887,22.86,5.032967741935485,1.005235939419451,-0.2669713490271026,1898.7,194499904,2029.7,1786.9225806451616,1.0038853303799395,-0.00012525167375554425,732.7,22925640,750.3,705.985376344086,1.0023075931967829,-0.011653014879194346,2099.06,2126.64,2022.4886021505379,1.002659444659817
5.82,738384,22.86,5.085376344086021,1.01041306140587,-0.1941821585188206,1913.6,172438800,2029.7,1794.6670967741936,1.004333996454528,-0.048286604685332524,727.7,22925640,750.3,707.2916129032258,1.0018502317511222,-0.02671534996448477,2099.13,2126.64,2027.8151827956988,1.0026336764714012
5.54,652467,22.86,5.1193978494623655,1.0066900663932001,-0.2519183245205915,1907.5,170238592,2029.7,1801.9466666666665,1.004056222965004,-0.023679983731639487,725.4,22925640,750.3,708.4924731182795,1.0016978290045382,-0.019135728425917486,2096.07,2126.64,2032.944494623656,1.0025294769816673
5.72,394243,22.86,5.1652688172043,1.008960227177255,-0.08533255407426132,1886.8,241117792,2029.7,1807.6339784946238,1.00315620430569,-0.050219286946738606,711.2,22925640,750.3,708.7511827956989,1.000365155152998,-0.03523705743450811,2071.22,2126.64,2036.3135268817207,1.0016572180238932
5.71,683362,22.86,5.209161290322581,1.008497616420676,-0.12505276720834613,1852.6,276132416,2029.7,1811.0995698924728,1.0019171975295216,-0.06679458089615808,696.4,22925640,750.3,708.1251612903226,0.9991167259814552,-0.03153801387986155,2037.41,2126.64,2037.5398709677422,1.0006022373616992
5.53,519888,22.86,5.241032258064516,1.0061182532015556,-0.02167843389781554,1895.3,256417408,2029.7,1817.4012903225805,1.0034794997110412,-0.12548573287485876,714.0,22925640,750.3,708.7247311827957,1.0008467004496502,-0.05376385462146416,2102.95,2126.64,2043.1079354838712,1.0027327389247527
5.59,445206,22.86,5.27621505376344,1.0067129515649873,0.09955145032577994,1948.1,155316192,2029.7,1827.202580645161,1.0053930248507972,-0.10177915754479061,726.3,22925640,750.3,710.1959139784947,1.00207581693,-0.049233284962850954,2129.9,2126.64,2050.390494623656,1.003564451497302
5.7,578760,22.86,5.31694623655914,1.0077197730533458,0.1333869617179575,2009.6,194703696,2029.7,1840.8178494623658,1.0074514281894225,-0.04237711847930292,742.0,22925640,750.3,712.665806451613,1.0034777621561943,-0.03310276668811207,2161.74,2129.9,2059.4744946236556,1.004430375591293
5.65,488083,22.86,5.351913978494625,1.0065766589278349,-0.08111877835442582,2045.6,203342592,2029.7,1856.4107526881724,1.008470638868675,-0.04764617963800144,757.0,22925640,750.3,716.0350537634409,1.0047276679775106,-0.014782803226601526,2175.03,2161.74,2069.0800215053764,1.0046640669291105
5.95,494232,22.86,5.405268817204301,1.0099693005014785,-0.07608238675743229,2104.0,282944608,2045.6,1875.4784946236562,1.0102712947055885,0.0037912341923964643,768.7,22925640,757.0,720.0956989247312,1.0056710144844834,0.001982961026768759,2173.6,2175.03,2078.3480430107525,1.0044792958266704
7.51,3681501,22.86,5.557849462365593,1.028228132646363,0.6739866967167394,2120.3,180053600,2104.0,1895.1070967741935,1.0104659169416261,0.11231099225707575,781.2,22925640,768.7,724.8612903225807,1.0066179973091987,0.028695340867133545,2182.87,2175.03,2087.9352903225804,1.004612917140644
7.52,1709721,22.86,5.70363440860215,1.0262304596811636,0.755604969040444,2123.3,162525104,2120.3,1914.030322580645,1.0099853068138798,0.15280953855122958,782.1,22925640,781.2,729.4477419354838,1.0063273507278365,0.02979275457267372,2184.05,2182.87,2097.0377204301076,1.0043595364998696
8.25,2961423,22.86,5.888494623655914,1.0324109509499697,0.4573517515791403,2169.8,189630800,2123.3,1934.8640860215053,1.0108847614351117,0.176339809335615,783.4,22925640,782.1,733.8479569892473,1.00603225536361,0.020007395892666757,2183.87,2184.05,2105.475376344086,1.0040236071253157
8.71,2789938,22.86,6.095548387096774,1.0351624271862387,0.5927180331298398,2176.1,177383200,2169.8,1955.0240860215054,1.0104193365030891,0.14225013523091556,783.7,22925640,783.4,738.0286021505376,1.0056968819242098,0.024163299295511864,2169.04,2184.05,2112.360623655914,1.0032701628283982
8.72,1141256,22.86,6.29436559139785,1.0326167871494445,0.5299238676920643,2194.5,180854896,2176.1,1975.4062365591399,1.0104255240042144,0.17628571142750316,788.5,22925640,783.7,742.3092473118279,1.0058001074061587,0.054851730864464265,2179.98,2184.05,2119.459634408602,1.0033607001916187
8.25,1950185,22.86,6.454580645161291,1.0254537254687586,1.178261950962039,2103.3,217149904,2194.5,1988.6862365591398,1.0067226678514145,0.14403955580167915,768.8,22925640,788.5,745.0195698924731,1.0036512041180414,0.049409951842524835,2127.81,2184.05,2122.5478279569893,1.0014570664608335
8.2,942478,22.86,6.601139784946236,1.0227062218046363,0.7657784470746491,2207.2,293899392,2194.5,2007.5748387096776,1.0094980303093057,0.20587267372823126,792.0,22925640,788.5,748.9621505376344,1.0052919155475746,0.06612493960600663,2139.16,2184.05,2125.802623655914,1.001533438095507
7.94,813028,22.86,6.722064516129032,1.0183187654135977,0.37215324633188884,2195.8,200414800,2207.2,2024.5591397849462,1.0084601085587348,0.13903620949218887,795.3,22925640,792.0,752.8559139784946,1.0051988787925599,0.05800629224132092,2164.69,2184.05,2130.228430107527,1.0020819460858514
8.34,1074634,22.86,6.862709677419354,1.0209229115479115,0.43560492050354616,2266.8,210748608,2207.2,2045.0886021505376,1.0101402137197,0.19378657168335822,801.7,22925640,795.3,756.9150537634408,1.0053916555739006,0.061636340767097675,2168.27,2184.05,2134.419311827957,1.0019673391178139
8.69,1860947,22.86,7.019376344086022,1.0228286892540646,0.46678352322524086,2274.1,198822304,2266.8,2065.0451612903225,1.0097582858360266,0.25451030331118085,800.8,22925640,801.7,760.6967741935484,1.0049962283235148,0.06665959774381269,2153.74,2184.05,2137.3108817204293,1.0013547337566
8.31,1088034,22.86,7.1447311827957,1.017858401169114,0.3775692989485626,2207.8,206169408,2274.1,2079.7255913978497,1.0071090116490984,0.2019587153580047,796.1,22925640,801.7,763.9748387096774,1.0043092919903653,0.05889437178316381,2132.98,2184.05,2138.5801935483873,1.000593882639542
8.5,755660,22.86,7.276322580645161,1.0184179634590493,0.6370469628731241,2200.2,205006704,2274.1,2093.140430107527,1.0064502926564753,0.19794406743840942,801.9,22925640,801.7,767.4720430107528,1.0045776432990674,0.05622144829451248,2141.16,2184.05,2140.1978924731184,1.0007564359426928
6.2,3106108,22.86,7.25210752688172,0.9966720752832136,0.05129260593481111,2201.8,214762704,2274.1,2105.842365591398,1.0060683627821465,0.23721555667313277,800.7,22925640,801.9,770.7238709677417,1.004237063729686,0.05105995837693644,2126.41,2184.05,2140.637698924731,1.0002054980304202
5.55,2986318,22.86,7.184494623655915,0.9906767925082218,-0.05622762252714564,2154.3,210170096,2274.1,2114.7447311827955,1.0042274605815034,0.24643628283388885,777.7,22925640,801.9,772.3688172043011,1.0021342873868613,0.04815805121701966,2085.18,2184.05,2138.3021720430106,0.998908957418206
5.55,1227074,22.86,7.116516129032258,0.990538166122384,-0.07974926906039648,2230.6,253405504,2274.1,2127.869677419355,1.0062063974166842,0.2942633725936211,788.7,22925640,801.9,774.6191397849461,1.0029135337037434,0.028753007122840568,2164.45,2184.05,2141.000021505376,1.0012616783061057
6.0,3280926,22.86,7.077010752688172,0.9944487758296617,0.010156810296369612,2298.7,240774096,2274.1,2144.541075268817,1.0078347833170314,0.3132013056547328,796.3,22925640,801.9,777.250322580645,1.003396743845536,0.05865765528245226,2181.9,2184.05,2144.6436344086023,1.0017018275883363
6.95,1168211,22.86,7.097118279569892,1.0028412457723175,0.20525466247198398,2352.5,143416608,2298.7,2163.6926881720433,1.008930401531631,0.37749843535439576,804.6,22925640,801.9,780.2587096774195,1.003870551107378,0.08302273202443144,2213.35,2184.05,2150.122043010753,1.0025544610369084
6.2,925925,22.86,7.0649892473118285,0.9954729467662176,0.14305474946582053,2244.7,248980992,2352.5,2174.630322580645,1.0050550775849052,0.3701527099678691,781.1,22925640,804.6,781.5191397849464,1.0016154002408355,0.05432390091780337,2191.95,2213.35,2153.9014193548387,1.0017577496851267
6.4,655042,22.86,7.043376344086022,0.99694084414438,0.20683421434063787,2355.0,1063744768,2352.5,2191.620860215054,1.0078130694021807,0.3850397143317066,814.2,22925640,804.6,784.7352688172043,1.0041152274698517,0.06361118327819049,2259.53,2213.35,2161.7508817204302,1.003644299732131
6.0,551857,22.86,6.992881720430107,0.9928309064872967,0.13532217640349087,2372.5,1096694912,2355.0,2208.43311827957,1.0076711526020363,0.3207171783162387,815.6,22925640,814.2,787.7903225806451,1.0038931011321124,0.053028145699452356,2258.07,2259.53,2169.048258064516,1.0033756786712993
6.2,626827,22.86,6.953290322580645,0.9943383286844687,0.12364802605862946,2435.5,823219968,2372.5,2228.1189247311827,1.0089139246684313,0.32004312240498334,819.8,22925640,815.6,790.8832258064516,1.003926048768503,0.04039740700039807,2263.79,2259.53,2176.272193548387,1.0033304632375109
6.2,460015,22.86,6.912,0.994061757719715,-0.004494758919475483,2380.0,684110016,2435.5,2243.069677419355,1.006710033527486,0.27435486136012566,808.0,22925640,819.8,793.0275268817204,1.0027112739343818,0.0437962899332931,2238.83,2263.79,2181.531548387097,1.0024166806221673
6.35,578795,22.86,6.879569892473119,0.9953081441656711,0.09816315623205618,2383.8,695569984,2435.5,2257.2625806451615,1.006327446431417,0.260239346590056,827.6,22925640,819.8,796.2636559139786,1.0040807272415664,0.054578645610064536,2276.98,2263.79,2188.9517634408603,1.0034013787512033
7.35,5441079,22.86,6.9099139784946235,1.0044107533604252,0.2391312381022026,2423.9,798649984,2435.5,2273.0182795698925,1.006980002707628,0.32502966815293866,834.0,22925640,827.6,799.6929032258064,1.0043066731557546,0.07445326914209272,2274.64,2276.98,2195.831956989247,1.0031431453462325
7.95,5433740,22.86,6.975462365591398,1.0094861364845897,0.29706156294354646,2425.6,730710016,2435.5,2287.728602150538,1.0064717132778311,0.3408883818481254,836.0,22925640,834.0,802.9870967741936,1.0041193232240764,0.08565688898290169,2271.31,2276.98,2202.059849462366,1.002836233644062
8.65,2909742,22.86,7.081354838709677,1.0151807102623942,0.367293340057546,2483.0,1183040000,2435.5,2304.9098924731184,1.007510196054912,0.39327904208507714,855.2,22925640,836.0,807.2197849462366,1.0052711783153763,0.10658242326389167,2294.69,2276.98,2209.2931182795696,1.0032847739442547
8.75,2461170,22.86,7.186989247311827,1.0149172596216627,0.3695848808571194,2461.8,1230800000,2483.0,2319.4595698924736,1.0063124712453482,0.34845400436728935,855.3,22925640,855.2,811.1552688172042,1.0048753560608399,0.09896097690833328,2297.42,2294.69,2216.2901720430104,1.0031671006918672
7.45,4700047,22.86,7.201956989247312,1.0020826164365118,0.16285077987506424,2442.7,1251250048,2483.0,2331.6722580645164,1.0052653162532206,0.29492827155711976,865.9,22925640,855.3,815.4972043010753,1.005352779733777,0.09557569016293832,2316.1,2297.42,2224.132129032258,1.0035383259323027
7.55,3730010,22.86,7.219612903225806,1.0024515439351909,0.20097722320506617,2488.5,995009984,2483.0,2345.9083870967743,1.0061055446291902,0.3053073252214831,881.5,22925640,865.9,820.5791397849464,1.0062317019078277,0.08348679999075137,2351.16,2316.1,2233.9040645161294,1.0043935948572098
7.6,1891864,22.86,7.236408602150537,1.0023263988180346,0.18157754630119105,2487.0,809660032,2488.5,2359.095268817204,1.0056212262136757,0.250835951156849,888.3,22925640,881.5,825.8320430107527,1.0064014583982515,0.06645412008927276,2367.34,2351.16,2244.3410967741934,1.0046721040638442
7.35,1158936,22.86,7.233526881720431,0.99960177477689,-0.08674358148275652,2487.7,1315970048,2488.5,2371.503655913979,1.0052598075460497,0.23139292622820296,892.7,22925640,888.3,831.1116129032257,1.0063930310492981,0.050992109555473064,2383.12,2367.34,2255.3795483870967,1.004918348475982
7.4,962091,22.86,7.234215053763441,1.0000951364464752,-0.06863702408440775,2532.1,1076850048,2488.5,2385.9864516129032,1.0061070096446225,0.281948484402212,897.6,22925640,892.7,836.4675268817206,1.0064442776341262,0.06134888374161096,2372.6,2383.12,2265.3086451612903,1.0044024061410393
8.35,2188540,22.86,7.296451612903225,1.0086030839112818,0.03998930315697602,2543.2,1192390016,2532.1,2400.3062365591395,1.0060016203933413,0.22725794533187083,904.4,22925640,897.6,842.0137634408601,1.0066305461729226,0.06544781045984904,2378.25,2383.12,2275.196774193548,1.004365025072137
9.05,3103126,22.86,7.40363440860215,1.0146897151362424,0.1048912116242866,2536.9,1066129984,2543.2,2413.416559139785,1.0054619374732114,0.20954750503435837,896.6,22925640,904.4,846.7965591397849,1.0056801870783918,0.06340703493210165,2343.98,2383.12,2282.4559139784947,1.0031905547103808
9.55,2213305,22.86,7.542344086021506,1.0187353493924811,0.16206731958062215,2560.2,850510016,2543.2,2427.254193548387,1.005733628683452,0.2169452043618163,906.2,22925640,904.4,851.9559139784948,1.0060927914538895,0.06544431015618524,2362.72,2383.12,2290.547870967742,1.0035452851201592
9.05,1391437,22.86,7.647010752688171,1.0138772065385677,0.16725310615463707,2532.4,1013859968,2560.2,2438.5118279569892,1.0046380121367284,0.20977643064261153,900.9,22925640,906.2,856.5202150537634,1.0053574381025823,0.06480068938990735,2355.54,2383.12,2297.783612903226,1.0031589568710595
8.4,985088,22.86,7.708021505376343,1.007978379351268,0.15181687475042938,2438.6,784870016,2560.2,2442.7950537634406,1.001756491708322,0.09535955362808712,888.7,22925640,906.2,860.0133333333333,1.0040782671770925,0.03337421835173293,2328.95,2383.12,2302.8141290322583,1.002189290628057
8.35,1319136,22.86,7.765376344086022,1.0074409287350423,0.1571750417624902,2518.6,783489984,2560.2,2451.7419354838707,1.0036625592911064,0.17203725546651905,904.6,22925640,906.2,864.3243010752687,1.0050126754723983,0.05243179179483426,2348.69,2383.12,2308.710043010752,1.0025603082351122
8.5,2945192,22.86,7.83152688172043,1.0085186518596472,0.13327410584702382,2539.6,1005260032,2560.2,2461.3494623655915,1.003918653404207,0.14743614635650604,928.3,22925640,906.2,869.9292473118279,1.0064847722429953,0.058328125698895006,2384.2,2383.12,2316.501225806451,1.0033746909098809
10.05,3518124,22.86,7.9973333333333345,1.021171663472153,0.252502995560253,2567.9,1208800000,2560.2,2472.196129032258,1.004406796691211,0.09965544061675824,941.0,22925640,928.3,876.0812903225808,1.0070718889263275,0.0610639488196667,2399.29,2384.2,2324.8015913978493,1.0035831475066492
9.15,1911327,22.86,8.102150537634408,1.0131065193774267,0.28908137566173164,2634.6,987139968,2567.9,2486.714193548387,1.0058725375165976,0.1887441329692463,951.6,22925640,941.0,882.6156989247313,1.007458678406138,0.07440719281893271,2390.9,2399.29,2332.032602150538,1.003110377582089
8.75,934400,22.86,8.179354838709678,1.0095288652952887,0.11616900811724251,2668.7,1332630016,2634.6,2502.5144086021505,1.0063538524430176,0.20151871906675334,944.9,22925640,951.6,888.3834408602149,1.0065348281732471,0.06597148947453335,2381.73,2399.29,2338.1173333333336,1.0026091964482762
8.6,694335,22.86,8.246344086021505,1.0081900404900876,0.5080217782083226,2732.0,882929984,2668.7,2521.3909677419356,1.0075430371449206,0.18647142857836774,966.8,22925640,951.6,895.2565591397848,1.0077366573524993,0.07134085387251377,2415.82,2399.29,2345.884064516129,1.0033217884629095
8.8,537294,22.86,8.321075268817205,1.0090623410830477,0.7139816618014967,2778.1,757960000,2732.0,2542.101505376344,1.0082139334594968,0.2065950283919411,979.7,22925640,966.8,902.6047311827957,1.008207895231811,0.0900234966790372,2439.07,2415.82,2354.528408602151,1.0036848982508457
9.4,1374575,22.86,8.42752688172043,1.012793011655855,0.8395291509268469,2735.3,1429139968,2778.1,2558.709247311828,1.0065330758431008,0.13146871349181177,957.8,22925640,979.7,908.1055913978494,1.0060944287405242,0.0908986322469949,2431.77,2439.07,2361.9407311827954,1.0031481134623663
9.0,1401465,22.86,8.49989247311828,1.0085868122894763,0.6635871784401797,2685.5,1295920000,2778.1,2571.0187096774193,1.0048108093479255,0.062208415560310204,946.7,22925640,979.7,912.5266666666666,1.0048684594728812,0.07372160832051189,2433.15,2439.07,2368.867204301075,1.0029325346850728
9.7,1830390,22.86,8.610967741935484,1.0130678439954965,0.525691714286563,2713.7,1501670016,2778.1,2584.315698924731,1.005171875722748,0.05944867097822426,968.2,22925640,979.7,918.0113978494625,1.0060104886609296,0.10169757679234559,2438.3,2439.07,2375.585612903226,1.0028361271539208
9.8,3428271,22.86,8.722580645161292,1.0129617142429013,0.6575723080021368,2596.4,1310380032,2778.1,2589.2681720430105,1.001916357633992,0.06615467173248035,940.3,22925640,979.7,921.3443010752687,1.0036305684587512,0.09821965815611722,2423.41,2439.07,2380.8596129032258,1.0022200841642388
9.9,880671,22.86,8.832903225806453,1.0126479289940828,0.6238691484447182,2643.1,869539968,2778.1,2596.4772043010757,1.0027841968382816,0.08666834947426283,945.6,22925640,979.7,924.6767741935485,1.0036169682868723,0.08807370257359914,2425.18,2439.07,2385.7500430107525,1.002054060676666
11.0,3502309,22.86,9.006666666666668,1.0196722907993085,0.8399582873267084,2767.9,1107299968,2778.1,2611.1182795698924,1.0056388229577227,0.1124995993327984,981.1,22925640,979.7,930.016989247312,1.0057752235189654,0.11381545635569501,2459.27,2439.07,2392.4835913978495,1.0028224031292898
11.8,2415297,22.86,9.221290322580645,1.02382942145603,0.9201368628574783,2769.3,932430016,2778.1,2624.9993548387097,1.0053161418911685,0.07116230562586989,992.0,22925640,981.1,935.7045161290322,1.006115508584766,0.11783861511313032,2472.54,2459.27,2399.640580645161,1.0029914475790114
11.35,1126421,22.86,9.39483870967742,1.0188204015951867,0.85244196719991,2735.9,1339719936,2778.1,2636.0077419354834,1.0041936723056644,0.09039887804987945,985.7,22925640,992.0,940.6152688172042,1.0052481874390087,0.1157329275771386,2472.1,2472.54,2406.320258064516,1.0027836157936447
12.45,2478946,22.86,9.628279569892472,1.024847777319965,1.021649718560688,2721.7,1049030016,2778.1,2645.334623655914,1.0035382603670133,0.10675284328447088,989.6,22925640,992.0,945.3954838709678,1.0050820087789716,0.10797697233904491,2476.83,2472.54,2412.803440860215,1.0026942310666966
10.25,4894967,22.86,9.706666666666667,1.0081413399149013,0.3948237522857244,2683.1,970110016,2778.1,2651.4445161290323,1.002309686048215,0.068554563359978,979.9,22925640,992.0,949.201505376344,1.004025851159974,0.10166251833056816,2441.32,2476.83,2416.5658709677423,1.0015593603870965
10.85,3307473,22.86,9.817526881720429,1.0114210386387805,0.379324001826827,2693.8,929280000,2778.1,2657.6873118279573,1.0023544885291582,0.07784197693020678,980.2,22925640,992.0,952.7131182795698,1.003699544178276,0.10458009088151576,2425.55,2476.83,2418.9524301075267,1.00098758290368
11.15,1574739,22.86,9.941505376344086,1.0126282816555865,0.26913097740409886,2697.6,783619968,2778.1,2663.598494623656,1.00222418294635,0.020070742783493856,989.8,22925640,992.0,956.5339784946237,1.004010504465346,0.09273647084872527,2443.05,2476.83,2422.136322580645,1.001316227815599
11.95,1476764,22.86,10.111720430107527,1.0171216578696893,0.3899954690970133,2781.0,759990016,2778.1,2674.4288172043002,1.0040660492196947,0.06905357825105662,1011.7,22925640,992.0,961.4782795698924,1.0051689758925761,0.10488974449445299,2476.55,2476.83,2427.162451612903,1.002075080987557
11.1,1724923,22.86,10.22021505376344,1.0107295909144078,0.5462227557708015,2719.1,668430016,2781.0,2680.579139784946,1.00229967705294,0.05474722285484912,1000.9,22925640,1011.7,965.3894623655916,1.0040678847133695,0.09315942616699413,2461.43,2476.83,2430.827870967742,1.001510166471306
11.1,1129525,22.86,10.320860215053763,1.0098476559212188,0.529468518330605,2864.1,937859968,2781.0,2695.489892473118,1.0055625116479001,0.09635601559279983,1014.9,22925640,1011.7,969.9135483870967,1.0046862807166128,0.08793020931138673,2500.23,2476.83,2436.6839784946233,1.0024091000423447
11.25,1373420,22.86,10.423548387096774,1.009949574929155,0.5229781362055306,2867.8,1186259968,2864.1,2709.8316129032255,1.0053206359519862,0.14993454677011742,1008.2,22925640,1014.9,973.7184946236558,1.0039229746227243,0.07800158280048741,2502.22,2500.23,2442.347892473119,1.002324435186706
11.35,2526909,22.86,10.524838709677418,1.0097174511806393,0.6604110311379626,2930.9,1128370048,2867.8,2727.4253763440856,1.0064925670499543,0.16405481450434478,1018.2,22925640,1014.9,977.910752688172,1.0043054107400275,0.08341598934800021,2519.36,2502.22,2448.827548387097,1.0026530437919787
11.6,1394155,22.86,10.633655913978494,1.0103390852157212,0.743687426916291,2987.7,871440000,2930.9,2747.7305376344084,1.0074448091106127,0.1225106544962522,1033.5,22925640,1018.2,982.8202150537634,1.0050203583017119,0.07691583974979954,2549.33,2519.36,2456.94776344086,1.0033159603497237
11.0,1267038,22.86,10.694731182795698,1.005743581446614,0.4321393842351926,3049.4,944560000,2987.7,2771.036559139785,1.0084819166894878,0.14075486451265018,1047.1,22925640,1033.5,988.3148387096775,1.00559067016709,0.08423428718530501,2553.17,2549.33,2464.9356559139783,1.003251144607947
10.45,1176369,22.86,10.714623655913979,1.001860025537648,0.22508683327476042,3085.3,839790016,3049.4,2795.570107526882,1.0088535635901943,0.17392889492023,1057.3,22925640,1047.1,994.1606451612905,1.0059149232842088,0.08058420407125233,2575.21,2553.17,2473.969311827957,1.0036648647977098
10.5,1144982,22.86,10.7347311827957,1.0018766433173436,0.18280977312390922,3200.9,1278889984,3085.3,2826.382365591398,1.0110218155436546,0.2328545721528037,1087.6,22925640,1057.3,1001.6156989247313,1.007498842163714,0.10776188685314869,2581.07,2575.21,2482.8837634408605,1.0036032991881847
10.8,3676309,22.86,10.77215053763441,1.0034858213216071,0.30651473936770657,3322.6,1326390016,3200.9,2863.6683870967745,1.0131921363362932,0.284830317870131,1107.7,22925640,1087.6,1009.9774193548388,1.008348232200318,0.13092965376518184,2587.84,2581.07,2491.7654193548387,1.0035771533266098
12.15,3240060,22.86,10.892903225806451,1.0112097104241322,0.4800039417451557,3326.3,1241139968,3322.6,2899.4937634408598,1.0125103089818321,0.3114658161142012,1107.7,22925640,1107.7,1017.8944086021503,1.0078387784673133,0.13764443788634062,2582.3,2587.84,2499.7900860215054,1.0032204743690296
12.25,3204991,22.86,11.012043010752688,1.0109373766090184,0.4769994518615096,3330.4,923760000,3326.3,2933.674623655914,1.011788561384761,0.2858698590947053,1103.5,22925640,1107.7,1025.0694623655913,1.0070489175525528,0.12188113580933546,2578.85,2587.84,2507.0473333333334,1.002903142688824
13.0,1369673,22.86,11.171182795698924,1.014451431472874,0.49087623156299176,3409.2,701960000,3330.4,2971.1935483870966,1.0127890545286262,0.2813013207235935,1122.9,22925640,1107.7,1033.0683870967741,1.007803300190724,0.11810295096602763,2602.42,2587.84,2515.3302580645163,1.0033038565411407
12.25,1432532,22.86,11.27225806451613,1.0090478573903672,0.160044083601651,3224.8,1320809984,3409.2,2994.9455913978495,1.0079941083015769,0.20266735969746597,1100.2,22925640,1122.9,1039.1843010752689,1.0059201443533494,0.06793093488173207,2642.22,2602.42,2525.7116344086025,1.0041272418644835
11.35,1423796,22.86,11.310537634408602,1.0033959096459095,0.06253752192081552,3164.7,1217139968,3409.2,3013.407526881721,1.0061643642331595,0.14480126520059478,1101.1,22925640,1122.9,1045.0159139784946,1.0056117215177247,0.048107212982193115,2651.5,2642.22,2536.1692903225808,1.0041404789729398
10.65,1633409,22.86,11.298924731182796,0.9989732669125756,0.12931349704248074,3210.1,945009984,3409.2,3033.6584946236558,1.0067202884313793,0.15067152697569708,1120.4,22925640,1122.9,1051.771182795699,1.0064642736314764,0.06226066647064865,2675.81,2651.5,2547.6349032258067,1.004520838946744
9.65,3610243,22.86,11.218709677419355,0.9929006471259992,-0.010533940573195899,3272.4,1039430016,3409.2,3056.764516129033,1.007616553262777,0.1767549124359462,1117.8,22925640,1122.9,1057.9812903225807,1.0059044282905478,0.04544862667027427,2683.34,2675.81,2558.9538924731182,1.0044429400904265
9.95,861350,22.86,11.155591397849463,0.9943738378668507,0.053078848409853885,3225.4,484510016,3409.2,3075.6761290322584,1.0061868072608924,0.13488560016221163,1106.2,22925640,1122.9,1063.1182795698926,1.0048554632244449,0.03296155772318832,2673.61,2683.34,2569.0698279569892,1.0039531526979153
10.7,604141,22.86,11.138387096774192,0.9984577867311824,0.04221862187793213,3372.7,1161570048,3409.2,3103.1290322580644,1.0089258108051982,0.22363683637697096,1152.8,22925640,1122.9,1070.9896774193548,1.0074040659451804,0.07554491485227266,2743.15,2683.34,2583.167827956989,1.0054875892615232
11.25,1334987,22.86,11.153870967741936,1.001390135827855,0.12837920302678962,3349.4,1087440000,3409.2,3127.707956989247,1.0079206905274245,0.28572213721909057,1162.9,22925640,1152.8,1079.0933333333332,1.007566511689921,0.08325582753364769,2786.24,2743.15,2599.3761935483876,1.0062746080281657
12.9,2028786,22.86,11.270967741935486,1.0104983081238976,0.28123221878919535,3460.7,884449984,3409.2,3158.039784946237,1.0096977813702874,0.3071028040620697,1180.3,22925640,1162.9,1087.854623655914,1.0081191219072008,0.06650099671628906,2810.3,2786.24,2616.3774838709674,1.0065405270559824
12.7,1948194,22.86,11.368279569892474,1.0086338485021942,0.2927086464780213,3533.5,1172029952,3460.7,3191.4619354838705,1.010583194897338,0.36067157255095816,1203.9,22925640,1180.3,1097.682365591398,1.0090340581560944,0.0948701285934177,2872.87,2810.3,2636.615548387097,1.0077351470270977
11.5,2196827,22.86,11.381935483870967,1.0012012296051074,0.19003346781124564,3335.5,1382700032,3533.5,3210.094623655914,1.0058382924655558,0.2713018514128819,1154.3,22925640,1203.9,1103.7432258064516,1.0055215064075373,0.08176828910593947,2762.13,2872.87,2648.7425161290316,1.0045994448259068
9.0,10193036,22.86,11.230860215053765,0.9867267505573822,-0.144449844338692,3204.1,1801319936,3533.5,3218.7608602150535,1.002699682587322,0.22158797468031177,1103.1,22925640,1203.9,1106.0520430107529,1.0020918064549065,0.059176407400897135,2619.55,2872.87,2650.9461505376344,1.0008319549352889
9.45,3169611,22.86,11.113118279569893,0.9895162139649774,-0.23273991308600084,3365.9,1137430016,3533.5,3236.9277419354835,1.0056440607144752,0.27021845465294914,1167.4,22925640,1203.9,1112.24688172043,1.0056008564414514,0.07178891492541184,2732.22,2872.87,2660.074129032258,1.0034432908012003
9.15,1110538,22.86,10.981075268817204,0.9881182754083133,-0.2114884170300253,3452.4,800750016,3533.5,3259.392258064516,1.0069400734029361,0.32169565196347416,1189.6,22925640,1203.9,1119.4967741935484,1.0065182403226018,0.09553571289700757,2747.3,2872.87,2669.616559139785,1.0035872797691539
9.6,1308728,22.86,10.882795698924733,0.9910500959617722,-0.29569045153265594,3485.1,1255760000,3533.5,3282.425591397849,1.0070667570852643,0.36412228186034723,1179.7,22925640,1203.9,1125.6694623655915,1.0055138061264086,0.10552748344575891,2691.25,2872.87,2674.9510322580645,1.0019982169724024
10.15,1306205,22.86,10.826129032258065,0.9947930046438097,-0.013533296050096233,3650.5,1459660032,3533.5,3314.4881720430108,1.009767953530824,0.3917856626830519,1230.3,22925640,1203.9,1134.6978494623656,1.008020460178249,0.11411688314774038,2786.57,2872.87,2685.9740645161287,1.0041208351574045
10.4,1587050,22.86,10.785806451612904,0.9962754387533149,-0.021478886286470766,3632.9,1710169984,3650.5,3343.334838709677,1.0087032039848511,0.3689666779635318,1218.4,22925640,1230.3,1142.42,1.006805468558254,0.108419475922791,2752.01,2872.87,2694.024946236559,1.0029973788007818
9.8,1857960,22.86,10.707741935483872,0.9927622921402082,-0.09874052700413927,3391.4,1329840000,3650.5,3354.58129032258,1.003363842437404,0.33580543908483385,1122.4,22925640,1230.3,1143.4363440860216,1.00088964136309,0.07452846028529114,2588.26,2872.87,2690.809247311828,0.9988063588909141
9.6,1767773,22.86,10.619677419354838,0.9917756221003794,-0.23475354029833173,3429.6,1143069952,3650.5,3366.8002150537636,1.0036424589758588,0.2863267305320757,1141.6,22925640,1230.3,1145.4062365591399,1.0017227828058002,0.06204737993031939,2640.87,2872.87,2690.6754623655916,0.999950280776547
9.1,1122862,22.86,10.504408602150537,0.9891457327136681,-0.2669203921637405,3247.4,1347090048,3650.5,3365.869462365591,0.9997235497716761,0.2607273349609591,1115.4,22925640,1230.3,1145.4064516129033,1.0000001877532674,0.05628448207690395,2604.47,2872.87,2687.839913978495,0.9989461574140928
9.75,941240,22.86,10.435376344086022,0.9934282584884995,-0.19295292988599766,3437.1,978800000,3650.5,3376.041290322581,1.0030220506382446,0.27793791422782066,1157.1,22925640,1230.3,1147.850752688172,1.0021340032368655,0.07769006918522803,2656.3,2872.87,2688.040623655914,1.0000746732260262
9.4,1505813,22.86,10.346666666666666,0.9914991396098877,-0.2860992050799067,3321.4,1038160000,3650.5,3377.5163440860206,1.0004369181643802,0.21903390014930157,1154.7,22925640,1230.3,1149.8344086021507,1.0017281479402556,0.07820006280762692,2670.14,2872.87,2688.798602150537,1.0002819817855255
9.35,1929838,22.86,10.258709677419354,0.9914990023279016,-0.4217615917930162,3303.3,1378800000,3650.5,3376.8481720430113,0.9998021705966933,0.16661818038813958,1147.8,22925640,1230.3,1151.0578494623653,1.001064014827754,0.06752620143316701,2669.91,2872.87,2689.180623655914,1.0001420788842539
10.7,3682895,22.86,10.262150537634408,1.0003354086745069,-0.3909405707241017,3386.6,1038569984,3650.5,3380.7533333333326,1.001156451546342,0.16863246781748886,1184.6,22925640,1230.3,1154.3767741935485,1.0028833691831678,0.10144929036260364,2663.42,2872.87,2688.8201720430106,0.9998659622898765
10.85,1280254,22.86,10.27720430107527,1.0014669209329619,-0.3148657489437101,3539.7,942019968,3650.5,3393.6780645161293,1.0038230328889606,0.20663296965160538,1225.5,22925640,1230.3,1160.0094623655914,1.0048794191792172,0.10200933023835224,2727.72,2872.87,2692.3627526881723,1.0013175223400939
10.85,1303699,22.86,10.292580645161289,1.0014961602042307,-0.22147703244026884,3504.0,1116089984,3650.5,3403.2451612903224,1.002819093795085,0.20464113067869472,1206.6,22925640,1230.3,1164.0391397849462,1.0034738315074923,0.08771407278707799,2712.97,2872.87,2694.5783440860214,1.0008229171182959
11.1,1817973,22.86,10.323225806451612,1.0029774030776946,-0.29083011583011587,3633.0,1180899968,3650.5,3420.2344086021503,1.0049920727149104,0.1696494875553941,1222.4,22925640,1230.3,1168.7670967741935,1.0040616821442283,0.06960082198490891,2721.33,2872.87,2697.037032258064,1.0009124574824253
11.3,1373420,22.86,10.365483870967742,1.0040934941566153,-0.2729660759046697,3697.8,1087929984,3650.5,3440.475053763441,1.005917911681838,0.1469335150272989,1247.6,22925640,1230.3,1174.8309677419356,1.0051882629006912,0.06957861694199252,2734.62,2872.87,2700.0515053763443,1.00111769808209
11.05,551851,22.86,10.3905376344086,1.0024170375211359,-0.4172164724815107,3690.8,1239960064,3697.8,3459.4572043010753,1.0055173050933388,0.162965071707317,1256.1,22925640,1247.6,1181.1423655913977,1.0053721752513833,0.057787269870133384,2779.03,2872.87,2705.615483870967,1.0020606934658631
11.1,694893,22.86,10.421182795698924,1.0029493335541022,-0.3747502104149134,3701.1,1244409984,3697.8,3478.3199999999997,1.0054525304361253,0.1679573632168957,1262.4,22925640,1256.1,1187.5410752688172,1.0054173907090493,0.06612833321322786,2779.66,2872.87,2710.797032258065,1.0019151089347273
10.3,1046024,22.86,10.402688172043009,0.998225285553618,-0.4801746249708527,3559.8,1294179968,3701.1,3487.269462365591,1.0025729266903538,0.08044876517933397,1245.9,22925640,1262.4,1192.5335483870967,1.0042040424725094,0.05095387048479383,2754.88,2872.87,2713.948021505376,1.0011623847930387
10.25,779741,22.86,10.386774193548385,0.9984702051785622,-0.4198824249819284,3394.2,1235289984,3701.1,3485.2111827956987,0.9994097732933731,0.0738111107961722,1218.6,22925640,1262.4,1195.5002150537634,1.0024877008036202,0.07879633536446096,2718.37,2872.87,2714.415655913979,1.0001723077984168
10.3,736845,22.86,10.378387096774194,0.9991925215068793,-0.2876606911241576,3490.7,722929984,3701.1,3489.0144086021505,1.001091246873425,0.09757895510440528,1246.8,22925640,1262.4,1200.0316129032258,1.0037903781131972,0.09146987550361274,2759.82,2872.87,2717.393720430108,1.0010971291407196
11.3,1602163,22.86,10.436774193548386,1.0056258353277592,-0.1474034518529863,3473.3,898800000,3701.1,3490.9939784946246,1.0005673722319959,0.09310718047134559,1275.7,22925640,1262.4,1206.1141935483872,1.0050686836744624,0.091709524437382,2801.31,2872.87,2722.815612903226,1.00199525465609
11.15,574329,22.86,10.484086021505375,1.0045331849745522,-0.028323026352443215,3489.6,841779968,3701.1,3493.4591397849463,1.0007061488233746,0.07014857596567203,1277.0,22925640,1275.7,1211.9466666666667,1.004835755311958,0.09826496158587017,2801.83,2872.87,2728.0011612903227,1.0019044801868047
11.15,901574,22.86,10.528172043010754,1.0042050419478576,-0.057382549229085145,3468.0,1376770048,3701.1,3494.063655913978,1.000173042278396,0.09297276156099099,1262.3,22925640,1277.0,1216.488387096774,1.0037474589889328,0.08680138839445983,2818.82,2872.87,2734.0280215053763,1.002209258669158
12.2,3984508,22.86,10.63741935483871,1.0103766647601928,-0.07427380170348186,3507.5,1164429952,3701.1,3496.6948387096777,1.0007530437492878,0.0052558289254829305,1277.1,22925640,1277.0,1221.649247311828,1.004242424563847,0.07239071076837744,2840.35,2872.87,2741.1316344086026,1.0025982224203083
12.0,1826676,22.86,10.730537634408604,1.008753841177422,-0.18398621690243,3453.6,943950016,3701.1,3495.5587096774193,0.9996750848773873,-0.02085347753452238,1281.3,22925640,1277.1,1226.8137634408602,1.004227495036236,0.084931461716516,2833.28,2872.87,2747.570086021505,1.002348829779673
11.3,671372,22.86,10.776881720430108,1.0043188969276708,-0.45538358273778967,3357.5,1189209984,3701.1,3487.998494623656,0.9978371940849304,-0.10323437621114717,1279.2,22925640,1281.3,1231.5881720430107,1.00389171424745,0.06961939209901447,2850.13,2872.87,2754.9944731182795,1.0027021647726282
11.1,582828,22.86,10.813763440860216,1.003422299825393,-0.408450114963419,3485.9,1167480064,3701.1,3488.944086021506,1.000271098568221,-0.0518012143987735,1300.8,22925640,1281.3,1237.5434408602152,1.00483543846262,0.07985489983022376,2874.69,2872.87,2763.9177204301077,1.0032389347415744
11.0,713434,22.86,10.84763440860215,1.0031322090525814,-0.3914262890305178,3551.8,1511879936,3701.1,3494.2436559139787,1.0015189609697976,-0.008747454186709414,1327.2,22925640,1300.8,1244.9935483870966,1.0060200775834607,0.09932307252962702,2901.52,2874.69,2774.5680215053767,1.0038533350673013
10.7,523668,22.86,10.863225806451615,1.001437308565368,-0.11561432769438484,3441.1,1471270016,3701.1,3491.936129032258,0.9993396204990412,-0.03189187693162854,1288.3,22925640,1327.2,1249.5621505376344,1.003669578976097,0.07164113463065758,2871.68,2901.52,2782.9933978494623,1.0030366443636565
10.1,1231547,22.56,10.836451612903227,0.99753533673833,-0.21393668683919898,3454.3,1998960000,3701.1,3489.970537634408,0.9994371055697417,-0.06231345158979207,1311.9,22925640,1327.2,1255.2550537634409,1.004555918425792,0.06054870573625304,2904.98,2901.52,2793.0249462365587,1.0036045893586554
9.85,840457,22.56,10.79215053763441,0.9959118467140972,-0.16722636474952957,3476.1,1639830016,3701.1,3489.2212903225804,0.9997853141441315,-0.07749354846090695,1311.2,22925640,1327.2,1260.5920430107528,1.0042517169967258,0.03583769511820756,2929.67,2904.98,2804.277870967742,1.0040289381397562
9.9,429100,22.56,10.749569892473119,0.9960544800581864,-0.2184485583224116,3481.0,1326499968,3701.1,3488.737204301075,0.9998612624476275,-0.09651530491941995,1322.1,22925640,1327.2,1266.3707526881722,1.0045841235548478,0.03794785585745486,2913.98,2929.67,2814.126344086021,1.0035119462376532
9.69,720622,22.56,10.692795698924732,0.9947184683558232,-0.32998205839688977,3376.6,1400329984,3701.1,3481.5264516129037,0.997933133891747,-0.10266466916425432,1292.5,22925640,1327.2,1269.9335483870968,1.002813390700442,0.015029226565957954,2885.57,2929.67,2821.662924731183,1.0026781244776022
8.79,1465100,22.0,10.57894623655914,0.9893526945084119,-0.4641027371095925,3199.4,1601720064,3701.1,3463.4724731182796,0.9948143497556193,-0.10449488329613688,1243.1,22925640,1327.2,1270.175483870968,1.0001905103492843,0.014778322427275059,2767.13,2929.67,2821.3453118279567,0.9998874376877399
8.96,1092749,21.79,10.47952688172043,0.9906021495321402,-0.3957971222045512,3117.9,1266029952,3701.1,3441.092688172044,0.9935383390167133,-0.13786630893700214,1228.6,22925640,1327.2,1269.4288172043011,0.9994121547170858,0.025259336335829996,2767.78,2929.67,2821.0371182795698,0.9998907636200735
8.14,883842,20.3,10.329010752688173,0.9856371255371458,-0.4157761622435535,2951.5,1810950016,3701.1,3408.5655913978494,0.9905474511378323,-0.15351492074724193,1195.3,22925640,1327.2,1266.3053763440857,0.9975394911334262,0.04029146686649243,2658.69,2929.67,2813.304795698925,0.9972590496840537
8.27,1328989,20.3,10.190021505376345,0.9865437987586898,-0.30672431668649824,3132.8,1595650048,3701.1,3388.7634408602153,0.9941904739672287,-0.06982312457215856,1207.0,22925640,1327.2,1263.8212903225808,0.9980383199282651,0.036589748913620435,2723.06,2929.67,2809.6870537634413,0.9987140597275438
7.99,947122,20.3,10.034752688172043,0.9847626604985691,-0.3970263128866961,3112.5,1278880000,3701.1,3367.898064516129,0.9938427757769985,-0.1798997376128625,1223.9,22925640,1327.2,1262.2305376344084,0.9987413151682495,0.010781769912229455,2781.01,2929.67,2809.5529892473123,0.9999522848938107
7.63,1945174,20.3,9.860043010752689,0.982589538292729,-0.37033209287274493,3053.3,1432589952,3701.1,3343.911397849462,0.992877852533784,-0.18664231887439242,1193.8,22925640,1327.2,1258.554193548387,0.9970874226407869,0.009095117431317634,2736.27,2929.67,2806.2642795698926,0.9988294544754962
6.9,996778,20.3,9.642043010752689,0.9778905629760171,-0.43530945197191073,2923.9,973820032,3701.1,3312.1529032258063,0.9905025908748419,-0.17747244614178648,1121.2,22925640,1327.2,1250.1098924731182,0.9932904748015173,-0.00918553353132967,2632.56,2929.67,2796.142387096774,0.996393107895501
6.92,548791,19.56,9.430602150537636,0.978070948244137,-0.5458015230216058,3097.0,1356630016,3701.1,3292.378064516129,0.9940296117699102,-0.1669527902441531,1189.9,22925640,1327.2,1246.1550537634407,0.9968364071562913,-0.03185139218834143,2760.17,2929.67,2794.333720430108,0.9993531564504681
6.39,841792,19.27,9.193096774193549,0.9748154600784906,-0.583149501345024,2889.5,1296230016,3701.1,3259.838924731183,0.9901168276706617,-0.2612164354741372,1129.6,22925640,1327.2,1238.2984946236559,0.9936953598863498,-0.04355813072196768,2633.08,2929.67,2784.117634408602,0.9963439993058762
6.78,1924322,19.27,8.990344086021507,0.977945115432571,-0.5409164113620591,2954.4,1196060032,3701.1,3232.8851612903227,0.9917315658646898,-0.24986021063054453,1129.3,22925640,1327.2,1230.6288172043012,0.9938062773615132,-0.022405171856549222,2599.95,2929.67,2771.9676559139784,0.9956359679833698
6.16,1361335,19.27,8.756344086021507,0.9739720751774306,-0.6116889274784011,2758.3,1746370048,3701.1,3194.4617204301076,0.9881148141850855,-0.2440999306183982,1039.7,22925640,1327.2,1217.3447311827956,0.9892054486001036,-0.03748909375820486,2416.62,2929.67,2748.2329892473126,0.9914376105305457
6.43,741906,19.27,8.550387096774195,0.9764791119188545,-0.6349861932092384,2872.4,992289984,3701.1,3165.2806451612905,0.9908651041012042,-0.20871065105667552,1078.1,22925640,1327.2,1206.9309677419355,0.9914455099084859,-0.04485003597806703,2485.74,2929.67,2729.6129677419353,0.9932247296432909
6.5,735758,18.27,8.359419354838709,0.977665602764636,-0.5166034155597725,2862.7,1050240000,3701.1,3137.248817204301,0.9911439675973626,-0.19133262434680753,1079.3,22925640,1327.2,1196.9591397849463,0.991737863868349,-0.051840806424315766,2531.94,2929.67,2714.508817204301,0.9944665596492498
6.56,824943,18.27,8.18210752688172,0.9787889779863294,-0.5560169332279723,3031.5,1427340032,3701.1,3121.888172043011,0.9951037848585506,-0.19845764772635155,1115.5,22925640,1327.2,1189.703010752688,0.9939378640497604,-0.05038636029352006,2596.26,2929.67,2704.085720430108,0.996160227328004
6.37,566859,17.72,8.002301075268816,0.9780244330666441,-0.5018992600663695,3073.2,1122889984,3701.1,3110.657849462366,0.9964027146515964,-0.15070778809575447,1146.6,22925640,1327.2,1184.7692473118282,0.9958529453180602,-0.04914836571726211,2670.71,2929.67,2698.860258064516,0.9980675677822962
6.46,695540,16.36,7.836752688172043,0.979312402077897,-0.4989500644050019,3139.6,1327549952,3701.1,3104.7578494623654,0.9981032950952737,-0.09348480403114012,1158.0,22925640,1327.2,1180.784516129032,0.9966367027234736,-0.030007820290878895,2664.76,2929.67,2693.4319354838713,0.9979886611155859
6.56,2445478,16.36,7.685806451612903,0.980738675499233,-0.5564214079472866,3143.6,1791939968,3701.1,3099.663440860215,0.9983591607303505,-0.12922536290688558,1170.2,22925640,1327.2,1177.7172043010753,0.9974023102555475,-0.04212804912323265,2706.53,2929.67,2690.8137419354844,0.9990279340220578
6.81,1251087,16.3,7.559032258064516,0.9835054142533367,-0.6102803204535711,3181.9,1301240064,3701.1,3097.786451612903,0.9993944538550318,-0.13681292506071774,1190.8,22925640,1327.2,1176.1436559139786,0.9986638996345217,-0.033199444054434646,2707.88,2929.67,2688.397247311828,0.9991019465279234
6.82,1944529,15.51,7.4425591397849455,0.9845915304627377,-0.6291437865553945,3316.3,1122029952,3701.1,3105.207096774194,1.0023954669817305,-0.13058930187513884,1219.9,22925640,1327.2,1176.6301075268818,1.0004135988069631,-0.0353524352669482,2775.6,2929.67,2690.5507096774195,1.0008010208936737
7.7,3139091,15.16,7.392172043010752,0.9932298694806677,-0.598977454414354,3346.6,735550016,3701.1,3114.9552688172043,1.00313929851994,-0.1194544286187601,1236.9,22925640,1327.2,1178.3361290322582,1.0014499216826622,-0.01084506804270946,2792.67,2929.67,2693.861870967742,1.001230663030588
7.87,1119630,15.16,7.360172043010753,0.9956710964228362,-0.5811800250759555,3350.9,962140032,3701.1,3125.2419354838707,1.0033023481170478,-0.08138523265391873,1249.0,22925640,1327.2,1180.8774193548388,1.002156676910745,-0.009096115421285855,2803.69,2929.67,2697.9402365591395,1.001513947554383
7.51,802457,15.1,7.314258064516128,0.993761833524228,-0.5424356882875828,3253.5,972929984,3701.1,3129.5815053763445,1.0013885548645698,-0.11900824363823459,1222.1,22925640,1327.2,1181.7436559139785,1.0007335533264858,-0.01436365214222679,2743.07,2929.67,2698.18647311828,1.0000912683519834
7.6,720788,15.1,7.283806451612904,0.9958366778100222,-0.480972416841432,3443.8,1027230016,3701.1,3146.628817204301,1.0054471538123135,-0.027852396249522737,1281.6,22925640,1327.2,1186.5759139784948,1.004089091606571,0.011577484477864664,2822.48,2929.67,2703.749935483871,1.0020619265647572
7.69,1174238,15.1,7.2671182795698925,0.9977088666271032,-0.46388738718671463,3452.7,1392839936,3701.1,3164.064731182796,1.005541141008804,-0.08437047104429418,1286.8,22925640,1327.2,1191.738494623656,1.0043508220454698,0.014972341185795601,2800.71,2929.67,2707.9683440860217,1.0015602066399665
7.4,945836,15.1,7.239053763440861,0.9961381506328403,-0.44960818374831113,3453.7,1048560000,3701.1,3181.6365591397844,1.0055535614628275,-0.10389342404768642,1299.2,22925640,1327.2,1197.731182795699,1.0050285261398184,0.002035656445688927,2834.4,2929.67,2714.519397849463,1.002419176641318
8.17,2861175,15.1,7.268408602150537,1.0040550657128595,-0.40310823985897604,3626.3,1157190016,3701.1,3210.554838709678,1.0090891209704078,-0.04608286604988332,1332.2,22925640,1327.2,1205.9131182795697,1.0068311951808526,0.02674222779059665,2892.74,2929.67,2724.9786666666664,1.0038530831002679
8.26,1208673,15.1,7.309010752688171,1.0055861128288275,-0.3192342638082326,3676.2,897769984,3701.1,3242.2941935483873,1.0098859407277607,-0.037254775716734745,1347.6,22925640,1332.2,1214.9941935483869,1.007530455661493,0.02637594540116761,2907.41,2929.67,2736.3390967741934,1.0041689978150998
8.36,611921,15.1,7.360021505376344,1.006979159617382,-0.30080685065904544,3812.4,946830016,3701.1,3282.3434408602147,1.012352132447302,0.026399243015483354,1365.4,22925640,1347.6,1225.14688172043,1.008356161886167,0.049746684170000166,2905.03,2929.67,2747.540752688172,1.0040936651189114
9.34,3789854,15.1,7.477462365591399,1.015956591992193,-0.19831412539693416,3715.4,1104610048,3812.4,3315.411397849463,1.0100744963423394,-0.03644782921302436,1378.9,22925640,1365.4,1236.0539784946236,1.0089026850061253,0.034073767176143965,2939.88,2929.67,2761.043784946237,1.0049145885260677
9.97,3215819,15.1,7.636752688172043,1.0213027247470534,-0.07803933574967292,3748.8,1133149952,3812.4,3350.130107526881,1.010471916004131,-0.03553089756684735,1383.6,22925640,1378.9,1247.1421505376345,1.0089706212155194,0.0496661814916588,2945.64,2939.88,2774.8627311827954,1.0050049717834617
9.88,1129315,15.1,7.78963440860215,1.020019205370745,0.013433970150777075,3502.1,1197820032,3812.4,3368.132258064516,1.0053735675809095,-0.07696845159621435,1334.2,22925640,1383.6,1254.847311827957,1.0061782542487243,0.03198903672179321,2881.4,2945.64,2784.407978494624,1.0034398989198863
9.11,1022768,15.1,7.890494623655914,1.0129480036883867,-0.06968663698866595,3328.4,1200960000,3812.4,3374.2769892473116,1.0018243734841714,-0.08301768646876129,1320.2,22925640,1383.6,1261.4533333333334,1.005264402643341,0.04140709466483283,2859.53,2945.64,2792.2965161290326,1.002833111273684
7.93,1120534,15.1,7.9149032258064524,1.0030934185136329,-0.15545974929352957,3129.1,1156560000,3812.4,3367.110967741936,0.9978762794138681,-0.10536427777236756,1283.3,22925640,1383.6,1265.4817204301075,1.0031934491671834,0.010669629597130692,2826.06,2945.64,2797.828387096774,1.001981118744298
8.11,446400,15.1,7.951376344086022,1.0046081571990229,-0.13250051519397754,3080.6,1020750016,3812.4,3356.4339784946233,0.9968290355293895,-0.15676979589306783,1258.6,22925640,1383.6,1267.7273118279568,1.0017744953258478,0.032100837676089844,2752.06,2945.64,2798.2261290322585,1.0001421609478691
8.74,822251,15.1,8.02883870967742,1.0097420071996732,-0.05706696360203112,3274.2,1397030016,3812.4,3358.3595698924737,1.0005737015565295,-0.07687235463209507,1333.7,22925640,1383.6,1274.7070967741936,1.0055057462918997,0.0565130435795298,2873.34,2945.64,2806.386021505376,1.0029160947317504
10.14,2853928,15.1,8.195010752688173,1.0206968964030203,0.17584840910611987,3233.8,1000550016,3812.4,3357.330967741935,0.9996937188740123,-0.06661675416285151,1331.1,22925640,1383.6,1281.2830107526881,1.0051587647037783,0.059932260659775194,2886.98,2945.64,2815.2273548387097,1.0031504337840849
10.98,2293189,15.1,8.409978494623655,1.0262315387279959,0.4131478176978558,3355.4,1075789952,3812.4,3363.75935483871,1.0019147314216383,-0.004956335650386556,1375.3,2229939968,1383.6,1290.4152688172042,1.0071274324156934,0.1058751980101631,2950.46,2945.64,2827.840064516129,1.0044801744540246
10.35,1469420,15.1,8.57552688172043,1.0196847574821515,0.31573503726601304,3479.0,1148800000,3812.4,3377.233978494624,1.0040058227222857,0.03224023211204874,1372.6,2179950080,1383.6,1298.82688172043,1.006518531752136,0.08775288846659302,2941.76,2950.46,2839.2078279569896,1.0040199456763852
10.21,948236,15.1,8.724666666666668,1.017391326154448,0.39876849788395186,3479.4,671590016,3812.4,3389.9129032258065,1.003754233438346,0.0895194035450173,1403.2,1289410048,1383.6,1308.8197849462367,1.0076937915025057,0.10650163956677439,2990.41,2950.46,2853.323784946237,1.0049717941921161
10.19,1004482,15.1,8.864301075268818,1.0160045551236514,0.2867805119736522,3586.2,897790016,3812.4,3408.2135483870975,1.0053985591027652,0.08085757884048572,1424.5,1726429952,1403.2,1319.598494623656,1.008235442191044,0.10223626847499112,3013.77,2990.41,2868.1783870967743,1.0052060695771394
10.27,1332054,15.1,9.001763440860216,1.0155074116305587,0.4169539057926681,3616.0,887689984,3812.4,3427.0780645161285,1.005535015884776,0.12861961882285677,1415.1,1659769984,1424.5,1329.1359139784947,1.0072275160919753,0.12934121734703496,2976.61,3013.77,2879.745634408602,1.004032959513211
10.52,1457387,15.1,9.146516129032259,1.0160804812438184,0.32404485764952784,3775.7,933960000,3812.4,3454.401290322581,1.007972746839168,0.12180799305499579,1449.3,1666680064,1424.5,1340.0724731182797,1.0082283226453859,0.12702202589057277,3025.86,3013.77,2893.2860215053765,1.0047019385792229
11.39,3439804,15.1,9.338602150537634,1.0210010039664905,0.38828735276861237,3527.8,1080720000,3812.4,3463.788387096774,1.0027174308904094,0.005913074369031879,1386.1,2336169984,1449.3,1346.1333333333334,1.0045227853990242,0.12623324389074653,2932.05,3025.86,2899.612602150538,1.002186641969766
10.51,1366975,15.1,9.463397849462364,1.0133634238736196,0.27981222146256246,3446.5,1257479936,3812.4,3466.5,1.0007828460056414,-0.06348709979545997,1374.8,2368470016,1449.3,1350.805376344086,1.0034707134093348,0.10827704084615353,2918.65,3025.86,2904.214215053764,1.0015869750668807
10.68,1605573,15.1,9.590666666666666,1.0134485328873215,0.3341929766563567,3484.9,1102620032,3812.4,3470.796559139784,1.0012394516485748,-0.04501758359660202,1370.6,2193420032,1449.3,1354.648817204301,1.0028452957972502,0.11374519410584738,2888.68,3025.86,2906.1889677419354,1.0006799610985773
10.59,964655,15.1,9.702860215053763,1.011698201208164,0.38350674323154044,3414.1,887280000,3812.4,3469.640000000001,0.9996667741482174,-0.07076524123413486,1351.1,1796480000,1449.3,1356.7524731182796,1.0015529160674426,0.09832284487553666,2847.11,3025.86,2905.0130322580644,0.9995953685404069
10.11,995943,15.1,9.775204301075268,1.0074559546791435,0.33995152223783687,3558.3,746019968,3812.4,3477.196344086022,1.002177846717821,-0.014044500910125324,1393.3,1537990016,1449.3,1361.1634408602151,1.0032511219469515,0.10939214165113742,2926.46,3025.86,2908.564301075269,1.0012224622670434
10.55,679561,15.1,9.868301075268818,1.0095237676191902,0.34632205278277106,3722.4,684040000,3812.4,3494.4479569892474,1.0049613571383644,0.02352673422097351,1426.8,1324349952,1449.3,1367.2559139784946,1.0044759306159656,0.09817058309410842,2978.71,3025.86,2915.0135698924737,1.0022173375416938
11.19,734021,15.1,9.994645161290322,1.0128030230389036,0.4429586566081156,3792.6,835169984,3812.4,3515.0662365591393,1.0059002966487607,0.046059567267229706,1421.3,1936230016,1449.3,1372.4860215053764,1.0038252586610965,0.08158562789167334,3007.39,3025.86,2922.730731182796,1.0026473843449746
10.71,635795,15.1,10.08062365591398,1.0086024559387718,0.22989976799054967,3689.5,778209984,3812.4,3528.0086021505376,1.003681969192156,-0.015751016228264136,1410.3,1890029952,1449.3,1376.5733333333333,1.002978035305215,0.06878797876816978,2992.07,3025.86,2928.961032258065,1.0021316712514081
10.2,587803,15.1,10.127225806451612,1.004622943195612,0.06303353525053024,3631.0,843520000,3812.4,3536.4393548387097,1.002389663302701,-0.050461899055371795,1398.8,1799879936,1449.3,1379.5458064516129,1.0021593278369572,0.06354597697182673,2961.79,3025.86,2932.808967741935,1.0013137544137634
10.22,751014,15.1,10.170107526881724,1.0042343008094865,0.11363566383653811,3699.8,767260032,3812.4,3548.7064516129026,1.0034687705749594,0.004105031684285221,1414.4,1780290048,1449.3,1383.202580645161,1.0026507087886802,0.08118196829908775,2952.01,3025.86,2935.6859354838707,1.0009809598148327
10.75,1042676,15.1,10.241354838709679,1.0070055613118774,0.13920375754213987,3734.7,736860032,3812.4,3562.2653763440862,1.003820807642464,-0.017877969289232798,1432.1,1607619968,1449.3,1387.5877419354838,1.0031702957698918,0.06506958304542709,2970.27,3025.86,2939.291634408602,1.001228230472868
11.95,1737682,15.1,10.383247311827956,1.013854853713491,0.1930433736499011,3734.5,666480000,3812.4,3575.1858064516127,1.0036270262719131,-0.03028404734974921,1419.8,1468620032,1449.3,1390.855698924731,1.0023551353838633,0.037127530432253586,2986.2,3025.86,2943.607247311829,1.0014682493062976
12.89,4895425,15.1,10.576623655913977,1.018623879243032,0.47992677517288773,3898.6,771720000,3812.4,3598.0873118279574,1.0064056825620133,0.03998791764523024,1455.2,1640029952,1449.3,1396.121505376344,1.0037860192510868,0.053692999726095536,3022.55,3025.86,2949.86911827957,1.0021272780101556
12.92,2985358,15.1,10.76012903225807,1.0173500903798807,0.4238029502678968,3956.0,862030016,3898.6,3623.735268817204,1.00712821973634,0.020048804712026413,1485.1,1804630016,1455.2,1402.980860215054,1.0049131503327577,0.05456320498584444,3066.91,3025.86,2958.588301075269,1.002955786323423
12.39,1347395,15.1,10.89922580645161,1.0129270544783004,0.2845664969486874,4087.5,853590016,3956.0,3657.158064516129,1.009223299501631,0.08344247725010279,1509.6,1818480000,1485.1,1411.0920430107526,1.0057813923380645,0.05635275110583282,3093.08,3066.91,2968.621311827956,1.0033911479840032
12.5,2147419,15.1,11.036537634408603,1.0125983102282103,0.23332708409590652,4088.7,827390016,4087.5,3689.7737634408604,1.0089183180899912,-0.010533336219537892,1529.4,1736329984,1509.6,1420.1322580645162,1.0064065381833456,0.045953740839908885,3120.46,3093.08,2980.0214838709676,1.003840224415822
11.9,1359271,15.1,11.126236559139784,1.0081274515343948,-0.0063965249077935216,3999.4,918659968,4088.7,3716.0339784946236,1.0071170257954445,0.020830689820096726,1516.7,1759160064,1529.4,1428.000430107527,1.0055404501928111,0.04196977963196935,3110.29,3120.46,2990.30223655914,1.0034498921379646
11.39,837033,15.1,11.17752688172043,1.004609853683051,-0.21812580972764373,4057.6,518910016,4088.7,3745.438279569893,1.0079128181403716,0.022542826452831122,1543.0,1210589952,1529.4,1437.2690322580645,1.0064906157975313,0.04889174672471963,3140.98,3120.46,3002.1965161290314,1.0039776178556379
11.74,1155970,15.1,11.248344086021504,1.006335677386461,-0.16035622961468277,4045.3,732049984,4088.7,3773.384946236559,1.007461521077281,0.09045504418862005,1536.8,1620630016,1543.0,1445.7948387096774,1.0059319488977079,0.060052171232032325,3145.91,3140.98,3013.9887741935486,1.0039278768065862
11.57,898937,15.1,11.304193548387099,1.00496512748352,0.012841353146529899,4186.7,847059968,4088.7,3809.2860215053765,1.009514289101255,0.23437237887284068,1566.9,1800710016,1543.0,1455.82688172043,1.0069387735674211,0.0787114892018852,3168.8,3145.91,3026.6889677419354,1.0042137494529273
11.75,967604,15.1,11.36636559139785,1.0054999096348294,0.2484895478369935,4320.7,978030016,4186.7,3851.986451612903,1.0112095625968909,0.33288285874659307,1597.0,2230720000,1566.9,1467.2703225806451,1.0078604406910605,0.10462072784783993,3221.22,3168.8,3042.106,1.0050936955935603
11.69,684289,15.1,11.416451612903225,1.0044065115715863,0.24713810387594237,4333.8,475369984,4320.7,3892.969462365592,1.0106394483125787,0.34447047680456544,1614.7,915790016,1597.0,1479.181075268817,1.0081176266601122,0.10562623728084075,3240.02,3221.22,3057.8861290322575,1.0051872383908573
11.52,682826,15.1,11.447870967741938,1.0027521121189005,0.11801495623602754,4324.9,573089984,4333.8,3930.6832258064514,1.0096876597172026,0.28592143228546063,1621.7,1195389952,1614.7,1490.7776344086024,1.0078398509375721,0.09012536300163054,3234.85,3240.02,3072.2833333333333,1.004708221200386
12.15,926978,15.1,11.513956989247312,1.00577277833508,0.040054826267253985,4337.7,886200000,4333.8,3966.9632258064507,1.0092299475474917,0.3088550290356813,1656.8,1793580032,1621.7,1504.0193548387097,1.0088824249334545,0.11362401538472455,3265.35,3240.02,3087.870838709677,1.005073589797928
14.06,2763467,15.1,11.698946236559141,1.016066522350621,0.15345007075852357,4447.6,820300032,4337.7,4007.9595698924736,1.0103344401630263,0.2768943411355338,1705.8,1797890048,1656.8,1519.7219354838708,1.0104404112850296,0.11180242992514122,3329.62,3265.35,3106.7910967741936,1.0061272828601933
14.71,3343050,15.1,11.919247311827956,1.018830847737412,0.28774196427575305,4562.2,823100032,4447.6,4054.000645161291,1.011487410106298,0.22245909815815224,1711.1,1570230016,1705.8,1535.0556989247311,1.0100898480720937,0.12637472381606552,3295.47,3329.62,3122.692731182796,1.005118346845114
13.45,1589694,15.1,12.048881720430108,1.010876056617561,0.1565502168118107,4255.2,1044880000,4562.2,4077.905806451612,1.0058966841356707,0.17945024507943197,1673.9,2124070016,1711.1,1547.261505376344,1.007951376917569,0.11429486538947842,3225.52,3329.62,3133.320795698925,1.0034034935330007
14.13,2217018,14.71,12.21541935483871,1.013821833284845,0.2509455470680291,4432.3,903760000,4562.2,4111.568387096774,1.00825486959309,0.17249870809012036,1748.7,1852189952,1711.1,1563.7109677419357,1.010631339504301,0.1234200944888888,3327.71,3329.62,3150.0361505376345,1.0053347090606408
14.85,1827565,14.71,12.41993548387097,1.0167424566518257,0.3109658210478352,4649.3,893740032,4562.2,4157.411397849462,1.011149762435317,0.14502773940974212,1788.5,1956790016,1748.7,1582.0309677419355,1.011715720090174,0.12829458832749863,3380.16,3329.62,3169.4602365591404,1.0061663057480121
14.51,2350592,14.85,12.592666666666666,1.0139075748839446,0.2663539525027241,4511.1,795329984,4649.3,4192.116129032258,1.008347677884548,0.06239772966964274,1743.3,1608930048,1788.5,1596.6318279569894,1.0092291873628074,0.0997817231253526,3337.75,3380.16,3185.2803440860216,1.0049914200987282
11.43,2565770,14.85,12.558107526881722,0.9972556138664082,-0.1060693638643384,4037.4,1495480064,4649.3,4194.678064516128,1.0006111318019382,0.17158358829340026,1549.2,3533360128,1788.5,1598.0778494623655,1.0009056699735384,0.11010701530418632,2954.22,3380.16,3175.6858494623652,0.9969878649326832
10.16,2085919,14.85,12.44152688172043,0.990716702742691,-0.1446095685040133,4010.9,1534470016,4649.3,4194.434408602151,0.9999419130836195,0.16233284476042065,1557.9,3242299904,1788.5,1599.7344086021506,1.0010365947693614,0.11477723864676315,2972.37,3380.16,3167.2146451612903,0.9973324803829355
8.44,2375273,14.85,12.2147311827957,0.9817710719045308,-0.25391241412859067,3698.1,1627840000,4649.3,4172.796344086021,0.9948412437987459,0.14813656811668952,1476.9,3856780032,1788.5,1595.7713978494623,0.997522707062261,0.13905941357195106,2711.02,3380.16,3141.766623655914,0.9919651730758904
7.8,2779080,14.85,11.951462365591398,0.9784466139070573,-0.3159864801330762,3120.2,1678940032,4649.3,4113.415913978494,0.9857696313907854,0.2087176335955544,1251.7,4051510016,1788.5,1577.050752688172,0.9882685921138082,0.1168655292901154,2304.92,3380.16,3090.5006666666673,0.9836824426730999
9.26,1755199,14.85,11.788387096774194,0.9863552037542533,-0.187086516983201,3594.1,1557209984,4649.3,4085.2417204301078,0.9931506577167062,0.21056420146871369,1383.0,3586540032,1788.5,1567.0148387096774,0.9936362771068795,0.12416232648445014,2541.47,3380.16,3055.6620000000003,0.9887271771067945
10.93,3244667,14.85,11.734881720430106,0.9954611792177465,-0.04597225788096848,3525.9,1259090048,4649.3,4052.5905376344085,0.9920075273312685,0.20744979441384503,1355.6,2762619904,1788.5,1555.2333333333333,0.9924815610641918,0.11461900487198906,2488.65,3380.16,3018.2435268817203,0.9877543808450411
11.19,3030312,14.85,11.697333333333333,0.9968002756234515,-0.06637330399706642,3865.4,1102960000,4649.3,4042.265161290323,0.9974521540609151,0.0924521152563601,1499.2,2264859904,1788.5,1552.8694623655915,0.9984800538175996,0.12715410087637513,2789.82,3380.16,3001.3092688172046,0.9943893665591619
11.14,5920159,14.85,11.656559139784944,0.9965142317153435,-0.03506608405955114,4121.2,1097650048,4649.3,4048.286451612903,1.0014895832119677,0.23400797172054744,1571.0,2398159872,1788.5,1554.9703225806454,1.0013528891294272,0.15322120086185775,2874.56,3380.16,2990.31,0.9963351764739862
11.51,1703691,14.85,11.638731182795699,0.9984705643599064,0.08846339437129846,4092.4,1080819968,4649.3,4051.521290322581,1.0007990636898705,0.28388519394533884,1558.5,2306160128,1788.5,1555.9191397849463,1.0006101834810108,0.15639037723482585,2836.74,3380.16,2977.123440860215,0.9955902367514455
10.74,1986583,14.85,11.568408602150539,0.9939578825611928,0.019770576661976458,3953.2,1071200000,4649.3,4044.783225806452,0.9983369050701464,0.23369582523102395,1561.7,2352229888,1788.5,1556.7309677419355,1.0005217674467977,0.14523374625941265,2830.71,3380.16,2963.816774193548,0.9955303611250926
11.44,3469097,14.85,11.542129032258062,0.9977283331877134,0.09400660304643305,4243.4,787390016,4649.3,4056.2227956989245,1.002828228177838,0.28415269114879294,1665.4,1886520064,1788.5,1563.9163440860218,1.0046156827948947,0.17653264217080622,2929.8,3380.16,2957.1638709677422,0.9977552919992444
9.92,2472995,14.85,11.41630107526882,0.9890983754697615,-0.15640341430172533,4142.4,1031040000,4649.3,4060.0522580645165,1.0009440956669473,0.33297186083771246,1640.7,2333289984,1788.5,1569.0064516129032,1.0032547185443326,0.19660732839625938,2863.7,3380.16,2946.333483870968,0.9963375762827679
10.73,1662594,14.85,11.347096774193547,0.9939381152775315,-0.2324196099532977,4381.2,861550016,4649.3,4078.410967741935,1.0045217914722533,0.2950189405485717,1694.5,1881289984,1788.5,1577.0924731182797,1.0051535935349816,0.1866445480462149,2955.45,3380.16,2941.685892473118,0.998422584740223
11.06,2044977,14.85,11.303827956989249,0.9961867940262302,-0.21793057714462793,4476.7,913510016,4649.3,4101.89311827957,1.0057576714861172,0.2481080896958744,1718.5,2068460032,1788.5,1586.212258064516,1.005782657074131,0.16453011443518284,3044.31,3380.16,2942.9155053763443,1.0004179959887534
12.68,2566607,14.85,11.369075268817202,1.0057721430365199,-0.0028574339598010923,4751.2,914640000,4649.3,4141.965161290323,1.0097691582533381,0.18035177110443223,1781.2,2028979968,1788.5,1598.8752688172044,1.007983175447238,0.1473101683968978,3193.93,3380.16,2953.846623655914,1.0037143840044336
11.14,2451424,14.85,11.334344086021506,0.9969451180527448,-0.11566478971150507,4514.4,1004049984,4751.2,4165.332473118279,1.0056416002834454,0.1809714577357221,1745.1,2312290048,1788.5,1608.6251612903225,1.006097969405913,0.1664005503287761,3041.31,3380.16,2954.71440860215,1.000293781315281
10.9,1780518,14.85,11.287053763440861,0.9958276965811398,-0.08285717661429737,4638.1,919100032,4751.2,4195.764946236559,1.0073061330193163,0.23236051946907688,1793.7,2262739968,1788.5,1621.0466666666666,1.0077218146745763,0.1866683422391151,3097.74,3380.16,2959.393053763441,1.001583450890438
9.97,2773494,14.85,11.181913978494626,0.9906849221107826,-0.049639946131713186,4525.0,868460032,4751.2,4217.5270967741935,1.0051866943969667,0.2367363536355267,1785.7,2293139968,1793.7,1632.3563440860216,1.006976774729509,0.1992938059830961,3009.05,3380.16,2958.376752688172,0.9996565846250208
10.22,1773194,14.85,11.09595698924731,0.9923128554366785,-0.010145732805386443,4690.9,621310016,4751.2,4248.9873118279575,1.0074593984417615,0.22931800159775728,1851.3,1454979968,1793.7,1647.3763440860216,1.0092014222595556,0.20970019916012295,3130.01,3380.16,2965.448043010753,1.002390260238543
10.27,1723899,14.85,11.016494623655914,0.9928386198983647,-0.031714389271475185,4863.2,789790016,4751.2,4290.175268817205,1.0096935937828273,0.223686599847999,1901.3,1743670016,1851.3,1664.9458064516127,1.0106651175541426,0.2082900548520903,3185.04,3380.16,2976.103849462366,1.0035933209070136
10.56,1345738,14.85,10.958537634408602,0.9947390716169497,0.0381274163850136,4841.0,791939968,4863.2,4328.4761290322585,1.0089275747061992,0.20664024509415335,1879.1,1852460032,1901.3,1680.3638709677418,1.0092604002222683,0.17555405768720966,3224.73,3380.16,2989.2853763440853,1.004429121948853
10.42,1462966,14.85,10.89410752688172,0.9941205560745097,-0.07335009285312044,4692.6,1275980032,4863.2,4356.083870967743,1.0063781666139526,0.17960844843006096,1850.2,2333880064,1901.3,1693.310752688172,1.0077048084311488,0.1533752571664967,3215.63,3380.16,3001.8722580645153,1.0042106658066297
11.38,2388986,14.85,10.894344086021507,1.000021714412053,0.0822873025224754,4871.1,1255970048,4863.2,4394.436129032258,1.0088042974379174,0.18585857337680045,1942.4,2369809920,1901.3,1711.6995698924734,1.0108596825332319,0.18654317540919552,3271.12,3380.16,3018.0915913978497,1.0054030724624479
12.08,2172838,14.85,10.94004301075269,1.004194738514806,0.07495765705422941,4996.1,986849984,4871.1,4439.678279569892,1.0102953255455773,0.20795731829071296,1999.4,2175269888,1942.4,1733.0761290322578,1.0124884994515289,0.1804684533578016,3351.28,3380.16,3039.4045376344084,1.00706172943767
12.17,1260703,14.85,10.991698924731184,1.0047217286008585,-0.01956905545422294,5068.1,975539968,4996.1,4488.149677419355,1.010917772594585,0.23507714101742339,2001.5,2091820032,1999.4,1753.8513978494625,1.0119875108018512,0.16036628434043876,3372.85,3380.16,3061.9243010752693,1.0074092682175135
11.72,1475641,14.85,11.018387096774196,1.0024280297546146,-0.1177495919757009,5133.6,807470016,5068.1,4539.51247311828,1.011444091527816,0.22965083058640257,2071.2,1831600000,2001.5,1778.4875268817204,1.0140468736761086,0.17959190804138725,3397.16,3380.16,3085.9194838709677,1.0078366348858696
12.24,959419,14.85,11.085053763440861,1.0060504923344165,0.09372505787512919,5292.8,766080000,5133.6,4599.917419354839,1.0133064831508363,0.31415725170228426,2164.4,2001350016,2071.2,1808.3621505376348,1.0167977695678836,0.20544858028771995,3508.01,3397.16,3116.8475913978496,1.0100223313305912
13.01,2993313,14.85,11.203999999999999,1.0107303256346334,0.0775853377153437,5184.2,1169139968,5292.8,4651.084516129032,1.0111234815996695,0.26383750875884704,2074.5,3437110016,2164.4,1831.3819354838708,1.012729632136678,0.15648451485262438,3426.96,3508.01,3141.9391612903223,1.0080503037625974
12.76,1317895,14.85,11.309225806451613,1.0093918070735106,0.10002446707649015,5005.1,786040000,5292.8,4689.079784946236,1.0081691202740874,0.22796579186716037,1984.0,2410500096,2164.4,1847.8623655913977,1.0089989039359901,0.12090360293740321,3340.97,3508.01,3161.2695483870975,1.0061523747292538
13.04,1180343,14.85,11.437010752688172,1.0112991771871476,0.12190436103736535,5050.5,952729984,5292.8,4729.238924731183,1.0085643967743678,0.2721650001998457,1963.3,2988819968,2164.4,1862.5868817204303,1.0079684052249855,0.1316741849487908,3319.47,3508.01,3179.29711827957,1.0057026361139214
13.41,1520696,14.85,11.591827956989246,1.0135365094646505,0.3975970470094188,5144.4,867489984,5292.8,4774.296129032258,1.0095273689949247,0.3283804726205235,2005.2,2595620096,2164.4,1879.541505376344,1.0091027290175334,0.17782063297014927,3298.46,3508.01,3196.0085161290317,1.0052563183709313
13.55,1337002,14.85,11.75141935483871,1.0137675781974695,0.5145806035107248,5246.9,911960000,5292.8,4823.585591397849,1.0103239223193268,0.36127949856680786,2021.4,2334060032,2164.4,1896.5606451612905,1.0090549422485557,0.1709939530948319,3348.44,3508.01,3215.2041290322577,1.0060061206991011
14.27,2263066,14.85,11.950172043010754,1.0169130793626395,0.8274513664833932,5610.7,906409984,5292.8,4893.687956989247,1.0145332479880558,0.4673404062382336,2114.1,2124440064,2164.4,1918.5636559139784,1.0116015329163475,0.1488531870267411,3477.13,3508.01,3241.893569892472,1.0083010097614697
13.97,2079851,14.85,12.117032258064516,1.0139629968885135,0.8660359527338491,5646.6,714209984,5610.7,4961.993333333333,1.0139578528390907,0.47798582158963066,2130.5,2361230080,2164.4,1940.2544086021505,1.0113057247912052,0.1906183887571824,3483.81,3508.01,3267.366430107527,1.0078574017517483
13.9,1615218,14.85,12.266107526881722,1.0123029522115854,0.6005155568876288,5501.2,802060032,5646.6,5015.484946236559,1.0107802669834085,0.3916318538196881,2083.5,2057490048,2164.4,1957.0230107526884,1.0086424759950003,0.14296995452449957,3465.39,3508.01,3289.1156559139777,1.006656500356385
13.69,2294687,14.85,12.391655913978495,1.0102353894111582,0.33641316930101395,5189.1,1154080000,5646.6,5044.739784946237,1.0058329033031252,0.30920247889640873,1948.7,2894279936,2164.4,1963.588387096774,1.0033547772857103,0.12356911206028531,3269.96,3508.01,3296.2695698924726,1.0021750265806653
14.5,1726999,14.85,12.563526881720428,1.0138698951080503,0.34546167363029234,5830.1,993400000,5646.6,5111.772688172043,1.0132876830289315,0.5071901386414763,2137.7,2440580096,2164.4,1981.0718279569894,1.008903821684373,0.16794885300969997,3509.44,3508.01,3317.1935698924735,1.0063477818049582
13.79,1288060,14.85,12.68247311827957,1.0094675832414706,0.27288727509168187,5701.8,936499968,5830.1,5166.303010752688,1.0106675953543125,0.3005571928914057,2129.2,2489210112,2164.4,1996.6337634408603,1.0078553110817388,0.10811551451985846,3585.15,3509.44,3341.454516129033,1.007313696269267
13.83,1204108,14.85,12.798301075268816,1.0091329156315971,0.2462110421196232,5783.8,782350016,5830.1,5222.724516129032,1.0109210600421448,0.29905460915462534,2109.7,1958790016,2164.4,2009.7372043010753,1.0065627663421024,0.09957891516989781,3557.54,3585.15,3362.4060215053764,1.0062701752411147
14.25,1694338,14.85,12.936236559139784,1.0107776401773758,0.38475518380625895,5942.1,572220032,5830.1,5285.721505376345,1.0120620930804913,0.3859810241079775,2153.9,1546610048,2164.4,2024.5068817204303,1.0073490590649097,0.09388857292940855,3638.35,3585.15,3387.0209677419343,1.0073206347119072
14.35,1937388,14.85,13.073075268817202,1.0105779381083395,0.2286669808226025,6292.4,1011449984,5942.1,5367.041290322581,1.0153848031651918,0.36659744032025765,2213.9,2578439936,2164.4,2041.8739784946235,1.008578433064863,0.06676582947664422,3699.12,3638.35,3413.8196989247317,1.0079121834314075
13.24,2141792,14.85,13.132043010752685,1.0045106251377698,0.3442015020881358,6077.3,806499968,6292.4,5430.077204301076,1.0117450026129213,0.2981263562167289,2182.2,2076589952,2213.9,2056.016344086021,1.0069261696560843,0.05076699149159003,3663.46,3699.12,3436.663333333334,1.0066915175443498
13.17,2254467,14.85,13.179354838709678,1.0036027774138612,0.255019612018783,6198.8,917560000,6292.4,5496.790752688173,1.012285929992718,0.30540978846159583,2252.1,2566830080,2213.9,2073.503870967742,1.0085055388455557,0.07395626169897684,3709.41,3699.12,3460.7515698924735,1.0070091929941172
13.08,678539,14.85,13.215612903225807,1.0027511259056199,0.1288201452466704,6147.7,462070016,6292.4,5556.29870967742,1.0108259454773945,0.32822938582647465,2270.6,1429090048,2252.1,2090.9858064516134,1.0084311081974071,0.104881255136964,3703.06,3709.41,3482.808709677419,1.0063735114582728
13.52,891379,14.85,13.275913978494627,1.00456286633926,0.0020072819220156024,6248.8,513780000,6292.4,5618.73569892473,1.0112371548956796,0.3217866818092098,2291.3,1424579968,2270.6,2108.615913978495,1.0084314812049344,0.11037736361927308,3756.07,3709.41,3506.869182795699,1.0069083533216812
16.0,3019153,14.85,13.494408602150537,1.016457972235271,0.33951935548397505,6529.1,999299968,6292.4,5696.035913978495,1.0137575816332771,0.4359559048156738,2301.2,2472829952,2291.3,2125.7877419354836,1.0081436490368647,0.06108718203334207,3824.68,3756.07,3534.1472043010754,1.0077784542517865
18.18,5491693,16.0,13.843096774193548,1.0258394556088544,0.6005529361224364,6597.0,1051400000,6529.1,5773.384086021506,1.0135792985176222,0.38525829313427695,2240.9,2412689920,2301.2,2137.8733333333334,1.0056852296019199,0.03286570573152936,3768.25,3824.68,3556.099913978494,1.0062116002555588
17.9,1797500,18.18,14.158064516129032,1.022752693784721,0.6851569338115628,6796.0,809030016,6597.0,5859.358279569891,1.0148914730541738,0.40696319880138576,2339.1,1942419968,2301.2,2155.3326881720427,1.0081666928374502,0.03326767298407529,3841.47,3824.68,3581.3345376344087,1.0070961514767123
16.99,3442843,18.18,14.397268817204298,1.0168952684742156,0.5678151248270986,6404.4,1042249984,6796.0,5915.184086021505,1.009527631489316,0.3301567213129788,2269.1,2957319936,2339.1,2167.085806451613,1.0054530413536937,0.03902489668033793,3714.24,3841.47,3596.570623655914,1.0042543040482248
18.3,2406629,18.18,14.706430107526879,1.0214736068519568,0.7143756066558296,6600.7,811350016,6796.0,5979.989462365592,1.0109557666171762,0.2703065195612817,2379.9,2065459968,2339.1,2185.088817204301,1.0083074748120686,0.03138304366924727,3886.83,3841.47,3621.6851397849455,1.006982906428653
19.49,3931991,18.3,15.075096774193549,1.0250683996028365,0.7854711458991062,7107.4,798860032,6796.0,6073.748602150537,1.015678813545577,0.36921203628089816,2434.5,1929389952,2379.9,2205.5851612903225,1.0093800965547228,0.07536254453241176,3934.83,3886.83,3648.3872043010747,1.007372828803587
20.08,4269957,19.49,15.462623655913974,1.0257064274627954,0.9437257503543706,7111.5,606940032,7107.4,6162.898279569893,1.0146778675343577,0.4179068035988329,2387.8,1625479936,2434.5,2221.8741935483868,1.0073853562963466,0.07565039699467624,3906.71,3934.83,3671.7479784946236,1.0064030413674319
18.69,3468189,20.08,15.739698924731183,1.0179190333401948,0.5904032015584306,6756.1,991609984,7111.5,6223.916989247313,1.0099009762792448,0.35388310648518817,2293.4,2749929984,2434.5,2230.9167741935485,1.0040697986733085,0.015614039040802385,3811.15,3934.83,3687.4573978494623,1.0042784579570407
21.39,8827106,20.08,16.175247311827956,1.0276719643227998,0.7115789983392196,6412.8,1024590016,7111.5,6258.733548387097,1.0055939947785189,0.27127822804336743,2262.3,2716219904,2434.5,2237.198064516129,1.0028155646123782,-0.014920283179556515,3841.94,3934.83,3703.9919139784947,1.0044839883814456
23.27,5670002,21.39,16.712064516129033,1.0331875732069045,0.7645020159840432,6541.7,996080000,7111.5,6298.819569892474,1.006404813560997,0.2008939521726858,2304.3,2544179968,2434.5,2245.6236559139784,1.003766135654901,-0.017855288581594353,3943.34,3934.83,3726.013182795699,1.0059452799381388
22.47,5604724,23.27,17.173397849462365,1.0276048080647422,0.7938903221327254,6635.7,1017129984,7111.5,6341.801075268817,1.0068237397339954,0.21400004530786565,2273.1,2710459904,2434.5,2251.3851612903227,1.0025656593709151,-0.054394196313690024,3913.1,3943.34,3744.856623655914,1.0050572662885955
26.01,16097503,23.27,17.84,1.0388159731918458,0.9208470323585396,6795.1,978289984,7111.5,6391.836129032257,1.007889722993451,0.18061090644365407,2330.6,2324590080,2434.5,2260.4221505376345,1.004013968557087,-0.05620190436827932,3974.54,3943.34,3766.5543870967736,1.0057940171337394
25.04,7649834,26.01,18.41440860215054,1.0321977916003666,0.710822800183075,7076.8,696910016,7111.5,6456.814623655913,1.0101658574018377,0.24717736838976156,2380.0,1728429952,2434.5,2272.2888172043013,1.0052497568491108,-0.025748998570663595,4019.87,3974.54,3790.1733763440857,1.0062707150408408
25.83,7039924,26.01,19.01391397849462,1.0325563198523826,0.7133422726301022,7231.1,753929984,7111.5,6527.677849462366,1.0109749512626287,0.3004955192549956,2491.0,1936809984,2434.5,2290.659784946237,1.0080847855267527,0.01973559271274028,4128.8,4019.87,3819.5450322580646,1.007749422782952
25.15,3151541,26.01,19.541440860215054,1.0277442551973826,0.614205281831828,7198.3,867470016,7231.1,6591.637849462366,1.0097982776532497,0.24941967804563236,2517.3,2057059968,2491.0,2309.6372043010747,1.008284695736815,0.021292944868531727,4185.47,4128.8,3850.8785591397855,1.0082034709938206
25.87,3954182,26.01,20.089376344086023,1.0280396664601394,0.6968242331677563,7020.9,869049984,7231.1,6639.533763440861,1.0072661628372683,0.13867901758001588,2505.7,2049590016,2517.3,2326.6748387096777,1.0073767578634754,-0.017708555658551894,4180.17,4185.47,3880.007784946237,1.0075643065235893
25.01,3441890,26.01,20.55503225806451,1.0231792120373895,0.7088605314553889,6850.7,976009984,7231.1,6672.413548387096,1.0049521225612679,0.12319996424678648,2452.6,2264250112,2517.3,2339.2103225806454,1.0053877248605652,-0.035374425460594994,4181.17,4185.47,3907.305376344086,1.0070354475843475
24.21,6483790,26.01,20.94443010752688,1.0189441614381118,0.562601625682563,6834.6,834680000,7231.1,6700.805591397851,1.0042551383850626,0.06198914389052268,2440.4,2120150016,2517.3,2350.031397849463,1.0046259522559218,-0.06292362596404666,4232.6,4185.47,3936.1302150537635,1.0073771655740529
22.77,7667622,26.01,21.219548387096776,1.0131356297668384,0.5424897399036739,6540.1,966089984,7231.1,6707.56559139785,1.0010088339241894,-0.013541777431924862,2386.0,2354180096,2517.3,2356.6410752688175,1.0028125911106565,-0.07814560301268902,4173.85,4232.6,3959.540064516129,1.0059474275959759
24.03,3789899,26.01,21.557032258064513,1.0159043851834733,0.5968581592290743,6740.3,824289984,7231.1,6725.320215053764,1.002646954906961,0.02734350027015764,2389.2,2013330048,2517.3,2362.9077419354835,1.0026591519312933,-0.0525231530948147,4155.86,4232.6,3980.3053118279568,1.0052443584288786
23.7,3584759,26.01,21.851440860215053,1.0136571954166094,0.5613235895482693,7051.6,750120000,7231.1,6760.4939784946255,1.0052300503643128,0.08218279350095248,2426.9,1951810048,2517.3,2370.9492473118275,1.0034032244397986,-0.0402819119112372,4204.11,4232.6,4002.6985806451607,1.0056260178712069
23.3,2406868,26.01,22.09851612903226,1.0113070469996812,0.4632726335020232,7170.3,537200000,7231.1,6799.320430107527,1.0057431382583002,-0.03033964990250948,2455.6,1412610048,2517.3,2379.813978494624,1.0037388953782318,-0.05657793124575683,4229.89,4232.6,4024.7461505376345,1.005508176408557
25.91,7908037,26.01,22.495053763440858,1.0179440842133125,0.7764355515519588,7169.2,651960000,7231.1,6835.1937634408605,1.0052760174641109,0.0359533636551419,2489.5,1649369984,2517.3,2390.1821505376342,1.004356715330149,-0.015512975907786997,4247.44,4232.6,4046.376623655914,1.0053743695401485
24.01,6638175,26.01,22.742946236559135,1.011019865776945,0.6524914999471227,7118.8,860899968,7231.1,6864.659784946236,1.004310927023456,0.02246736586487219,2491.9,2223960064,2517.3,2399.930322580645,1.0040784222410908,0.010002789962085146,4166.45,4247.44,4061.3576559139788,1.0037023326426122
24.11,1296334,26.01,22.975397849462365,1.0102208223369744,0.554754474937921,7298.6,700409984,7231.1,6902.854838709678,1.0055640126328185,-0.0003441176843199667,2550.5,1800039936,2517.3,2412.6372043010747,1.0052946877669207,0.007581301341469393,4280.7,4247.44,4082.4001720430106,1.0051811531787629
23.8,1582295,26.01,23.166645161290326,1.008324004358098,0.574065942471377,7546.6,824320000,7298.6,6954.132688172042,1.0074284988835067,-0.012638591166675983,2633.3,1771680000,2550.5,2429.8331182795696,1.0071274346378474,0.012851505502002203,4352.34,4280.7,4106.683225806452,1.005948229654147
23.74,1231361,26.01,23.333698924731184,1.0072109605114508,0.711434074493301,7429.7,581560000,7546.6,6995.171397849463,1.005901341190573,-0.058305691307444896,2656.4,1567229952,2633.3,2447.617419354839,1.0073191450645227,0.02456507989955825,4369.55,4352.34,4130.67182795699,1.0058413568399414
22.73,2147905,26.01,23.413010752688166,1.0033990250843994,0.5970738104891151,7062.1,640060032,7546.6,7009.585591397849,1.0020605919038408,-0.14725946825327285,2640.2,1878550016,2656.4,2463.3367741935485,1.0064223087784907,0.0057921312651714185,4327.16,4369.55,4150.40711827957,1.0047777434626999
22.48,1498281,26.01,23.455634408602148,1.0018205115251608,0.6277353155898706,7372.9,830700032,7546.6,7042.194838709677,1.0046520934635346,-0.09250659815944551,2713.4,2061810048,2656.4,2482.9440860215054,1.00795965538832,0.0036214694889098453,4411.8,4369.55,4174.274559139784,1.0057506264277294
20.78,2096888,26.01,23.368365591397847,0.996279409216393,0.4251004140176906,7539.0,1121650048,7546.6,7082.885376344086,1.0057781044924716,-0.06619180632571764,2693.6,2224369920,2713.4,2500.3217204301077,1.0069988021504128,0.005401973531223847,4395.26,4411.8,4195.550731182796,1.0050969747537153
19.23,2446187,26.01,23.165483870967748,0.9913181039710889,0.12940096789424005,7692.3,1407750016,7546.6,7130.691612903227,1.0067495425972597,-0.13695541716210258,2718.6,2352310016,2713.4,2518.447096774193,1.0072492176490662,0.02141207275860446,4436.52,4411.8,4218.11423655914,1.0053779603256003
19.05,1805508,26.01,22.94404301075269,0.9904409136692983,-0.028583821400926857,7516.9,1063900032,7692.3,7164.680215053764,1.0047665225192228,-0.15180451366648873,2720.6,1946099968,2718.6,2535.803870967742,1.0068918557851705,0.028369499029929468,4468.0,4436.52,4241.392924731183,1.0055187429421142
18.54,1840057,26.01,22.68782795698925,0.9888330468329681,-0.0466188360908637,7408.2,1033500032,7692.3,7189.677634408602,1.0034889790757604,-0.19051760730846135,2732.6,2171470080,2720.6,2552.9032258064517,1.0067431693099294,0.011984824052936993,4441.67,4468.0,4261.46806451613,1.0047331478458152
19.07,895025,26.01,22.46443010752688,0.9901534051701256,-0.032681979982110754,7839.6,1029040000,7692.3,7241.190752688172,1.0071648717646307,-0.05405062897326052,2771.7,1973010048,2732.6,2571.6789247311826,1.007354645775419,0.00742141370481586,4509.37,4468.0,4284.620193548388,1.0054328998086455
17.93,3201433,26.01,22.163010752688173,0.9865823725153074,-0.27809022927703486,7818.7,730460032,7839.6,7288.269032258064,1.0065014555171625,-0.10393402663474993,2796.1,1830089984,2771.7,2590.947956989247,1.0074927830503095,0.008010094007757207,4535.43,4509.37,4307.743655913979,1.005396852304531
17.3,1213902,26.01,21.821741935483868,0.9846018746725143,-0.4931776897115292,7760.9,536360000,7839.6,7328.9989247311805,1.0055884178112589,-0.1326014681150507,2746.4,1463980032,2796.1,2606.1154838709676,1.0058540453662164,-0.004989475252288322,4458.58,4535.43,4324.514215053764,1.0038931191081348
17.98,2244111,26.01,21.52905376344086,0.9865873140234019,-0.5113855426828684,7751.6,823480000,7839.6,7367.723440860216,1.005283738819822,-0.1410586572000836,2727.7,2240069888,2796.1,2619.405806451613,1.0050996675561379,0.007636789074330075,4432.99,4535.43,4338.507462365591,1.0032357963498226
17.97,1238195,26.01,21.240236559139788,0.9865847701680451,-0.35942609043337326,7823.3,742310016,7839.6,7409.6972043010755,1.005696978690606,-0.07944540114233223,2753.6,1845880064,2796.1,2633.636129032258,1.0054326529114335,0.031598315820551726,4455.48,4535.43,4352.819892473119,1.0032989294663386
17.8,1353622,26.01,20.942,0.9859588871192936,-0.5091985393528169,7431.7,905880000,7839.6,7424.111397849463,1.0019453147883048,-0.0675560930482888,2661.5,2120470016,2796.1,2640.9348387096775,1.002771343237952,0.042382094300789985,4357.05,4535.43,4359.396344086021,1.0015108485476907
17.66,1040255,26.01,20.642451612903226,0.9856962855936982,-0.5665880952751147,7424.4,783329984,7839.6,7435.863440860215,1.0015829561789922,-0.016393125884453852,2668.5,1831629952,2796.1,2647.826666666667,1.0026096168129452,0.04443798970680346,4391.36,4535.43,4367.078580645161,1.0017622248478422
17.49,797055,26.01,20.344,0.9855418523681233,-0.53298267576084,7632.2,797379968,7839.6,7459.12365591398,1.0031281121874764,-0.05389035259872066,2737.9,1791309952,2796.1,2658.4126881720426,1.0039980039625112,0.06181152627633102,4471.37,4535.43,4378.959268817204,1.0027205116538773
17.97,1770924,26.01,20.087225806451613,0.9873783821496074,-0.5320813575422562,7776.0,802950016,7839.6,7489.518279569891,1.0040748250140368,-0.048026017811170885,2782.0,1857330048,2796.1,2670.844301075269,1.0046763292089815,0.05018063072805723,4544.9,4535.43,4394.383247311828,1.0035222932089045
18.96,2153287,26.01,19.911612903225805,0.9912574834913538,-0.47874368608241424,8108.2,1084550016,7839.6,7539.235698924731,1.006638266641322,-0.04528844475511051,2836.9,2368130048,2796.1,2685.8470967741932,1.005617248333377,0.04632082598180931,4605.38,4544.9,4412.482580645161,1.0041187425662985
18.81,2096154,26.01,19.73939784946236,0.9913510244197473,-0.5575347468471525,8953.8,1232009984,8108.2,7641.289892473118,1.0135364110665677,0.04356458457906376,2931.7,2399820032,2836.9,2705.983440860215,1.007497204181953,0.03916985569674547,4697.53,4605.38,4435.267913978494,1.0051638353051586
18.2,1999072,26.01,19.542924731182794,0.9900466508766924,-0.47111377869920623,9105.5,1236370048,8953.8,7749.426451612904,1.0141516106130595,0.10126028062780446,2936.4,2316699904,2931.7,2725.4752688172043,1.0072032325337485,0.047652981941293415,4682.85,4697.53,4455.883075268817,1.004648008122655
18.85,4532043,26.01,19.403333333333336,0.9928571900178931,-0.4158094172888366,9490.2,1095049984,9105.5,7878.280860215053,1.0166276058501502,0.2118850426967549,3005.8,2480750080,2936.4,2748.543225806452,1.0084638291358479,0.07571677828137235,4697.96,4697.53,4476.403440860216,1.0046052298152282
18.3,815874,26.01,19.243354838709678,0.9917551024931974,-0.4320530195001646,9146.3,911580032,9490.2,7979.637849462367,1.0128653688597422,0.21788771797049722,2908.6,2044780032,3005.8,2764.2647311827955,1.0057199411050668,0.08704133541636394,4594.62,4697.96,4489.143182795699,1.0028459771563922
17.48,1416714,26.01,19.04490322580645,0.9896872653148803,-0.339162530067615,9123.2,1371480064,9490.2,8074.567741935484,1.0118965163913438,0.20701216153532243,2895.7,3252819968,3005.8,2778.173333333333,1.0050315738552966,0.11431195193096255,4538.43,4697.96,4497.368623655913,1.0018322963927142
17.26,1917746,26.01,18.846731182795693,0.9895944841167674,-0.15590088776096145,9315.6,1191430016,9490.2,8176.988817204301,1.0126844034928197,0.25405221985549464,3068.9,2615810048,3005.8,2802.276989247312,1.0086760806551471,0.1572727221790169,4712.02,4697.96,4516.135720430108,1.0041729060578848
18.38,6120498,26.01,18.732666666666667,0.9939477825081332,-0.24518374739048854,8885.0,1367910016,9490.2,8245.660430107528,1.0083981541907874,0.13975150157353733,2944.9,3316379904,3068.9,2816.9120430107528,1.005222557876897,0.12075105295958477,4620.64,4712.02,4527.849978494624,1.002593867587177
19.69,4635952,26.01,18.7152688172043,0.9990712561232232,-0.1164097887030825,9317.5,842680000,9490.2,8337.623010752686,1.011152845963602,0.1612453967687908,3041.1,1755000064,3068.9,2836.558494623656,1.006974463992104,0.12899434486249373,4725.78,4712.02,4545.347935483872,1.0038645178334873
20.97,3644231,26.01,18.789075268817204,1.0039436490244296,-0.11919527500922866,9322.5,817040000,9490.2,8425.035268817204,1.0104840741721934,0.13274521432591557,3055.4,1630649984,3068.9,2855.8066666666664,1.0067857483212468,0.11747221953872922,4766.18,4725.78,4564.33047311828,1.0041762562302916
18.29,7023786,26.01,18.694989247311828,0.9949925145245693,-0.4111026686609841,8856.6,1222000000,9490.2,8477.761075268818,1.006258229760386,0.1469014067663188,2912.0,2609730048,3068.9,2864.513333333334,1.0030487591363564,0.06857422556085258,4677.02,4766.18,4576.407440860215,1.002645945076296
19.95,6028891,26.01,18.724387096774194,1.0015724988698025,-0.2961686417494961,9030.0,1262290048,9490.2,8538.045161290323,1.0071108498442314,0.17260809736760274,2910.2,2528079872,3068.9,2872.1952688172046,1.0026817593740893,0.048721683573694996,4662.85,4766.18,4586.646387096775,1.0022373327482037
18.0,2476250,26.01,18.636709677419354,0.9953174745372603,-0.3219120053324257,7939.7,1122230016,9490.2,8523.877204301076,0.9983406088019443,0.03689314134688049,2708.3,2292640000,3068.9,2865.9518279569893,0.9978262477736111,0.03448451358022875,4397.93,4766.18,4578.7261935483875,0.9982732059810261
17.23,3705137,26.01,18.51249462365592,0.9933349257506577,-0.4122594864920023,7710.6,1887549952,9490.2,8493.549892473118,0.996442075466238,-0.02695990795267278,2769.6,3906190080,3068.9,2863.3238709677416,0.9990830421629519,0.03349181504681131,4431.85,4766.18,4572.742279569893,0.9986931050852252
18.41,2193749,26.01,18.4785376344086,0.9981657259090341,-0.3337403813324221,8107.1,1626700032,9490.2,8488.450537634408,0.999399620311499,0.0717388733340556,2798.9,3243249920,3068.9,2862.2931182795696,0.9996400153337095,0.02366611416765374,4500.54,4766.18,4571.018989247312,0.9996231385419903
18.61,1678744,26.01,18.468946236559137,0.9994809438907328,-0.3050462754811597,7893.3,1556790016,9490.2,8468.100860215052,0.9976026628971763,0.13285545977254432,2717.5,2838710016,3068.9,2855.7043010752695,0.9976980634295552,0.008137198130121703,4418.64,4766.18,4563.730129032258,0.9984054189597114
18.78,2453807,26.01,18.479182795698925,1.0005542578882776,-0.29621359869597585,7899.1,1615049984,9490.2,8446.337849462367,0.9974300009988151,0.10521445844952215,2670.9,2940369920,3068.9,2845.9427956989243,0.9965817520488134,-0.0013989866017731778,4348.87,4766.18,4551.743247311828,0.9973734464173997
18.22,2291310,26.01,18.461247311827957,0.9990294222385666,-0.2855684688582588,8106.0,1374060032,9490.2,8436.791612903226,0.9988697780352525,0.0856902265713807,2705.5,2701250048,3068.9,2838.504946236559,0.997386507742318,0.0068386690867501265,4384.62,4766.18,4542.198150537634,0.9979029799671081
17.14,2816865,26.01,18.37913978494624,0.9955524388198238,-0.21280057013418552,7730.2,1534950016,9490.2,8401.780860215054,0.9958502290569052,0.005337879404851975,2624.0,2960100096,3068.9,2825.7834408602153,0.9955182373759078,-0.010532808523308734,4328.87,4766.18,4529.079161290323,0.997111753205712
16.3,3206205,26.01,18.247333333333334,0.9928284754806171,-0.30405591022380407,7456.8,1448839936,9490.2,8349.049892473118,0.9937238344323365,0.01045853104221628,2524.1,2983980032,3068.9,2806.8202150537636,0.993289214759968,-0.013209257219907511,4204.31,4766.18,4508.155548387097,0.9953801618037373
17.49,2790724,26.01,18.19821505376344,0.997308194097591,-0.17182555026390212,8240.0,1557840000,9490.2,8346.977204301076,0.999751745623905,0.10979528721481002,2722.7,3298520064,3068.9,2801.0924731182795,0.9979593484809733,-0.008445433675453584,4463.09,4766.18,4504.4944946236565,0.9991879042938635
17.25,996362,26.01,18.135870967741937,0.9965741647827921,-0.255030474164305,8532.9,1433219968,9490.2,8362.012473118279,1.001801283081192,0.0789368816095617,2786.1,2699249920,3068.9,2799.4763440860215,0.9994230361732903,-0.002271307481712892,4543.04,4766.18,4505.945440860215,1.0003221107803084
16.65,2214856,26.01,18.0387311827957,0.994643776131898,-0.232971842380163,8171.5,1514550016,9490.2,8352.240645161291,0.998831402370135,0.03138885434717986,2789.4,2801019904,3068.9,2798.042150537635,0.9994876922066456,-0.0046958663957185065,4545.86,4766.18,4507.505913978494,1.0003463142505298
15.81,2586757,26.01,17.89015053763441,0.9917632430099629,-0.20654746989589434,7501.2,1389639936,9490.2,8298.46494623656,0.9935615242412962,-0.09619336732485795,2677.0,2637179904,3068.9,2789.370752688172,0.996900905210525,-0.031930757327107706,4488.28,4766.18,4505.329118279569,0.99951707313524
14.98,369514,26.01,17.69122580645161,0.9888807681766381,-0.2496431418791505,7192.6,1044979968,9490.2,8225.338064516129,0.9911879025585817,-0.11762476789155907,2574.9,1943859968,3068.9,2774.261505376344,0.9945832775018283,-0.04690440279421526,4392.59,4766.18,4496.914903225807,0.9981323861514084
15.09,2601497,26.01,17.505849462365592,0.9895215658816353,-0.28655904923892417,6990.4,1196009984,9490.2,8140.36817204301,0.9896697385801472,-0.18113347437660177,2509.6,2356460032,3068.9,2755.2679569892475,0.9931536560809829,-0.047381146917839345,4271.78,4766.18,4480.793376344086,0.9964149806637086
18.29,6738024,26.01,17.53311827956989,1.0015576974578082,-0.12425741856153794,6801.1,1456099968,9490.2,8044.976559139785,0.9882816586563204,-0.12182913034103116,2478.0,3027109888,3068.9,2734.7604301075266,0.9925569755095145,-0.01727809666895952,4131.93,4766.18,4456.044322580645,0.9944766357908621
17.6,2263028,26.01,17.514817204301078,0.9989561996344861,-0.1429109539474991,6956.0,1747709952,9490.2,7960.934623655914,0.9895534890790462,-0.06861215371221174,2461.5,3285600000,3068.9,2713.5830107526886,0.9922562067515343,-0.01653818554514963,4123.34,4766.18,4431.225204301075,0.9944302353201917
16.66,2232450,26.01,17.436,0.9954999699179433,-0.172702280521828,6866.5,1780310016,9490.2,7872.125806451612,0.9888444232489478,-0.03412019284146228,2375.3,3504839936,3068.9,2687.2894623655916,0.9903103946763715,-0.032360559170075076,4023.89,4766.18,4400.566344086023,0.9930811775972718
19.64,4855508,26.01,17.551225806451615,1.0066085000259013,-0.15091016204547225,6627.9,1677149952,9490.2,7769.570107526882,0.9869722992942159,-0.03641615585456359,2285.8,3260610048,3068.9,2656.001505376344,0.9883570573890819,-0.03676481672388765,3901.36,4766.18,4362.964645161291,0.9914552591678875
19.66,2052639,26.01,17.66415053763441,1.0064340082241596,-0.13272121292951966,7210.1,1543719936,9490.2,7707.044731182796,0.991952530773419,-0.04842127309753885,2470.3,2907089920,3068.9,2637.6838709677418,0.9931033042068977,-0.03213476930395032,4158.24,4766.18,4343.319806451613,0.9954973646803522
19.94,1189572,26.01,17.793634408602152,1.007330319716868,-0.016453220828072768,7108.2,1195200000,9490.2,7639.876559139785,0.9912848342800908,-0.11550537531285032,2442.4,2374089984,3068.9,2618.3546236559137,0.9926718862997269,-0.041516836998229834,4108.54,4766.18,4321.430107526882,0.9949601457179793
18.59,1146889,26.01,17.833591397849464,1.002245577734698,-0.09814315165449039,6545.6,1281789952,9490.2,7540.380645161288,0.9869767641913707,-0.13489350210564977,2286.4,2273639936,3068.9,2590.01311827957,0.9891758338919074,-0.05436930020876851,3900.86,4766.18,4287.408344086021,0.9921271980352978
16.8,2566588,26.01,17.75722580645161,0.9957178792709661,-0.38293967320671074,5993.7,1690019968,9490.2,7410.783440860216,0.9828129095333886,-0.17651988376399852,2174.4,3285469952,3068.9,2555.843655913979,0.9868072242088534,-0.05881894407574362,3674.84,4766.18,4240.486344086022,0.9890558593363931
15.06,2264087,26.01,17.57301075268817,0.9896259102761135,-0.48520944361042373,6323.1,1090880000,9490.2,7309.957204301075,0.9863946588962209,-0.18670451440112756,2332.8,2160740096,3068.9,2533.6815053763444,0.9913288316809389,-0.04933865482074096,3911.74,4766.18,4211.0484731182805,0.993057902188791
