87.59,1813852,116.81,73.77120430107526,1.0154552001967938,0.3842968432988374,1304.99,154384000,1258.07,1176.2475268817204,1.010453603440332,0.18939708730731475,551.57,433320000,521.05,485.8022365591398,1.0118903749935215,0.10221405707558295,4232.6,4185.47,3936.1302150537635,1.0073771655740529
89.24,1444558,116.81,74.9397634408602,1.0158403153487345,0.33842120391377484,1282.85,161136992,1304.99,1186.267247311828,1.0085183774682784,0.14518065192427354,551.92,490180000,551.57,491.24610752688164,1.0112059405207763,0.12729030166636002,4173.85,4232.6,3959.540064516129,1.0059474275959759
84.98,1047622,116.81,75.77554838709676,1.0111527566656402,0.3100363985004375,1257.57,146412992,1304.99,1193.9920215053762,1.006511832987932,0.1036780293548023,544.06,439680000,551.92,495.89150537634407,1.0094563555380605,0.1128787665941724,4155.86,4232.6,3980.3053118279568,1.0052443584288786
82.31,929304,116.81,76.38559139784947,1.0080506578142638,0.3988886902246702,1272.55,156440000,1304.99,1202.0566236559139,1.0067543182913148,0.1167179276431698,547.32,402969984,551.92,500.46890322580646,1.0092306437997733,0.09341511274209369,4204.11,4232.6,4002.6985806451607,1.0056260178712069
85.7,852599,116.81,77.15535483870967,1.0100773382358321,0.36143678226020715,1285.72,98916000,1304.99,1210.1981720430108,1.006773015702318,0.06209263151857658,550.61,289000000,551.92,504.93501075268813,1.0089238462132113,0.08374279304398247,4229.89,4232.6,4024.7461505376345,1.005508176408557
83.61,693033,116.81,77.73318279569892,1.0074891491095748,0.182183280636514,1266.62,106922000,1304.99,1216.433505376344,1.0051523242039004,0.029578753947746117,539.48,321420000,551.92,508.4175483870967,1.0068970017135814,0.06051932884908062,4247.44,4232.6,4046.376623655914,1.0053743695401485
79.69,1783438,116.81,78.02313978494622,1.0037301571712223,0.1667567027672443,1196.48,167755008,1304.99,1217.5971827956987,1.0009566305221054,-0.04689909555073801,505.45,580739968,551.92,509.4761075268818,1.002082066488742,-0.016743269916155157,4166.45,4247.44,4061.3576559139788,1.0037023326426122
81.87,1912129,116.81,78.426,1.0051633427745177,0.16692563011180317,1217.68,138810000,1304.99,1219.7709247311827,1.0017852718174767,-0.09599965728012227,516.09,449460000,551.92,511.0757204301076,1.0031397211362683,-0.028484052097452972,4280.7,4247.44,4082.4001720430106,1.0051811531787629
81.98,978564,116.81,78.80709677419355,1.0048593167341642,0.11912387868688112,1232.12,116966000,1304.99,1222.5696344086023,1.0022944551478272,-0.08062857972804283,520.31,291020000,551.92,512.8044516129032,1.00338253435585,-0.01957215693771719,4352.34,4280.7,4106.683225806452,1.005948229654147
82.07,715152,116.81,79.16855913978496,1.0045866727793198,0.04862159028598412,1228.33,99560000,1304.99,1224.81623655914,1.00183760669929,-0.14237875409817757,521.27,271049984,551.92,514.4432688172043,1.003195793638582,-0.019209213080038312,4369.55,4352.34,4130.67182795699,1.0058413568399414
79.03,750289,116.81,79.31068817204302,1.0017952711758604,-0.015766366846978963,1204.26,111851000,1304.99,1225.1886666666667,1.0003040701914379,-0.19477367880143537,509.02,320760000,551.92,515.126,1.0013271262822923,-0.04215165445432101,4327.16,4369.55,4150.40711827957,1.0047777434626999
80.04,754613,116.81,79.50318279569892,1.0024270956171548,-0.010531351861380989,1207.85,134787008,1304.99,1225.575053763441,1.0003153694669944,-0.1891642113985148,513.07,407369984,551.92,515.9489247311828,1.0015975212495252,-0.052376525098003945,4411.8,4369.55,4174.274559139784,1.0057506264277294
84.94,1107816,116.81,79.99944086021505,1.0062419899061321,0.07009098790523915,1227.23,133401000,1304.99,1226.9699784946238,1.001138179768672,-0.15474364709931043,527.35,345289984,551.92,517.5584731182796,1.0031195886064408,-0.012969969552515614,4395.26,4411.8,4195.550731182796,1.0050969747537153
82.42,1072744,116.81,80.313311827957,1.0039234145184888,0.03652280659015372,1235.15,135398000,1304.99,1228.5974838709678,1.0013264427042794,-0.2797198211516163,528.18,325360000,551.92,519.067505376344,1.002915674916831,-0.06320673736108051,4436.52,4411.8,4218.11423655914,1.0053779603256003
84.23,1037164,116.81,80.7287741935484,1.005173019965624,0.11162273333538764,1265.31,120047000,1304.99,1232.0800000000002,1.002834546037047,-0.2232131571578242,542.35,326950016,551.92,521.3905161290322,1.0044753538386186,-0.04159451454892649,4468.0,4436.52,4241.392924731183,1.0055187429421142
77.57,692799,116.81,80.691311827957,0.9995359477959916,0.08538473077882947,1205.59,117431000,1304.99,1231.5362795698925,0.9995586971380854,-0.23991668776047148,525.54,361360000,551.92,522.4821075268818,1.002093615752649,-0.03432437588834314,4441.67,4468.0,4261.46806451613,1.0047331478458152
82.05,715168,116.81,80.93189247311828,1.0029814937904868,0.28563174339422637,1241.71,94255000,1304.99,1233.2215268817204,1.0013684106102148,-0.1619325091006052,539.17,295340000,551.92,524.3302365591397,1.0035372101850644,-0.002049570525973987,4509.37,4468.0,4284.620193548388,1.0054328998086455
78.8,696363,116.81,80.92761290322579,0.9999471213416403,0.12324051773918654,1230.88,104183000,1304.99,1233.9300430107526,1.000574524619939,-0.21836210542811596,534.5,306510016,551.92,525.6742365591398,1.002563270065865,-0.010145095492511524,4535.43,4509.37,4307.743655913979,1.005396852304531
73.64,750052,116.81,80.57677419354836,0.9956647836617031,0.03694210702002154,1212.47,90109000,1304.99,1233.2774193548387,0.9994711015753198,-0.17795275338118421,525.68,257900000,551.92,526.2934623655914,1.0011779649132224,-0.0075976316713166625,4458.58,4535.43,4324.514215053764,1.0038931191081348
71.61,1797622,116.81,80.08705376344086,0.9939223127879112,0.009331508648355413,1171.8,150347008,1304.99,1229.884838709677,0.9972491342240448,-0.20596063259773767,508.73,435840000,551.92,525.6930752688172,0.9988592161223597,-0.055087020597877734,4432.99,4535.43,4338.507462365591,1.0032357963498226
72.15,1018904,116.81,79.62858064516129,0.9942753154631734,-0.018861351829025486,1186.25,144906000,1304.99,1227.3627956989246,0.99794936653305,-0.18669776327299425,509.22,418440000,551.92,525.0436129032258,0.9987645597856519,-0.06472926444137572,4455.48,4535.43,4352.819892473119,1.0032989294663386
74.37,1008971,116.81,79.30759139784945,0.99596891914045,-0.0123539557202621,1191.55,147962000,1304.99,1225.059569892473,0.998123435210418,-0.18407494163601767,504.57,396120000,551.92,523.9906881720431,0.9979945956768036,-0.06445939915820298,4357.05,4535.43,4359.396344086021,1.0015108485476907
75.38,987471,116.81,79.04795698924733,0.996726235105292,-0.11454569225606093,1201.17,135570000,1304.99,1223.2728387096772,0.9985415148563325,-0.14458045394168528,509.59,395750016,551.92,523.1910107526882,0.9984738709343393,-0.07874573912971394,4391.36,4535.43,4367.078580645161,1.0017622248478422
77.95,744018,116.81,78.95972043010752,0.9988837591444418,-0.01629808570705804,1242.32,118947000,1304.99,1224.1236344086021,1.0006955077166777,-0.1558508181725704,528.15,393480000,551.92,523.5518279569892,1.000689647178345,-0.06110157228284496,4471.37,4535.43,4378.959268817204,1.0027205116538773
78.63,901494,116.81,78.90967741935484,0.9993662210240855,-0.02952714185747607,1247.09,113043000,1304.99,1225.1592903225805,1.0008460386556288,-0.15993529881668134,532.71,326729984,551.92,524.1211827956989,1.0010874851510527,-0.07925407339381296,4544.9,4535.43,4394.383247311828,1.0035222932089045
77.91,1093305,116.81,78.80870967741934,0.9987204643937535,0.016297288676424326,1244.88,129735000,1304.99,1225.9680860215055,1.0006601555449268,-0.15655468300059505,534.41,390230016,551.92,524.7310537634409,1.0011636067912555,-0.0753355181100035,4605.38,4544.9,4412.482580645161,1.0041187425662985
82.17,1093137,116.81,78.97789247311829,1.002146752514937,0.12304963010845382,1313.75,192776992,1304.99,1231.1308817204301,1.0042111990987292,-0.09965959332433028,551.47,434680000,551.92,526.3660645161291,1.0031159024055498,-0.04059998164159406,4697.53,4605.38,4435.267913978494,1.0051638353051586
83.18,1000890,116.81,79.18929032258063,1.0026766711904131,0.09392197167102911,1343.63,146372000,1313.75,1237.9762795698928,1.0055602519204916,-0.0770163041352594,565.33,406900000,551.92,528.7902580645161,1.0046055278100336,-0.02944115755339638,4682.85,4697.53,4455.883075268817,1.004648008122655
78.83,799371,116.81,79.1005806451613,0.9988797768352518,0.0742723237071583,1332.35,125484000,1343.63,1243.8634623655914,1.0047554891744324,-0.0799535771223403,554.03,347240000,565.33,530.3856559139784,1.0030170711830089,-0.06020544989637022,4697.96,4697.53,4476.403440860216,1.0046052298152282
74.3,426230,116.81,78.70698924731182,0.9950241655037263,-0.05952313368550666,1286.27,70883000,1343.63,1246.6158924731183,1.0022128072660743,-0.09478683995515347,541.52,251880000,565.33,531.1026451612903,1.0013518262406178,-0.05959774825039532,4594.62,4697.96,4489.143182795699,1.0028459771563922
72.77,817569,116.81,78.22281720430107,0.9938484237849653,-0.16514442843752797,1259.39,151094000,1343.63,1247.5734838709675,1.0007681527274208,-0.16278563744854613,534.01,481860000,565.33,531.2910967741935,1.0003548308686092,-0.1040922181361561,4538.43,4697.96,4497.368623655913,1.0018322963927142
73.9,1089531,116.81,77.84341935483872,0.99514978029401,-0.17390077358798994,1319.83,119800000,1343.63,1252.528494623656,1.0039717185534547,-0.14150322920249292,552.89,356230016,565.33,532.7353763440861,1.002718433601959,-0.12718100892163098,4712.02,4697.96,4516.135720430108,1.0041729060578848
71.87,1295120,116.81,77.36604301075269,0.9938674797684571,-0.13496407524898335,1285.03,156062000,1343.63,1255.1588172043007,1.0021000101729702,-0.15660332079369743,548.5,479550016,565.33,533.8943440860215,1.0021755036241236,-0.10367639650992122,4620.64,4712.02,4527.849978494624,1.002593867587177
71.94,704317,116.81,76.92137634408603,0.9942524310490475,-0.16255690786725596,1305.99,90666000,1343.63,1259.0823440860215,1.0031259206627412,-0.13380798643453629,555.32,264850000,565.33,535.4837634408602,1.0029770297671154,-0.10946903849147849,4725.78,4712.02,4545.347935483872,1.0038645178334873
71.7,549478,116.81,76.48352688172044,0.9943078311494714,-0.22557459393954027,1340.02,72678000,1343.63,1265.129440860215,1.0048027810115812,-0.1251764452818951,569.63,221980000,565.33,537.9792043010752,1.0046601615783457,-0.09224229664748163,4766.18,4725.78,4564.33047311828,1.0041762562302916
73.6,1239717,116.81,76.19836559139786,0.9962715985788212,-0.20490615135127954,1328.16,123038000,1343.63,1270.2946021505377,1.0040827136919765,-0.03988055564944992,561.17,367569984,569.63,539.8879354838709,1.0035479646193304,-0.06093318521145896,4677.02,4766.18,4576.407440860215,1.002645945076296
73.97,765681,116.81,75.95860215053763,0.9968534306608894,-0.18357716702043347,1329.22,124192000,1343.63,1275.3958064516128,1.004015764762315,0.015077979766773275,557.86,370209984,569.63,541.5364731182796,1.0030534811505487,-0.01545241401123465,4662.85,4766.18,4586.646387096775,1.0022373327482037
68.64,763952,116.81,75.38726881720429,0.9924783590382422,-0.24589287179675856,1235.76,122766000,1343.63,1274.1818709677418,0.9990481892148851,-0.03609771475539558,527.96,366460000,569.63,541.1432688172043,0.9992739098461622,-0.0043858435802197615,4397.93,4766.18,4578.7261935483875,0.9982732059810261
64.95,1352523,116.81,74.60632258064517,0.9896408737335647,-0.25501160165214865,1218.17,162860992,1343.63,1271.7942150537635,0.9981261262866934,-0.06001349785234433,523.05,529169984,569.63,540.4077634408602,0.9986408305919582,-0.013002242447225365,4431.85,4766.18,4572.742279569893,0.9986931050852252
63.18,1388987,116.81,73.74780645161289,0.9884927161755724,-0.2752933999628264,1234.18,171188992,1343.63,1270.4694623655914,0.9989583592435856,-0.014673172870972362,521.99,465590016,569.63,539.5979784946237,0.9985015297687796,-0.028596673379238657,4500.54,4766.18,4571.018989247312,0.9996231385419903
64.78,1332943,116.81,73.03313978494624,0.9903093162894879,-0.204941573650964,1260.44,173254000,1343.63,1270.8263225806452,1.000280888463379,0.06180781367309229,527.95,457009984,569.63,539.1711612903226,0.9992090088893739,0.016048221619527903,4418.64,4766.18,4563.730129032258,0.9984054189597114
66.47,1024876,116.81,72.45815053763441,0.9921270090673228,-0.20705585623882594,1231.04,159827008,1343.63,1269.1655913978495,0.9986931879256142,0.05304438765113295,526.6,422510016,569.63,538.6165376344086,0.9989713402797977,0.04063468988989927,4348.87,4766.18,4551.743247311828,0.9973734464173997
68.59,1610081,116.81,72.0491182795699,0.9943549172173245,-0.27080169020581113,1243.54,158132992,1343.63,1268.2614408602149,0.999287602387141,0.023771405244088384,529.22,416489984,569.63,538.2018494623657,0.9992300864472817,0.00596682171589813,4384.62,4766.18,4542.198150537634,0.9979029799671081
63.09,1598856,116.81,71.32040860215054,0.9898859320582971,-0.2849032871831998,1198.93,235487008,1343.63,1264.4441505376344,0.9969901392570988,-0.02891349908002039,520.74,586720000,569.63,537.2360430107526,0.9982054939934193,0.01017840661882441,4328.87,4766.18,4529.079161290323,0.997111753205712
63.61,1656978,116.81,70.66681720430107,0.9908358433348942,-0.3012414830369019,1184.66,299111008,1343.63,1259.784107526882,0.9963145521225505,-0.045285472538105,512.53,605009984,569.63,535.7565591397849,0.9972461194846935,0.004034512882405195,4204.31,4766.18,4508.155548387097,0.9953801618037373
64.5,1234644,116.81,70.11498924731183,0.9921911304510308,-0.2544472271258046,1251.4,251138000,1343.63,1259.6033118279568,0.9998564867600368,0.035512293964385044,539.1,613769984,569.63,536.0553978494623,1.0005577882427743,0.020979521743306417,4463.09,4766.18,4504.4944946236565,0.9991879042938635
65.16,845558,116.81,69.63384946236557,0.9931378469837717,-0.3509282931655583,1308.54,302105984,1343.63,1263.0104516129031,1.0027049307928557,0.04432218761566031,561.19,405430016,569.63,537.7502365591399,1.0031616857445647,0.03337387627188826,4543.04,4766.18,4505.945440860215,1.0003221107803084
64.91,843488,116.81,69.17290322580645,0.9933804286260485,-0.3129899419234682,1300.86,346755008,1343.63,1265.7783870967744,1.002191538067113,0.04311989680818318,559.73,387950016,569.63,539.3035268817204,1.0028884977020547,0.044903321755865866,4545.86,4766.18,4507.505913978494,1.0003463142505298
62.38,967496,116.81,68.57860215053763,0.9914084699708382,-0.250481218730623,1292.34,296945984,1343.63,1267.8461505376342,1.0016335904151457,0.003143041362786203,555.39,368560000,569.63,540.522559139785,1.0022603825068848,0.049855959173818576,4488.28,4766.18,4505.329118279569,0.99951707313524
62.35,592390,116.81,68.00658064516128,0.9916588923157007,-0.19932280851875817,1294.03,50665144,1343.63,1269.851182795699,1.0015814476048333,0.05879898543344586,559.23,260380000,569.63,541.9254408602151,1.0025954175208944,0.108380289379576,4392.59,4766.18,4496.914903225807,0.9981323861514084
61.2,735654,116.81,67.38027956989247,0.9907905813036436,-0.20517991051246287,1250.11,57620236,1343.63,1268.759806451613,0.999140547838304,-0.02083594128676669,538.4,432910016,569.63,541.8758494623657,0.999908490367659,0.09853345225459464,4271.78,4766.18,4480.793376344086,0.9964149806637086
59.9,757772,116.81,66.69365591397849,0.9898097238495166,-0.23859069195076077,1219.92,278643008,1343.63,1265.5833548387095,0.9974964121682045,-0.013167080864503689,533.97,523409984,569.63,541.4776989247313,0.9992652366071868,0.10993542200518891,4131.93,4766.18,4456.044322580645,0.9944766357908621
67.69,1354228,116.81,66.5407311827957,0.9977070573042204,-0.1262050488531189,1239.62,297057984,1343.63,1263.6168602150537,0.9984461753418791,0.026487575966657406,531.0,514289984,569.63,540.8247096774194,0.9987940606813381,0.1030476521849939,4123.34,4766.18,4431.225204301075,0.9944302353201917
65.79,1036153,116.81,66.28176344086022,0.9961081320067845,-0.1809329878806597,1225.21,321838016,1343.63,1260.6380000000001,0.9976425922217066,0.052432127261503814,517.8,535240000,569.63,539.274064516129,0.9971328137684107,0.0804800047886094,4023.89,4766.18,4400.566344086023,0.9930811775972718
67.57,847492,116.81,66.16378494623656,0.9982200459296934,-0.1453224761031099,1218.27,305772000,1343.63,1257.2481935483872,0.997311038972637,0.08812064947020792,517.15,473049984,569.63,537.7037419354839,0.9970880806551413,0.11238693654086762,3901.36,4766.18,4362.964645161291,0.9914552591678875
70.25,1204783,116.81,66.24249462365592,1.0011896187239486,-0.13043765322962653,1295.58,263358000,1343.63,1258.9081075268818,1.0013202754929476,0.1030699552817389,547.81,408080000,569.63,538.1449462365591,1.0008205341839116,0.12216517490388523,4158.24,4766.18,4343.319806451613,0.9954973646803522
72.38,925799,116.81,66.47509677419355,1.0035113736561267,-0.1162801348549436,1278.93,245090000,1343.63,1259.3847956989246,1.0003786520788869,0.06411511688965343,542.46,386160000,569.63,538.2121720430108,1.0001249213746628,0.10904476323879064,4108.54,4766.18,4321.430107526882,0.9949601457179793
70.55,742043,116.81,66.61068817204303,1.002039732237022,-0.0929848307311748,1189.73,254684000,1343.63,1254.1815268817204,0.9958684042915442,0.031703810479578376,511.12,371600000,569.63,536.2768387096773,0.9964041442504225,0.07109929201632115,3900.86,4766.18,4287.408344086021,0.9921271980352978
61.4,1297415,116.81,66.18311827956988,0.9935810617754194,-0.1936395903979633,1082.7,381139008,1343.63,1242.404064516129,0.9906094435987478,0.00453712565969544,468.8,567129984,569.63,531.7277634408603,0.9915173005051597,0.06394319716039132,3674.84,4766.18,4240.486344086022,0.9890558593363931
64.04,1668645,116.81,65.96335483870966,0.9966794637881536,-0.10765170800737767,1132.58,344596000,1343.63,1234.381548387097,0.993542748001105,0.002481728990595289,481.35,495060000,569.63,528.1716559139786,0.9933121650374813,0.037512838766312506,3911.74,4766.18,4211.0484731182805,0.993057902188791
