106.0,12101782,107.79,95.52077419354838,1.0109460916423643,0.29033676073739856,1557.9,524447008,1603.6,1496.0670967741935,1.0050391283694837,0.12791653774077227,940.3,22925640,979.7,921.3443010752687,1.0036305684587512,0.09821965815611722,2423.41,2439.07,2380.8596129032258,1.0022200841642388
106.29,6219141,107.79,96.51043010752687,1.0103606353940684,0.24302114887108628,1563.1,322726016,1603.6,1503.3030107526881,1.0048366239683344,0.1358963767342507,945.6,22925640,979.7,924.6767741935485,1.0036169682868723,0.08807370257359914,2425.18,2439.07,2385.7500430107525,1.002054060676666
110.38,9406654,107.79,97.70612903225808,1.0123893233446273,0.3231953866652375,1619.2,424919008,1603.6,1513.6660215053762,1.0068934943112362,0.16438300396227934,981.1,22925640,979.7,930.016989247312,1.0057752235189654,0.11381545635569501,2459.27,2439.07,2392.4835913978495,1.0028224031292898
108.19,8890150,110.38,98.69060215053763,1.0100758583727591,0.30909591924259305,1635.8,487668992,1619.2,1524.4754838709682,1.007141246623771,0.161170995968277,992.0,22925640,981.1,935.7045161290322,1.006115508584766,0.11783861511313032,2472.54,2459.27,2399.640580645161,1.0029914475790114
111.65,14162092,110.38,99.8291182795699,1.0115362162579131,0.390087277428548,1623.4,443724992,1635.8,1533.8339784946234,1.0061388292056308,0.1778314987665599,985.7,22925640,992.0,940.6152688172042,1.0052481874390087,0.1157329275771386,2472.1,2472.54,2406.320258064516,1.0027836157936447
109.71,8904460,111.65,100.7622365591398,1.0093471553756161,0.23729970480403195,1611.3,503038016,1635.8,1541.7430107526882,1.0051563809179838,0.16495969170073588,989.6,22925640,992.0,945.3954838709678,1.0050820087789716,0.10797697233904491,2476.83,2472.54,2412.803440860215,1.0026942310666966
106.05,5370013,111.65,101.39984946236558,1.0063278954993378,0.19748532241989936,1593.7,485920000,1635.8,1547.9391397849458,1.0040189117051568,0.13804228301798527,979.9,22925640,992.0,949.201505376344,1.004025851159974,0.10166251833056816,2441.32,2476.83,2416.5658709677423,1.0015593603870965
107.23,5017875,111.65,102.06516129032259,1.0065612703715496,0.20273950395309326,1602.3,405491008,1635.8,1554.1761290322584,1.0040292212316428,0.14612660540171163,980.2,22925640,992.0,952.7131182795698,1.003699544178276,0.10458009088151576,2425.55,2476.83,2418.9524301075267,1.00098758290368
110.59,5264943,111.65,102.89599999999999,1.0081402772422423,0.13715943248440388,1625.1,374803008,1635.8,1561.3612903225805,1.004623131932155,0.09169904519786787,989.8,22925640,992.0,956.5339784946237,1.004010504465346,0.09273647084872527,2443.05,2476.83,2422.136322580645,1.001316227815599
115.49,5928163,111.65,103.9988817204301,1.0107184119929844,0.16394788714075048,1659.0,374276992,1635.8,1570.256559139785,1.0056971239599302,0.1305181445320438,1011.7,22925640,992.0,961.4782795698924,1.0051689758925761,0.10488974449445299,2476.55,2476.83,2427.162451612903,1.002075080987557
116.4,4973781,115.49,105.10451612903225,1.0106312143968461,0.13920959026148916,1663.5,350592000,1659.0,1578.869677419355,1.0054851662484303,0.1269293586558038,1000.9,22925640,1011.7,965.3894623655916,1.0040678847133695,0.09315942616699413,2461.43,2476.83,2430.827870967742,1.001510166471306
116.11,6634422,116.4,106.13995698924734,1.0098515353892494,0.11153536761545269,1665.5,638217984,1663.5,1587.0524731182795,1.0051826922867373,0.1121467616058962,1014.9,22925640,1011.7,969.9135483870967,1.0046862807166128,0.08793020931138673,2500.23,2476.83,2436.6839784946233,1.0024091000423447
115.81,4940693,116.4,107.10578494623658,1.0090995698922989,0.15496483123134674,1651.3,468836000,1665.5,1593.807311827957,1.004256216365931,0.14594847472785677,1008.2,22925640,1014.9,973.7184946236558,1.0039229746227243,0.07800158280048741,2502.22,2500.23,2442.347892473119,1.002324435186706
117.53,6825004,116.4,108.13098924731183,1.0095718854176725,0.2646988679180877,1652.8,480511008,1665.5,1600.1980645161286,1.0040097398479382,0.14275416734664637,1018.2,22925640,1014.9,977.910752688172,1.0043054107400275,0.08341598934800021,2519.36,2502.22,2448.827548387097,1.0026530437919787
121.75,5136618,117.53,109.36165591397851,1.0113812578173307,0.32346702881408085,1686.4,412252000,1665.5,1608.274623655914,1.0050472246647963,0.11613697136291057,1033.5,22925640,1018.2,982.8202150537634,1.0050203583017119,0.07691583974979954,2549.33,2519.36,2456.94776344086,1.0033159603497237
122.29,4999602,121.75,110.55464516129032,1.0109086611513105,0.30980621720328494,1708.9,364808992,1686.4,1617.2664516129032,1.00559097794912,0.11492587434534451,1047.1,22925640,1033.5,988.3148387096775,1.00559067016709,0.08423428718530501,2553.17,2549.33,2464.9356559139783,1.003251144607947
124.82,5912309,122.29,111.83864516129032,1.0116141659911868,0.4311465948708575,1746.7,393342016,1708.9,1628.1544086021504,1.006732321058406,0.16537847031571107,1057.3,22925640,1047.1,994.1606451612905,1.0059149232842088,0.08058420407125233,2575.21,2553.17,2473.969311827957,1.0036648647977098
125.73,14022290,124.82,113.095311827957,1.0112364260569713,0.42160553085147323,1808.2,551488000,1746.7,1642.3643010752692,1.0087276074050733,0.21931500076401167,1087.6,22925640,1057.3,1001.6156989247313,1.007498842163714,0.10776188685314869,2581.07,2575.21,2482.8837634408605,1.0036032991881847
124.91,5742807,125.73,114.21679569892473,1.0099162719730925,0.3813717193431774,1813.3,539779968,1808.2,1656.158924731183,1.0083992471383374,0.21512096944176728,1107.7,22925640,1087.6,1009.9774193548388,1.008348232200318,0.13092965376518184,2587.84,2581.07,2491.7654193548387,1.0035771533266098
125.98,5316553,125.73,115.32367741935487,1.0096910591271346,0.37582865586668524,1806.8,429049984,1813.3,1668.7735483870968,1.0076167953857214,0.1972206719821905,1107.7,22925640,1107.7,1017.8944086021503,1.0078387784673133,0.13764443788634062,2582.3,2587.84,2499.7900860215054,1.0032204743690296
127.54,4745260,125.98,116.44230107526882,1.0096998611295256,0.2719273092616006,1801.1,408240000,1813.3,1680.2438709677417,1.0068735045517299,0.185543999077735,1103.5,22925640,1107.7,1025.0694623655913,1.0070489175525528,0.12188113580933546,2578.85,2587.84,2507.0473333333334,1.002903142688824
128.3,3792366,127.54,117.52561290322582,1.0093034216771166,0.20428474928039986,1820.3,312820000,1813.3,1692.249247311828,1.0071450201673235,0.14398284198425593,1122.9,22925640,1107.7,1033.0683870967741,1.007803300190724,0.11810295096602763,2602.42,2587.84,2515.3302580645163,1.0033038565411407
122.66,7494015,128.3,118.17232258064517,1.0055027126550862,0.09437939196502865,1813.4,647369984,1820.3,1703.1432258064515,1.0064375732546071,0.13169677252746004,1100.2,22925640,1122.9,1039.1843010752689,1.0059201443533494,0.06793093488173207,2642.22,2602.42,2525.7116344086025,1.0041272418644835
121.81,10685046,128.3,118.711311827957,1.0045610447145439,0.10105970077005888,1805.8,537660032,1820.3,1712.9384946236557,1.0057512889513835,0.13013738772145378,1101.1,22925640,1122.9,1045.0159139784946,1.0056117215177247,0.048107212982193115,2651.5,2642.22,2536.1692903225808,1.0041404789729398
129.5,10025357,128.3,119.69286021505377,1.0082683644210695,0.13390290190153387,1842.3,653190016,1820.3,1724.4780645161286,1.006736710003711,0.16552875871721984,1120.4,22925640,1122.9,1051.771182795699,1.0064642736314764,0.06226066647064865,2675.81,2651.5,2547.6349032258067,1.004520838946744
129.19,8904523,129.5,120.5894623655914,1.0074908574239658,0.10461591454192454,1813.8,459680000,1842.3,1733.4705376344089,1.00521460568465,0.14037775614598114,1117.8,22925640,1122.9,1057.9812903225807,1.0059044282905478,0.04544862667027427,2683.34,2675.81,2558.9538924731182,1.0044429400904265
130.39,3236393,129.5,121.51367741935483,1.007664144408916,0.0677422785138111,1811.6,221540000,1842.3,1741.778924731183,1.0047929208581257,0.11160158026445766,1106.2,22925640,1122.9,1063.1182795698926,1.0048554632244449,0.03296155772318832,2673.61,2683.34,2569.0698279569892,1.0039531526979153
135.01,5408492,130.39,122.68630107526882,1.009650137176469,0.15155635815972546,1876.5,396680000,1842.3,1753.802795698925,1.0069032130295168,0.1993828925034855,1152.8,22925640,1122.9,1070.9896774193548,1.0074040659451804,0.07554491485227266,2743.15,2683.34,2583.167827956989,1.0054875892615232
138.19,7262400,135.01,123.9968387096774,1.0106820209177598,0.2624322154039289,1915.1,469470016,1876.5,1767.6200000000001,1.0078784252910082,0.27773169431765576,1162.9,22925640,1152.8,1079.0933333333332,1.007566511689921,0.08325582753364769,2786.24,2743.15,2599.3761935483876,1.0062746080281657
142.27,7823621,138.19,125.49105376344087,1.012050428618281,0.21850922412637153,1929.3,483030016,1915.1,1781.5582795698924,1.0078853371029364,0.2349383899903409,1180.3,22925640,1162.9,1087.854623655914,1.0081191219072008,0.06650099671628906,2810.3,2786.24,2616.3774838709674,1.0065405270559824
149.74,6882563,142.27,127.39305376344083,1.0151564589104922,0.3352593924314189,1998.8,586430016,1929.3,1799.28,1.0099473144568618,0.28275793536694604,1203.9,22925640,1180.3,1097.682365591398,1.0090340581560944,0.0948701285934177,2872.87,2810.3,2636.615548387097,1.0077351470270977
149.76,14723920,149.74,129.20227956989245,1.0142019188095703,0.3134179447815517,1934.1,673769984,1998.8,1811.8793548387096,1.0070024425540824,0.24668559273239088,1154.3,22925640,1203.9,1103.7432258064516,1.0055215064075373,0.08176828910593947,2762.13,2872.87,2648.7425161290316,1.0045994448259068
145.16,15788175,149.76,130.62124731182797,1.0109825286880323,0.31992656678528086,1853.4,858249984,1998.8,1818.4744086021506,1.003639896743582,0.20863490417424058,1103.1,22925640,1203.9,1106.0520430107529,1.0020918064549065,0.059176407400897135,2619.55,2872.87,2650.9461505376344,1.0008319549352889
154.03,8684606,149.76,132.53767741935485,1.0146716567707537,0.36871183569494725,1954.7,573729984,1998.8,1831.1012903225806,1.0069436675384045,0.24973543454576186,1167.4,22925640,1203.9,1112.24688172043,1.0056008564414514,0.07178891492541184,2732.22,2872.87,2660.074129032258,1.0034432908012003
160.4,5885536,154.03,134.76649462365592,1.0168164800206132,0.3758408975121017,1989.3,378760000,1998.8,1845.274623655914,1.0077403327758219,0.2851985794219729,1189.6,22925640,1203.9,1119.4967741935484,1.0065182403226018,0.09553571289700757,2747.3,2872.87,2669.616559139785,1.0035872797691539
166.67,9329415,160.4,137.29498924731183,1.018762041935697,0.45732833851284327,1987.9,591859968,1998.8,1858.5707526881718,1.0072055014802703,0.31736014316842664,1179.7,22925640,1203.9,1125.6694623655915,1.0055138061264086,0.10552748344575891,2691.25,2872.87,2674.9510322580645,1.0019982169724024
172.76,10647767,166.67,140.09389247311825,1.0203860551732495,0.5337721709114025,2078.8,560390016,1998.8,1876.9215053763442,1.0098735830538765,0.33561859106343894,1230.3,22925640,1203.9,1134.6978494623656,1.008020460178249,0.11411688314774038,2786.57,2872.87,2685.9740645161287,1.0041208351574045
169.98,9465399,172.76,142.56997849462368,1.0176744751523024,0.5344583417806181,2047.9,574680000,2078.8,1892.2354838709675,1.0081590937344782,0.29845156995516364,1218.4,22925640,1230.3,1142.42,1.006805468558254,0.108419475922791,2752.01,2872.87,2694.024946236559,1.0029973788007818
164.77,10526737,172.76,144.5749892473118,1.0140633447087442,0.47166502846252745,1894.0,640809984,2078.8,1896.6621505376347,1.0023393846613697,0.24408060189441516,1122.4,22925640,1230.3,1143.4363440860216,1.00088964136309,0.07452846028529114,2588.26,2872.87,2690.809247311828,0.9988063588909141
165.45,9421454,172.76,146.50735483870972,1.0133658359682973,0.3980413708022379,1946.9,557980032,2078.8,1903.923440860215,1.0038284574406264,0.2266395481338207,1141.6,22925640,1230.3,1145.4062365591399,1.0017227828058002,0.06204737993031939,2640.87,2872.87,2690.6754623655916,0.999950280776547
162.94,8718828,172.76,148.17034408602152,1.0113508925824413,0.4037260905271046,1925.6,569299968,2078.8,1909.1913978494626,1.0027668953888542,0.22399446870388307,1115.4,22925640,1230.3,1145.4064516129033,1.0000001877532674,0.05628448207690395,2604.47,2872.87,2687.839913978495,0.9989461574140928
166.9,8220805,172.76,149.98873118279573,1.012272274239429,0.45591788197345806,1983.4,435560000,2078.8,1917.6247311827956,1.004417227807978,0.2687486787882567,1157.1,22925640,1230.3,1147.850752688172,1.0021340032368655,0.07769006918522803,2656.3,2872.87,2688.040623655914,1.0000746732260262
168.9,7992128,172.76,151.82692473118277,1.0122555443591743,0.44775661284287493,2020.0,424620000,2078.8,1927.7356989247314,1.0052726519310686,0.2841425033045517,1154.7,22925640,1230.3,1149.8344086021507,1.0017281479402556,0.07820006280762692,2670.14,2872.87,2688.798602150537,1.0002819817855255
163.18,15249058,172.76,153.18191397849458,1.0089245649262204,0.39429004018454605,2021.4,529270016,2078.8,1937.144086021505,1.004880537877688,0.26257372179910365,1147.8,22925640,1230.3,1151.0578494623653,1.001064014827754,0.06752620143316701,2669.91,2872.87,2689.180623655914,1.0001420788842539
171.22,8351687,172.76,154.95744086021506,1.0115909694271723,0.3103800117358493,2032.7,490350016,2078.8,1946.488817204301,1.0048239732140876,0.24046706517265393,1184.6,22925640,1230.3,1154.3767741935485,1.0028833691831678,0.10144929036260364,2663.42,2872.87,2688.8201720430106,0.9998659622898765
178.87,12159235,172.76,157.1201290322581,1.0139566590674014,0.3562677758845998,2091.1,561769984,2078.8,1958.856559139785,1.0063538725864594,0.2694998833620459,1225.5,22925640,1230.3,1160.0094623655914,1.0048794191792172,0.10200933023835224,2727.72,2872.87,2692.3627526881723,1.0013175223400939
173.94,7797297,178.87,158.8430752688172,1.010965789343295,0.2435070166001687,2064.6,513430016,2091.1,1968.6926881720433,1.0050213625833724,0.25093343930853707,1206.6,22925640,1230.3,1164.0391397849462,1.0034738315074923,0.08771407278707799,2712.97,2872.87,2694.5783440860214,1.0008229171182959
176.72,6401233,178.87,160.6397419354839,1.0113109536794482,0.2436927622002265,2094.0,467520000,2091.1,1979.7419354838712,1.0056124794784946,0.19271394139227505,1222.4,22925640,1230.3,1168.7670967741935,1.0040616821442283,0.06960082198490891,2721.33,2872.87,2697.037032258064,1.0009124574824253
181.51,6908377,178.87,162.63578494623656,1.012425586512423,0.35394261573127617,2137.7,428240000,2094.0,1992.9959139784949,1.006694801103652,0.21291024842295625,1247.6,22925640,1230.3,1174.8309677419356,1.0051882629006912,0.06957861694199252,2734.62,2872.87,2700.0515053763443,1.00111769808209
178.19,9349023,181.51,164.2959139784946,1.0102076491517955,0.353309075967845,2159.5,464760000,2137.7,2006.9587096774192,1.0070059329279062,0.24859085113445212,1256.1,22925640,1247.6,1181.1423655913977,1.0053721752513833,0.057787269870133384,2779.03,2872.87,2705.615483870967,1.0020606934658631
186.35,8342420,181.51,166.37021505376342,1.0126253966093175,0.42916876954642813,2154.2,577619968,2159.5,2019.8210752688174,1.006408884014094,0.2526962724720866,1262.4,22925640,1256.1,1187.5410752688172,1.0054173907090493,0.06612833321322786,2779.66,2872.87,2710.797032258065,1.0019151089347273
176.7,8337344,186.35,167.69546236559137,1.0079656524540748,0.3602827537356119,2119.2,645950016,2159.5,2029.6660215053764,1.0048741674978556,0.20047788145246948,1245.9,22925640,1262.4,1192.5335483870967,1.0042040424725094,0.05095387048479383,2754.88,2872.87,2713.948021505376,1.0011623847930387
172.47,7915035,186.35,168.64372043010752,1.0056546435493219,0.37370839493242314,2085.2,595640000,2159.5,2036.6746236559138,1.003453081480538,0.17116491674864542,1218.6,22925640,1262.4,1195.5002150537634,1.0024877008036202,0.07879633536446096,2718.37,2872.87,2714.415655913979,1.0001723077984168
182.16,4463503,186.35,170.11002150537638,1.008694667500985,0.4849669414473978,2148.5,353280000,2159.5,2047.1825806451614,1.0051593695267755,0.18434499520208636,1246.8,22925640,1262.4,1200.0316129032258,1.0037903781131972,0.09146987550361274,2759.82,2872.87,2717.393720430108,1.0010971291407196
191.06,8194777,186.35,172.02073118279569,1.0112321993760898,0.48617473299968006,2238.0,570200000,2159.5,2062.7277419354837,1.007593441560754,0.2259018307386248,1275.7,22925640,1262.4,1206.1141935483872,1.0050686836744624,0.091709524437382,2801.31,2872.87,2722.815612903226,1.00199525465609
191.08,6580179,191.06,173.80034408602148,1.0103453397214939,0.447874908715693,2243.8,502900000,2238.0,2077.796129032258,1.0073050780238382,0.24084661390266693,1277.0,22925640,1275.7,1211.9466666666667,1.004835755311958,0.09826496158587017,2801.83,2872.87,2728.0011612903227,1.0019044801868047
183.95,15151809,191.08,174.98686021505378,1.0068268917145817,0.4023643355647344,2242.8,526929984,2243.8,2091.8752688172044,1.00677599673434,0.2557789227416276,1262.3,22925640,1277.0,1216.488387096774,1.0037474589889328,0.08680138839445983,2818.82,2872.87,2734.0280215053763,1.002209258669158
180.88,10594430,191.08,175.86012903225804,1.004990482234672,0.35224827214644994,2236.6,612070016,2243.8,2104.6270967741934,1.0060958835103966,0.15718766423030894,1277.1,22925640,1277.0,1221.649247311828,1.004242424563847,0.07239071076837744,2840.35,2872.87,2741.1316344086026,1.0025982224203083
187.47,5078173,191.08,177.05991397849465,1.006822381814678,0.3264426666388336,2264.2,391670016,2243.8,2118.3851612903227,1.0065370556794677,0.1303246040724475,1281.3,22925640,1277.1,1226.8137634408602,1.004227495036236,0.084931461716516,2833.28,2872.87,2747.570086021505,1.002348829779673
180.83,5826116,191.08,177.72533333333334,1.0037581592574336,0.24522287227859074,2239.7,435300000,2264.2,2129.8118279569894,1.0053940458399486,0.08747354879927083,1279.2,22925640,1281.3,1231.5881720430107,1.00389171424745,0.06961939209901447,2850.13,2872.87,2754.9944731182795,1.0027021647726282
193.56,9553208,191.08,179.12911827956992,1.0078986204156033,0.24351681417438198,2301.2,450769984,2264.2,2144.53870967742,1.0069146398414723,0.11296062275162755,1300.8,22925640,1281.3,1237.5434408602152,1.00483543846262,0.07985489983022376,2874.69,2872.87,2763.9177204301077,1.0032389347415744
196.36,8923911,193.56,180.619311827957,1.0083191027941159,0.36014412175126476,2351.6,463390016,2301.2,2161.86688172043,1.0080801395492724,0.14226737206113715,1327.2,22925640,1300.8,1244.9935483870966,1.0060200775834607,0.09932307252962702,2901.52,2874.69,2774.5680215053767,1.0038533350673013
196.98,7870571,196.36,182.04929032258062,1.007917085278155,0.3082238607001422,2292.9,406529984,2351.6,2174.5101075268817,1.005848290620184,0.1312721520713942,1288.3,22925640,1327.2,1249.5621505376344,1.003669578976097,0.07164113463065758,2871.68,2901.52,2782.9933978494623,1.0030366443636565
202.97,8216097,196.98,183.75427956989247,1.009365536357163,0.34215921670573357,2386.1,456940000,2351.6,2192.2210752688175,1.008144808194099,0.13212197035661788,1311.9,22925640,1327.2,1255.2550537634409,1.004555918425792,0.06054870573625304,2904.98,2901.52,2793.0249462365587,1.0036045893586554
189.69,14303478,202.97,184.49724731182795,1.004043267692456,0.21234107244054212,2367.3,673760000,2386.1,2207.791397849462,1.007102533022923,0.10565825057739953,1311.2,22925640,1327.2,1260.5920430107528,1.0042517169967258,0.03583769511820756,2929.67,2904.98,2804.277870967742,1.0040289381397562
195.63,7827825,202.97,185.56045161290322,1.0057627109161054,0.2137565248695028,2393.5,659849984,2386.1,2224.2391397849465,1.0074498623155728,0.10869554008108584,1322.1,22925640,1327.2,1266.3707526881722,1.0045841235548478,0.03794785585745486,2913.98,2929.67,2814.126344086021,1.0035119462376532
186.6,9971999,202.97,185.97879569892473,1.0022544894797638,0.11944601972655688,2323.1,673020032,2393.5,2235.272688172043,1.0049605944746407,0.08988587144901916,1292.5,22925640,1327.2,1269.9335483870968,1.002813390700442,0.015029226565957954,2885.57,2929.67,2821.662924731183,1.0026781244776022
184.45,15016936,202.97,186.22866666666667,1.0013435454660458,0.07294154686371135,2237.3,1021990016,2393.5,2240.245376344086,1.002224644983297,0.10731625948790557,1243.1,22925640,1327.2,1270.175483870968,1.0001905103492843,0.014778322427275059,2767.13,2929.67,2821.3453118279567,0.9998874376877399
177.15,10665488,202.97,185.97645161290322,0.9986456700878663,0.017437342758368057,2210.0,694899968,2393.5,2243.0494623655914,1.0012516870031807,0.10962151338816728,1228.6,22925640,1327.2,1269.4288172043011,0.9994121547170858,0.025259336335829996,2767.78,2929.67,2821.0371182795698,0.9998907636200735
166.76,17830066,202.97,185.02729032258068,0.9948963361646551,-0.018727262622327823,2162.3,942590016,2393.5,2242.096559139785,0.9995751751168245,0.09652651497893938,1195.3,22925640,1327.2,1266.3053763440857,0.9975394911334262,0.04029146686649243,2658.69,2929.67,2813.304795698925,0.9972590496840537
178.78,12747688,202.97,184.85079569892468,0.9990461157197498,-0.022603687339243894,2193.3,1076620032,2393.5,2242.6804301075267,1.0002604129449117,0.1044882493616055,1207.0,22925640,1327.2,1263.8212903225808,0.9980383199282651,0.036589748913620435,2723.06,2929.67,2809.6870537634413,0.9987140597275438
177.59,9557575,202.97,184.5634623655914,0.998445593202632,-0.0662092525061484,2251.9,702780032,2393.5,2246.469247311828,1.0016894146635593,0.04991394357475576,1223.9,22925640,1327.2,1262.2305376344084,0.9987413151682495,0.010781769912229455,2781.01,2929.67,2809.5529892473123,0.9999522848938107
171.09,8966216,202.97,183.83378494623653,0.996046468732205,-0.120870523323378,2224.6,739089984,2393.5,2247.9193548387093,1.0006455051760075,-0.004636216234863877,1193.8,22925640,1327.2,1258.554193548387,0.9970874226407869,0.009095117431317634,2736.27,2929.67,2806.2642795698926,0.9988294544754962
160.63,9692212,202.97,182.42455913978495,0.9923342392865179,-0.116338362905678,2118.3,573379968,2393.5,2242.0713978494623,0.9973985023187513,-0.014680530698693017,1121.2,22925640,1327.2,1250.1098924731182,0.9932904748015173,-0.00918553353132967,2632.56,2929.67,2796.142387096774,0.996393107895501
185.27,11237909,202.97,182.6104946236559,1.001019245899498,0.02834907363550121,2285.0,765870016,2393.5,2246.7698924731185,1.002095604371994,0.04268133185248013,1189.9,22925640,1327.2,1246.1550537634407,0.9968364071562913,-0.03185139218834143,2760.17,2929.67,2794.333720430108,0.9993531564504681
182.38,9380230,202.97,182.5797634408602,0.9998317118473445,-0.022657779300956582,2169.6,691529984,2393.5,2243.4806451612903,0.9985360105977709,-0.03998850162917367,1129.6,22925640,1327.2,1238.2984946236559,0.9936953598863498,-0.04355813072196768,2633.08,2929.67,2784.117634408602,0.9963439993058762
181.98,9189042,202.97,182.51567741935483,0.9996489971270768,-0.022848800716620543,2181.0,741609984,2393.5,2240.7580645161293,0.9987864479013745,-0.03663193595728531,1129.3,22925640,1327.2,1230.6288172043012,0.9938062773615132,-0.022405171856549222,2599.95,2929.67,2771.9676559139784,0.9956359679833698
162.0,12136267,202.97,181.14526881720428,0.9924915567718501,-0.10227705112344998,2011.7,1159480064,2393.5,2226.8625806451614,0.9937987576209087,-0.042637492619696404,1039.7,22925640,1327.2,1217.3447311827956,0.9892054486001036,-0.03748909375820486,2416.62,2929.67,2748.2329892473126,0.9914376105305457
180.33,9326957,202.97,180.98909677419354,0.9991378629757737,-0.031086984738944445,2083.3,591180032,2393.5,2217.7634408602153,0.9959139194919203,-0.01094475956155383,1078.1,22925640,1327.2,1206.9309677419355,0.9914455099084859,-0.04485003597806703,2485.74,2929.67,2729.6129677419353,0.9932247296432909
179.23,8882129,202.97,180.7644946236559,0.9987590293860749,-0.05504134653470283,2117.8,550780032,2393.5,2211.0070967741935,0.9969535325718053,0.013726050737059792,1079.3,22925640,1327.2,1196.9591397849463,0.991737863868349,-0.051840806424315766,2531.94,2929.67,2714.508817204301,0.9944665596492498
191.69,8814046,202.97,181.34152688172043,1.0031921769773753,-0.02970495713382504,2179.2,647100032,2393.5,2208.3017204301077,0.9987764054000401,-0.005933225255850827,1115.5,22925640,1327.2,1189.703010752688,0.9939378640497604,-0.05038636029352006,2596.26,2929.67,2704.085720430108,0.996160227328004
190.09,9859993,202.97,181.80384946236558,1.002549457857751,0.08104858879585819,2262.4,672350016,2393.5,2210.9103225806452,1.0011812707142345,0.05355795348044867,1146.6,22925640,1327.2,1184.7692473118282,0.9958529453180602,-0.04914836571726211,2670.71,2929.67,2698.860258064516,0.9980675677822962
191.08,5869425,202.97,182.30124731182795,1.002735903837753,0.1353629761396331,2259.0,504670016,2393.5,2212.991612903226,1.0009413725655554,0.06487482668723499,1158.0,22925640,1327.2,1180.784516129032,0.9966367027234736,-0.030007820290878895,2664.76,2929.67,2693.4319354838713,0.9979886611155859
221.51,22567176,202.97,184.72184946236564,1.0132780339478271,0.21259212059239174,2250.7,684809984,2393.5,2214.1636559139783,1.00052961927371,0.017778351120864455,1170.2,22925640,1327.2,1177.7172043010753,0.9974023102555475,-0.04212804912323265,2706.53,2929.67,2690.8137419354844,0.9990279340220578
228.56,10250783,221.51,187.51266666666666,1.015108213849221,0.14674807716498317,2313.5,906019968,2393.5,2219.1675268817207,1.0022599372699381,-0.01918028863320953,1190.8,22925640,1327.2,1176.1436559139786,0.9986638996345217,-0.033199444054434646,2707.88,2929.67,2688.397247311828,0.9991019465279234
234.89,8710817,228.56,190.63122580645162,1.0166311918827793,0.26770302214210084,2367.6,687910016,2393.5,2227.4993548387097,1.003754483542167,-0.025753191558582467,1219.9,22925640,1327.2,1176.6301075268818,1.0004135988069631,-0.0353524352669482,2775.6,2929.67,2690.5507096774195,1.0008010208936737
235.0,7080005,234.89,193.6626666666667,1.0159021212154031,0.3421912043958202,2413.4,485889984,2393.5,2238.5197849462365,1.0049474448033342,-0.008383029360665262,1236.9,22925640,1327.2,1178.3361290322582,1.0014499216826622,-0.01084506804270946,2792.67,2929.67,2693.861870967742,1.001230663030588
243.52,8959360,235.0,197.134,1.0179246387188718,0.364496750508547,2443.8,677870016,2413.4,2251.134623655914,1.0056353483201312,0.05590256717003017,1249.0,22925640,1327.2,1180.8774193548388,1.002156676910745,-0.009096115421285855,2803.69,2929.67,2697.9402365591395,1.001513947554383
233.95,10675455,243.52,199.85320430107527,1.0137936850115925,0.2699395872611263,2382.9,635990016,2443.8,2259.374838709677,1.0036604719092193,-0.008644004825187901,1222.1,22925640,1327.2,1181.7436559139785,1.0007335533264858,-0.01436365214222679,2743.07,2929.67,2698.18647311828,1.0000912683519834
241.89,9571770,243.52,202.98470967741932,1.0156690276110185,0.32927800091312087,2472.8,811160000,2443.8,2273.159784946237,1.0061012214531133,0.05052039401121955,1281.6,22925640,1327.2,1186.5759139784948,1.004089091606571,0.011577484477864664,2822.48,2929.67,2703.749935483871,1.0020619265647572
241.21,9360717,243.52,205.9410322580645,1.014564262428157,0.22921307399993496,2482.3,638129984,2472.8,2287.0563440860215,1.0061133226233427,0.0038516822608785084,1286.8,22925640,1327.2,1191.738494623656,1.0043508220454698,0.014972341185795601,2800.71,2929.67,2707.9683440860217,1.0015602066399665
246.49,7042529,243.52,209.1355268817204,1.0155116956957508,0.135684526491874,2508.0,509750016,2482.3,2302.221505376345,1.0066308647487143,-0.009765716127193791,1299.2,22925640,1327.2,1197.731182795699,1.0050285261398184,0.002035656445688927,2834.4,2929.67,2714.519397849463,1.002419176641318
236.98,8460077,246.49,211.60866666666666,1.0118255363965252,0.09016456918474258,2532.8,617070016,2508.0,2318.650322580645,1.0071360714709399,0.004724462369434912,1332.2,22925640,1327.2,1205.9131182795697,1.0068311951808526,0.02674222779059665,2892.74,2929.67,2724.9786666666664,1.0038530831002679
244.3,6090643,246.49,214.4680430107527,1.0135125672739587,0.025474569883714437,2566.5,539520000,2532.8,2336.737419354839,1.007800700518767,-0.02588900759897217,1347.6,22925640,1332.2,1214.9941935483869,1.007530455661493,0.02637594540116761,2907.41,2929.67,2736.3390967741934,1.0041689978150998
237.4,7852449,246.49,216.79337634408603,1.0108423301704523,0.1252154821775766,2573.1,392240000,2566.5,2354.862365591398,1.0077565181635013,0.016587371664896544,1365.4,22925640,1347.6,1225.14688172043,1.008356161886167,0.049746684170000166,2905.03,2929.67,2747.540752688172,1.0040936651189114
267.08,13023435,246.49,220.93094623655915,1.019085315069341,0.21618106465190579,2691.3,701680000,2573.1,2380.170537634409,1.0107471979733538,0.020635503645220155,1378.9,22925640,1365.4,1236.0539784946236,1.0089026850061253,0.034073767176143965,2939.88,2929.67,2761.043784946237,1.0049145885260677
268.52,9942391,267.08,225.00776344086026,1.0184529024735898,0.32436662292048535,2673.0,554969984,2691.3,2403.6576344086025,1.0098678209829186,0.00485758686489457,1383.6,22925640,1378.9,1247.1421505376345,1.0089706212155194,0.0496661814916588,2945.64,2939.88,2774.8627311827954,1.0050049717834617
274.9,7548189,268.52,229.32002150537636,1.0191649301276198,0.4261666535958042,2633.5,614030016,2691.3,2423.8438709677416,1.0083981330245086,0.005508513583426966,1334.2,22925640,1383.6,1254.847311827957,1.0061782542487243,0.03198903672179321,2881.4,2945.64,2784.407978494624,1.0034398989198863
272.99,12041584,274.9,233.3145376344086,1.0174189593338172,0.5161185727062501,2640.7,638280000,2691.3,2443.6425806451607,1.0081683106385537,0.04435580093625169,1320.2,22925640,1383.6,1261.4533333333334,1.005264402643341,0.04140709466483283,2859.53,2945.64,2792.2965161290326,1.002833111273684
268.95,6909583,274.9,236.8423010752688,1.0151202041528506,0.5824592625324032,2597.2,572910016,2691.3,2459.7086021505374,1.00657462004985,0.035591356795510176,1283.3,22925640,1383.6,1265.4817204301075,1.0031934491671834,0.010669629597130692,2826.06,2945.64,2797.828387096774,1.001981118744298
261.93,5096859,274.9,239.69739784946236,1.012054843080106,0.48431633599189705,2536.9,572060032,2691.3,2470.9490322580646,1.0045698218470673,0.016551530519010704,1258.6,22925640,1383.6,1267.7273118279568,1.0017744953258478,0.032100837676089844,2752.06,2945.64,2798.2261290322585,1.0001421609478691
274.55,8814919,274.9,243.18787096774193,1.0145619983762681,0.5389291793781037,2666.0,807120000,2691.3,2489.7795698924733,1.0076207713670244,0.05506499840365464,1333.7,22925640,1383.6,1274.7070967741936,1.0055057462918997,0.0565130435795298,2873.34,2945.64,2806.386021505376,1.0029160947317504
272.25,5890395,274.9,246.32144086021503,1.0128853872522645,0.6231245986219993,2663.1,633289984,2691.3,2507.53247311828,1.0071303112293484,0.0713809678638766,1331.1,22925640,1383.6,1281.2830107526881,1.0051587647037783,0.059932260659775194,2886.98,2945.64,2815.2273548387097,1.0031504337840849
285.74,7858385,274.9,250.1077849462365,1.0153715570711126,0.7732465885148285,2770.5,821929984,2691.3,2531.271397849462,1.0094670457853179,0.15535519891204563,1375.3,2229939968,1383.6,1290.4152688172042,1.0071274324156934,0.1058751980101631,2950.46,2945.64,2827.840064516129,1.0044801744540246
274.57,9744864,285.74,252.9044301075269,1.0111817597436703,0.5195571664662422,2724.4,707900032,2770.5,2550.633548387097,1.0076491799947191,0.10119265236204011,1372.6,2179950080,1383.6,1298.82688172043,1.006518531752136,0.08775288846659302,2941.76,2950.46,2839.2078279569896,1.0040199456763852
294.53,5809935,285.74,256.7967741935484,1.0153905729700607,0.6658150536450366,2804.2,456340000,2770.5,2574.1991397849465,1.0092391129304918,0.17786274858792273,1403.2,1289410048,1383.6,1308.8197849462367,1.0076937915025057,0.10650163956677439,2990.41,2950.46,2853.323784946237,1.0049717941921161
301.13,5984741,294.53,260.87374193548385,1.0158762420390166,0.6954427431487463,2849.9,598990016,2804.2,2599.3483870967743,1.0097697365068379,0.17370122779752606,1424.5,1726429952,1403.2,1319.598494623656,1.008235442191044,0.10223626847499112,3013.77,2990.41,2868.1783870967743,1.0052060695771394
289.74,5253790,301.13,263.95963440860214,1.011829065088051,0.7722191422191425,2799.8,589580032,2849.9,2619.8268817204307,1.0078783185529543,0.20942543505205813,1415.1,1659769984,1424.5,1329.1359139784947,1.0072275160919753,0.12934121734703496,2976.61,3013.77,2879.745634408602,1.004032959513211
289.33,12580243,301.13,266.74436559139787,1.0105498372470278,0.5658704981358906,2875.1,802230016,2849.9,2643.468602150537,1.009024153693156,0.18740237441302954,1449.3,1666680064,1424.5,1340.0724731182797,1.0082283226453859,0.12702202589057277,3025.86,3013.77,2893.2860215053765,1.0047019385792229
265.86,12123194,301.13,267.78049462365595,1.003884352083542,0.44384286173222276,2742.8,754179968,2875.1,2656.872043010753,1.0050703991147507,0.06869753711387716,1386.1,2336169984,1449.3,1346.1333333333334,1.0045227853990242,0.12623324389074653,2932.05,3025.86,2899.612602150538,1.002186641969766
263.82,9148793,301.13,268.49870967741936,1.0026821036938214,0.33029165178922315,2746.8,781169984,2875.1,2669.1894623655917,1.0046360604332607,0.060079529161432665,1374.8,2368470016,1449.3,1350.805376344086,1.0034707134093348,0.10827704084615353,2918.65,3025.86,2904.214215053764,1.0015869750668807
256.91,7458053,301.13,268.61600000000004,1.0004368375651473,0.22470453441764815,2708.4,612150016,2875.1,2677.808817204301,1.0032292030821484,0.018153604247903354,1370.6,2193420032,1449.3,1354.648817204301,1.0028452957972502,0.11374519410584738,2888.68,3025.86,2906.1889677419354,1.0006799610985773
263.07,8957735,301.13,268.9870107526882,1.0013811937959323,0.21829590191965798,2680.4,612230016,2875.1,2683.662580645161,1.0021860273979424,0.02834595684384089,1351.1,1796480000,1449.3,1356.7524731182796,1.0015529160674426,0.09832284487553666,2847.11,3025.86,2905.0130322580644,0.9995953685404069
261.84,6589675,301.13,269.12384946236557,1.0005087186526014,0.04756765398074547,2739.5,577619968,2875.1,2692.4230107526887,1.0032643560225152,0.07121355820621034,1393.3,1537990016,1449.3,1361.1634408602151,1.0032511219469515,0.10939214165113742,2926.46,3025.86,2908.564301075269,1.0012224622670434
263.5,6173984,301.13,269.28105376344087,1.0005841336670434,0.039805888877940676,2762.1,498432992,2875.1,2701.590322580645,1.0034048556973942,0.04756501189178963,1426.8,1324349952,1449.3,1367.2559139784946,1.0044759306159656,0.09817058309410842,2978.71,3025.86,2915.0135698924737,1.0022173375416938
251.96,10269733,301.13,268.61860215053764,0.9975399249087714,-0.13195303220051935,2717.5,749473024,2875.1,2706.915483870968,1.0019711209526527,0.05022243735395082,1421.3,1936230016,1449.3,1372.4860215053764,1.0038252586610965,0.08158562789167334,3007.39,3025.86,2922.730731182796,1.0026473843449746
271.17,7545979,301.13,269.15879569892473,1.002011005731034,-0.024368169027990216,2755.7,741662016,2875.1,2713.952688172043,1.002599713342735,0.023619881862685377,1410.3,1890029952,1449.3,1376.5733333333333,1.002978035305215,0.06878797876816978,2992.07,3025.86,2928.961032258065,1.0021316712514081
250.26,8561355,301.13,268.2721720430107,0.9967059458205267,-0.11301892332898933,2703.1,643958016,2875.1,2716.8602150537636,1.0010713255593555,-0.027946136549263922,1398.8,1799879936,1449.3,1379.5458064516129,1.0021593278369572,0.06354597697182673,2961.79,3025.86,2932.808967741935,1.0013137544137634
266.48,8317069,301.13,268.417505376344,1.0005417383854112,-0.0014563843546622213,2729.8,702580992,2875.1,2720.932688172043,1.001498963066158,0.012508598507149804,1414.4,1780290048,1449.3,1383.202580645161,1.0026507087886802,0.08118196829908775,2952.01,3025.86,2935.6859354838707,1.0009809598148327
270.33,6540842,301.13,268.7412688172043,1.0012061934649392,-0.0027689908527268603,2762.4,568273984,2875.1,2726.362365591398,1.0019955206694227,0.014765590339745449,1432.1,1607619968,1449.3,1387.5877419354838,1.0031702957698918,0.06506958304542709,2970.27,3025.86,2939.291634408602,1.001228230472868
243.0,14498682,301.13,267.24064516129033,0.9944161026606797,-0.08968546344802397,2681.3,632979008,2875.1,2725.936989247312,0.9998439765933338,-0.03173374586055577,1419.8,1468620032,1449.3,1390.855698924731,1.0023551353838633,0.037127530432253586,2986.2,3025.86,2943.607247311829,1.0014682493062976
241.22,37152904,301.13,265.6213333333334,0.9939406229655686,-0.08679684436150226,2738.1,842929024,2875.1,2728.7481720430105,1.0010312721118602,0.0029159604224584523,1455.2,1640029952,1449.3,1396.121505376344,1.0037860192510868,0.053692999726095536,3022.55,3025.86,2949.86911827957,1.0021272780101556
253.03,11194635,301.13,264.77529032258064,0.9968148529331753,-0.015994470028371843,2807.4,617931008,2875.1,2735.5354838709677,1.0024873353640675,0.03754724764304651,1485.1,1804630016,1455.2,1402.980860215054,1.0049131503327577,0.05456320498584444,3066.91,3025.86,2958.588301075269,1.002955786323423
248.45,9260805,301.13,263.5992473118279,0.9955583354877265,-0.042719025002307065,2852.3,565267008,2875.1,2744.629032258065,1.0033242297315146,0.08291852312892645,1509.6,1818480000,1485.1,1411.0920430107526,1.0057813923380645,0.05635275110583282,3093.08,3066.91,2968.621311827956,1.0033911479840032
259.96,9583533,301.13,263.15686021505377,0.9983217437026638,0.039208245993869184,2920.3,505433984,2875.1,2757.495053763441,1.0046877087410209,0.05192714646231256,1529.4,1736329984,1509.6,1420.1322580645162,1.0064065381833456,0.045953740839908885,3120.46,3093.08,2980.0214838709676,1.003840224415822
279.98,57239712,301.13,263.9575698924731,1.0030427087356377,-0.003131681547045684,2936.4,658880000,2920.3,2770.6531182795698,1.0047717454644827,0.03546331245795553,1516.7,1759160064,1529.4,1428.000430107527,1.0055404501928111,0.04196977963196935,3110.29,3120.46,2990.30223655914,1.0034498921379646
283.04,7797570,301.13,264.9279569892473,1.0036762995551503,-0.051118669146575924,2975.7,433142016,2936.4,2785.8195698924733,1.0054739626237734,0.05341334699471312,1543.0,1210589952,1529.4,1437.2690322580645,1.0064906157975313,0.04889174672471963,3140.98,3120.46,3002.1965161290314,1.0039776178556379
272.04,9591928,301.13,265.15744086021505,1.0008662123604306,-0.14821660458572938,2948.8,620979008,2975.7,2798.599569892473,1.0045875189255322,0.05507470793242808,1536.8,1620630016,1543.0,1445.7948387096774,1.0059319488977079,0.060052171232032325,3145.91,3140.98,3013.9887741935486,1.0039278768065862
272.98,8403515,301.13,265.4537204301075,1.0011173722635551,-0.10123377202093309,2985.9,623864000,2975.7,2813.0950537634412,1.0051795490955233,0.10722364320954192,1566.9,1800710016,1543.0,1455.82688172043,1.0069387735674211,0.0787114892018852,3168.8,3145.91,3026.6889677419354,1.0042137494529273
282.63,9017223,301.13,266.3726021505376,1.0034615514860414,-0.084528259583039,3044.9,713427008,2985.9,2830.6546236559143,1.0062420819619946,0.1244484300612454,1597.0,2230720000,1566.9,1467.2703225806451,1.0078604406910605,0.10462072784783993,3221.22,3168.8,3042.106,1.0050936955935603
286.88,4190971,301.13,267.5362580645162,1.004368527035378,-0.031993591565499635,3068.3,326804000,3044.9,2848.7610752688174,1.006396559813969,0.14713485607839694,1614.7,915790016,1597.0,1479.181075268817,1.0081176266601122,0.10562623728084075,3240.02,3221.22,3057.8861290322575,1.0051872383908573
291.1,5284201,301.13,268.91851612903224,1.005166619562208,-0.03728252476553773,3075.2,446115008,3068.3,2866.169892473118,1.00611101343508,0.11850698842344132,1621.7,1195389952,1614.7,1490.7776344086024,1.0078398509375721,0.09012536300163054,3234.85,3240.02,3072.2833333333333,1.004708221200386
298.88,7316870,301.13,270.7671182795699,1.0068742092480187,0.010039954227122116,3155.4,787203968,3075.2,2887.872903225806,1.0075721299039817,0.152351676718526,1656.8,1793580032,1621.7,1504.0193548387097,1.0088824249334545,0.11362401538472455,3265.35,3240.02,3087.870838709677,1.005073589797928
312.52,9012919,301.13,273.43845161290324,1.0098657966680251,-0.02714654846339304,3249.6,757361984,3155.4,2914.5946236559143,1.009253080494041,0.1243182594417176,1705.8,1797890048,1656.8,1519.7219354838708,1.0104404112850296,0.11180242992514122,3329.62,3265.35,3106.7910967741936,1.0061272828601933
309.39,7709878,312.52,275.85025806451614,1.008820290041092,-0.017452464960968417,3235.2,554088000,3249.6,2939.3569892473115,1.008495989593344,0.09859608451617707,1711.1,1570230016,1705.8,1535.0556989247311,1.0100898480720937,0.12637472381606552,3295.47,3329.62,3122.692731182796,1.005118346845114
338.23,13196509,312.52,280.04782795698924,1.0152168423619576,-0.015825019660765216,3279.8,672926016,3249.6,2965.898279569893,1.0090296246490897,0.12608350633233156,1673.9,2124070016,1711.1,1547.261505376344,1.007951376917569,0.11429486538947842,3225.52,3329.62,3133.320795698925,1.0034034935330007
341.06,10161880,338.23,284.334,1.0153051429617552,-0.037108555966518963,3469.0,965958976,3279.8,3003.6232258064524,1.0127195684681507,0.15380221608558808,1748.7,1852189952,1711.1,1563.7109677419357,1.010631339504301,0.1234200944888888,3327.71,3329.62,3150.0361505376345,1.0053347090606408
356.16,7879148,341.06,289.50849462365596,1.0181986488554164,0.08956240415923977,3534.9,805489984,3469.0,3044.268387096774,1.0135320438799074,0.12182446422320847,1788.5,1956790016,1748.7,1582.0309677419355,1.011715720090174,0.12829458832749863,3380.16,3329.62,3169.4602365591404,1.0061663057480121
344.48,6892934,356.16,293.78660215053765,1.014777139898582,0.06474035223833252,3425.5,645339008,3534.9,3076.274623655914,1.01051360540181,0.05906271886945946,1743.3,1608930048,1788.5,1596.6318279569894,1.0092291873628074,0.0997817231253526,3337.75,3380.16,3185.2803440860216,1.0049914200987282
326.09,10951488,356.16,296.75965591397846,1.010119773133553,0.11035420323819456,3107.4,1282535936,3534.9,3086.574623655914,1.0033482056253349,0.16006080762942632,1549.2,3533360128,1788.5,1598.0778494623655,1.0009056699735384,0.11010701530418632,2954.22,3380.16,3175.6858494623652,0.9969878649326832
317.24,13296834,356.16,299.0322150537635,1.0076579113585566,0.08018101433363478,3058.0,1256824064,3534.9,3092.9034408602156,1.00205043388739,0.11186797928072156,1557.9,3242299904,1788.5,1599.7344086021506,1.0010365947693614,0.11477723864676315,2972.37,3380.16,3167.2146451612903,0.9973324803829355
287.67,17186624,356.16,299.28215053763444,1.0008358145754497,0.01844335598813296,2929.4,1474589952,3534.9,3090.26623655914,0.9991473370082506,0.16855633348974042,1476.9,3856780032,1788.5,1595.7713978494623,0.997522707062261,0.13905941357195106,2711.02,3380.16,3141.766623655914,0.9919651730758904
254.7,18020428,356.16,297.3388387096774,0.9935067566693636,-0.13669129998107665,2582.4,1692989056,3534.9,3064.7666666666673,0.9917484229705512,0.258240106698738,1251.7,4051510016,1788.5,1577.050752688172,0.9882685921138082,0.1168655292901154,2304.92,3380.16,3090.5006666666673,0.9836824426730999
274.0,16093038,356.16,296.65868817204296,0.997712540546045,-0.07782617460002572,2810.6,1357933056,3534.9,3054.2004301075267,0.9965523520357806,0.22645685846627295,1383.0,3586540032,1788.5,1567.0148387096774,0.9936362771068795,0.12416232648445014,2541.47,3380.16,3055.6620000000003,0.9887271771067945
249.57,15456070,356.16,294.37625806451615,0.9923062084525799,-0.16172758731649461,2788.9,1128832000,3534.9,3042.08129032258,0.9960319762693112,0.2699410803379839,1355.6,2762619904,1788.5,1555.2333333333333,0.9924815610641918,0.11461900487198906,2488.65,3380.16,3018.2435268817203,0.9877543808450411
278.06,10784798,356.16,293.96184946236554,0.998592248556744,-0.01920432672842609,3046.4,916078016,3534.9,3046.5174193548387,1.0014582545990374,0.19428719903278024,1499.2,2264859904,1788.5,1552.8694623655915,0.9984800538175996,0.12715410087637513,2789.82,3380.16,3001.3092688172046,0.9943893665591619
299.59,10880332,356.16,294.8803440860215,1.0031245368245432,-0.044848330343070675,3270.5,956915968,3534.9,3064.7043010752686,1.0059697284528515,0.30381303513595137,1571.0,2398159872,1788.5,1554.9703225806454,1.0013528891294272,0.15322120086185775,2874.56,3380.16,2990.31,0.9963351764739862
302.94,9124258,356.16,295.9538494623656,1.0036404779018806,0.07617389174575817,3206.6,1207216000,3534.9,3077.6615053763444,1.004227880744165,0.34308038076843617,1558.5,2306160128,1788.5,1555.9191397849463,1.0006101834810108,0.15639037723482585,2836.74,3380.16,2977.123440860215,0.9955902367514455
339.51,14728436,356.16,299.27341935483867,1.0112165119612515,0.129188717405897,3218.7,966899968,3534.9,3090.3165591397847,1.0041119056599737,0.3443030063428567,1561.7,2352229888,1788.5,1556.7309677419355,1.0005217674467977,0.14523374625941265,2830.71,3380.16,2963.816774193548,0.9955303611250926
377.26,12774772,356.16,304.8714193548387,1.0187053030371622,0.22743046766325925,3445.6,800497024,3534.9,3116.5589247311827,1.0084918049944704,0.39526479482196175,1665.4,1886520064,1788.5,1563.9163440860218,1.0046156827948947,0.17653264217080622,2929.8,3380.16,2957.1638709677422,0.9977552919992444
370.46,12674621,377.26,309.80075268817205,1.016168564910954,0.3372643178176753,3408.6,888006016,3534.9,3138.9449462365587,1.0071829290079304,0.49499608601225586,1640.7,2333289984,1788.5,1569.0064516129032,1.0032547185443326,0.19660732839625938,2863.7,3380.16,2946.333483870968,0.9963375762827679
387.96,6938682,377.26,315.58501075268816,1.01867089738913,0.4179450004129379,3471.0,740612992,3534.9,3163.7926881720427,1.0079159534050686,0.43889827465603415,1694.5,1881289984,1788.5,1577.0924731182797,1.0051535935349816,0.1866445480462149,2955.45,3380.16,2941.685892473118,0.998422584740223
387.93,8992138,387.96,321.05176344086016,1.0173225993057575,0.37133526059793454,3505.3,908507008,3534.9,3189.2772043010755,1.0080550524768288,0.36507824253403676,1718.5,2068460032,1788.5,1586.212258064516,1.005782657074131,0.16453011443518284,3044.31,3380.16,2942.9155053763443,1.0004179959887534
390.46,9304707,387.96,326.3916344086021,1.0166324299561917,0.37606977237283457,3560.6,1254112000,3534.9,3216.8286021505373,1.0086387592186423,0.26630459484097146,1781.2,2028979968,1788.5,1598.8752688172044,1.007983175447238,0.1473101683968978,3193.93,3380.16,2953.846623655914,1.0037143840044336
385.13,9689353,390.46,331.0822365591397,1.0143710857021093,0.2379985200618675,3540.7,1039308032,3560.6,3241.5729032258064,1.0076921415889946,0.28929916196923344,1745.1,2312290048,1788.5,1608.6251612903225,1.006097969405913,0.1664005503287761,3041.31,3380.16,2954.71440860215,1.000293781315281
399.87,8369848,390.46,336.45462365591396,1.0162267452117282,0.23046207038089062,3696.8,1053804992,3560.6,3275.053978494624,1.010328651018615,0.33161811005562825,1793.7,2262739968,1788.5,1621.0466666666666,1.0077218146745763,0.1866683422391151,3097.74,3380.16,2959.393053763441,1.001583450890438
399.97,8001379,399.87,341.5756344086022,1.0152205093722397,0.24572493249002836,3705.0,1145778048,3696.8,3307.4288172043016,1.0098852840051689,0.3666302976180629,1785.7,2293139968,1793.7,1632.3563440860216,1.006976774729509,0.1992938059830961,3009.05,3380.16,2958.376752688172,0.9996565846250208
414.21,6329703,399.97,347.3638924731182,1.0169457580735748,0.3147130256042756,3869.6,701307008,3705.0,3348.8546236559137,1.0125250787669644,0.3819880032484878,1851.3,1454979968,1793.7,1647.3763440860216,1.0092014222595556,0.20970019916012295,3130.01,3380.16,2965.448043010753,1.002390260238543
422.91,7494183,414.21,353.40769892473116,1.0173990635831003,0.33079233015697307,3995.2,913369984,3869.6,3396.4034408602147,1.0141985313033364,0.4001255283400523,1901.3,1743670016,1851.3,1664.9458064516127,1.0106651175541426,0.2082900548520903,3185.04,3380.16,2976.103849462366,1.0035933209070136
421.81,8070022,422.91,359.0581075268817,1.0159883574108384,0.3208824703386597,3804.6,903294976,3995.2,3429.4849462365596,1.009740157773473,0.33571910536239,1879.1,1852460032,1901.3,1680.3638709677418,1.0092604002222683,0.17555405768720966,3224.73,3380.16,2989.2853763440853,1.004429121948853
425.19,7933450,422.91,364.62726881720437,1.0155104735795604,0.26357491237077224,3785.3,955646976,3995.2,3459.6875268817203,1.0088067395304663,0.33049725227875715,1850.2,2333880064,1901.3,1693.310752688172,1.0077048084311488,0.1533752571664967,3215.63,3380.16,3001.8722580645153,1.0042106658066297
439.2,9168147,425.19,370.8028602150537,1.016936723953428,0.2816951400023,3876.9,774236992,3995.2,3494.2578494623654,1.0099923251195475,0.32026512714601163,1942.4,2369809920,1901.3,1711.6995698924734,1.0108596825332319,0.18654317540919552,3271.12,3380.16,3018.0915913978497,1.0054030724624479
431.21,8652248,439.2,376.14447311827956,1.0144055331723383,0.20578250848275093,3959.7,981625984,3995.2,3532.446021505376,1.0109288363046494,0.31106817797235775,1999.4,2175269888,1942.4,1733.0761290322578,1.0124884994515289,0.1804684533578016,3351.28,3380.16,3039.4045376344084,1.00706172943767
435.73,8935958,439.2,381.49311827956984,1.0142196563914643,0.19429145095929234,3903.9,754153024,3995.2,3565.3045161290324,1.0093019099014156,0.2969115537616277,2001.5,2091820032,1999.4,1753.8513978494625,1.0119875108018512,0.16036628434043876,3372.85,3380.16,3061.9243010752693,1.0074092682175135
449.42,11264386,439.2,387.4600215053764,1.015640919691332,0.2761774537247914,4020.6,678257024,3995.2,3604.28494623656,1.010933268092861,0.34717130134423757,2071.2,1831600000,2001.5,1778.4875268817204,1.0140468736761086,0.17959190804138725,3397.16,3380.16,3085.9194838709677,1.0078366348858696
487.87,8304206,449.42,395.60643010752693,1.02102515911319,0.2635656289449366,4357.6,935972992,4020.6,3663.318279569892,1.016378653245763,0.39893202273717454,2164.4,2001350016,2071.2,1808.3621505376348,1.0167977695678836,0.20544858028771995,3508.01,3397.16,3116.8475913978496,1.0100223313305912
450.35,8821862,487.87,401.01038709677425,1.0136599321395725,0.1623861401095723,4101.6,1243518976,4357.6,3703.517634408602,1.0109734813551143,0.27655449285591505,2074.5,3437110016,2164.4,1831.3819354838708,1.012729632136678,0.15648451485262438,3426.96,3508.01,3141.9391612903223,1.0080503037625974
445.9,5581680,487.87,405.8922150537634,1.0121738192178324,0.06083961902904056,3941.2,961612992,4357.6,3732.0081720430103,1.0076928316392255,0.26637774479543797,1984.0,2410500096,2164.4,1847.8623655913977,1.0089989039359901,0.12090360293740321,3340.97,3508.01,3161.2695483870975,1.0061523747292538
453.09,7101985,487.87,411.04492473118285,1.0126947733568552,0.1299511955935293,3905.3,1110301056,4357.6,3757.3088172043017,1.0067793648874679,0.29266042059948716,1963.3,2988819968,2164.4,1862.5868817204303,1.0079684052249855,0.1316741849487908,3319.47,3508.01,3179.29711827957,1.0057026361139214
479.97,4912574,487.87,417.6982580645162,1.016186389693741,0.3051692185373813,4041.0,847931008,4357.6,3790.3324731182797,1.0087891779783356,0.3546382162415138,2005.2,2595620096,2164.4,1879.541505376344,1.0091027290175334,0.17782063297014927,3298.46,3508.01,3196.0085161290317,1.0052563183709313
493.15,5805214,487.87,424.8709892473118,1.01717203996979,0.4053711916988969,4047.2,768291968,4357.6,3821.748387096774,1.0082884322684886,0.3765986335837951,2021.4,2334060032,2164.4,1896.5606451612905,1.0090549422485557,0.1709939530948319,3348.44,3508.01,3215.2041290322577,1.0060061206991011
508.61,5238051,493.15,432.6628387096774,1.0183393304310313,0.6111769324081999,4252.4,635449984,4357.6,3864.2756989247314,1.0111277110684578,0.4017842258819575,2114.1,2124440064,2164.4,1918.5636559139784,1.0116015329163475,0.1488531870267411,3477.13,3508.01,3241.893569892472,1.0083010097614697
524.87,5044391,508.61,441.0285806451613,1.0193354760035156,0.8871821037972547,4317.4,758828032,4357.6,3908.151397849463,1.011354184417261,0.3401497733253205,2130.5,2361230080,2164.4,1940.2544086021505,1.0113057247912052,0.1906183887571824,3483.81,3508.01,3267.366430107527,1.0078574017517483
514.01,4253058,524.87,448.11266666666666,1.016062646124073,0.7027373164784303,4246.8,1232258944,4357.6,3943.741075268817,1.0091065247469526,0.37200632099721376,2083.5,2057490048,2164.4,1957.0230107526884,1.0086424759950003,0.14296995452449957,3465.39,3508.01,3289.1156559139777,1.006656500356385
497.57,9333240,524.87,453.61995698924727,1.0122899679751236,0.786090263860034,3956.0,1090397952,4357.6,3957.4808602150533,1.003483947014777,0.25597353255289845,1948.7,2894279936,2164.4,1963.588387096774,1.0033547772857103,0.12356911206028531,3269.96,3508.01,3296.2695698924726,1.0021750265806653
535.18,8003710,524.87,461.0203655913979,1.0163141160086262,0.6879781973810619,4355.1,822729024,4357.6,3994.459139784946,1.0093438934706265,0.42850058773509425,2137.7,2440580096,2164.4,1981.0718279569894,1.008903821684373,0.16794885300969997,3509.44,3508.01,3317.1935698924735,1.0063477818049582
508.01,9345770,535.18,466.1149247311827,1.0110506162417565,0.4533574367658455,4195.0,961084992,4357.6,4018.293978494623,1.0059669752213214,0.19970661321585603,2129.2,2489210112,2164.4,1996.6337634408603,1.0078553110817388,0.10811551451985846,3585.15,3509.44,3341.454516129033,1.007313696269267
518.06,5917948,535.18,471.4096559139785,1.0113592826615654,0.46033241666132696,4171.5,810352000,4357.6,4038.6245161290326,1.0050594948361709,0.18666252353934887,2109.7,1958790016,2164.4,2009.7372043010753,1.0065627663421024,0.09957891516989781,3557.54,3585.15,3362.4060215053764,1.0062701752411147
527.48,4301676,535.18,476.849505376344,1.011539537627456,0.3316547848921265,4279.1,766940992,4357.6,4063.8219354838707,1.0062391091952736,0.21231939854859028,2153.9,1546610048,2164.4,2024.5068817204303,1.0073490590649097,0.09388857292940855,3638.35,3585.15,3387.0209677419343,1.0073206347119072
525.7,5729017,535.18,481.77027956989247,1.0103193442334912,0.1883710455446419,4271.9,1346444032,4357.6,4086.2744086021507,1.0055249647929287,0.12354302338111345,2213.9,2578439936,2164.4,2041.8739784946235,1.008578433064863,0.06676582947664422,3699.12,3638.35,3413.8196989247317,1.0079121834314075
537.36,6775015,535.18,487.1240860215053,1.0111127785972862,0.26567941887694024,4262.8,1006764992,4357.6,4106.362795698925,1.0049160641425563,0.0816314068999946,2182.2,2076589952,2213.9,2056.016344086021,1.0069261696560843,0.05076699149159003,3663.46,3699.12,3436.663333333334,1.0066915175443498
565.43,7249840,537.36,493.929935483871,1.013971490340277,0.2709009295302096,4425.9,1165693056,4357.6,4135.136774193548,1.0070071690998081,0.16565431877620052,2252.1,2566830080,2213.9,2073.503870967742,1.0085055388455557,0.07395626169897684,3709.41,3699.12,3460.7515698924735,1.0070091929941172
553.89,4353705,565.43,499.6096129032258,1.0114989536193848,0.21008159769528567,4472.9,739318976,4425.9,4164.8894623655915,1.007195091673321,0.23100250470977723,2270.6,1429090048,2252.1,2090.9858064516134,1.0084311081974071,0.104881255136964,3703.06,3709.41,3482.808709677419,1.0063735114582728
550.43,3213338,565.43,504.7091612903226,1.010207066188065,0.24826960525337927,4431.9,552267008,4472.9,4189.916129032258,1.006008962997172,0.25128805034926127,2291.3,1424579968,2270.6,2108.615913978495,1.0084314812049344,0.11037736361927308,3756.07,3709.41,3506.869182795699,1.0069083533216812
529.64,8867864,565.43,508.1233978494624,1.0067647604224403,0.23749864733363824,4404.3,860542016,4472.9,4211.288387096774,1.0051008796850196,0.23357947146889257,2301.2,2472829952,2291.3,2125.7877419354836,1.0081436490368647,0.06108718203334207,3824.68,3756.07,3534.1472043010754,1.0077784542517865
513.76,6069003,565.43,510.2023440860214,1.0040914200081275,0.07604405372740741,4283.2,788521024,4472.9,4222.990537634409,1.002778757819932,0.12153229861808534,2240.9,2412689920,2301.2,2137.8733333333334,1.0056852296019199,0.03286570573152936,3768.25,3824.68,3556.099913978494,1.0062116002555588
541.09,4559702,565.43,513.7995913978494,1.0070506287427434,0.11360037165204906,4469.3,589267968,4472.9,4245.438064516129,1.005315552256552,0.11137354468308969,2339.1,1942419968,2301.2,2155.3326881720427,1.0081666928374502,0.03326767298407529,3841.47,3824.68,3581.3345376344087,1.0070961514767123
543.16,11034214,565.43,517.2269032258064,1.0066705226810955,0.10821000368735278,4464.9,946420992,4472.9,4265.9580645161295,1.0048334234743663,0.11871519585127666,2269.1,2957319936,2339.1,2167.085806451613,1.0054530413536937,0.03902489668033793,3714.24,3841.47,3596.570623655914,1.0042543040482248
589.73,7685511,565.43,523.3814193548386,1.011899064203057,0.11144827055251594,4746.6,860745024,4472.9,4303.372043010752,1.0087703577786733,0.10110716515257301,2379.9,2065459968,2339.1,2185.088817204301,1.0083074748120686,0.03138304366924727,3886.83,3841.47,3621.6851397849455,1.006982906428653
591.29,5187860,589.73,529.2778279569892,1.0112659876413246,0.16444341810477403,4827.5,658691008,4746.6,4344.3894623655915,1.0095314602002532,0.1699030522759195,2434.5,1929389952,2379.9,2205.5851612903225,1.0093800965547228,0.07536254453241176,3934.83,3886.83,3648.3872043010747,1.007372828803587
570.73,4710457,591.29,533.483311827957,1.007945701952415,0.19765470519247974,4754.3,545004032,4827.5,4378.484516129032,1.007848065662344,0.15842591441031728,2387.8,1625479936,2434.5,2221.8741935483868,1.0073853562963466,0.07565039699467624,3906.71,3934.83,3671.7479784946236,1.0064030413674319
533.46,7284270,591.29,534.9712903225807,1.0027891753343234,0.019667003394672644,4510.1,1027969984,4827.5,4394.7408602150535,1.003712778708281,0.13023322782655455,2293.4,2749929984,2434.5,2230.9167741935485,1.0040697986733085,0.015614039040802385,3811.15,3934.83,3687.4573978494623,1.0042784579570407
486.96,10226011,591.29,533.2565591397849,0.9967947229808131,-0.0961038001780028,4398.2,1039904000,4827.5,4402.416129032258,1.00174646675682,0.09845776300500053,2262.3,2716219904,2434.5,2237.198064516129,1.0028155646123782,-0.014920283179556515,3841.94,3934.83,3703.9919139784947,1.0044839883814456
489.22,9773316,591.29,531.5677419354839,0.9968330118488832,-0.11096481494187183,4483.5,941651008,4827.5,4414.651612903226,1.0027792656378574,0.0586010190387003,2304.3,2544179968,2434.5,2245.6236559139784,1.003766135654901,-0.017855288581594353,3943.34,3934.83,3726.013182795699,1.0059452799381388
470.84,8358597,591.29,528.5780860215054,0.9943757762593101,-0.2567245896656407,4380.4,845440000,4827.5,4418.989032258065,1.0009825054693242,0.010887493253888936,2273.1,2710459904,2434.5,2251.3851612903227,1.0025656593709151,-0.054394196313690024,3913.1,3943.34,3744.856623655914,1.0050572662885955
495.0,8149717,591.29,527.1010752688171,0.9972056905275709,-0.2634856819603413,4460.0,1109581952,4827.5,4427.688172043011,1.0019685814382981,-0.07972834170643206,2330.6,2324590080,2434.5,2260.4221505376345,1.004013968557087,-0.05620190436827932,3974.54,3943.34,3766.5543870967736,1.0057940171337394
507.01,5606586,591.29,526.3835698924731,0.9986387707974641,-0.03965348415210923,4592.4,862033984,4827.5,4444.709032258064,1.0038441867524739,0.0017671966136063588,2380.0,1728429952,2434.5,2272.2888172043013,1.0052497568491108,-0.025748998570663595,4019.87,3974.54,3790.1733763440857,1.0062707150408408
530.0,5921579,591.29,527.027440860215,1.00122319731194,0.015069034986368912,4819.9,969028992,4827.5,4475.35182795699,1.0068942186038572,0.07870156082506141,2491.0,1936809984,2434.5,2290.659784946237,1.0080847855267527,0.01973559271274028,4128.8,4019.87,3819.5450322580646,1.007749422782952
556.91,5799340,591.29,529.2265806451612,1.0041727234949223,0.07157833612261633,4917.5,1282023936,4827.5,4510.401720430107,1.0078317624670678,0.08334108687293829,2517.3,2057059968,2491.0,2309.6372043010747,1.008284695736815,0.021292944868531727,4185.47,4128.8,3850.8785591397855,1.0082034709938206
552.7,4403644,591.29,530.9308387096773,1.0032202805506074,-0.039343307550737894,4906.9,1019318976,4917.5,4542.590967741935,1.0071366697041695,-0.01180790884886096,2505.7,2049590016,2517.3,2326.6748387096777,1.0073767578634754,-0.017708555658551894,4180.17,4185.47,3880.007784946237,1.0075643065235893
506.37,15482557,591.29,529.4896559139785,0.9972855545569713,-0.19647136950447508,4767.3,1011310976,4917.5,4563.911612903225,1.0046934987791536,-0.004540759310230014,2452.6,2264250112,2517.3,2339.2103225806454,1.0053877248605652,-0.035374425460594994,4181.17,4185.47,3907.305376344086,1.0070354475843475
483.51,10519028,591.29,526.5452043010753,0.9944390762312049,-0.272365678600178,4670.8,1094899968,4917.5,4577.457849462365,1.0029681198296745,-0.05775613392036116,2440.4,2120150016,2517.3,2350.031397849463,1.0046259522559218,-0.06292362596404666,4232.6,4185.47,3936.1302150537635,1.0073771655740529
460.33,9911383,591.29,522.1592473118279,0.9916703125326739,-0.32831245323455716,4618.6,1499974016,4917.5,4586.736559139785,1.0020270442639925,-0.10201438256531459,2386.0,2354180096,2517.3,2356.6410752688175,1.0028125911106565,-0.07814560301268902,4173.85,4232.6,3959.540064516129,1.0059474275959759
469.47,7057767,591.29,518.5017634408603,0.9929954628022063,-0.3103046527117128,4634.3,947548032,4917.5,4596.380430107527,1.002102556107899,-0.10665309232682119,2389.2,2013330048,2517.3,2362.9077419354835,1.0026591519312933,-0.0525231530948147,4155.86,4232.6,3980.3053118279568,1.0052443584288786
473.88,7462259,591.29,515.2245806451613,0.9936795146578652,-0.22961173486691433,4743.9,1059716992,4917.5,4612.261935483871,1.0034552199535782,-0.07757682229866658,2426.9,1951810048,2517.3,2370.9492473118275,1.0034032244397986,-0.0402819119112372,4204.11,4232.6,4002.6985806451607,1.0056260178712069
460.65,5274397,591.29,511.1447956989248,0.9920815405562992,-0.2973192938353725,4759.9,827214976,4917.5,4627.48129032258,1.0032997594350879,-0.16726714114326713,2455.6,1412610048,2517.3,2379.813978494624,1.0037388953782318,-0.05657793124575683,4229.89,4232.6,4024.7461505376345,1.005508176408557
498.01,8435647,591.29,509.63561290322576,0.997047445638891,-0.1985849993097888,4920.9,911868992,4917.5,4652.217204301075,1.0053454379232662,-0.04836462956290011,2489.5,1649369984,2517.3,2390.1821505376342,1.004356715330149,-0.015512975907786997,4247.44,4232.6,4046.376623655914,1.0053743695401485
533.74,9605893,591.29,510.4530967741937,1.0016040556238035,-0.16494023132623203,4972.0,1124103936,4920.9,4678.688817204301,1.0056901068330928,-0.01645234497655812,2491.9,2223960064,2517.3,2399.930322580645,1.0040784222410908,0.010002789962085146,4166.45,4247.44,4061.3576559139788,1.0037023326426122
544.99,5806182,591.29,511.9626666666666,1.0029573136141452,-0.1628512888559963,5082.5,1112032000,4972.0,4710.567956989247,1.00681369097849,-0.04088065331127866,2550.5,1800039936,2517.3,2412.6372043010747,1.0052946877669207,0.007581301341469393,4280.7,4247.44,4082.4001720430106,1.0051811531787629
551.83,4553615,591.29,513.8758709677419,1.0037369996400947,-0.11449854765498357,5248.2,746259968,5082.5,4751.409677419355,1.0086702327199226,0.016581588367788003,2633.3,1771680000,2550.5,2429.8331182795696,1.0071274346378474,0.012851505502002203,4352.34,4280.7,4106.683225806452,1.005948229654147
566.37,3807530,591.29,516.6709462365592,1.0054392031747932,-0.09589804090071752,5285.4,695649024,5248.2,4792.551827956989,1.008658935627706,-0.040949449413547834,2656.4,1567229952,2633.3,2447.617419354839,1.0073191450645227,0.02456507989955825,4369.55,4352.34,4130.67182795699,1.0058413568399414
556.36,5046008,591.29,518.7578279569893,1.0040390924545517,-0.20581827321967905,5253.0,764076992,5285.4,4829.404516129032,1.0076895753024655,-0.09965111370028246,2640.2,1878550016,2656.4,2463.3367741935485,1.0064223087784907,0.0057921312651714185,4327.16,4369.55,4150.40711827957,1.0047777434626999
586.18,4562960,591.29,522.7880860215054,1.0077690549372302,-0.15648909176658377,5462.9,961457024,5285.4,4878.020430107527,1.0100666477235711,-0.07046772708154059,2713.4,2061810048,2656.4,2482.9440860215054,1.00795965538832,0.0036214694889098453,4411.8,4369.55,4174.274559139784,1.0057506264277294
587.89,7841529,591.29,526.8592258064516,1.0077873614449178,-0.16901545835213438,5395.0,734212992,5462.9,4920.126666666666,1.0086318286613265,-0.055352588979014516,2693.6,2224369920,2713.4,2500.3217204301077,1.0069988021504128,0.005401973531223847,4395.26,4411.8,4195.550731182796,1.0050969747537153
590.68,3661342,591.29,531.0298064516129,1.007915929798472,-0.12277354528642537,5494.2,660990016,5462.9,4966.561720430108,1.0094377760796351,-0.06764896456966585,2718.6,2352310016,2713.4,2518.447096774193,1.0072492176490662,0.02141207275860446,4436.52,4411.8,4218.11423655914,1.0053779603256003
587.83,4044318,591.29,534.8852473118278,1.007260309710254,-0.0477274372757579,5525.0,904336000,5494.2,5012.64,1.0092777019925772,-0.0013232626093779842,2720.6,1946099968,2718.6,2535.803870967742,1.0068918557851705,0.028369499029929468,4468.0,4436.52,4241.392924731183,1.0055187429421142
600.52,4039318,591.29,539.4001075268818,1.0084408015321873,-0.07245427728056208,5638.3,874372992,5525.0,5063.357419354839,1.0101179058050924,-0.019037795399060142,2732.6,2171470080,2720.6,2552.9032258064517,1.0067431693099294,0.011984824052936993,4441.67,4468.0,4261.46806451613,1.0047331478458152
632.4,5420222,600.52,545.8439354838708,1.0119462860074937,0.0034104443235623005,5697.2,864784000,5638.3,5115.360860215054,1.0102705451251437,-0.002149340236459185,2771.7,1973010048,2732.6,2571.6789247311826,1.007354645775419,0.00742141370481586,4509.37,4468.0,4284.620193548388,1.0054328998086455
678.63,5481322,632.4,555.0784301075269,1.0169178294808203,-0.0005438224696980853,5732.7,903158976,5697.2,5167.004516129032,1.0100957991674915,-0.0807112059174191,2796.1,1830089984,2771.7,2590.947956989247,1.0074927830503095,0.008010094007757207,4535.43,4509.37,4307.743655913979,1.005396852304531
647.98,4185601,678.63,562.1443225806452,1.0127295389081314,-0.11998755464681543,5622.4,648371968,5732.7,5209.411397849463,1.008207246885126,-0.05988709263981096,2746.4,1463980032,2796.1,2606.1154838709676,1.0058540453662164,-0.004989475252288322,4458.58,4535.43,4324.514215053764,1.0038931191081348
651.03,4735712,678.63,569.2850752688172,1.012702703560877,-0.09643475576538818,5657.8,1285927936,5732.7,5252.392688172044,1.0082506999428618,-0.04102930585435405,2727.7,2240069888,2796.1,2619.405806451613,1.0050996675561379,0.007636789074330075,4432.99,4535.43,4338.507462365591,1.0032357963498226
666.31,3900614,678.63,577.2389462365591,1.0139716836314143,0.02833577581675706,5697.3,1041203008,5732.7,5295.97935483871,1.0082984402070354,0.025825058990564642,2753.6,1845880064,2796.1,2633.636129032258,1.0054326529114335,0.031598315820551726,4455.48,4535.43,4352.819892473119,1.0032989294663386
632.8,6117410,678.63,582.745182795699,1.0095389207451075,0.10947412917363186,5469.6,991280000,5732.7,5322.322580645161,1.0049741934477865,0.01715820706436877,2661.5,2120470016,2796.1,2640.9348387096775,1.002771343237952,0.042382094300789985,4357.05,4535.43,4359.396344086021,1.0015108485476907
617.58,6015874,678.63,586.9558494623657,1.0072255709544713,0.058342436603887604,5515.3,934145024,5732.7,5349.310107526881,1.005070629687096,0.07880523865318367,2668.5,1831629952,2796.1,2647.826666666667,1.0026096168129452,0.04443798970680346,4391.36,4535.43,4367.078580645161,1.0017622248478422
663.18,5067693,678.63,593.8324086021505,1.0117156326938108,0.2909842274694756,5744.1,752248000,5732.7,5388.840000000001,1.0073897178661408,0.1072556969405547,2737.9,1791309952,2796.1,2658.4126881720426,1.0039980039625112,0.06181152627633102,4471.37,4535.43,4378.959268817204,1.0027205116538773
686.65,5058012,678.63,601.8095268817204,1.0134332821247456,0.29468673255332734,5856.9,839547008,5744.1,5432.714623655914,1.0081417566036313,0.12082624040734369,2782.0,1857330048,2796.1,2670.844301075269,1.0046763292089815,0.05018063072805723,4544.9,4535.43,4394.383247311828,1.0035222932089045
697.76,6415859,686.65,610.0912688172042,1.013761400518858,0.20938265996473904,6101.6,978764992,5856.9,5489.372258064516,1.010428973051869,0.13759762650816287,2836.9,2368130048,2796.1,2685.8470967741932,1.005617248333377,0.04632082598180931,4605.38,4544.9,4412.482580645161,1.0041187425662985
692.01,3938313,697.76,617.5918279569892,1.0122941591252836,0.19504182168653195,6162.8,874942016,6101.6,5546.732688172044,1.010449360584584,0.08394547679098818,2931.7,2399820032,2836.9,2705.983440860215,1.007497204181953,0.03916985569674547,4697.53,4605.38,4435.267913978494,1.0051638353051586
691.4,4584920,697.76,624.7046236559139,1.0115169848060557,0.10247163582613905,6190.8,1080209024,6162.8,5603.011612903227,1.010146319986033,0.09524121810004194,2936.4,2316699904,2931.7,2725.4752688172043,1.0072032325337485,0.047652981941293415,4682.85,4697.53,4455.883075268817,1.004648008122655
675.97,4233742,697.76,630.5327096774192,1.0093293467037239,0.08765878557907225,6238.1,911392000,6190.8,5659.603870967742,1.0101003285329961,0.13146944332982136,3005.8,2480750080,2936.4,2748.543225806452,1.0084638291358479,0.07571677828137235,4697.96,4697.53,4476.403440860216,1.0046052298152282
649.55,4605518,697.76,634.3911827956988,1.0061193861302669,0.1814705386054929,5955.1,857326016,6238.1,5695.075268817204,1.0062674700664866,0.13195357972156252,2908.6,2044780032,3005.8,2764.2647311827955,1.0057199411050668,0.08704133541636394,4594.62,4697.96,4489.143182795699,1.0028459771563922
613.11,8861951,697.76,635.5907741935483,1.0018909332764732,0.2201028844930013,5720.9,1388157056,6238.1,5712.882580645161,1.003126791304315,0.09697945929633,2895.7,3252819968,3005.8,2778.173333333333,1.0050315738552966,0.11431195193096255,4538.43,4697.96,4497.368623655913,1.0018322963927142
647.0,6160152,697.76,638.6981075268817,1.0048888899265034,0.2813928082767867,6029.1,1093100032,6238.1,5748.315483870968,1.006202281024618,0.13506590408681918,3068.9,2615810048,3005.8,2802.276989247312,1.0086760806551471,0.1572727221790169,4712.02,4697.96,4516.135720430108,1.0041729060578848
615.63,9247571,697.76,639.3801290322582,1.0010678307910092,0.2737897467401218,5715.1,1311256064,6238.1,5760.456989247313,1.002112184936685,0.05477844674031762,2944.9,3316379904,3068.9,2816.9120430107528,1.005222557876897,0.12075105295958477,4620.64,4712.02,4527.849978494624,1.002593867587177
648.57,3801317,697.76,641.8729892473118,1.0038988703305916,0.31225867017492503,5874.6,747123008,6238.1,5780.564516129032,1.0034906131439316,0.07826226223221289,3041.1,1755000064,3068.9,2836.558494623656,1.006974463992104,0.12899434486249373,4725.78,4712.02,4545.347935483872,1.0038645178334873
649.11,2560940,697.76,644.0250107526882,1.0033527217088538,0.44842032110475527,5870.4,640998976,6238.1,5797.969462365591,1.0030109423029525,0.0658936297435373,3055.4,1630649984,3068.9,2855.8066666666664,1.0067857483212468,0.11747221953872922,4766.18,4725.78,4564.33047311828,1.0041762562302916
566.39,8985923,697.76,640.4349677419355,0.9944256155416122,0.16275439109610668,5405.8,1232411008,6238.1,5783.012043010753,0.9974202314358627,0.010072328976971301,2912.0,2609730048,3068.9,2864.513333333334,1.0030487591363564,0.06857422556085258,4677.02,4766.18,4576.407440860215,1.002645945076296
531.02,12167503,697.76,634.415935483871,0.9906016495643788,0.014213911255945733,5329.8,1204809984,6238.1,5762.108602150539,0.9963853713765861,-0.02390112429110469,2910.2,2528079872,3068.9,2872.1952688172046,1.0026817593740893,0.048721683573694996,4662.85,4766.18,4586.646387096775,1.0022373327482037
507.74,9448414,697.76,626.9008172043012,0.9881542725217992,-0.07995511426202317,5053.5,1131072000,6238.1,5722.609892473119,0.9931450945470416,-0.056651475670211004,2708.3,2292640000,3068.9,2865.9518279569893,0.9978262477736111,0.03448451358022875,4397.93,4766.18,4578.7261935483875,0.9982732059810261
561.08,19090560,697.76,622.9070967741935,0.9936294221980473,-0.05081026021884427,5189.7,1800502016,6238.1,5691.960645161291,0.9946441837050364,-0.05983822755287238,2769.6,3906190080,3068.9,2863.3238709677416,0.9990830421629519,0.03349181504681131,4431.85,4766.18,4572.742279569893,0.9986931050852252
577.52,8415310,697.76,619.954129032258,0.9952593769484602,-0.06366254181504738,5232.8,1751774976,6238.1,5664.217849462365,0.9951259684617619,-0.02938767976562373,2798.9,3243249920,3068.9,2862.2931182795696,0.9996400153337095,0.02366611416765374,4500.54,4766.18,4571.018989247312,0.9996231385419903
583.72,8171998,697.76,617.3771827956988,0.995843327569119,0.0016087212581437083,5098.5,1543190016,6238.1,5627.92365591398,0.9935923732961948,-0.014255006452716046,2717.5,2838710016,3068.9,2855.7043010752695,0.9976980634295552,0.008137198130121703,4418.64,4766.18,4563.730129032258,0.9984054189597114
556.01,5673372,697.76,612.9536559139784,0.9928349686302155,-0.08520431020480634,4887.5,1515554048,6238.1,5578.348817204302,0.9911912737733065,-0.07148368783304737,2670.9,2940369920,3068.9,2845.9427956989243,0.9965817520488134,-0.0013989866017731778,4348.87,4766.18,4551.743247311828,0.9973734464173997
580.23,6447420,697.76,610.1575913978495,0.9954383753336788,-0.0682039063588672,5056.2,1388835968,6238.1,5540.895268817204,0.993285907781244,-0.05231757493677325,2705.5,2701250048,3068.9,2838.504946236559,0.997386507742318,0.0068386690867501265,4384.62,4766.18,4542.198150537634,0.9979029799671081
547.07,7030858,697.76,605.2386451612903,0.9919382364393925,-0.14989579409276965,4901.5,1443747968,6238.1,5494.189677419356,0.9915707500084515,-0.1074665235054808,2624.0,2960100096,3068.9,2825.7834408602153,0.9955182373759078,-0.010532808523308734,4328.87,4766.18,4529.079161290323,0.997111753205712
512.15,8265995,697.76,598.1605806451614,0.9883053328257937,-0.22138532032134506,4691.9,1502050048,6238.1,5435.236129032259,0.9892698374376496,-0.1323334820559917,2524.1,2983980032,3068.9,2806.8202150537636,0.993289214759968,-0.013209257219907511,4204.31,4766.18,4508.155548387097,0.9953801618037373
579.88,8388069,697.76,595.6149462365591,0.9957442290733091,-0.08679490994740346,5093.2,1663041024,6238.1,5403.964516129032,0.9942465033421106,-0.09916377544494914,2722.7,3298520064,3068.9,2801.0924731182795,0.9979593484809733,-0.008445433675453584,4463.09,4766.18,4504.4944946236565,0.9991879042938635
561.87,6222842,697.76,591.9517634408602,0.9938497466881161,-0.21560395304026814,5097.7,1250657024,6238.1,5374.155483870967,0.9944838586247015,-0.11472588197764166,2786.1,2699249920,3068.9,2799.4763440860215,0.9994230361732903,-0.002271307481712892,4543.04,4766.18,4505.945440860215,1.0003221107803084
548.69,8110272,697.76,587.5899354838709,0.992631446975282,-0.2701720696582701,5204.7,1141704960,6238.1,5352.538924731182,0.9959776825950308,-0.10583693381106063,2789.4,2801019904,3068.9,2798.042150537635,0.9994876922066456,-0.0046958663957185065,4545.86,4766.18,4507.505913978494,1.0003463142505298
515.6,6710012,697.76,581.3727096774194,0.989419107729727,-0.2708043384105464,4982.2,1115398016,6238.1,5317.703010752687,0.9934917028220874,-0.17659671816533373,2677.0,2637179904,3068.9,2789.370752688172,0.996900905210525,-0.031930757327107706,4488.28,4766.18,4505.329118279569,0.99951707313524
507.33,5745600,697.76,574.906623655914,0.9888778989555717,-0.3253544832687342,4771.8,785747008,6238.1,5270.669677419353,0.9911553290512408,-0.2021085946576423,2574.9,1943859968,3068.9,2774.261505376344,0.9945832775018283,-0.04690440279421526,4392.59,4766.18,4496.914903225807,0.9981323861514084
471.4,7184259,697.76,566.4315053763441,0.9852582698983787,-0.3681260419800474,4579.4,1142942976,6238.1,5213.1288172043005,0.989082817983914,-0.27088520156436435,2509.6,2356460032,3068.9,2755.2679569892475,0.9931536560809829,-0.047381146917839345,4271.78,4766.18,4480.793376344086,0.9964149806637086
478.1,11608964,697.76,558.807806451613,0.9865408282336523,-0.33140350887030456,4577.9,1338204032,6238.1,5157.895268817205,0.9894049139540126,-0.20000477987254817,2478.0,3027109888,3068.9,2734.7604301075266,0.9925569755095145,-0.01727809666895952,4131.93,4766.18,4456.044322580645,0.9944766357908621
456.74,8448861,697.76,550.1387311827958,0.9844864814543928,-0.3848561999374731,4443.3,1368017024,6238.1,5095.895483870969,0.9879796347705886,-0.19989127388336925,2461.5,3285600000,3068.9,2713.5830107526886,0.9922562067515343,-0.01653818554514963,4123.34,4766.18,4431.225204301075,0.9944302353201917
452.65,11433808,697.76,541.5516774193547,0.9843911121382438,-0.468073000268439,4286.7,2083979008,6238.1,5026.097849462366,0.9863031660226315,-0.1875164633565083,2375.3,3504839936,3068.9,2687.2894623655916,0.9903103946763715,-0.032360559170075076,4023.89,4766.18,4400.566344086023,0.9930811775972718
433.03,9349467,697.76,532.1515698924732,0.9826422705000644,-0.5464469344086985,4161.1,1349480960,6238.1,4951.331182795699,0.985124311363205,-0.1783083854533336,2285.8,3260610048,3068.9,2656.001505376344,0.9883570573890819,-0.03676481672388765,3901.36,4766.18,4362.964645161291,0.9914552591678875
476.29,10683795,697.76,526.0878494623656,0.9886052756899077,-0.512288276589806,4462.3,1851694976,6238.1,4899.643655913979,0.9895608827255755,-0.20632409658452022,2470.3,2907089920,3068.9,2637.6838709677418,0.9931033042068977,-0.03213476930395032,4158.24,4766.18,4343.319806451613,0.9954973646803522
492.48,7215580,697.76,521.5449247311827,0.9913647031844102,-0.4894624116756643,4454.4,1395811968,6238.1,4850.971827956989,0.9900662514715244,-0.18659225851281824,2442.4,2374089984,3068.9,2618.3546236559137,0.9926718862997269,-0.041516836998229834,4108.54,4766.18,4321.430107526882,0.9949601457179793
473.15,5554226,697.76,516.184,0.9897210681631196,-0.47232278619686185,4180.6,1223938944,6238.1,4788.309462365592,0.9870825129863127,-0.1784633589104957,2286.4,2273639936,3068.9,2590.01311827957,0.9891758338919074,-0.05436930020876851,3900.86,4766.18,4287.408344086021,0.9921271980352978
443.79,9916520,697.76,509.3982365591398,0.986853983384103,-0.5273659417786378,4028.2,1600963968,6238.1,4720.137849462366,0.9857629057939905,-0.16234569296885815,2174.4,3285469952,3068.9,2555.843655913979,0.9868072242088534,-0.05881894407574362,3674.84,4766.18,4240.486344086022,0.9890558593363931
504.09,5260168,697.76,507.0021075268818,0.9952961575830273,-0.42105373845320737,4410.5,1334754944,6238.1,4681.383225806452,0.9917895144396413,-0.13740756623634554,2332.8,2160740096,3068.9,2533.6815053763444,0.9913288316809389,-0.04933865482074096,3911.74,4766.18,4211.0484731182805,0.993057902188791
