15.82,8649795,18.33,15.938946236559142,0.9987790859854975,-0.04207398338097468,365.68,49606936,365.84,357.2606451612903,1.0021419895093908,0.13938126775554105,146.39,502683584,183.85,151.2729247311828,0.9964370622025307,-0.0679227707982395,2754.88,2872.87,2713.948021505376,1.0011623847930387
15.5,8976351,18.33,15.898709677419355,0.9974755822284226,-0.0985476434315542,360.53,47941444,365.84,357.6184946236559,1.0010016481446034,0.07364652300180208,148.12,502683584,183.85,150.84660215053762,0.9971817654652823,-0.0895091545868123,2718.37,2872.87,2714.415655913979,1.0001723077984168
15.4,6891012,18.33,15.853526881720429,0.9971580841077249,-0.16184648144588198,367.38,26069880,365.84,358.3796989247312,1.0021285372890916,0.04868215270687681,151.33,502683584,183.85,150.64795698924732,0.9986831313502702,-0.08355224651312654,2759.82,2872.87,2717.393720430108,1.0010971291407196
15.59,8207827,18.33,15.823075268817208,0.9980791900041919,-0.10222316153994226,367.3,35546256,367.38,359.0951827956989,1.0019964408506241,0.07086956459810889,148.94,502683584,183.85,150.30963440860214,0.9977542172664888,-0.14105081612078207,2801.31,2872.87,2722.815612903226,1.00199525465609
15.28,8772032,18.33,15.773548387096772,0.996869958533406,-0.13253720888527165,366.01,30818692,367.38,359.6829032258064,1.0016366703266022,0.06032512474846807,146.2,502683584,183.85,149.82782795698924,0.9967945737243752,-0.1675011812799494,2801.83,2872.87,2728.0011612903227,1.0019044801868047
14.89,7188899,18.33,15.70131182795699,0.9954203989256549,-0.1231779222146756,361.29,39008336,367.38,359.9239784946237,1.000670243891648,0.0664945848462839,147.88,502683584,183.85,149.4986451612903,0.9978029261974389,-0.16384445926719837,2818.82,2872.87,2734.0280215053763,1.002209258669158
15.08,8467671,18.33,15.644172043010753,0.9963608273262559,-0.13079219305098988,361.63,32885440,367.38,360.1508817204301,1.0006304198646487,-0.0033106319400484363,151.16,502683584,183.85,149.4201935483871,0.9994752352918076,-0.113332819988327,2840.35,2872.87,2741.1316344086026,1.0025982224203083
13.2,14072889,18.33,15.469440860215053,0.9888309088959576,-0.2609909003900148,366.07,93913832,367.38,360.6405591397849,1.001359645204853,-0.03555415348390967,152.21,502683584,183.85,149.43694623655915,1.0001121179659471,-0.06841586902322783,2833.28,2872.87,2747.570086021505,1.002348829779673
13.9,22748180,18.33,15.34836559139785,0.9921732614700645,-0.26629117907784017,368.11,66044728,367.38,361.2491397849461,1.001687499172619,-0.06696132480279449,157.77,502683584,183.85,149.83019354838711,1.0026315266855457,-0.03545077973978905,2850.13,2872.87,2754.9944731182795,1.0027021647726282
13.4,17789456,18.33,15.202172043010755,0.990474976145406,-0.34059240144522407,368.09,50930956,368.11,361.85135483870977,1.00166703526027,-0.03198736799650814,156.61,502683584,183.85,150.15597849462367,1.0021743611118765,-0.06217474005778134,2874.69,2872.87,2763.9177204301077,1.0032389347415744
13.07,13458275,18.33,15.042731182795698,0.9895119684368814,-0.3350447033169561,370.51,40192892,368.11,362.6047096774193,1.002081945607321,-0.023783725718309112,153.99,502683584,183.85,150.3348172043011,1.0011910195749136,-0.11577575501196491,2901.52,2874.69,2774.5680215053767,1.0038533350673013
12.66,13867958,18.33,14.864021505376343,0.9881198649867688,-0.32581526598945,361.52,38980568,370.51,362.7402580645161,1.0003738186059894,-0.031505965362995436,154.1,502683584,183.85,150.5438924731183,1.0013907308546701,-0.10410410728620012,2871.68,2901.52,2782.9933978494623,1.0030366443636565
12.44,13672612,18.33,14.677806451612904,0.9874720947022255,-0.32075673886465883,363.79,46291604,370.51,362.9684516129032,1.0006290824999813,-0.05984626398430626,158.55,502683584,183.85,151.04268817204303,1.0033132908331954,-0.06656228999304514,2904.98,2901.52,2793.0249462365587,1.0036045893586554
12.81,21922290,18.33,14.523677419354842,0.9894991780436562,-0.28113672011718505,370.56,67289608,370.51,363.6115698924731,1.0017718296912916,-0.05428106013827616,158.86,502683584,183.85,151.562623655914,1.00344230819885,-0.04306280595204881,2929.67,2904.98,2804.277870967742,1.0040289381397562
13.19,26379836,18.33,14.401999999999997,0.9916221342679581,-0.1677641675437359,367.08,68510176,370.56,364.00690322580635,1.0010872407977838,-0.05249795899743015,160.55,502683584,183.85,152.1838064516129,1.004098522318465,-0.04090486118248582,2913.98,2929.67,2814.126344086021,1.0035119462376532
13.29,28061748,18.33,14.292537634408603,0.9923995024585894,-0.19006817371833984,366.19,66301624,370.56,364.3123870967742,1.0008392254879253,-0.02533468628397828,156.96,502683584,183.85,152.55950537634408,1.002468718147424,-0.0351451390266031,2885.57,2929.67,2821.662924731183,1.0026781244776022
12.82,32057588,18.33,14.15959139784946,0.990698206297594,-0.18985741413056256,354.47,82453344,370.56,363.859935483871,0.9987580668982771,-0.006375407444442316,152.11,502683584,183.85,152.62217204301078,1.000410768680143,-0.029554219976766105,2767.13,2929.67,2821.3453118279567,0.9998874376877399
13.13,15538349,18.33,14.054774193548388,0.9925974414546318,-0.10862386801924973,360.11,48926104,370.56,363.7878709677419,0.999801944349731,-0.013242484690803025,153.2,502683584,183.85,152.7632258064516,1.0009242023066025,-0.027678505676843823,2767.78,2929.67,2821.0371182795698,0.9998907636200735
12.67,24499904,18.33,13.925505376344088,0.990802497754561,-0.24021522123153793,348.51,65472232,370.56,362.9347956989247,0.9976550200353083,-0.020837046503374146,146.55,502683584,183.85,152.46206451612903,0.9980285746865274,-0.04037784553936963,2658.69,2929.67,2813.304795698925,0.9972590496840537
13.17,24177060,18.33,13.835225806451614,0.9935169627634602,-0.19985675317912033,362.46,64608908,370.56,362.9867956989247,1.0001432764249012,0.006360333604056967,149.86,502683584,183.85,152.38541935483872,0.9994972837240952,-0.05557421281953534,2723.06,2929.67,2809.6870537634413,0.9987140597275438
14.24,26178012,18.33,13.81898924731183,0.9988264333833848,-0.16861016672615847,362.41,93374512,370.56,363.00494623655914,1.0000500032999808,-0.05245221781199638,149.57,502683584,183.85,152.29333333333335,0.9993957031985393,-0.05332622960318667,2781.01,2929.67,2809.5529892473123,0.9999522848938107
13.57,17082056,18.33,13.762709677419357,0.9959273743625338,-0.22336126105203957,356.43,72240176,370.56,362.6123870967742,0.9989185845982135,-0.10183860777944398,147.98,502683584,183.85,152.1007311827957,0.9987353211967848,-0.0385618931774554,2736.27,2929.67,2806.2642795698926,0.9988294544754962
12.61,13148637,18.33,13.650086021505377,0.9918167527649905,-0.27088095828741143,342.1,42374052,370.56,361.29219354838716,0.9963592155277511,-0.09833088304006465,142.03,502683584,183.85,151.52870967741936,0.9962391929287382,-0.05344346302893155,2632.56,2929.67,2796.142387096774,0.996393107895501
12.98,15667637,18.33,13.568645161290318,0.9940336742137191,-0.2538286236434546,359.01,51796044,370.56,361.0902150537635,0.9994409552760053,-0.07439862267224684,149.86,502683584,183.85,151.48393548387097,0.9997045167635644,-0.005084077973933843,2760.17,2929.67,2794.333720430108,0.9993531564504681
12.36,12939243,18.33,13.454,0.9915507289101062,-0.23677347443453978,345.12,49804036,370.56,359.98670967741936,0.996943962117113,-0.12297178285539334,143.7,502683584,183.85,151.03197849462364,0.9970164691866258,0.014579720983946998,2633.08,2929.67,2784.117634408602,0.9963439993058762
12.25,14582223,18.33,13.338322580645158,0.9914020053995212,-0.23913806013179362,336.58,72771152,370.56,358.36756989247317,0.9955022234393123,-0.1725383254149203,144.43,502683584,183.85,150.63346236559138,0.9973613791396737,0.03944843297147349,2599.95,2929.67,2771.9676559139784,0.9956359679833698
11.04,20023884,18.33,13.151849462365591,0.9860197474493417,-0.3338720607099741,315.49,78725120,370.56,355.4503225806452,0.9918596224744798,-0.11779847220470951,133.59,502683584,183.85,149.53627956989249,0.992716208082398,0.023910366303575903,2416.62,2929.67,2748.2329892473126,0.9914376105305457
11.25,9881473,18.33,12.988688172043013,0.9875940421315291,-0.3179952065011933,322.39,34592372,370.56,353.065935483871,0.9932919259167834,-0.07853122624409414,138.39,502683584,183.85,148.77651612903227,0.9949192032659533,0.043913109774067816,2485.74,2929.67,2729.6129677419353,0.9932247296432909
11.77,8259913,18.33,12.867591397849461,0.9906767509859693,-0.2564892011650065,331.22,39528888,370.56,351.32234408602153,0.9950615700281028,-0.058790306399439385,144.11,502683584,183.85,148.4004946236559,0.9974725748716265,0.04894163016488373,2531.94,2929.67,2714.508817204301,0.9944665596492498
12.24,9030215,18.33,12.785526881720429,0.9936223871592047,-0.23146208801033374,340.09,45829716,370.56,350.22303225806456,0.9968709310794994,-0.08792442261434164,147.07,502683584,183.85,148.2283440860215,0.9988399598123243,0.06543562950246418,2596.26,2929.67,2704.085720430108,0.996160227328004
12.52,8059444,18.33,12.72956989247312,0.9956234115523772,-0.18133625418208565,349.27,51128908,370.56,349.77135483870967,0.9987103149200591,-0.058890016260674694,149.76,502683584,183.85,148.22991397849464,1.000010591041024,0.05357375307762069,2670.71,2929.67,2698.860258064516,0.9980675677822962
12.69,10628372,18.33,12.69167741935484,0.9970232715293321,-0.151938062290771,351.02,37256176,370.56,349.46787096774193,0.9991323364055708,-0.044852324958219,148.72,502683584,183.85,148.15713978494625,0.9995090451610263,0.023772146795038807,2664.76,2929.67,2693.4319354838713,0.9979886611155859
12.74,11664034,18.33,12.66305376344086,0.9977446908735383,-0.11077519791722001,352.41,51065608,370.56,349.2745161290322,0.999446716408652,-0.07053771897289363,152.23,502683584,183.85,148.30952688172042,1.0010285504768475,0.025256497873081152,2706.53,2929.67,2690.8137419354844,0.9990279340220578
12.46,14956724,18.33,12.622086021505375,0.9967647818053366,-0.21139358650220785,358.96,74488720,370.56,349.53593548387096,1.0007484638665771,-0.07562200142420406,151.73,502683584,183.85,148.42772043010748,1.0007969383415358,0.052084628506238295,2707.88,2929.67,2688.397247311828,0.9991019465279234
12.75,10848973,18.33,12.606559139784949,0.9987698640546443,-0.19859571495430273,367.81,60711172,370.56,350.38625806451614,1.0024327186258204,-0.0760095510957608,153.28,502683584,183.85,148.63991397849463,1.0014296086187422,0.057788551163500235,2775.6,2929.67,2690.5507096774195,1.0008010208936737
12.98,12810940,18.33,12.611311827956987,1.0003770012197095,-0.17141010212841867,368.38,37577928,370.56,351.26948387096775,1.0025207204509972,-0.06482453694167578,154.28,502683584,183.85,148.90139784946234,1.001759176683899,0.05255526526611698,2792.67,2929.67,2693.861870967742,1.001230663030588
13.25,14911077,18.28,12.637591397849462,1.002083809380894,-0.17336121352141975,373.78,50440120,370.56,352.48584946236554,1.00346277045758,-0.003140171767111566,155.2,502683584,183.85,149.20847311827958,1.0020622725726704,0.039633507331241935,2803.69,2929.67,2697.9402365591395,1.001513947554383
12.8,10738394,18.28,12.638774193548386,1.000093593443694,-0.05080934250662372,360.5,44692448,373.78,352.81931182795694,1.0009460305033522,-0.07628437142439481,154.99,502683584,183.85,149.49331182795694,1.001908998220574,0.05010366305419256,2743.07,2929.67,2698.18647311828,1.0000912683519834
12.64,13899566,18.28,12.630494623655913,0.9993449072065312,-0.09488115447910783,368.68,52299904,373.78,353.6924946236559,1.0024748724529136,-0.05200759460603077,158.56,502683584,183.85,150.00249462365588,1.0034060573645256,0.014708600961700569,2822.48,2929.67,2703.749935483871,1.0020619265647572
12.63,19055556,18.28,12.624279569892472,0.9995079326702059,-0.07828246535701466,364.43,55197156,373.78,354.29025806451614,1.0016900653815013,-0.08478960871904939,158.47,502683584,183.85,150.50417204301075,1.0033444605078972,0.037611585041997575,2800.71,2929.67,2707.9683440860217,1.0015602066399665
12.44,19057662,18.28,12.607462365591399,0.9986678681973123,-0.03878181712667972,363.22,55203932,373.78,354.8178279569893,1.001489089469621,-0.0959492079410843,157.68,502683584,183.85,150.95088172043012,1.0029680883350642,0.04709529783289068,2834.4,2929.67,2714.519397849463,1.002419176641318
12.55,13359543,18.28,12.59909677419355,0.9993364571588426,-0.021029663951215416,367.95,41810712,373.78,355.6662365591398,1.0023911104101944,-0.08211685086367293,162.33,502683584,183.85,151.68965591397847,1.0048941363251962,0.046073192445636346,2892.74,2929.67,2724.9786666666664,1.0038530831002679
12.65,7386008,18.28,12.59741935483871,0.9998668619358274,-0.011909312365945945,371.98,29103964,373.78,356.760817204301,1.0030775500529672,-0.0789805623145945,164.85,502683584,183.85,152.573311827957,1.0058254197272334,0.03889860476635709,2907.41,2929.67,2736.3390967741934,1.0041689978150998
12.52,10439569,18.28,12.586903225806452,0.999165215609956,-0.048595078033092376,370.59,27866516,373.78,357.74810752688177,1.0027673731950653,-0.07026615210751275,165.97,502683584,183.85,153.51567741935486,1.0061764772626844,0.05316689284564868,2905.03,2929.67,2747.540752688172,1.0040936651189114
12.46,13078279,18.28,12.573139784946237,0.9989065268387862,-0.12113123953982907,377.76,42500128,373.78,359.19791397849457,1.0040525901356554,-0.07469032602873682,170.44,502683584,183.85,154.73113978494624,1.007917512960394,0.05271256014047143,2939.88,2929.67,2761.043784946237,1.0049145885260677
12.34,12473480,18.28,12.55320430107527,0.9984144386993267,-0.14650689273209128,381.37,40736812,377.76,360.8576559139785,1.004620689238143,-0.10430623217363633,167.45,502683584,183.85,155.73243010752688,1.006471162326939,0.04601493646280286,2945.64,2939.88,2774.8627311827954,1.0050049717834617
11.9,18360070,18.28,12.506924731182794,0.9963133261609937,-0.19338099109663331,369.16,62361308,381.37,361.69701075268813,1.0023259998089378,-0.13013778817692168,164.33,502683584,183.85,156.50987096774193,1.004992157764945,0.03904110462706467,2881.4,2945.64,2784.407978494624,1.0034398989198863
11.41,11351387,18.28,12.431010752688174,0.993930244234592,-0.2534466947479679,370.62,49648852,381.37,362.59896774193544,1.0024936810712655,-0.12134555024716609,164.76,502683584,183.85,157.2887741935484,1.0049767035202974,0.042307608059900526,2859.53,2945.64,2792.2965161290326,1.002833111273684
11.78,12467020,18.28,12.382666666666667,0.996111009234623,-0.1278826521969174,373.97,41353760,381.37,363.69445161290326,1.0030211996404454,-0.09248321341520205,162.38,502683584,183.85,157.88926881720428,1.0038177843697667,0.04506568604967032,2826.06,2945.64,2797.828387096774,1.001981118744298
11.39,9812865,18.28,12.311075268817204,0.994218418392689,-0.16253156734970353,362.31,38484772,381.37,363.9829247311828,1.0007931743720593,-0.14052122403839873,157.52,502683584,183.85,158.14217204301076,1.0016017759009277,0.04046458971596678,2752.06,2945.64,2798.2261290322585,1.0001421609478691
11.72,21754634,18.28,12.264602150537636,0.9962250967308046,-0.22375212919223952,373.81,53828392,381.37,365.0136559139784,1.0028318119141355,-0.09736807621216004,158.98,502683584,183.85,158.4727956989247,1.0020906735480022,0.029713517615394203,2873.34,2945.64,2806.386021505376,1.0029160947317504
11.83,12261167,18.28,12.230645161290322,0.997231301200763,-0.1552300136318543,374.75,36521376,381.37,366.0805161290322,1.002922795346882,-0.0743345284732313,161.19,502683584,183.85,158.9257634408602,1.0028583312355774,0.034190191174353846,2886.98,2945.64,2815.2273548387097,1.0031504337840849
13.53,32386998,18.28,12.310107526881717,1.0064969888786317,0.029729913942908803,388.73,60931328,381.37,368.0099139784946,1.0052704193871447,-0.01622802823853653,165.57,937150016,183.85,159.63290322580644,1.0044494974863492,0.04498265067482676,2950.46,2945.64,2827.840064516129,1.0044801744540246
13.49,16892534,18.28,12.38501075268817,1.0060846930575453,-0.00856195667768711,401.8,74933664,388.73,370.6822580645162,1.0072616089526811,0.028083939896804022,164.23,868274624,183.85,160.20296774193545,1.0035710965885438,0.030100070850124228,2941.76,2950.46,2839.2078279569896,1.0040199456763852
13.46,8808992,18.22,12.456881720430108,1.0058030605848556,0.07593938532564226,408.62,31391870,401.8,373.70258064516133,1.0081480095551794,0.06936040901435891,168.73,535211584,183.85,161.03245161290317,1.0051777060229241,0.03847433212543727,2990.41,2950.46,2853.323784946237,1.0049717941921161
13.31,11497813,18.22,12.516709677419355,1.0048028036495784,0.030239805821746568,412.83,34323548,408.62,376.8579569892473,1.008443549783998,0.09355051744946596,170.73,708170624,183.85,161.93713978494623,1.0056180488030932,0.022930533270964393,3013.77,2990.41,2868.1783870967743,1.0052060695771394
13.14,15480683,18.14,12.563290322580645,1.0037214768387033,0.1539525657925045,406.16,38902016,412.83,379.4190322580645,1.0067958635908283,0.10506143278444635,165.51,780385664,183.85,162.44849462365593,1.0031577366340345,0.007215565742676011,2976.61,3013.77,2879.745634408602,1.004032959513211
13.43,13580871,17.77,12.624064516129033,1.00483744242057,0.19043904851836868,412.05,36671224,412.83,382.16511827956987,1.0072376074683507,0.08544265651639749,173.05,998224000,183.85,163.37765591397846,1.0057197285359591,0.03316421485539167,3025.86,3013.77,2893.2860215053765,1.0047019385792229
12.98,14051308,17.75,12.651118279569891,1.0021430311454993,0.0733543587594978,403.15,41785596,412.83,384.14419354838714,1.0051785868834044,-0.009253199976596349,167.01,934927808,183.85,163.84260215053763,1.0028458373573677,0.000881319267193259,2932.05,3025.86,2899.612602150538,1.002186641969766
13.7,21918508,17.75,12.722021505376345,1.005604502640763,0.1014507482303948,397.47,78316384,412.83,385.60212903225806,1.0037952818456106,-0.031662981210595076,165.94,987985152,183.85,164.1892688172043,1.0021158518121445,0.004131474241801936,2918.65,3025.86,2904.214215053764,1.0015869750668807
13.76,18474456,17.75,12.793655913978496,1.0056307410400052,0.06876267672057668,394.54,52757364,412.83,386.7476344086022,1.002970692561317,-0.04936898752757135,164.35,840600064,183.85,164.39277419354838,1.0012394560120166,0.015807541480694853,2888.68,3025.86,2906.1889677419354,1.0006799610985773
13.54,12503405,17.75,12.848430107526882,1.0042813558467318,0.11423807722831658,385.23,36800016,412.83,387.1951397849462,1.0011570991947456,-0.0607379269185222,161.06,715996160,183.85,164.35264516129033,0.9997558954007869,0.014544540013134766,2847.11,3025.86,2905.0130322580644,0.9995953685404069
13.75,7959795,17.75,12.914924731182795,1.0051753111547035,0.11160739077962023,399.5,34080012,412.83,388.4897204301075,1.003343483716971,-0.012340551164405023,166.58,701258496,183.85,164.64210752688172,1.0017612273006455,0.013006227430832906,2926.46,3025.86,2908.564301075269,1.0012224622670434
14.11,8561167,17.27,13.00247311827957,1.0067788538391858,0.24435721161265955,406.41,35524712,412.83,390.12883870967744,1.0042192063093849,-0.014152895985969138,169.82,600590784,183.85,165.1097419354839,1.0028403086891111,0.01920942874795495,2978.71,3025.86,2915.0135698924737,1.0022173375416938
14.55,12096286,17.27,13.114860215053763,1.0086435169488022,0.26349420379422084,412.75,49838792,412.83,392.07494623655913,1.0049883713629535,0.02461829769523316,172.31,998218240,183.85,165.6991182795699,1.0035696036901098,0.04064200717496114,3007.39,3025.86,2922.730731182796,1.0026473843449746
13.94,13569216,17.27,13.184021505376343,1.0052735057170639,0.205466614713825,405.08,60076968,412.83,393.4295698924731,1.003455012030013,-0.018587829841686165,170.66,908409984,183.85,166.14111827956992,1.0026674855279212,0.03476939504523635,2992.07,3025.86,2928.961032258065,1.0021316712514081
13.86,8820054,17.27,13.245956989247311,1.0046977687229737,0.1889766307431877,396.94,42882928,412.83,394.1801075268818,1.0019076797776378,-0.07208980079867322,166.67,793946624,183.85,166.29047311827955,1.000898963725875,0.017514667388077276,2961.79,3025.86,2932.808967741935,1.0013137544137634
13.86,10140614,17.27,13.30658064516129,1.0045767667797194,0.18956731083911504,402.39,42018848,412.83,395.2324516129032,1.002669703686023,-0.01687059533170765,166.98,769390016,183.85,166.43516129032255,1.0008700929724343,0.0011896991192692496,2952.01,3025.86,2935.6859354838707,1.0009809598148327
13.5,9759640,17.27,13.341698924731183,1.002639166327276,0.1300988263453633,402.94,33332074,412.83,396.2301935483871,1.0025244433533032,-0.009422497395817686,168.26,706739968,183.85,166.63664516129032,1.0012105847670991,0.008813827437212929,2970.27,3025.86,2939.291634408602,1.001228230472868
13.47,13229759,17.27,13.373032258064516,1.0023485264890253,0.15022405605034617,410.63,37995940,412.83,397.65038709677424,1.0035842638231802,0.014871984862069754,170.48,769350016,183.85,166.9604946236559,1.001943446845393,0.009557580617425732,2986.2,3025.86,2943.607247311829,1.0014682493062976
13.8,10202280,17.27,13.423849462365592,1.0037999761998952,0.14519949240532293,414.2,37856240,412.83,399.20154838709675,1.003900816749224,0.0515252562240458,170.68,919190016,183.85,167.27141935483868,1.0018622652734925,0.01606456725826777,3022.55,3025.86,2949.86911827957,1.0021272780101556
13.76,7526025,17.27,13.46916129032258,1.0033754719973598,0.14834369567229244,420.46,41998960,414.2,401.04694623655917,1.0046227221735948,0.07183929333473071,173.25,976520000,183.85,167.72019354838707,1.0026829101784351,0.007061023474379979,3066.91,3025.86,2958.588301075269,1.002955786323423
12.9,16574181,17.27,13.456387096774192,0.9990515969574463,0.06786549923343088,412.66,60792444,420.46,402.2761935483871,1.0030650958032798,0.08092136106527237,175.28,936289984,183.85,168.2764516129032,1.003316583726429,-0.0005913230963818794,3093.08,3066.91,2968.621311827956,1.0033911479840032
12.99,18576316,17.27,13.448881720430109,0.9994422443193625,0.11406367521838556,418.41,45162792,420.46,403.7889247311828,1.0037604292947397,0.04603011244860333,177.63,858080000,183.85,168.96189247311824,1.004073302316784,-0.003903921549358591,3120.46,3093.08,2980.0214838709676,1.003840224415822
12.71,10544248,17.27,13.422301075268816,0.9980235795277377,0.08396872267753608,418.31,34847852,420.46,405.19236559139796,1.003475679431152,0.051735369683527654,176.92,895630016,183.85,169.57645161290324,1.0036372647748533,-0.01994570664153117,3110.29,3120.46,2990.30223655914,1.0034498921379646
12.88,9737476,17.27,13.40615053763441,0.9987967385365715,0.09140716927298065,423.63,26378656,420.46,406.85182795698927,1.0040954926758534,0.05098082383341396,178.24,642579968,183.85,170.26223655913975,1.0040441048253679,-0.001877814999530214,3140.98,3120.46,3002.1965161290314,1.0039776178556379
13.21,12959442,17.27,13.410129032258066,1.0002967663694726,0.15535709086472416,429.12,39945176,423.63,408.77460215053765,1.00472598145424,0.09777090605301608,179.48,810209984,183.85,171.00481720430108,1.004361393695797,0.00039341397728143157,3145.91,3140.98,3013.9887741935486,1.0039278768065862
13.59,11732186,17.27,13.435806451612905,1.001914777948301,0.30358499910294057,434.8,34437400,429.12,410.9348817204301,1.0052847695491045,0.14967001273342828,178.27,810000000,183.85,171.63675268817204,1.0036954250424184,-0.02615607943733922,3168.8,3145.91,3026.6889677419354,1.0042137494529273
13.95,15583039,17.27,13.480021505376344,1.0032908373548453,0.3058757271366631,439.25,44260516,434.8,413.2442365591398,1.0056197586075957,0.12662994122240478,182.8,1015040000,183.85,172.5318924731183,1.0052153153152026,-0.01407277663839146,3221.22,3168.8,3042.106,1.0050936955935603
14.15,3880282,17.27,13.532473118279569,1.0038910629988465,0.33257934031131076,440.18,19083044,439.25,415.4732043010752,1.005393826567298,0.1525930516337084,183.16,400929984,183.85,173.4063440860215,1.0050683476565903,-0.014534199594008923,3240.02,3221.22,3057.8861290322575,1.0051872383908573
14.4,7052853,17.27,13.595118279569895,1.0046292470520932,0.325184655749185,442.35,26280340,440.18,417.67470967741934,1.005298790279502,0.14837379676967877,183.01,513649984,183.85,174.21597849462367,1.004669001084531,0.02533583485831481,3234.85,3240.02,3072.2833333333333,1.004708221200386
14.35,9004519,17.27,13.648774193548388,1.0039467044622277,0.36739874465818745,449.32,37254888,442.35,420.1784946236559,1.0059945811614266,0.1664779174634543,186.63,819120000,183.85,175.20748387096774,1.0056912424733455,0.02676533614221932,3265.35,3240.02,3087.870838709677,1.005073589797928
14.91,9003419,17.27,13.733139784946236,1.0061811844933097,0.29318253406488193,460.19,46569584,449.32,423.22320430107527,1.0072462292011075,0.13521857841943996,191.1,811790016,186.63,176.43266666666668,1.0069927537832872,0.025685825568203535,3329.62,3265.35,3106.7910967741936,1.0061272828601933
13.94,7917751,17.27,13.751956989247313,1.001370204089942,0.24186813426618248,454.8,31580600,460.19,425.76649462365594,1.0060093357281312,0.04301168195360794,188.48,796152000,191.1,177.4339139784946,1.0056749542516386,0.027421226364364948,3295.47,3329.62,3122.692731182796,1.005118346845114
13.62,16290981,17.27,13.749161290322581,0.999796705376048,0.15818478399989644,445.19,63880536,460.19,427.575806451613,1.0042495401841245,0.04597712116365549,182.84,993284992,191.1,178.01913978494622,1.0032982747961168,0.0050033997207739045,3225.52,3329.62,3133.320795698925,1.0034034935330007
14.19,17964932,17.27,13.78279569892473,1.0024462880238245,0.2617388230941067,462.46,61302708,460.19,430.4206666666667,1.0066534639521885,0.05678549993923432,188.88,996889984,191.1,178.96369892473118,1.0053059414899208,0.002139672839463369,3327.71,3329.62,3150.0361505376345,1.0053347090606408
14.6,11058154,17.27,13.840989247311827,1.0042221875487596,0.3397211777381972,468.64,43623424,462.46,433.5575053763441,1.0072878440851138,0.013100998607477266,191.5,897411968,191.1,180.03825806451616,1.006004341362194,0.0214560971871125,3380.16,3329.62,3169.4602365591404,1.0061663057480121
14.34,7005054,17.27,13.879268817204299,1.0027656671939043,0.25299622007862577,459.26,30128316,468.64,435.95481720430104,1.0055293975960027,-0.017800626626474525,189.12,697926016,191.5,180.903376344086,1.0048051913458296,-0.010211494016826972,3337.75,3380.16,3185.2803440860216,1.0049914200987282
12.07,24228176,17.22,13.769139784946237,0.9920652136860734,0.10720806023353202,412.33,71106952,468.64,435.22286021505386,0.9983210255733814,0.049901635812168665,171.25,1608301952,191.5,180.5810322580645,0.9982181422340709,0.017826438737408523,2954.22,3380.16,3175.6858494623652,0.9969878649326832
11.02,19381928,17.22,13.593225806451612,0.9872240400459183,-0.07210173497128347,398.45,67982352,468.64,433.57567741935486,0.9962153118637079,0.0010381030747497189,168.93,1455155968,191.5,180.09989247311827,0.9973356017576716,-0.0003872088651921679,2972.37,3380.16,3167.2146451612903,0.9973324803829355
10.47,27552748,17.22,13.387591397849464,0.9848722877461104,-0.10972667764020616,336.88,99648152,468.64,427.95412903225804,0.9870344470876311,-0.05918653552326936,157.61,1904397952,191.5,178.882,0.9932376835077786,0.020492099835721977,2711.02,3380.16,3141.766623655914,0.9919651730758904
9.02,26111412,17.22,13.095483870967746,0.9781807258526996,-0.2855884244308262,286.67,95364624,468.64,419.2172258064516,0.9795844866701874,0.03895465766229589,138.3,1991255040,191.5,176.4327956989247,0.9863082685732757,0.04912141715050011,2304.92,3380.16,3090.5006666666673,0.9836824426730999
8.53,17948356,17.22,12.781483870967739,0.9760222682037634,-0.34737137579833255,330.82,75021544,468.64,413.54066666666665,0.9864591462603548,0.028588323673854776,145.91,1826660992,191.5,174.5235053763441,0.9891783706367226,0.007470323884180119,2541.47,3380.16,3055.6620000000003,0.9887271771067945
8.18,20211800,17.22,12.456129032258064,0.9745448304755369,-0.4466355637427607,332.0,70629568,468.64,408.087935483871,0.9868145224344023,0.07714735069722778,143.84,1342385024,191.5,172.52511827956985,0.9885494673484531,0.01153536912739217,2488.65,3380.16,3018.2435268817203,0.9877543808450411
9.49,17741928,17.22,12.22804301075269,0.9816888520571125,-0.32574804095789134,359.8,54769952,468.64,404.5887741935484,0.9914254723404806,-0.055029047093873906,158.14,1116019968,191.5,171.50518279569894,0.9940881913657457,-0.009890382594576308,2789.82,3380.16,3001.3092688172046,0.9943893665591619
8.9,11861152,17.22,11.97277419354839,0.9791243114716041,-0.36936398554464456,363.12,50481260,468.64,401.41767741935485,0.9921621731089442,0.013415769956296786,164.69,1107810048,191.5,170.9383010752688,0.9966946671162387,0.004291978553156106,2874.56,3380.16,2990.31,0.9963351764739862
8.83,10813237,17.22,11.723827956989245,0.9792073054636502,-0.4032368452577666,354.07,46597436,468.64,397.7529462365592,0.9908705286564469,0.04881155285761085,164.63,1103789952,191.5,170.3803870967742,0.9967361675236907,0.02998133406882042,2836.74,3380.16,2977.123440860215,0.9955902367514455
9.48,14392830,17.22,11.527634408602148,0.9832654019568638,-0.3428363971340448,360.81,65982360,468.64,394.61524731182794,0.9921114376287609,0.06187304878421085,167.99,1226413056,191.5,170.04363440860217,0.9980235243392143,0.047139275290174476,2830.71,3380.16,2963.816774193548,0.9955303611250926
10.93,12915102,17.22,11.434408602150535,0.9919128415122146,-0.170126467931346,380.92,50263312,468.64,392.8643870967741,0.9955631207182669,0.09329529008519444,174.23,1140004992,191.5,170.10729032258064,1.00037435046716,0.04910582750608272,2929.8,3380.16,2957.1638709677422,0.9977552919992444
10.87,15128458,17.22,11.34283870967742,0.9919917246567616,-0.14485264259956132,375.2,61793020,468.64,390.7918494623655,0.9947245469366047,0.13746501061077032,172.15,1095511040,191.5,170.02391397849462,0.9995098602539144,0.050817905176261946,2863.7,3380.16,2946.333483870968,0.9963375762827679
11.52,9594614,17.22,11.29879569892473,0.996117108610994,-0.10804246528142347,385.04,44112120,468.64,389.43034408602153,0.9965160343589123,0.10083014150389491,179.85,1194665984,191.5,170.43372043010754,1.0024102871297549,0.07592606956870096,2955.45,3380.16,2941.685892473118,0.998422584740223
12.25,13986983,17.22,11.306752688172041,1.000704233394367,-0.06238931198705311,399.93,44343928,468.64,389.0921935483872,0.9991316790209864,0.06765776366026055,180.89,1058963968,191.5,170.89090322580643,1.0026824667943945,0.05146710460293169,3044.31,3380.16,2942.9155053763443,1.0004179959887534
12.95,18723004,17.22,11.363118279569893,1.0049851264065248,0.047195189991401376,427.77,51618276,468.64,390.5943225806452,1.0038605992542773,0.054594782841071554,185.2,985712000,191.5,171.60972043010753,1.0042062929666378,0.023990121096395756,3193.93,3380.16,2953.846623655914,1.0037143840044336
11.72,10419192,17.22,11.340021505376345,0.9979673912014915,-0.08542139520533898,400.42,42025692,468.64,390.29944086021504,0.9992450435057993,0.033859130675821136,180.02,1121889024,191.5,171.9730107526882,1.002116956555084,0.03881978446839052,3041.31,3380.16,2954.71440860215,1.000293781315281
11.86,15276420,17.22,11.32868817204301,0.9990005897847758,-0.01695290656711579,413.28,53198824,468.64,390.8729247311828,1.0014693433065234,0.06063698954994956,183.56,1149193984,191.5,172.55954838709678,1.0034106377032155,0.041566081018678425,3097.74,3380.16,2959.393053763441,1.001583450890438
11.48,10924909,17.22,11.294666666666664,0.9969968715830395,-0.02413355080912316,410.52,53195112,468.64,391.27916129032263,1.001039305957094,0.09059829078106707,173.97,1423064064,191.5,172.51309677419357,0.9997308082146865,0.018046351212550715,3009.05,3380.16,2958.376752688172,0.9996565846250208
12.03,7268501,17.22,11.299139784946234,1.0003960380958183,-0.03921048323474019,425.1,35102416,468.64,392.65423655913975,1.0035143074430095,0.06035737899880256,183.78,901292992,191.5,173.1087311827957,1.0034526909535557,0.02901228264219824,3130.01,3380.16,2965.448043010753,1.002390260238543
11.96,8296158,17.22,11.301634408602151,1.0002207799623153,-0.133795733576748,424.98,33758736,468.64,394.0302150537634,1.0035043006454776,0.03951839483712094,192.39,1096802048,191.5,174.2506021505376,1.0065962644399264,0.07408073077797117,3185.04,3380.16,2976.103849462366,1.0035933209070136
12.82,9333120,17.22,11.363118279569893,1.0054402636596476,-0.16129582573658552,445.45,34362404,468.64,396.7479569892473,1.0068972932319749,0.10033491152495877,190.61,1008017984,192.39,175.2472688172043,1.0057197315496544,0.041634639576940025,3224.73,3380.16,2989.2853763440853,1.004429121948853
12.71,6133897,17.22,11.419935483870969,1.0050001419419552,-0.1766235958783825,445.73,29798590,468.64,399.4704301075269,1.0068619713607079,0.10942584274272316,188.43,963932032,192.39,176.0864946236559,1.004788809618066,0.03630038909584321,3215.63,3380.16,3001.8722580645153,1.0042106658066297
12.72,6528765,17.22,11.480494623655915,1.0053029318659878,-0.18107492488126375,451.92,27830016,468.64,402.5803225806452,1.00778503798712,0.0812010883476958,191.69,912963008,192.39,177.12470967741936,1.0058960515738722,0.03621683582373403,3271.12,3380.16,3018.0915913978497,1.0054030724624479
14.34,10480605,17.22,11.649182795698925,1.01469345856366,-0.14374884758901352,469.3,46355352,468.64,406.79092473118277,1.0104590361584156,0.10063900471378606,197.39,1064355968,192.39,178.51199999999997,1.00783228000829,0.03133847318881622,3351.28,3380.16,3039.4045376344084,1.00706172943767
15.33,15439705,17.22,11.881763440860212,1.0199654043755892,-0.15705926161155337,468.53,46714380,469.3,410.90888172043014,1.0101230306255446,0.11368664478032342,196.89,885753984,197.39,179.84389247311825,1.007461080897185,0.01731480957698972,3372.85,3380.16,3061.9243010752693,1.0074092682175135
14.61,10119622,17.22,12.06698924731183,1.015589083840421,-0.1787518796186538,457.51,36296912,469.3,414.2979354838709,1.0082477014107145,0.11036290217833422,200.3,687713984,197.39,181.38333333333333,1.0085598728933494,0.031854713647328614,3397.16,3380.16,3085.9194838709677,1.0078366348858696
15.26,7382335,17.22,12.292709677419355,1.0187056129313954,-0.06418746245575746,459.16,30449122,469.3,417.78761290322586,1.008423110811014,0.10169428438748451,209.9,856681024,200.3,183.51670967741936,1.0117616999582066,0.0604185727605977,3508.01,3397.16,3116.8475913978496,1.0100223313305912
14.95,11515560,17.22,12.494903225806452,1.0164482488965398,-0.21601540288782184,450.93,41001504,469.3,420.7162795698925,1.0070099413582783,0.06926457860474722,204.6,1033849024,209.9,185.2499569892473,1.0094446294011843,0.0534021306905359,3426.96,3508.01,3141.9391612903223,1.0080503037625974
15.06,7825996,17.22,12.702559139784947,1.0166192494832302,-0.22842388143278303,443.41,29766918,469.3,423.18458064516125,1.0058669017462127,0.0976015088802401,197.76,768910016,209.9,186.5081075268817,1.0067916374075456,0.04428342076102376,3340.97,3508.01,3161.2695483870975,1.0061523747292538
15.64,18127270,17.22,12.946645161290322,1.0192154997130372,-0.1232471311984753,450.4,57861748,469.3,426.15810752688185,1.0070265482669225,0.13330137274888776,193.19,977305024,209.9,187.4579569892473,1.0050928052134607,0.02699747089547966,3319.47,3508.01,3179.29711827957,1.0057026361139214
14.1,15843957,17.22,13.088580645161292,1.0109631091377516,-0.047592719719141696,436.68,33556984,469.3,428.2655268817206,1.0049451584227007,0.11324875576409021,192.42,992832000,209.9,188.34937634408604,1.0047553028377978,0.007095602297383818,3298.46,3508.01,3196.0085161290317,1.0052563183709313
14.22,9865247,17.22,13.23389247311828,1.011102183796431,0.11344026227275128,443.11,33184456,469.3,430.7354193548387,1.0057671988943446,0.16520356205047226,194.22,828286016,209.9,189.3113978494624,1.0051076436994348,0.023185045546342042,3348.44,3508.01,3215.2041290322577,1.0060061206991011
14.24,10976738,17.22,13.373612903225807,1.0105577728088193,0.222577375456255,444.38,29963894,469.3,433.1912043010753,1.005701376845013,0.2692606318078654,198.57,796393984,209.9,190.49967741935484,1.0062768517024916,-0.02270906710597509,3477.13,3508.01,3241.893569892472,1.0083010097614697
14.06,7670388,17.22,13.493612903225808,1.008972893179154,0.47487859520857767,453.89,26659270,469.3,436.0293548387096,1.0065517270652193,0.25161293377789407,200.36,930622976,209.9,191.7153548387097,1.006381519569079,-0.06273214056776566,3483.81,3508.01,3267.366430107527,1.0078574017517483
13.98,6766377,17.22,13.597612903225805,1.0077073501919664,0.5644407853998055,457.09,24411396,469.3,438.71434408602147,1.006157817627451,0.24270015417875923,204.62,960318976,209.9,193.07240860215057,1.007078482391682,0.038833687122863836,3465.39,3508.01,3289.1156559139777,1.006656500356385
13.13,9196033,17.22,13.635053763440862,1.002753487724759,0.609517760355006,440.69,26960936,469.3,440.06972043010757,1.0030894279212816,0.1648726461646477,196.55,1165054976,209.9,193.78255913978495,1.0036781565153503,0.0524995020775858,3269.96,3508.01,3296.2695698924726,1.0021750265806653
15.16,9307529,17.22,13.792817204301075,1.0115704304212734,0.6037764262307781,480.83,38619368,469.3,443.7810322580645,1.0084334632801586,0.33529288758304876,211.48,1144573056,209.9,195.34258064516126,1.0080503710566182,0.07935110975395743,3509.44,3508.01,3317.1935698924735,1.0063477818049582
16.98,19222196,17.22,14.055806451612904,1.0190671161240228,0.9119044068543861,503.25,51047964,480.83,448.6785161290323,1.0110358116164817,0.30293360947808234,213.16,1127622016,211.48,196.89627956989247,1.007953713520113,0.04711095138774435,3585.15,3509.44,3341.454516129033,1.007313696269267
17.52,10070957,17.22,14.33625806451613,1.019952723016547,0.9961613625731336,509.11,29789952,503.25,453.6527096774193,1.0110863198695177,0.32363141704697096,211.22,903884032,213.16,198.2205806451613,1.0067258816579048,0.028903749730032402,3557.54,3585.15,3362.4060215053764,1.0062701752411147
17.71,7828456,17.52,14.610279569892473,1.0191138792384449,0.8671087064723806,514.01,22845160,509.11,458.6096129032258,1.0109266474553436,0.30746982578205695,216.99,632369984,213.16,199.81694623655915,1.008053480552837,0.006370450239078451,3638.35,3585.15,3387.0209677419343,1.0073206347119072
18.67,23638256,17.71,14.928537634408602,1.021783160479144,0.7179225905897845,530.79,60688536,514.01,464.31963440860216,1.0124507235450846,0.2771721210057929,220.99,928196992,216.99,201.566,1.0087532804218227,0.005796399097664162,3699.12,3638.35,3413.8196989247317,1.0079121834314075
17.96,16429349,18.67,15.184344086021506,1.0171353991849341,0.5927318402733053,515.59,43218920,530.79,468.72670967741936,1.0094914686828405,0.20520376094939707,221.22,1065702976,220.99,203.22933333333336,1.0082520530909644,0.00576705070634298,3663.46,3699.12,3436.663333333334,1.0066915175443498
17.35,19664584,18.67,15.385548387096776,1.0132507732922422,0.4877863455988458,504.41,59669832,530.79,472.11058064516124,1.0072192834286544,0.2005660189558316,220.2,1188903040,221.22,204.72133333333332,1.0073414598942407,-0.030754731109774225,3709.41,3699.12,3460.7515698924735,1.0070091929941172
17.82,11646131,18.67,15.604537634408603,1.0142334378861324,0.4422948411332792,504.16,31961298,530.79,475.2216129032258,1.0065896262138696,0.2155839725865314,217.7,636921984,221.22,205.9652688172043,1.0060762377013517,-0.012893456982546292,3703.06,3709.41,3482.808709677419,1.0063735114582728
17.97,6069142,18.67,15.821225806451615,1.0138862282958776,0.3841044633510824,518.85,21488244,530.79,479.05623655913985,1.008069127227795,0.21950025886710767,221.92,588433984,221.22,207.40230107526887,1.0069770610662516,0.022269533287693655,3756.07,3709.41,3506.869182795699,1.0069083533216812
18.63,12427407,18.67,16.06969892473118,1.0157050484784966,0.5416420305587326,517.27,39702668,530.79,482.5930537634409,1.0073828852113575,0.2814914898021377,221.32,1121356032,221.92,208.72165591397848,1.0063613317300217,-0.02815755141177534,3824.68,3756.07,3534.1472043010754,1.0077784542517865
18.7,9756860,18.67,16.30782795698925,1.0148185123674962,0.5013637425107627,501.72,39568592,530.79,484.87535483870965,1.0047292455982748,0.17690397832801952,213.44,1178520960,221.92,209.44380645161286,1.0034598735549127,-0.053670786188393826,3768.25,3824.68,3556.099913978494,1.0062116002555588
18.57,9347386,18.7,16.522860215053765,1.013185830671727,0.5075044193547376,512.3,27948324,530.79,487.6500430107527,1.0057224772188433,0.1530142010876654,226.14,856067008,221.92,210.92105376344085,1.0070531916739647,0.023240483264919343,3841.47,3824.68,3581.3345376344087,1.0070961514767123
19.4,16696210,18.7,16.7761935483871,1.0153322929587292,0.5119546583455854,512.16,58943776,530.79,490.1968172043011,1.005222544794264,0.1696738765046557,218.57,1725944064,226.14,211.79772043010755,1.004156373444113,0.002648071077787195,3714.24,3841.47,3596.570623655914,1.0042543040482248
21.22,17591592,19.4,17.13109677419355,1.0211551699605048,0.6661246495526609,532.43,44750712,530.79,493.86410752688164,1.0074812609830799,0.1658669018731096,234.43,1025052992,226.14,213.6227956989247,1.0086170675733002,-0.0018249861804231493,3886.83,3841.47,3621.6851397849455,1.006982906428653
23.72,18687594,21.22,17.62737634408602,1.0289695152875482,0.8144620982065414,559.52,45245652,532.43,499.04806451612905,1.0104967275617722,0.157122425587785,237.55,1067569024,234.43,215.55875268817206,1.00906250188756,0.026057518708614502,3934.83,3886.83,3648.3872043010747,1.007372828803587
22.5,18437228,23.72,18.021505376344088,1.022358916299549,0.7382539721667916,554.83,34133312,559.52,503.68412903225806,1.0092898156425556,0.14720264764840074,235.35,802782976,237.55,217.25182795698922,1.0078543564003006,0.03409215015583378,3906.71,3934.83,3671.7479784946236,1.0064030413674319
23.45,24150420,23.72,18.455870967741934,1.0241026252983292,0.8131955845122023,547.87,42732216,559.52,507.63653763440857,1.0078469984943628,0.17922319799546504,232.08,1319369984,237.55,218.63303225806453,1.0063576187784655,0.04561453944546634,3811.15,3934.83,3687.4573978494623,1.0042784579570407
24.37,21291228,23.72,18.926516129032258,1.025501108135885,0.6664758362364425,554.15,39320616,559.52,511.7877634408602,1.0081775551968666,0.16851824359131418,237.73,1251053056,237.55,220.29189247311828,1.0075874180489603,0.05795725919557304,3841.94,3934.83,3703.9919139784947,1.0044839883814456
26.21,23710544,24.37,19.49430107526882,1.0299994432343313,0.698853986181629,577.68,47429620,559.52,517.2745806451612,1.0107208839215145,0.1430967718210252,239.41,1322830976,237.73,221.9723870967742,1.0076284905667194,0.04681632554010662,3943.34,3934.83,3726.013182795699,1.0059452799381388
27.3,27343612,26.21,20.10901075268817,1.03153278873892,0.8715288165500878,584.33,57119000,577.68,522.9556989247311,1.010982790363455,0.19859448913902789,240.71,1300617984,239.41,223.64531182795702,1.00753663441234,0.049873460717565044,3913.1,3943.34,3744.856623655914,1.0050572662885955
25.73,20335508,27.3,20.595139784946237,1.024174686573932,0.7037469935542044,587.36,43604636,584.33,528.5595698924731,1.0107157661332773,0.17597799014247073,236.19,1568609024,240.71,224.93972043010754,1.0057877743627655,-0.007739809658695362,3974.54,3943.34,3766.5543870967736,1.0057940171337394
26.06,14388530,27.3,21.080043010752686,1.023544546474061,0.7334922504646328,594.76,33429776,587.36,534.3651612903225,1.0109837977184493,0.2010696083240282,244.2,1426782976,240.71,226.69436559139783,1.0078005127681995,0.02053498746561422,4019.87,3974.54,3790.1733763440857,1.0062707150408408
26.68,12735151,27.3,21.58105376344086,1.0237670650118036,0.7378465504032874,603.17,30759556,594.76,540.4040215053764,1.0113009991154214,0.21604775552069944,251.95,1293714944,244.2,228.86384946236564,1.009570082896891,0.0382102508190143,4128.8,4019.87,3819.5450322580646,1.007749422782952
26.7,19887548,27.3,22.05836559139785,1.0221171696798965,0.6817745492789113,613.45,40419256,603.17,546.7625376344087,1.0117662265194098,0.18616639807388013,251.93,1071345984,251.95,230.91550537634413,1.0089645259345157,0.043167984012400185,4185.47,4128.8,3850.8785591397855,1.0082034709938206
26.73,15375818,27.3,22.513827956989243,1.0206480558908233,0.8493181475669656,621.9,35949316,613.45,553.3155698924731,1.0119851522498533,0.19806843488507964,250.35,1252039040,251.95,232.73890322580644,1.0078963855046916,0.03375058789281726,4180.17,4185.47,3880.007784946237,1.0075643065235893
26.19,15499983,27.3,22.907290322580646,1.0174764756283596,0.8229588860489738,619.23,37179568,621.9,559.2980215053764,1.0108120066349584,0.21499714515591517,257.55,1126429056,251.95,234.90223655913974,1.0092951083954984,0.07738159668722422,4181.17,4185.47,3907.305376344086,1.0070354475843475
27.44,17265540,27.3,23.355655913978495,1.019573052294006,0.8713540819233965,626.28,46304792,621.9,565.3565591397851,1.0108323959704022,0.2531867229942488,257.83,1120376960,257.55,236.94744086021504,1.0087066191068828,0.08116553733758147,4232.6,4185.47,3936.1302150537635,1.0073771655740529
26.7,16509492,27.44,23.727892473118278,1.015937748034599,0.8424405071694445,608.24,48926592,626.28,569.8600430107526,1.007965740908392,0.16828177454280224,252.8,968390976,257.83,238.54068817204296,1.0067240536806128,0.0636583847307528,4173.85,4232.6,3959.540064516129,1.0059474275959759
26.49,17800610,27.44,24.059397849462364,1.0139711260374116,0.849062176614853,604.44,39010544,626.28,573.7864301075267,1.0068900901983402,0.12446713333636272,251.18,1795272960,257.83,239.91664516129035,1.0057682276335809,0.028296324461045907,4155.86,4232.6,3980.3053118279568,1.0052443584288786
26.99,32979738,27.44,24.39625806451613,1.0140011906017545,0.9237007868973368,611.55,52167528,626.28,577.8546451612904,1.007090120714429,0.11096753539704274,257.37,1014369024,257.83,241.59182795698928,1.0069823533693243,0.023761524700327108,4204.11,4232.6,4002.6985806451607,1.0056260178712069
26.22,11713015,27.44,24.653634408602148,1.0105498287239536,0.5421004415199095,611.9,27700804,626.28,581.5780000000001,1.0064434107606255,0.0123755061718267,258.81,675211008,257.83,243.22911827956992,1.0067770931509825,0.01851450643434327,4229.89,4232.6,4024.7461505376345,1.005508176408557
26.84,11192297,27.44,24.92722580645161,1.0110974063018474,0.42664202108130755,622.21,27591580,626.28,585.6846451612903,1.0070612113272686,0.014979545101542868,260.93,787097984,258.81,244.90139784946234,1.0068753263660246,0.03937249774301099,4247.44,4232.6,4046.376623655914,1.0053743695401485
25.13,11684669,27.44,25.069290322580645,1.0056991707473628,0.26195564902871604,609.92,35917548,626.28,588.7425591397849,1.0052210929614733,-0.010337526594708102,258.06,934726976,260.93,246.28578494623656,1.005652834605808,0.05059889449934585,4166.45,4247.44,4061.3576559139788,1.0037023326426122
25.73,9069425,27.44,25.233698924731186,1.0065581673846768,0.3174032696321989,637.35,34515992,626.28,593.3533548387095,1.0078315991044735,0.011326007306374342,264.16,871539008,260.93,247.9629892473118,1.0068099923080878,0.040833479886044355,4280.7,4247.44,4082.4001720430106,1.0051811531787629
25.75,8419933,27.44,25.382150537634406,1.005883069832371,0.24558058836795738,639.13,29045422,637.35,597.8137419354839,1.0075172526798755,-0.00784755191266373,269.14,783276032,264.16,249.86004301075266,1.007650552081177,0.04129521689300275,4352.34,4280.7,4106.683225806452,1.005948229654147
25.52,9191452,27.44,25.500537634408605,1.0046641870080577,0.34175480713656503,636.01,23400580,639.13,601.8398494623656,1.006734718934106,-0.04728105227522472,267.97,637466688,269.14,251.57806451612905,1.0068759353623518,0.01858953105411132,4369.55,4352.34,4130.67182795699,1.0058413568399414
24.22,7460204,27.44,25.518795698924727,1.000715987434378,0.2723603588813577,630.55,26448122,639.13,605.2547311827957,1.0056740704748626,-0.03645401472290177,267.3,754379712,269.14,253.15232258064518,1.006257533094326,0.04736053965470122,4327.16,4369.55,4150.40711827957,1.0047777434626999
24.75,11670352,27.44,25.556473118279566,1.0014764575804973,0.25598945575850873,639.45,30413032,639.13,608.9725376344087,1.0061425483520758,-0.02345329303921284,275.96,934770240,269.14,255.184,1.0080255136458707,0.07622292118632967,4411.8,4369.55,4174.274559139784,1.0057506264277294
24.63,7674727,27.44,25.57150537634408,1.0005881976748099,0.20092885117332004,645.18,30804052,639.45,612.7690752688172,1.0062343330770815,-0.029182674090686422,273.3,948487296,275.96,256.91877419354836,1.006798130735267,0.06134966410121856,4395.26,4411.8,4195.550731182796,1.0050969747537153
24.72,15008282,27.44,25.57802150537635,1.0002548199230499,0.19928812187619194,662.53,45652220,645.18,617.4132903225807,1.007579062392674,-0.03429121020193082,275.34,844438528,275.96,258.67466666666667,1.0068344264782905,0.0841094155573654,4436.52,4411.8,4218.11423655914,1.0053779603256003
23.52,10880386,27.44,25.49402150537634,0.996715930511578,0.17168899437309793,656.39,26043510,662.53,621.3489892473119,1.0063744966077341,0.017032834106376793,277.4,645330752,275.96,260.4472903225806,1.0068527145651962,0.11396639055248459,4468.0,4436.52,4241.392924731183,1.0055187429421142
22.1,13898484,27.44,25.308043010752687,0.9927050153862765,0.12337988699160563,646.34,30550328,662.53,624.3036774193549,1.004755279598382,-0.018956440499311666,276.32,716272000,277.4,262.01268817204306,1.0060104209474539,0.06565566749097362,4441.67,4468.0,4261.46806451613,1.0047331478458152
22.74,7795500,27.44,25.155763440860216,0.9939829575195612,0.11666081622220337,655.9,23212096,662.53,627.58688172043,1.0052589860028482,0.0025079199554662868,284.06,673705984,277.4,263.9695268817204,1.0074684883519551,0.08555331302135905,4509.37,4468.0,4284.620193548388,1.0054328998086455
22.56,10767404,27.44,24.984688172043004,0.993199360885254,0.0024067469781194895,667.83,28883460,662.53,631.3306451612904,1.005965330936487,-0.0341541799224061,286.77,763848000,284.06,265.9603655913979,1.0075419262715484,0.05639373696821148,4535.43,4509.37,4307.743655913979,1.005396852304531
21.89,9598512,27.44,24.76750537634409,0.9913073641662683,-0.14499669198664866,657.03,28191528,667.83,634.0864516129033,1.004365076323689,-0.05027351211573383,283.32,615651968,286.77,267.6160645161291,1.0062253596360102,0.059569094618247886,4458.58,4535.43,4324.514215053764,1.0038931191081348
22.35,15847389,27.44,24.583935483870967,0.9925882768698839,-0.058921568627450904,659.95,47572696,667.83,636.8209462365592,1.0043124949550652,-0.041604358073570324,279.82,1031019008,286.77,268.9475268817204,1.0049752707035682,0.054240807415350645,4432.99,4535.43,4338.507462365591,1.0032357963498226
24.37,17968978,27.44,24.53101075268817,0.9978471823106794,-0.0403089023871368,685.78,39634464,667.83,640.9958279569893,1.0065558172122047,0.014313943663942341,277.81,958289024,286.77,270.05367741935487,1.0041128860728321,0.02797966710579347,4455.48,4535.43,4352.819892473119,1.0032989294663386
23.71,13816925,27.44,24.433526881720425,0.9960260964397049,-0.06807257746702045,654.09,30382508,685.78,642.8296129032259,1.0028608375690702,-0.04609316618839299,272.81,883832000,286.77,270.7389032258065,1.0025373689149493,0.013486867551002701,4357.05,4535.43,4359.396344086021,1.0015108485476907
24.08,10001743,27.44,24.361333333333334,0.9970453079190503,-0.1365841311593099,666.15,28716848,685.78,645.2265376344086,1.003728709261475,0.0018196008747422,272.45,990300032,286.77,271.3254623655914,1.002166512210828,0.024391584019159085,4391.36,4535.43,4367.078580645161,1.0017622248478422
23.9,10292304,27.44,24.282107526881717,0.9967478870976567,-0.17433465566245665,680.39,27899126,685.78,648.3519139784946,1.0048438434592981,-0.03966949626583238,271.29,1077810048,286.77,271.76612903225805,1.0016241257374985,-0.01562610173299217,4471.37,4535.43,4378.959268817204,1.0027205116538773
24.07,8553093,27.44,24.221161290322584,0.997490076325061,-0.1226315573743969,692.64,25992344,685.78,652.0610322580645,1.0057208411043466,-0.013137324462384248,269.62,963441984,286.77,272.0332903225807,1.0009830558770292,-0.0019648073238200947,4544.9,4535.43,4394.383247311828,1.0035222932089045
22.9,14065702,27.44,24.088301075268816,0.9945147049944772,-0.1364238963974157,707.37,38408488,692.64,656.4940645161289,1.0067984928384892,-0.0016954084000939673,275.13,1144641024,286.77,272.5840430107526,1.0020245782695156,-0.018995487275680567,4605.38,4544.9,4412.482580645161,1.0041187425662985
24.37,18438180,27.44,24.057075268817208,0.9987036941146643,-0.10293101971666818,692.04,43899200,707.37,659.6958924731182,1.0048771620796744,-0.047332032438267335,279.05,1165244032,286.77,273.3211827956989,1.0027042660927779,-0.03018602113358848,4697.53,4605.38,4435.267913978494,1.0051638353051586
23.81,15836688,27.44,23.99468817204301,0.9974067048434992,-0.15308260107716998,681.43,37790024,707.37,662.0220860215054,1.0035261604247172,-0.05287528882697323,277.7,979772992,286.77,273.91294623655915,1.0021650844431715,-0.016544603025726357,4682.85,4697.53,4455.883075268817,1.004648008122655
22.13,15555262,27.44,23.83012903225806,0.9931418512878746,-0.23015621326783764,685.34,41669252,707.37,664.4543440860214,1.0036739832641126,-0.037812033959981006,274.93,1065582976,286.77,274.27058064516126,1.0013056498917479,-0.025685623603225682,4697.96,4697.53,4476.403440860216,1.0046052298152282
21.45,14959000,27.44,23.631591397849462,0.9916686294841356,-0.26442466171750323,675.86,30209522,707.37,666.1385591397848,1.0025347340547228,-0.025749839344507697,265.98,795932992,286.77,273.997935483871,0.9990059263350487,-0.0661522968057211,4594.62,4697.96,4489.143182795699,1.0028459771563922
21.76,36124664,27.44,23.463247311827956,0.992876311917071,-0.31020440083586165,679.17,59654756,707.37,667.9145376344085,1.0026660797070763,-0.04339179669066873,258.65,1684669952,286.77,273.2342580645161,0.9972128351332054,-0.06907543366392477,4538.43,4697.96,4497.368623655913,1.0018322963927142
21.86,16689153,27.44,23.31356989247312,0.9936207713550637,-0.32806028593375436,694.69,34192648,707.37,670.578064516129,1.0039878258843624,-0.02819827482789483,266.26,1204137984,286.77,272.95978494623654,0.9989954659411165,-0.07569483912266906,4712.02,4697.96,4516.135720430108,1.0041729060578848
21.28,16965764,27.44,23.136881720430107,0.9924212305169079,-0.3367766759055054,687.36,36088668,707.37,672.5827741935484,1.0029895246854905,-0.041254251173847845,262.92,1544376064,286.77,272.44088172043007,0.9980989755472269,-0.06509787104161413,4620.64,4712.02,4527.849978494624,1.002593867587177
22.33,8243616,27.44,23.039139784946236,0.9957754922783063,-0.2771008422072576,701.94,20271274,707.37,675.3498064516128,1.004114039734934,-0.012281173890495545,269.61,820499968,286.77,272.3283440860215,0.9995869282403658,-0.076527725678877,4725.78,4712.02,4545.347935483872,1.0038645178334873
22.31,12258010,27.44,22.950129032258065,0.9961365418362395,-0.2320134492078434,703.37,27672042,707.37,678.0147096774193,1.0039459598571714,-0.01792438091072457,267.48,792689984,286.77,272.052064516129,0.9989854909490977,-0.09328632455867747,4766.18,4725.78,4564.33047311828,1.0041762562302916
22.5,16057444,27.44,22.881784946236557,0.9970220609249976,-0.2618558441358032,668.53,38262552,707.37,678.2351612903227,1.0003251428173414,-0.014022236744323013,260.3,1354513024,286.77,271.29391397849463,0.9972132152756024,-0.10355300882741059,4677.02,4766.18,4576.407440860215,1.002645945076296
22.72,11565900,27.44,22.836967741935485,0.998041358905943,-0.2045976345506063,653.85,32359180,707.37,677.4089032258064,0.9987817528319464,-0.02383827759620294,261.66,1135126016,286.77,270.6248602150538,0.9975338416051092,-0.10519195126488845,4662.85,4766.18,4586.646387096775,1.0022373327482037
21.44,9628216,27.44,22.714752688172045,0.9946483677191952,-0.31490284356040765,626.27,28434008,707.37,674.7088172043011,0.9960140972333733,-0.06833010487498026,243.22,1226653952,286.77,268.7583870967742,0.9931030980790294,-0.10665584725447186,4397.93,4766.18,4578.7261935483875,0.9982732059810261
21.76,16205463,27.44,22.622408602150532,0.995934620671895,-0.3137349190067036,613.75,36488928,707.37,671.2248172043011,0.9948362909878128,-0.08840177978694375,244.55,1753789952,286.77,267.02275268817203,0.9935420269955066,-0.10963342261719966,4431.85,4766.18,4572.742279569893,0.9986931050852252
22.5,20391476,27.44,22.586387096774192,0.998407706888783,-0.24616267201284003,631.28,50081200,707.37,668.9263655913978,0.9965757350533068,-0.02687272666155005,243.93,1739401984,286.77,265.3,0.9935482925300233,-0.11968945021928057,4500.54,4766.18,4571.018989247312,0.9996231385419903
22.65,18375410,27.44,22.566537634408604,0.9991211758533783,-0.12580114661301955,605.0,36154080,707.37,664.9426021505376,0.9940445411546334,-0.025363422541378022,234.52,1571916032,286.77,263.0218494623656,0.9914129267333796,-0.14377463171940663,4418.64,4766.18,4563.730129032258,0.9984054189597114
22.15,15680088,27.44,22.517806451612906,0.9978405556233227,-0.19731020359263507,591.76,37759880,707.37,660.1595913978493,0.9928068817711195,-0.04073473319260701,228.72,1292076032,286.77,260.44,0.9901838973923913,-0.15692021037731285,4348.87,4766.18,4551.743247311828,0.9973734464173997
22.28,11739461,27.44,22.48305376344086,0.9984566574791944,-0.18040425734823995,601.81,60799352,707.37,656.1275268817204,0.9938922882153522,-0.05674023765267766,232.93,1117132032,286.77,258.2313548387097,0.9915195624278518,-0.14529234607939134,4384.62,4766.18,4542.198150537634,0.9979029799671081
21.22,16904368,27.44,22.384967741935487,0.9956373354555212,-0.21469105897521057,616.56,29316212,707.37,653.1403440860214,0.9954472527468924,-0.06897466278084319,226.71,1244274944,286.77,255.70823655913975,0.9902292334672299,-0.15235348593637665,4328.87,4766.18,4529.079161290323,0.997111753205712
20.96,15883173,27.44,22.277634408602147,0.995205115568147,-0.2527428454709477,609.77,28307076,707.37,649.8139569892471,0.9949070867740851,-0.052570999771669236,219.59,1265155968,286.77,252.83034408602148,0.9887454056551179,-0.1493819657401928,4204.31,4766.18,4508.155548387097,0.9953801618037373
22.14,19868140,27.44,22.251935483870966,0.9988464248824706,-0.14379930755432224,627.29,29916254,707.37,647.7181505376344,0.9967747592536745,-0.03195935035815167,232.31,1386748032,286.77,250.89741935483872,0.9923548546430601,-0.16409436916668363,4463.09,4766.18,4504.4944946236565,0.9991879042938635
22.58,10108252,27.44,22.254537634408596,1.0001169404135437,-0.0873705519609761,646.47,17844680,707.37,646.9007311827955,0.9987380014684467,-0.023875944506652425,237.3,983683008,286.77,249.3810752688172,0.9939563185228423,-0.17207978485208197,4543.04,4766.18,4505.945440860215,1.0003221107803084
21.93,8454022,27.44,22.215548387096774,0.9982480315721528,-0.11279968935722862,629.86,15574740,707.37,645.0319784946237,0.9971112218643577,-0.07058952301712285,237.17,998950016,286.77,247.95690322580646,0.9942891735410332,-0.17526058113557885,4545.86,4766.18,4507.505913978494,1.0003463142505298
21.34,9899091,27.44,22.139849462365593,0.996592525045425,-0.10595001202548837,615.17,15286053,707.37,642.2971397849461,0.9957601501927701,-0.12644169511447567,230.73,1825079040,286.77,246.22391397849455,0.9930109255892193,-0.1922818134800286,4488.28,4766.18,4505.329118279569,0.99951707313524
21.17,9816138,27.44,22.05436559139785,0.9961389136311405,-0.14236441958783563,604.73,14497095,707.37,638.9787741935484,0.9948335974335666,-0.12918362924559512,223.81,1528039040,286.77,244.15756989247313,0.9916078659759998,-0.19105090365819966,4392.59,4766.18,4496.914903225807,0.9981323861514084
20.86,11512393,27.44,21.95141935483871,0.9953321606040985,-0.2338278437268162,580.24,18496784,707.37,634.1991612903226,0.9925199191330604,-0.22856720170904765,206.48,2004147968,286.77,241.09361290322582,0.9874509031581667,-0.21552809044879884,4271.78,4766.18,4480.793376344086,0.9964149806637086
19.86,11610051,27.44,21.791505376344084,0.9927150961899247,-0.28713303900584053,550.45,21275020,707.37,627.7245806451613,0.9897909347089195,-0.19542554793855016,198.03,2066535936,286.77,237.63789247311823,0.9856664787237864,-0.22244220020981587,4131.93,4766.18,4456.044322580645,0.9944766357908621
17.11,19220316,27.44,21.462451612903223,0.9848999067408134,-0.4206232957029893,480.72,35844072,707.37,616.9741720430106,0.9828740040877456,-0.28388361007036234,200.13,1630916992,286.77,234.47847311827954,0.9867049007969296,-0.20440971665517893,4123.34,4766.18,4431.225204301075,0.9944302353201917
17.84,27169424,27.44,21.195483870967745,0.9875611720995109,-0.39679759207501597,489.83,41598448,707.37,607.2102795698926,0.9841745523304704,-0.21386991682843026,199.81,1620925952,286.77,231.45393548387096,0.9871010008117765,-0.16340517258597764,4023.89,4766.18,4400.566344086023,0.9930811775972718
17.61,19219084,27.44,20.92670967741935,0.987319270690652,-0.4239267952775627,490.82,29710212,707.37,597.920064516129,0.9847001683496791,-0.18014746729420827,193.79,1326824960,286.77,228.1947311827957,0.9859185617463723,-0.1396516072015902,3901.36,4766.18,4362.964645161291,0.9914552591678875
17.68,15453434,27.44,20.676344086021505,0.9880360746979733,-0.3651730834422433,492.34,24985026,707.37,589.1619354838709,0.9853523413044425,-0.2416420463177471,200.75,1155680000,286.77,225.54763440860214,0.9883998339467659,-0.17325413404157097,4158.24,4766.18,4343.319806451613,0.9954973646803522
17.2,12793733,27.44,20.406236559139785,0.9869363981486297,-0.44241498594877104,483.58,20753560,707.37,580.3010752688172,0.9849602296391119,-0.21060596416960786,200.46,897353024,286.77,223.0417849462366,0.9888899324130088,-0.15625120175038087,4108.54,4766.18,4321.430107526882,0.9949601457179793
16.57,14141223,27.44,20.11090322580645,0.9855273003193203,-0.4609652745882432,464.43,20605552,707.37,570.6530322580645,0.9833740735250519,-0.17220369794347112,192.17,916790976,286.77,220.17010752688174,0.9871249352669633,-0.14100405078731637,3900.86,4766.18,4287.408344086021,0.9921271980352978
15.5,22281664,27.44,19.762107526881717,0.9826563881786694,-0.40880439707997196,429.22,43505368,707.37,559.2000430107528,0.9799300299833816,-0.18179950274280654,183.37,1523049984,286.77,216.91462365591397,0.985213778984187,-0.11525059386518777,3674.84,4766.18,4240.486344086022,0.9890558593363931
15.78,18221648,27.44,19.44563440860215,0.9839858619406315,-0.36744275332510623,434.03,26925706,707.37,548.6081720430108,0.9810588874229783,-0.2358440376414236,196.2,1130633984,286.77,214.6837849462365,0.9897155909911534,-0.11372455095808409,3911.74,4766.18,4211.0484731182805,0.993057902188791
