4.21,5404202,7.98,6.18530752688172,0.9774446413266371,-0.40327100612762945,550.88,447708992,601.29,564.3330107526882,0.9980506025617718,-0.1679251487711979,1046.74,788636416,1101.36,1050.1429892473118,0.9997977540710388,-0.08456313017345207,2926.46,3025.86,2908.564301075269,1.0012224622670434
4.94,4047966,7.98,6.093522580645162,0.9851608111904452,-0.1199214846336959,555.85,411713984,601.29,563.5780000000001,0.9986621183976441,-0.15060380196865142,1053.74,628475712,1101.36,1050.3896344086022,1.0002348681692073,-0.08718378372441449,2978.71,3025.86,2915.0135698924737,1.0022173375416938
4.5,3806899,7.98,5.973425806451614,0.9802910758753874,-0.34425219847543176,554.71,602340992,601.29,562.754559139785,0.9985389052443226,-0.13036181224655752,1055.71,917624320,1101.36,1050.7346666666667,1.0003284802579557,-0.10019175173422767,3007.39,3025.86,2922.730731182796,1.0026473843449746
4.19,4565327,7.98,5.835952688172043,0.9769858833550602,-0.4385500684610524,562.42,494348992,601.29,562.4689892473118,0.9994925498375177,-0.14177265346628187,1066.2,861253888,1101.36,1051.7949892473118,1.0010091249620694,-0.07500847822428158,2992.07,3025.86,2928.961032258065,1.0021316712514081
3.67,8000634,7.98,5.668621505376344,0.9713275292421689,-0.5589069135657155,551.08,309092000,601.29,561.4809892473119,0.998243458717036,-0.1935776300031642,1034.11,798872768,1101.36,1050.7932903225806,0.9990476291150159,-0.09329834811664584,2961.79,3025.86,2932.808967741935,1.0013137544137634
3.42,8350075,7.98,5.491247311827957,0.9687094660703385,-0.594117516195629,559.02,325704000,601.29,561.0802580645162,0.9992862960804196,-0.1557967960343687,1043.45,855209984,1101.36,1050.4793978494622,0.999701280474467,-0.06529066686693752,2952.01,3025.86,2935.6859354838707,1.0009809598148327
3.16,13750491,7.98,5.303937634408603,0.9658894114974762,-0.6199741970226907,556.61,254191008,601.29,560.5519999999999,0.9990584982149638,-0.13728515424626597,1040.49,726030016,1101.36,1049.9503870967742,0.9994964101592368,-0.07577930797325183,2970.27,3025.86,2939.291634408602,1.001228230472868
3.6,11922947,7.98,5.152756989247311,0.9714965266219332,-0.5218521238823349,554.97,280756992,601.29,559.9612688172043,0.9989461616713604,-0.1507478858888247,1061.63,756080000,1101.36,1050.8389032258065,1.0008462458226137,-0.05461391576877972,2986.2,3025.86,2943.607247311829,1.0014682493062976
3.77,6169080,7.98,5.019576344086022,0.9741535171483522,-0.4908077794179745,555.5,347779008,601.29,559.4529677419355,0.999092256726358,-0.13852679867862072,1065.01,894400000,1101.36,1051.9192688172043,1.0010280982061868,-0.0639902361633582,3022.55,3025.86,2949.86911827957,1.0021272780101556
3.41,6868628,7.98,4.869578494623656,0.970117428408258,-0.6336237887168605,571.65,377363008,601.29,560.0490752688172,1.0010655185712711,-0.08139426112142223,1097.41,894590016,1101.36,1055.084494623656,1.003009000690719,-0.030048267277594798,3066.91,3025.86,2958.588301075269,1.002955786323423
3.66,9569828,7.98,4.743913978494624,0.9741939643712952,-0.5979798225732195,567.6,382688000,601.29,560.3969677419354,1.0006211821222117,-0.027945808638378145,1100.18,924840000,1101.36,1058.3593333333336,1.003103863933519,-0.005293258589636585,3093.08,3066.91,2968.621311827956,1.0033911479840032
2.29,24199448,7.98,4.537131182795699,0.9564109305867846,-0.7611372819797146,573.39,343072992,601.29,561.117806451613,1.0012863001607273,-0.039170554868415586,1126.75,801459968,1101.36,1063.2174623655915,1.0045902453724833,0.05980441645983392,3120.46,3093.08,2980.0214838709676,1.003840224415822
2.64,28340456,7.98,4.36211182795699,0.9614251059122197,-0.6680228318154449,581.45,597859968,601.29,562.3068602150538,1.002119080431541,-0.025216281404584207,1135.88,1338060032,1126.75,1068.3783655913978,1.0048540429483952,0.04480975245343877,3110.29,3120.46,2990.30223655914,1.0034498921379646
2.69,11974348,7.98,4.198683870967742,0.9625346704910613,-0.7128887846879541,585.68,311225984,601.29,563.731935483871,1.002534337333662,-0.04325407960924399,1148.69,642070016,1135.88,1074.1380645161291,1.0053910666017118,0.03495438171189713,3140.98,3120.46,3002.1965161290314,1.0039776178556379
2.59,13106810,7.98,4.038645161290323,0.9618836010055378,-0.6956367757223594,595.77,312211008,601.29,565.787440860215,1.0036462461091187,-0.008733987286330791,1159.11,782380032,1148.69,1080.3428602150539,1.0057765346037892,0.03674977047391326,3145.91,3140.98,3013.9887741935486,1.0039278768065862
2.59,12268588,7.98,3.8882580645161284,0.9627629834342398,-0.7269189372955804,603.98,308032992,601.29,568.3047741935484,1.0044492562958025,0.045889351150578905,1163.7,976540032,1159.11,1086.5598494623657,1.0057546446376053,0.030562421483722346,3168.8,3145.91,3026.6889677419354,1.0042137494529273
2.38,12079454,7.98,3.7359139784946236,0.9608194508971042,-0.729123360931226,622.92,479264992,603.98,571.9597634408603,1.0064313893060262,0.04789245661069974,1190.45,1261619968,1163.7,1094.1977849462364,1.0070294659678893,0.011534104504773213,3221.22,3168.8,3042.106,1.0050936955935603
2.35,9906355,7.98,3.592623655913979,0.9616451761455216,-0.6812412046655624,623.23,153635008,622.92,575.5176129032258,1.0062204541119497,0.07339325890910775,1192.49,351809984,1190.45,1101.6307741935482,1.006793094767302,0.006893415026451466,3240.02,3221.22,3057.8861290322575,1.0051872383908573
2.27,12580951,7.98,3.454688172043011,0.9616059189378475,-0.7469572838927409,618.43,204248992,623.23,578.6056129032257,1.0053656046848374,0.04451031630772606,1180.33,471340000,1192.49,1107.8803440860215,1.0056730168027925,-0.0022478771723084545,3234.85,3240.02,3072.2833333333333,1.004708221200386
2.02,12076871,7.98,3.311354838709677,0.9585104859844498,-0.7666494294563351,624.9,385668992,623.23,582.0130967741935,1.0058891303419446,0.06252057733659733,1198.13,768230016,1192.49,1114.9991397849462,1.0064255997833391,0.007542961932885284,3265.35,3240.02,3087.870838709677,1.005073589797928
3.26,58085164,7.98,3.2571612903225806,0.9836340256400267,-0.6166319594852095,639.89,368896992,624.9,586.2710537634408,1.007315912670775,0.0445081848915565,1217.69,901840000,1198.13,1123.0662150537635,1.0072350506659342,-0.006368978561376748,3329.62,3265.35,3106.7910967741936,1.0061272828601933
2.76,23842300,7.98,3.177376344086021,0.9755047603956212,-0.68169254157645,625.95,363376000,639.89,589.5124301075269,1.0055288016068316,-0.011565215210763258,1193.25,758192000,1217.69,1129.2714838709678,1.005525292038909,-0.007619010086907796,3295.47,3329.62,3122.692731182796,1.005118346845114
2.59,13237250,7.98,3.0945376344086024,0.9739285810975447,-0.701374409968764,616.52,442520000,639.89,592.0487956989247,1.0043024802563283,0.003915358137168479,1153.96,1004976000,1217.69,1132.682172043011,1.003020255289146,-0.015151936536782484,3225.52,3329.62,3133.320795698925,1.0034034935330007
2.27,14930030,7.98,2.999591397849462,0.9693181186412406,-0.720513183622167,631.95,404862016,639.89,595.5206021505376,1.0058640545793431,0.05742284044947721,1199.27,1036518976,1217.69,1138.867978494624,1.0054612022721745,0.017095152306545902,3327.71,3329.62,3150.0361505376345,1.0053347090606408
2.72,22373396,7.98,2.9413333333333327,0.9805779998709501,-0.7179845058636916,621.63,331560000,639.89,598.1800645161292,1.0044657772644436,-0.02984326747215782,1209.53,886390016,1217.69,1145.4367956989247,1.0057678478351666,0.004406141006102926,3380.16,3329.62,3169.4602365591404,1.0061663057480121
2.68,13250491,7.98,2.8882580645161293,0.9819553709823651,-0.6484546588945739,617.88,305185984,639.89,600.4641505376344,1.003818392081242,-0.03666733900212904,1203.41,684537024,1217.69,1151.291376344086,1.0051112210356303,0.027089238515551006,3337.75,3380.16,3185.2803440860216,1.0049914200987282
2.2,20633956,7.98,2.8111397849462367,0.973299380509888,-0.738201596420514,563.3,635953024,639.89,599.11088172043,0.997746295401661,0.03875030014622216,1075.66,1603106048,1217.69,1148.6059569892473,0.9976674720144554,0.01419108361592114,2954.22,3380.16,3175.6858494623652,0.9969878649326832
1.97,22816590,7.98,2.726860215053763,0.9700194311418472,-0.7471826239871251,592.56,601504000,639.89,599.6314408602151,1.0008688861372208,0.0608506624303895,1129.02,1582723968,1217.69,1149.313870967742,1.0006163244881217,0.049609214316936656,2972.37,3380.16,3167.2146451612903,0.9973324803829355
1.64,22603642,7.98,2.6292258064516125,0.964195301224773,-0.7713012972179163,556.64,728648000,639.89,597.7598709677419,0.9968787996009878,0.10111469966313136,1053.92,1870640000,1217.69,1145.022,0.9962657102849299,0.06920871579148324,2711.02,3380.16,3141.766623655914,0.9919651730758904
1.57,16660453,7.98,2.534623655913979,0.9640190088255265,-0.7865380369195174,496.42,760984000,639.89,591.9864301075269,0.9903415382319524,0.2125854667750381,916.59,1988199040,1217.69,1131.8527956989249,0.9884987325124975,0.08425950845255692,2304.92,3380.16,3090.5006666666673,0.9836824426730999
2.1,22432450,7.98,2.48083870967742,0.9787799083658578,-0.605465429891934,520.92,647180032,639.89,587.8892688172043,0.9930789607971616,0.1461175071543671,990.69,1692722048,1217.69,1123.6983870967742,0.9927955219679294,0.0780076441375317,2541.47,3380.16,3055.6620000000003,0.9887271771067945
1.62,15654117,7.98,2.4006236559139786,0.967666155219792,-0.7719442293827298,554.33,497500000,639.89,586.0120215053764,0.9968068011930125,0.2575037672589142,1010.87,1319353984,1217.69,1116.9664516129035,0.9940091259708367,0.12383722309520873,2488.65,3380.16,3018.2435268817203,0.9877543808450411
1.84,13255772,7.98,2.341741935483871,0.9754723235001658,-0.6475834805282192,589.3,395318016,639.89,586.3941720430108,1.0006521206453285,0.13561374745990917,1106.01,1028777024,1217.69,1116.4647741935485,0.9995508572181102,0.11999078344645053,2789.82,3380.16,3001.3092688172046,0.9943893665591619
1.59,21585752,7.98,2.2724516129032257,0.9704107777502272,-0.7095907793379304,616.9,391524992,639.89,588.4825806451612,1.0035614416065466,0.2138673570855909,1173.93,1168333952,1217.69,1120.2368602150539,1.0033785983299206,0.14031489425380161,2874.56,3380.16,2990.31,0.9963351764739862
1.58,15774610,7.98,2.208107526881721,0.9716851678354108,-0.6743939837584846,622.22,383784000,639.89,590.7970537634409,1.0039329509392483,0.2859047269773638,1168.43,1090572032,1217.69,1123.422430107527,1.0028436574492483,0.17211055944613518,2836.74,3380.16,2977.123440860215,0.9955902367514455
1.5,22683740,7.98,2.1430967741935487,0.9705581581074632,-0.6767534306692744,605.46,426500992,639.89,591.877247311828,1.001828366511827,0.24827958741472367,1137.89,1176935040,1217.69,1124.3488172043012,1.000824611536985,0.13159809795537258,2830.71,3380.16,2963.816774193548,0.9955303611250926
1.45,12663419,7.98,2.078989247311828,0.9700864992875347,-0.6873751208300953,604.87,433534016,639.89,592.819505376344,1.0015919822375257,0.23464706170166572,1157.47,969673984,1217.69,1126.3353333333332,1.0017668147986063,0.1260528224288373,2929.8,3380.16,2957.1638709677422,0.9977552919992444
1.45,25941548,7.98,2.018559139784946,0.9709329388764184,-0.7467355459815967,619.61,422776992,639.89,594.6089462365592,1.0030185256119049,0.3402218294166578,1167.63,1077079040,1217.69,1128.7257634408602,1.0021223076616559,0.14086849720810968,2863.7,3380.16,2946.333483870968,0.9963375762827679
1.65,45629572,7.98,1.9756559139784948,0.9787456186143637,-0.7022120965530103,600.1,329206016,639.89,595.0006666666667,1.0006587866405086,0.251518942880411,1158.51,921249984,1217.69,1130.2998494623657,1.0013945690552035,0.10999240107001085,2955.45,3380.16,2941.685892473118,0.998422584740223
1.74,41840484,7.98,1.9431182795698927,0.9835307179866766,-0.6453698731981332,616.73,397460992,639.89,596.3693763440859,1.0023003498216012,0.1953446802970974,1198.14,927134016,1217.69,1134.2296344086021,1.0034767632218173,0.09915782879305002,3044.31,3380.16,2942.9155053763443,1.0004179959887534
1.76,40405460,7.98,1.9154623655913978,0.9857672513972662,-0.6402678432326095,611.47,461398016,639.89,597.3017849462365,1.0015634749856983,0.09526902773301815,1200.89,1037033984,1217.69,1138.1202150537636,1.0034301525256744,0.05893452532271892,3193.93,3380.16,2953.846623655914,1.0037143840044336
1.99,54163000,7.98,1.9067311827956992,0.9954417361820612,-0.2257772999212967,577.71,484473984,639.89,595.9617849462365,0.9977565779413826,0.084389374043082,1134.51,1083065984,1217.69,1137.5116344086023,0.9994652756034805,0.0322519146203889,3041.31,3380.16,2954.71440860215,1.000293781315281
1.89,29985400,7.98,1.892193548387097,0.9923756245559027,-0.4159666682441281,590.51,530380992,639.89,595.4383010752688,0.9991216150360799,0.08824329994273039,1169.95,1136642944,1217.69,1139.172817204301,1.0014603655430412,0.03402935912350458,3097.74,3380.16,2959.393053763441,1.001583450890438
1.67,28393076,7.98,1.8650752688172043,0.9856683373680202,-0.4715578327238156,576.3,439876000,639.89,593.978559139785,0.9975484581142199,0.10552953593552628,1137.37,1059713024,1217.69,1138.658795698925,0.9995487765353832,0.03214811035405829,3009.05,3380.16,2958.376752688172,0.9996565846250208
1.62,14898027,7.98,1.8369247311827956,0.9849064870972949,-0.4854650346815361,595.88,331323008,639.89,593.8022150537635,0.9997031137179817,0.06991002295750326,1184.43,706768000,1217.69,1141.205247311828,1.0022363605520126,0.026898527554131246,3130.01,3380.16,2965.448043010753,1.002390260238543
1.53,17838924,7.98,1.80505376344086,0.9826498238055656,-0.5088537780475434,591.65,325147008,639.89,593.3527311827957,0.9992430411009378,0.04168890816891058,1173.97,762638976,1217.69,1143.0224086021506,1.0015923176787023,0.003700330174169375,3185.04,3380.16,2976.103849462366,1.0035933209070136
1.56,19790148,7.98,1.7773978494623657,0.9846786203609937,-0.4830613109346694,619.96,358448992,639.89,594.7562150537636,1.0023653449242076,0.08146812879120136,1233.67,842268032,1217.69,1148.6690967741936,1.0049401377694323,0.035215949459849405,3224.73,3380.16,2989.2853763440853,1.004429121948853
1.34,22129824,7.98,1.7373118279569892,0.9774467930646469,-0.615234096689652,612.2,429096992,639.89,595.6654193548388,1.0015287007988525,0.07911924331406184,1224.52,842203008,1233.67,1153.6325161290324,1.0043210175748416,0.03438749533347896,3215.63,3380.16,3001.8722580645153,1.0042106658066297
1.23,17738446,7.98,1.692301075268817,0.9740917249489385,-0.5872969293460613,614.69,411031008,639.89,596.7589892473118,1.0018358794332183,0.053519063913284315,1228.58,863617024,1233.67,1158.7889892473117,1.004469770959284,0.02966613200288637,3271.12,3380.16,3018.0915913978497,1.0054030724624479
1.27,11007342,7.98,1.6521075268817202,0.9762491739948153,-0.4716994955309485,627.24,352038016,639.89,598.6702795698925,1.0032027843015678,0.05991640897739636,1239.1,821912000,1233.67,1164.5204086021506,1.0049460422976246,0.007879244920347528,3351.28,3380.16,3039.4045376344084,1.00706172943767
1.47,17544070,7.98,1.6264301075268817,0.9844577795712223,-0.6311753696413269,629.69,277416992,639.89,600.7346021505375,1.003448179492271,0.0796234558349922,1243.21,673443968,1239.1,1170.4288817204301,1.0050737394335336,0.007974251439353264,3372.85,3380.16,3061.9243010752693,1.0074092682175135
1.29,13674092,7.98,1.5929892473118281,0.9794391040473893,-0.6082295333941294,639.18,262322000,639.89,603.43311827957,1.0044920271270743,0.12554011250201935,1243.13,649537024,1243.21,1176.2773118279572,1.004996826546975,0.01094429134047159,3397.16,3380.16,3085.9194838709677,1.0078366348858696
1.28,9790417,7.98,1.562064516129032,0.9805869805869804,-0.5766938432086496,638.84,300481984,639.89,606.0812473118281,1.0043884383406203,0.10651762918972663,1255.85,771142976,1243.21,1182.8391182795701,1.0055784519395479,0.0007162777238021167,3508.01,3397.16,3116.8475913978496,1.0100223313305912
1.15,12759084,7.98,1.5255698924731185,0.9766369293463298,-0.5489195818424817,624.05,403156000,639.89,607.7271827956989,1.002715701056865,0.08169547560340396,1229.65,952924032,1255.85,1187.4914838709678,1.0039332192514605,-0.004493238293406199,3426.96,3508.01,3141.9391612903223,1.0080503037625974
1.06,7102923,7.98,1.4856774193548388,0.9738507731995093,-0.644942645533439,618.51,271079008,639.89,609.0326881720429,1.0021481767037939,0.14641907975706125,1216.07,633918976,1255.85,1191.2023870967741,1.0031249935483406,0.01700118466210887,3340.97,3508.01,3161.2695483870975,1.0061523747292538
1.14,11586959,7.98,1.4545161290322584,0.9790255341323607,-0.6667804342112471,628.6,398880000,639.89,610.9958709677419,1.0032234440512402,0.16994292429746638,1226.34,901916032,1255.85,1195.561806451613,1.0036596798344768,0.024530930998440503,3319.47,3508.01,3179.29711827957,1.0057026361139214
1.05,14312880,7.98,1.420860215053763,0.9768610926295552,-0.5929415814607564,615.97,326059008,639.89,612.1211612903226,1.0018417314683294,0.14769668918049206,1201.81,817011968,1255.85,1198.2893333333334,1.0022813767276622,0.0007519990287201406,3298.46,3508.01,3196.0085161290317,1.0052563183709313
1.03,9430617,7.98,1.3883870967741934,0.9771454517935525,-0.5411032444901264,613.56,294337984,639.89,612.977698924731,1.00139929427142,0.08855868445395731,1214.11,733280000,1255.85,1201.53911827957,1.0027120202574085,-0.051155686842284,3348.44,3508.01,3215.2041290322577,1.0060061206991011
1.21,22437100,7.98,1.369548387096774,0.9864312267657992,-0.3560466539273661,632.36,347631008,639.89,615.0019784946237,1.0033023706628212,0.08618637461494694,1263.33,721617984,1255.85,1207.7813978494623,1.0051952362390253,-0.08389475855550788,3477.13,3508.01,3241.893569892472,1.0083010097614697
1.18,12353225,7.98,1.3496989247311828,0.9855065636580619,-0.285160018940945,624.43,341696992,639.89,616.3518064516128,1.0021948351455603,-0.0738395419689648,1257.6,774230976,1263.33,1213.2036559139783,1.0044894366432293,-0.13942475008650956,3483.81,3508.01,3267.366430107527,1.0078574017517483
1.26,16953476,7.98,1.3358494623655912,0.9897388505600611,-0.4341866751470823,617.96,308248000,639.89,617.0089247311827,1.0010661415650794,0.04729802925195048,1255.97,759193024,1263.33,1217.7873978494622,1.0037782130915445,-0.09576467134998423,3465.39,3508.01,3289.1156559139777,1.006656500356385
1.2,11319493,7.98,1.3199354838709676,0.9880869971183412,-0.2526433412009914,583.32,378207008,639.89,615.2225161290322,0.9971047280994699,-0.1102095039138471,1184.32,967664000,1263.33,1217.1780645161289,0.9994996389891951,-0.14236445752139537,3269.96,3508.01,3296.2695698924726,1.0021750265806653
1.65,61034288,7.98,1.3339569892473118,1.0106228717597798,-0.11853335861242709,615.35,448344992,639.89,615.4402150537635,1.000353853961817,0.0431165535958149,1282.04,1057603968,1263.33,1222.5002365591397,1.0043725500797014,-0.09878726405389893,3509.44,3508.01,3317.1935698924735,1.0063477818049582
1.13,76954656,7.98,1.3148387096774192,0.9856679940028051,-0.24097984132475903,632.28,697048000,639.89,616.6941505376344,1.0020374610777774,-0.05804076916309264,1305.4,1303024000,1282.04,1228.9509462365593,1.005276653111803,-0.13520822610247096,3585.15,3509.44,3341.454516129033,1.007313696269267
1.12,34399820,7.98,1.2960645161290325,0.9857212953876352,-0.25193446913455964,625.92,662708992,639.89,617.504688172043,1.0013143267756017,-0.10830164849435198,1266.25,1240445056,1305.4,1232.5931182795698,1.0029636431414648,-0.17037531001711215,3557.54,3585.15,3362.4060215053764,1.0062701752411147
1.33,46857984,7.98,1.2918279569892475,0.9967312127698408,-0.08315343748356219,624.63,361304000,639.89,618.2240430107528,1.0011649382627996,-0.0854685023920092,1272.68,714640000,1305.4,1236.4397634408604,1.003120774490985,-0.16685748879195317,3638.35,3585.15,3387.0209677419343,1.0073206347119072
1.45,103741192,7.98,1.2956989247311828,1.0029965040785749,0.08237770215779228,643.9,706382976,639.89,620.1453978494624,1.003107861721703,-0.05174380973918935,1308.88,1225150976,1305.4,1242.3320215053764,1.0047655035358283,-0.1317733110239352,3699.12,3638.35,3413.8196989247317,1.0079121834314075
1.37,38264376,7.98,1.2944086021505377,0.9990041493775934,-0.0057355929792698435,654.17,590835968,643.9,622.6453978494623,1.0040313126706566,-0.11319299200845268,1298.49,1061934976,1308.88,1247.2283440860213,1.0039412351093646,-0.1672018898637342,3663.46,3699.12,3436.663333333334,1.0066915175443498
1.38,32297096,7.98,1.2939354838709676,0.9996344907791991,-0.10441663817010927,651.27,733000000,654.17,624.8839784946236,1.0035952737350877,-0.024184597440154665,1312.65,1324295936,1308.88,1252.7567956989246,1.0044325897812678,-0.12205814808617865,3709.41,3699.12,3460.7515698924735,1.0070091929941172
1.42,26961176,7.98,1.2966236559139783,1.0020775162877278,-0.11281953287524427,643.48,279623008,654.17,626.509935483871,1.002602014206164,-0.0016627122607932865,1299.88,555259008,1312.65,1257.1298924731184,1.0034907787283276,-0.13147234150732334,3703.06,3709.41,3482.808709677419,1.0063735114582728
1.33,19272176,7.98,1.2941935483870968,0.9981258189176191,-0.18599860921011968,655.44,250948992,654.17,628.8499784946237,1.0037350453332323,0.07849078099843287,1324.01,491950016,1312.65,1262.8409677419356,1.004542947632549,-0.07347864354594957,3756.07,3709.41,3506.869182795699,1.0069083533216812
1.7,74159848,7.98,1.3165591397849463,1.0172814888667332,-0.1282376546206777,663.05,437947008,655.44,631.5864301075269,1.0043515173832938,0.13739407430613015,1368.54,995977984,1324.01,1271.1601720430108,1.0065876895932118,-0.051293616213429205,3824.68,3756.07,3534.1472043010754,1.0077784542517865
1.8,87995976,7.98,1.3459999999999996,1.0223619732113685,-0.005173087171400748,675.3,525436992,663.05,634.9296774193548,1.005293412195792,0.1064963702742634,1363.26,1006081024,1368.54,1278.6354408602153,1.0058806663248347,-0.05122206509967864,3768.25,3824.68,3556.099913978494,1.0062116002555588
1.72,38834656,7.98,1.3704731182795702,1.018182108677244,0.08163856164570127,680.52,356619008,675.3,638.4273548387096,1.0055087634800297,0.08592805653834956,1370.9,696924032,1368.54,1286.1878924731184,1.0059066496763316,-0.07131424170213774,3841.47,3824.68,3581.3345376344087,1.0070961514767123
1.83,99438072,7.98,1.4019354838709677,1.0229573022423775,0.16668656797041526,665.87,536700000,680.52,640.7557419354838,1.0036470666225799,0.08233154052353231,1340.92,1089232000,1370.9,1291.3039354838709,1.0039776793427244,-0.05453173135215739,3714.24,3841.47,3596.570623655914,1.0042543040482248
2.34,118048528,7.98,1.4658494623655915,1.0455898143887101,0.547260921829018,663.08,540513024,680.52,642.7536129032258,1.0031179915168722,0.03376163573657576,1347.65,1092056960,1370.9,1296.5176344086024,1.0040375459111242,-0.0723970103037308,3886.83,3841.47,3621.6851397849455,1.006982906428653
3.75,561368768,7.98,1.6189892473118281,1.1044716997740678,1.4292219852891157,670.0,387960000,680.52,645.0443225806451,1.0035639001188537,-0.018240812827091224,1365.94,835689984,1370.9,1302.5378279569888,1.0046433564716861,-0.11298780354531068,3934.83,3886.83,3648.3872043010747,1.007372828803587
3.52,97665928,7.98,1.7525806451612902,1.0825153089010797,1.6791260729372817,658.68,326190016,680.52,646.4970967741936,1.0022522083253693,-0.0216414627583279,1332.52,734072000,1370.9,1306.117440860215,1.0027481834511023,-0.12671496091032441,3906.71,3934.83,3671.7479784946236,1.0064030413674319
3.03,78800840,7.98,1.8498709677419354,1.0555126081354684,1.5143800327316979,647.4,565107008,680.52,647.1221720430107,1.0009668647731538,0.020120673914176823,1311.27,1092728064,1370.9,1308.0938279569891,1.0015131771730055,-0.09778489993867012,3811.15,3934.83,3687.4573978494623,1.0042784579570407
2.68,61993264,7.98,1.920709677419355,1.0382938653088274,1.1472154862133581,642.61,549624000,680.52,647.3678709677419,1.0003796793485773,0.012221227354273223,1315.13,1039792000,1370.9,1310.1414193548387,1.0015653245616545,-0.08505067908954866,3841.94,3934.83,3703.9919139784947,1.0044839883814456
4.44,194588672,7.98,2.1020645161290323,1.0944207450203216,2.052768691506172,655.06,399959008,680.52,648.3837419354838,1.0015692329096026,-0.04957623231523045,1332.42,881809024,1370.9,1313.1409892473116,1.0022895008494197,-0.09738403537419171,3943.34,3934.83,3726.013182795699,1.0059452799381388
3.99,101273264,7.98,2.2479999999999998,1.0694248357989071,2.169711910676431,653.45,574372992,680.52,649.2411827956988,1.0013224280696111,-0.05627615820095122,1337.41,1078305024,1370.9,1316.2706451612905,1.0023833357877077,-0.07603309706098038,3913.1,3943.34,3744.856623655914,1.0050572662885955
3.5,55586816,7.98,2.356516129032258,1.0482722993915738,1.825188276099954,662.09,417664000,680.52,650.6253548387097,1.0021319843529495,-0.06683342627676869,1365.45,823524992,1370.9,1321.0065806451614,1.0035979952157108,-0.045718359706216516,3974.54,3943.34,3766.5543870967736,1.0057940171337394
3.44,35210336,7.98,2.4563870967741934,1.0423807698625638,2.076603247873911,659.13,316404992,680.52,651.768559139785,1.001757085383429,-0.06167997919660917,1357.4,653168000,1370.9,1324.9874623655917,1.003013521490927,-0.06912204843366476,4019.87,3974.54,3790.1733763440857,1.0062707150408408
3.05,42882688,7.98,2.526172043010753,1.028409588345503,1.9541288158084749,656.75,357745984,680.52,652.6827741935483,1.0014026682339048,-0.0824248382626922,1375.56,746526976,1370.9,1329.8652258064517,1.0036813657331907,-0.10465677252010797,4128.8,4019.87,3819.5450322580646,1.007749422782952
2.52,68425720,7.98,2.557483870967742,1.0123949705023536,1.3350705272753443,673.02,428632992,680.52,654.5644301075268,1.0028829562972663,-0.10518017744509178,1415.24,855958976,1375.56,1336.9599999999998,1.005334957299335,-0.10684943523796675,4185.47,4128.8,3850.8785591397855,1.0082034709938206
2.64,43193824,7.98,2.593569892473118,1.0141099703169276,1.6487758712473584,680.1,390632992,680.52,656.8073333333333,1.0034265583686515,-0.12197433949174652,1440.34,829728000,1415.24,1345.267892473118,1.0062140172279785,-0.06883396037404999,4180.17,4185.47,3880.007784946237,1.0075643065235893
2.655,35223616,7.98,2.627204301075269,1.0129683833467387,1.6777256067984476,665.7,411072000,680.52,657.9832903225806,1.0017904139152638,-0.09748677454288446,1412.92,862056000,1440.34,1351.2937849462364,1.0044793252755333,-0.08494235030138797,4181.17,4185.47,3907.305376344086,1.0070354475843475
2.75,38510244,7.98,2.6634731182795695,1.0138050996602952,1.3744868696742971,689.44,510256000,680.52,660.5787311827957,1.0039445391674653,-0.06588259158511467,1444.6,1011828992,1440.34,1358.936,1.0056554800583706,-0.07378239762711858,4232.6,4185.47,3936.1302150537635,1.0073771655740529
2.42,37084708,7.98,2.675139784946236,1.0043802456974684,1.133261337048681,695.58,413104992,689.44,663.4475483870968,1.0043428846084168,-0.05783467565431355,1436.47,855516992,1444.6,1365.6638709677418,1.004950837248952,-0.05583926917415205,4173.85,4232.6,3959.540064516129,1.0059474275959759
2.73,22454960,7.98,2.704139784946237,1.010840555010692,1.2307234009840098,702.33,332664000,695.58,666.5988387096775,1.0047498710790954,-0.06136839267918304,1447.14,769729024,1444.6,1372.6954623655915,1.0051488448565802,-0.04703836557464025,4155.86,4232.6,3980.3053118279568,1.0052443584288786
3.21,45146512,7.98,2.76094623655914,1.0210072171302462,1.7346389167502512,690.78,359952000,702.33,668.8235268817206,1.003337371808732,-0.09252129273243836,1437.44,892344000,1447.14,1378.690129032258,1.004367076916198,-0.07195025739105998,4204.11,4232.6,4002.6985806451607,1.0056260178712069
3.08,43070768,7.98,2.805043010752688,1.0159716164007975,0.9073788783137068,688.8,297568992,702.33,670.689376344086,1.0027897485470714,-0.14085267414077696,1420.85,697768000,1447.14,1383.0701290322581,1.0031769285264083,-0.09701641014315121,4229.89,4232.6,4024.7461505376345,1.005508176408557
3.18,36939408,7.98,2.852516129032258,1.016924203335774,1.7992904257071414,707.62,488089984,702.33,673.6114623655915,1.0043568395811393,-0.10224789200610918,1448.24,958392000,1447.14,1388.9187096774192,1.0042286942089143,-0.075309062459463,4247.44,4232.6,4046.376623655914,1.0053743695401485
2.91,26770964,7.98,2.8781612903225806,1.0089903650427468,1.5935792915080282,696.4,442827008,707.62,675.6476559139786,1.0030228012172424,-0.09574749450494568,1437.17,929857024,1448.24,1393.7459139784946,1.0034755124741581,-0.03617916476674443,4166.45,4247.44,4061.3576559139788,1.0037023326426122
2.94,20680068,7.98,2.90189247311828,1.0082452581359815,1.2214078192674869,706.86,405056992,707.62,678.2071182795698,1.0037881613932766,-0.09698447938176669,1466.12,896588992,1448.24,1400.0732903225805,1.004539834901488,-0.024555592738412457,4280.7,4247.44,4082.4001720430106,1.0051811531787629
2.73,23173268,7.98,2.908612903225807,1.002315878403415,0.8102199827183361,720.99,304454016,707.62,681.5013548387096,1.0048572721670872,-0.0922348459869895,1495.32,706662016,1466.12,1407.8685376344083,1.0055677423215692,-0.03414555174430056,4352.34,4280.7,4106.683225806452,1.005948229654147
2.64,17882600,7.98,2.9067741935483875,0.9993678396752692,0.9100468319706048,722.57,262720992,720.99,684.7317419354839,1.0047401037046197,-0.1762787473042542,1501.46,580069696,1495.32,1415.6589677419356,1.0055334925806476,-0.03642622661394679,4369.55,4352.34,4130.67182795699,1.0058413568399414
2.52,51612584,7.98,2.8944623655913975,0.9957644360596305,0.8166668183597128,720.78,303392992,722.57,687.6995483870969,1.004334261536093,-0.1797984313265577,1498.96,694866688,1501.46,1422.8516129032257,1.0050807753316202,-0.02460166297821975,4327.16,4369.55,4150.40711827957,1.0047777434626999
2.46,24391876,7.98,2.875827956989247,0.9935620484053719,0.7342804237219378,737.62,366588000,722.57,691.6043225806452,1.005678023495444,-0.14550238983885255,1531.58,944710912,1501.46,1431.7481075268818,1.0062525807631504,-0.013145841293975336,4411.8,4369.55,4174.274559139784,1.0057506264277294
2.62,27182172,7.98,2.865279569892472,0.996332052106546,0.9556075632524053,739.75,382815008,737.62,695.4440645161291,1.0055519345529194,-0.14403230033965042,1538.58,868772096,1531.58,1440.597935483871,1.0061811347334524,-0.008114500215930853,4395.26,4411.8,4195.550731182796,1.0050969747537153
2.69,21843648,7.98,2.85647311827957,0.9969264948155714,0.581791605196839,753.63,395520000,739.75,699.9979784946237,1.0065482102887213,-0.1785005561692352,1548.95,956175104,1538.58,1449.6553548387096,1.0062872638726894,-0.02814493502788351,4436.52,4411.8,4218.11423655914,1.0053779603256003
2.9,26425200,7.98,2.859086021505376,1.0009147305497417,0.5984432570415879,768.33,495097984,753.63,705.3054838709678,1.0075821724339236,-0.15348568923684947,1557.13,1000698624,1548.95,1458.8525376344087,1.0063443926620217,-0.0434856946588158,4468.0,4436.52,4241.392924731183,1.0055187429421142
2.36,32229176,7.98,2.8244946236559136,0.9879012392109667,0.33468027883813023,782.03,499951008,768.33,711.2967956989248,1.0084946338359295,-0.13143466457246467,1584.73,977025984,1557.13,1469.4134408602151,1.0072391848753484,-0.00026444705200878715,4441.67,4468.0,4261.46806451613,1.0047331478458152
2.62,32472506,7.98,2.805301075268817,0.9932046079230085,0.43825064736750285,756.07,444625984,782.03,715.3949677419354,1.0057615499855916,-0.14268468607565743,1566.06,839281024,1584.73,1478.309978494624,1.0060544822764113,-0.046176445335295524,4509.37,4468.0,4284.620193548388,1.0054328998086455
2.65,24032296,7.98,2.786344086021505,0.9932424403874386,0.15243389152085918,763.06,358691008,782.03,719.7501290322582,1.006087771771822,-0.13767870738170584,1592.61,839248000,1584.73,1488.4352473118277,1.0068492190166465,0.014897059747352337,4535.43,4509.37,4307.743655913979,1.005396852304531
2.46,21636198,7.98,2.7544623655913973,0.98855786670783,-0.3635273975304746,729.94,297360992,782.03,721.7535053763442,1.0027834331155725,-0.13508520358688814,1549.18,651900992,1592.61,1495.2317849462365,1.0045662299698181,0.0010432453359059402,4458.58,4535.43,4324.514215053764,1.0038931191081348
2.4,22787880,7.98,2.721483870967742,0.9880272480627722,-0.3818773736475033,710.83,548590016,782.03,722.3950752688172,1.0008889044357858,-0.15189429881305716,1545.73,1104976000,1592.61,1501.4116774193546,1.0041330665488364,0.025293286776390644,4432.99,4535.43,4338.507462365591,1.0032357963498226
2.42,26180112,7.98,2.692204301075269,0.9892413215434338,-0.2698077639526101,714.02,364225984,782.03,723.1303010752688,1.0010177613768727,-0.1345024315611909,1539.56,794862976,1592.61,1506.7349892473121,1.0035455377815545,0.005033937550317669,4455.48,4535.43,4352.819892473119,1.0032989294663386
2.27,27094866,7.98,2.654559139784946,0.9860169745381926,-0.20771979591632173,711.38,475884000,782.03,723.551935483871,1.0005830683736738,-0.11942474980932194,1485.0,987523968,1592.61,1508.0473548387097,1.0008709996122498,-0.004909555142142086,4357.05,4535.43,4359.396344086021,1.0015108485476907
2.25,22832684,7.98,2.6165053763440858,0.9856647520597551,-0.5588554982914876,709.12,436985984,782.03,723.6798709677419,1.0001768158961324,-0.06880067872909756,1480.1,924926016,1592.61,1508.6782795698925,1.0004183719623647,-0.002778424621505682,4391.36,4535.43,4367.078580645161,1.0017622248478422
2.24,19295012,7.98,2.5825161290322582,0.9870096780159042,-0.5430878219153483,708.28,314067008,782.03,723.6373548387097,0.9999412500875902,-0.12015441837085716,1491.56,763875008,1592.61,1509.7309677419357,1.000697755238011,-0.02740684698743112,4471.37,4535.43,4378.959268817204,1.0027205116538773
2.34,33684672,7.98,2.558741935483871,0.9907941742236879,-0.4311651084714633,724.4,315592000,782.03,724.5169247311827,1.0012154843673997,-0.09826896510676186,1534.41,738278016,1592.61,1513.216666666667,1.0023088212398163,-0.019763972572825583,4544.9,4535.43,4394.383247311828,1.0035222932089045
2.21,27907992,7.98,2.529075268817204,0.9884057605594144,-0.43843065082817456,741.35,420180992,782.03,726.3560430107527,1.0025384062356477,-0.06629209595505481,1559.32,893368000,1592.61,1517.9461075268819,1.0031254221318042,0.003101008807849359,4605.38,4544.9,4412.482580645161,1.0041187425662985
2.28,26035358,7.98,2.5065698924731183,0.991101341813915,-0.3132270745303065,752.65,662680000,782.03,728.7473763440861,1.0032922329983258,-0.04864818370831259,1548.87,1305160960,1592.61,1521.5671182795697,1.002385467267074,-0.011754722019708286,4697.53,4605.38,4435.267913978494,1.0051638353051586
2.33,80362048,7.98,2.4889462365591397,0.9929690147612081,-0.16960915564976475,759.55,484920992,782.03,731.3776344086021,1.0036092864961124,-0.03512143577296123,1558.37,897025024,1592.61,1525.428322580645,1.0025376496736083,-0.017700131906094763,4682.85,4697.53,4455.883075268817,1.004648008122655
2.0,55390636,7.98,2.4504408602150543,0.9845294463261217,-0.32996881927037625,754.52,457196992,782.03,733.4972903225806,1.002898168899699,-0.0303969188620552,1547.73,910998016,1592.61,1528.2952688172045,1.0018794368729889,-0.04930938330962986,4697.96,4697.53,4476.403440860216,1.0046052298152282
2.16,42272432,7.98,2.4236344086021506,0.9890605596535184,-0.25986337070067,752.84,369496000,782.03,735.3485161290324,1.0025238345538232,0.013697677853962142,1534.35,772281984,1592.61,1530.0680430107527,1.0011599683841985,-0.012941218267697785,4594.62,4697.96,4489.143182795699,1.0028459771563922
1.82,40031848,7.98,2.3759569892473116,0.9803281306843893,-0.40140778666301347,737.77,717436032,782.03,736.0400860215053,1.000940465476307,-0.05774246963617102,1517.43,1426366976,1592.61,1530.488064516129,1.0002745116514882,-0.021840483957026535,4538.43,4697.96,4497.368623655913,1.0018322963927142
1.93,33528656,7.98,2.337376344086022,0.983762060788183,-0.2472404241891234,742.69,477764000,782.03,736.9451397849464,1.0012296256421755,-0.10260201858580209,1565.37,1024244992,1592.61,1533.8443655913977,1.0021929612867186,-0.03920464852886729,4712.02,4697.96,4516.135720430108,1.0041729060578848
1.9,32522778,7.98,2.297913978494624,0.9831168114235241,-0.33464594913495294,787.44,761676032,782.03,740.6359784946237,1.0050082950689578,-0.057256733237994295,1603.75,1519144960,1592.61,1539.3995913978492,1.0036217662828586,-0.003616909254002154,4620.64,4712.02,4527.849978494624,1.002593867587177
2.0,27363844,7.98,2.2666881720430103,0.9864112378688475,-0.416732009673091,791.23,414244992,787.44,744.3883010752689,1.0050663520131333,-0.014670604690597333,1625.57,894587008,1603.75,1546.02576344086,1.0043043872949153,0.0067927901126501045,4725.78,4712.02,4545.347935483872,1.0038645178334873
1.75,22816570,7.98,2.221935483870968,0.9802563543040391,-0.4416767150197878,799.27,305176992,791.23,748.4433118279569,1.005447440195971,-0.007029219251499352,1643.92,643782976,1625.57,1553.4312258064517,1.004789999326473,0.030211768935487937,4766.18,4725.78,4564.33047311828,1.0041762562302916
1.62,30098288,7.98,2.1716559139784946,0.977371273712737,-0.47758227265238207,783.83,528064000,799.27,751.2646236559141,1.0037695731705674,0.019232491325064105,1567.5,1083789952,1643.92,1555.4266451612903,1.0012845237830228,-0.01879033859762047,4677.02,4766.18,4576.407440860215,1.002645945076296
1.64,35763764,7.98,2.126021505376344,0.9789863540036838,-0.3863766853011674,769.34,445060000,799.27,752.9872043010754,1.0022929079726643,0.008874538894301676,1563.07,1043144000,1643.92,1556.8797849462362,1.0009342387115885,-0.03153947616122377,4662.85,4766.18,4586.646387096775,1.0022373327482037
1.44,20398488,7.98,2.070215053763441,0.9737507586485941,-0.522377386726112,751.93,362247008,799.27,753.4296989247312,1.0005876522484423,0.012815235626887134,1509.42,858723968,1643.92,1554.60088172043,0.9985362368707967,0.0021480273563772023,4397.93,4766.18,4578.7261935483875,0.9982732059810261
1.4,26859692,7.98,2.01505376344086,0.9733548018490623,-0.44213102110573876,767.91,536361984,799.27,754.8062365591397,1.0018270286350182,0.01638563684500549,1520.3,1277963008,1643.92,1552.9307956989248,0.9989257139622506,-0.0015628794649242828,4431.85,4766.18,4572.742279569893,0.9986931050852252
1.52,21834628,7.98,1.9704946236559142,0.9778868729989331,-0.39730798590649263,761.51,445873984,799.27,755.6689677419354,1.0011429836440255,0.03445523582381815,1540.71,1097234944,1643.92,1552.52376344086,0.9997378941423583,-0.0038366928025828084,4500.54,4766.18,4571.018989247312,0.9996231385419903
1.72,27075232,7.98,1.9412473118279574,0.9851573754747458,-0.2845486625453444,746.57,508727008,799.27,755.4840860215052,0.9997553403297972,0.0509374402920687,1518.33,1089154944,1643.92,1550.5884516129029,0.9987534414135679,-0.008218594073772012,4418.64,4766.18,4563.730129032258,0.9984054189597114
1.53,23156866,7.98,1.9014623655913976,0.9795054725927236,-0.34044120557047586,734.1,438660992,799.27,754.4392258064516,0.998616965950195,0.02907287887379162,1484.43,1004057024,1643.92,1546.4243870967741,0.9973145262936808,-0.016521182988303296,4348.87,4766.18,4551.743247311828,0.9973734464173997
1.49,13959015,7.98,1.8610967741935482,0.9787712909136149,-0.4138469807760651,742.67,438448992,799.27,753.9548387096776,0.999357950806102,0.014428592408668561,1524.66,897788992,1643.92,1544.9572043010755,0.9990512418143812,-0.006626513688770763,4384.62,4766.18,4542.198150537634,0.9979029799671081
1.38,15170050,7.98,1.8160645161290323,0.9758033764342914,-0.4512638280480885,756.15,609833984,799.27,754.3338494623656,1.0005026968900905,0.0037546904087415456,1542.57,1171026944,1643.92,1544.6754408602153,0.9998176237891406,0.02014559435990726,4328.87,4766.18,4529.079161290323,0.997111753205712
1.34,14766939,7.98,1.7712688172043012,0.9753336412187527,-0.48625323518628816,758.05,475428000,799.27,754.8300215053764,1.0006577618694488,0.005074180670001538,1499.91,1038068992,1643.92,1541.6551397849462,0.9980447018219004,0.022270365068195352,4204.31,4766.18,4508.155548387097,0.9953801618037373
1.52,22069066,7.98,1.741440860215054,0.9831601184983731,-0.32189517582574056,794.98,564758016,799.27,757.7308817204301,1.0038430641765792,0.014073768308424217,1593.48,1215836032,1643.92,1544.7946666666667,1.0020364650956624,0.0006989348413701801,4463.09,4766.18,4504.4944946236565,0.9991879042938635
1.76,39781472,7.98,1.7289032258064514,0.9928004248119834,-0.3009217608169037,797.11,417180992,799.27,760.7413118279569,1.003972954224449,0.04478193543447251,1589.78,882424000,1643.92,1547.6766666666667,1.001865620112619,0.00767961574556475,4543.04,4766.18,4505.945440860215,1.0003221107803084
1.68,41845240,7.98,1.7130537634408598,0.9908326492026767,-0.32686997501681747,801.2,403750016,799.27,763.9273548387096,1.0041880767630418,0.036249226967017156,1609.25,917030976,1643.92,1551.7637849462362,1.0026408088766836,0.008148586195176444,4545.86,4766.18,4507.505913978494,1.0003463142505298
1.48,28726492,7.98,1.6863870967741936,0.9844332575919257,-0.3085659044951383,837.64,452811008,801.2,769.3823440860216,1.0071407172589908,0.08481562022179312,1664.58,977635968,1643.92,1559.3847956989246,1.0049111925581846,0.06782970736449734,4488.28,4766.18,4505.329118279569,0.99951707313524
1.74,25427812,7.98,1.6786021505376343,0.9953836540546054,-0.1967359896585812,819.11,321206016,837.64,773.4102365591398,1.0052352286273258,0.10681834383010957,1615.79,188436992,1664.58,1563.6098924731182,1.0027094638769387,0.054438350422507,4392.59,4766.18,4496.914903225807,0.9981323861514084
1.46,22048522,7.98,1.6541720430107527,0.9854461597591443,-0.32399984793537995,788.62,381548992,837.64,775.2381720430108,1.002363474644457,0.029809415894640257,1557.49,876480000,1664.58,1563.9230322580647,1.0002002672063242,0.0528763102223182,4271.78,4766.18,4480.793376344086,0.9964149806637086
1.41,27085388,7.98,1.6285806451612903,0.9845291800465424,-0.3276719748399467,799.1,482168992,837.64,777.5818064516128,1.0030231153381235,0.08633321869433064,1518.45,1095500032,1664.58,1561.6789032258064,0.9985650642736439,0.0741932388921751,4131.93,4766.18,4456.044322580645,0.9944766357908621
1.34,33950168,7.98,1.6003225806451615,0.9826486550726936,-0.36942026730724153,794.16,487929984,837.64,779.4180860215054,1.0023615258930403,0.11440040469360668,1511.65,1065182016,1664.58,1558.924129032258,0.9982360175399321,0.08234961122078155,4123.34,4766.18,4431.225204301075,0.9944302353201917
1.23,40547328,7.98,1.5669247311827956,0.9791305516360946,-0.4344758500313425,796.37,514083008,837.64,781.214064516129,1.0023042556066297,0.1905764636323597,1497.4,1088742016,1664.58,1555.1821505376342,0.9975996404026752,0.10399207405021016,4023.89,4766.18,4400.566344086023,0.9930811775972718
1.21,27674130,7.98,1.5344086021505376,0.9792484422607121,-0.4795136836170242,812.47,429991008,837.64,783.8593118279568,1.0033860723097277,0.23280692616819187,1510.91,913745024,1664.58,1552.2992258064517,0.9981462462579153,0.12628074179184667,3901.36,4766.18,4362.964645161291,0.9914552591678875
1.16,23503388,7.98,1.5010967741935481,0.978290119131044,-0.4763127429369941,835.59,393065984,837.64,787.8067741935484,1.0050359322215439,0.18946258249623127,1559.34,867961984,1664.58,1552.5913548387095,1.0001881911859527,0.0971036199144033,4158.24,4766.18,4343.319806451613,0.9954973646803522
1.12,15267821,7.98,1.467462365591398,0.9775934442199972,-0.5160951969466353,811.86,378230016,837.64,790.0206021505376,1.0028101154109208,0.16928810243903136,1510.43,833420032,1664.58,1549.7279569892473,0.9981557298766747,0.10056482080896534,4108.54,4766.18,4321.430107526882,0.9949601457179793
1.05,14532242,7.98,1.4318064516129032,0.9757023315796414,-0.5607953302515589,788.04,308647008,837.64,790.5703225806453,1.000695830499371,0.18375332317930437,1459.09,750729984,1664.58,1543.6349677419353,0.9960683491448723,0.10328259569250353,3900.86,4766.18,4287.408344086021,0.9921271980352978
0.941,9330392,7.98,1.3918709677419359,0.9721083224440141,-0.5497743231895069,763.75,513254016,837.64,789.4916774193547,0.9986356113675383,0.2041457580288243,1393.22,1165408000,1664.58,1533.5058064516131,0.993438111015884,0.11794955828962106,3674.84,4766.18,4240.486344086022,0.9890558593363931
1.06,6302091,7.98,1.361890322580645,0.9784601835542779,-0.5200363212174235,834.12,359881984,837.64,792.9331827956988,1.0043591407924573,0.22993125930600444,1506.72,843795968,1664.58,1531.031505376344,0.9983865068753836,0.13061837633622453,3911.74,4766.18,4211.0484731182805,0.993057902188791
