23.4,6331441,30.82,20.82750537634409,1.0101412663910319,0.13012445014177088,569.61,38969000,683.53,579.8526666666667,0.9992996454012419,-0.05924004054803533,157.68,502683584,183.85,150.95088172043012,1.0029680883350642,0.04709529783289068,2834.4,2929.67,2714.519397849463,1.002419176641318
23.77,3980870,30.82,21.052881720430108,1.0108210916292453,0.13744392335025868,583.47,31169000,683.53,580.3199569892473,1.0008058776814237,-0.05285037556288663,162.33,502683584,183.85,151.68965591397847,1.0048941363251962,0.046073192445636346,2892.74,2929.67,2724.9786666666664,1.0038530831002679
23.97,3480562,30.82,21.28333333333334,1.010946321551771,0.13557367630873784,593.89,24075000,683.53,581.4031182795698,1.0018664898170002,-0.03715548000231217,164.85,502683584,183.85,152.573311827957,1.0058254197272334,0.03889860476635709,2907.41,2929.67,2736.3390967741934,1.0041689978150998
23.65,1929450,30.82,21.484774193548386,1.0094647232677392,0.14361804961166658,626.43,35839000,683.53,584.5084301075269,1.0053410649690804,0.021298644257526256,165.97,502683584,183.85,153.51567741935486,1.0061764772626844,0.05316689284564868,2905.03,2929.67,2747.540752688172,1.0040936651189114
24.16,4064653,30.82,21.711225806451612,1.010540097413322,0.19701151032250297,633.54,31083000,683.53,587.9593548387096,1.0059039776903609,0.03514303815204611,170.44,502683584,183.85,154.73113978494624,1.007917512960394,0.05271256014047143,2939.88,2929.67,2761.043784946237,1.0049145885260677
23.9,4053637,30.82,21.911849462365588,1.0092405494605634,0.22620531595078064,622.77,32128000,683.53,590.5492473118279,1.0044048835209516,-0.04678009823127516,167.45,502683584,183.85,155.73243010752688,1.006471162326939,0.04601493646280286,2945.64,2939.88,2774.8627311827954,1.0050049717834617
25.03,6731134,30.82,22.175462365591397,1.0120306094507712,0.4409744698147551,621.01,26256000,683.53,592.9049677419355,1.0039890329906114,-0.023177692563491448,164.33,502683584,183.85,156.50987096774193,1.004992157764945,0.03904110462706467,2881.4,2945.64,2784.407978494624,1.0034398989198863
25.5,4569794,30.82,22.45356989247312,1.0125412278804724,0.36165925024133716,612.91,21255000,683.53,594.5655268817204,1.0028007171977478,-0.13856066444917792,164.76,502683584,183.85,157.2887741935484,1.0049767035202974,0.042307608059900526,2859.53,2945.64,2792.2965161290326,1.002833111273684
25.09,4181409,30.82,22.69090322580645,1.0105699598981315,0.43108492280688293,604.22,19501000,683.53,595.6498494623655,1.0018237225866962,-0.09357879854960482,162.38,502683584,183.85,157.88926881720428,1.0038177843697667,0.04506568604967032,2826.06,2945.64,2797.828387096774,1.001981118744298
24.65,4910068,30.82,22.88356989247312,1.0084909209981359,0.3337372043576423,586.63,23329000,683.53,595.5121075268818,0.9997687535124737,-0.13369108030678234,157.52,502683584,183.85,158.14217204301076,1.0016017759009277,0.04046458971596678,2752.06,2945.64,2798.2261290322585,1.0001421609478691
25.83,6964133,30.82,23.138064516129035,1.0111212815505515,0.20360156275649244,602.44,26223000,683.53,596.3863225806452,1.00146800550772,-0.11389778293988795,158.98,502683584,183.85,158.4727956989247,1.0020906735480022,0.029713517615394203,2873.34,2945.64,2806.386021505376,1.0029160947317504
24.7,6705006,30.82,23.308817204301075,1.0073797308350063,0.14880913230455772,601.6,28178000,683.53,597.1872903225807,1.0013430350623562,-0.12750855272004769,161.19,502683584,183.85,158.9257634408602,1.0028583312355774,0.034190191174353846,2886.98,2945.64,2815.2273548387097,1.0031504337840849
26.5,9167248,30.82,23.588301075268813,1.0119904784750797,0.3165810625334622,614.16,32045000,683.53,598.8008817204302,1.0027019854976784,-0.09423878347147663,165.57,937150016,183.85,159.63290322580644,1.0044494974863492,0.04498265067482676,2950.46,2945.64,2827.840064516129,1.0044801744540246
25.79,8719684,30.82,23.809075268817207,1.0093594783636142,0.2702931575938162,614.01,34813000,683.53,600.3320430107526,1.0025570458178406,-0.06417781113467624,164.23,868274624,183.85,160.20296774193545,1.0035710965885438,0.030100070850124228,2941.76,2950.46,2839.2078279569896,1.0040199456763852
26.3,3599946,30.82,24.051978494623658,1.0102021276787925,0.33497402194518844,631.91,23263000,683.53,602.9834193548388,1.0044165164511112,-0.02813081306480636,168.73,535211584,183.85,161.03245161290317,1.0051777060229241,0.03847433212543727,2990.41,2950.46,2853.323784946237,1.0049717941921161
26.57,3433632,30.82,24.300387096774198,1.0103279903649534,0.4569850817099106,635.78,26512000,683.53,605.7762795698925,1.0046317363386905,-0.03487042124796513,170.73,708170624,183.85,161.93713978494623,1.0056180488030932,0.022930533270964393,3013.77,2990.41,2868.1783870967743,1.0052060695771394
26.24,2800642,30.82,24.51197849462366,1.0087073262251673,0.5693147266454116,607.58,35401000,683.53,606.6276129032259,1.0014053593084526,-0.033527757460293905,165.51,780385664,183.85,162.44849462365593,1.0031577366340345,0.007215565742676011,2976.61,3013.77,2879.745634408602,1.004032959513211
27.15,4034201,30.82,24.7638064516129,1.0102736691387224,0.5722843224024562,623.37,32134000,683.53,608.3284086021505,1.0028036898795043,-0.03844981306288253,173.05,998224000,183.85,163.37765591397846,1.0057197285359591,0.03316421485539167,3025.86,3013.77,2893.2860215053765,1.0047019385792229
26.9,3745576,30.82,24.97987096774193,1.0087250123098486,0.4699694813333295,596.44,24642000,683.53,608.1126666666667,0.9996453528514646,-0.13844280272675413,167.01,934927808,183.85,163.84260215053763,1.0028458373573677,0.000881319267193259,2932.05,3025.86,2899.612602150538,1.002186641969766
27.86,7153503,30.82,25.240236559139785,1.0104230158648169,0.37708049512391795,587.07,30588000,683.53,607.188688172043,0.9984805800877519,-0.18344180052398884,165.94,987985152,183.85,164.1892688172043,1.0021158518121445,0.004131474241801936,2918.65,3025.86,2904.214215053764,1.0015869750668807
27.35,3527155,30.82,25.451440860215055,1.008367762345666,0.2762467925304337,567.38,23099000,683.53,604.9733548387097,0.9963514910990805,-0.19580797916149772,164.35,840600064,183.85,164.39277419354838,1.0012394560120166,0.015807541480694853,2888.68,3025.86,2906.1889677419354,1.0006799610985773
27.32,3258496,30.82,25.64602150537634,1.0076451720839683,0.3213055751986629,552.94,23825000,683.53,601.8472903225806,0.9948327236379485,-0.20577151658155146,161.06,715996160,183.85,164.35264516129033,0.9997558954007869,0.014544540013134766,2847.11,3025.86,2905.0130322580644,0.9995953685404069
27.48,5212401,30.82,25.83632258064516,1.007420296174552,0.2726705895858217,557.6,23272000,683.53,599.0812688172044,0.9954041140504368,-0.1988076747041504,166.58,701258496,183.85,164.64210752688172,1.0017612273006455,0.013006227430832906,2926.46,3025.86,2908.564301075269,1.0012224622670434
27.23,4311519,30.82,25.996516129032262,1.006200323125982,0.25024572365248066,570.2,20386000,683.53,597.1950537634409,0.9968514871822189,-0.14807354996118793,169.82,600590784,183.85,165.1097419354839,1.0028403086891111,0.01920942874795495,2978.71,3025.86,2915.0135698924737,1.0022173375416938
27.07,7980654,30.82,26.132752688172044,1.0052405698695772,0.19287656902707107,590.98,31820000,683.53,596.6516129032258,0.9990900111164845,-0.10353545417928078,172.31,998218240,183.85,165.6991182795699,1.0035696036901098,0.04064200717496114,3007.39,3025.86,2922.730731182796,1.0026473843449746
28.03,6032632,30.82,26.31868817204301,1.0071150362952435,0.24954950668846165,581.93,27650000,683.53,595.531935483871,0.998123398319655,-0.1525306027079082,170.66,908409984,183.85,166.14111827956992,1.0026674855279212,0.03476939504523635,2992.07,3025.86,2928.961032258065,1.0021316712514081
27.33,4557477,30.82,26.445182795698923,1.0048062662861093,0.15727667358487274,572.45,48878000,683.53,593.8451182795699,0.9971675453425841,-0.18488787996575617,166.67,793946624,183.85,166.29047311827955,1.000898963725875,0.017514667388077276,2961.79,3025.86,2932.808967741935,1.0013137544137634
28.29,4893624,30.82,26.623677419354838,1.0067496082381002,0.23877236559886073,565.34,48370000,683.53,591.7655268817205,0.9964980912803085,-0.17387521792053373,166.98,769390016,183.85,166.43516129032255,1.0008700929724343,0.0011896991192692496,2952.01,3025.86,2935.6859354838707,1.0009809598148327
27.85,3025189,30.82,26.760107526881715,1.005124390044919,0.20610760980921028,547.33,61916000,683.53,588.5757204301076,0.9946096784846163,-0.18787624701629657,168.26,706739968,183.85,166.63664516129032,1.0012105847670991,0.008813827437212929,2970.27,3025.86,2939.291634408602,1.001228230472868
27.15,5102253,30.82,26.84004301075269,1.00298711370239,0.19188466650977287,548.57,115632000,683.53,585.5759999999999,0.9949034247829394,-0.16114047411107957,170.48,769350016,183.85,166.9604946236559,1.001943446845393,0.009557580617425732,2986.2,3025.86,2943.607247311829,1.0014682493062976
26.57,6212636,30.82,26.872387096774194,1.001205068337951,0.15358846811512772,566.84,67260000,683.53,583.8160860215054,0.9969945592399714,-0.0936934274832596,170.68,919190016,183.85,167.27141935483868,1.0018622652734925,0.01606456725826777,3022.55,3025.86,2949.86911827957,1.0021272780101556
26.65,3047014,30.82,26.903075268817208,1.0011419965011854,0.11352346899879073,561.63,139928992,683.53,581.726,0.9964199581485523,-0.10830154434631734,173.25,976520000,183.85,167.72019354838707,1.0026829101784351,0.007061023474379979,3066.91,3025.86,2958.588301075269,1.002955786323423
25.02,7374701,30.82,26.822408602150542,0.9970015819433042,0.07777488799449639,589.21,94491000,683.53,581.4622365591398,0.9995465847480426,-0.03631960443673854,175.28,936289984,183.85,168.2764516129032,1.003316583726429,-0.0005913230963818794,3093.08,3066.91,2968.621311827956,1.0033911479840032
25.15,3363095,30.82,26.747870967741935,0.9972210685656832,0.05685432597079365,576.56,61595000,683.53,580.3924086021506,0.9981601075878632,-0.16261722098241838,177.63,858080000,183.85,168.96189247311824,1.004073302316784,-0.003903921549358591,3120.46,3093.08,2980.0214838709676,1.003840224415822
24.85,3607411,30.82,26.65075268817204,0.9963691211279201,-0.027406918153938475,573.41,61070000,683.53,579.2266021505376,0.9979913478633865,-0.15051905132082943,176.92,895630016,183.85,169.57645161290324,1.0036372647748533,-0.01994570664153117,3110.29,3120.46,2990.30223655914,1.0034498921379646
24.98,2444992,30.82,26.560537634408597,0.9966149153527104,0.002862861947546369,584.38,53006000,683.53,578.8978494623657,0.9994324281948527,-0.12147414518005983,178.24,642579968,183.85,170.26223655913975,1.0040441048253679,-0.001877814999530214,3140.98,3120.46,3002.1965161290314,1.0039776178556379
25.25,5298474,30.82,26.485419354838708,0.9971718087711984,-0.08160402483343998,585.17,58204000,683.53,578.702623655914,0.9996627629440443,-0.12236432784253082,179.48,810209984,183.85,171.00481720430108,1.004361393695797,0.00039341397728143157,3145.91,3140.98,3013.9887741935486,1.0039278768065862
25.42,4236308,30.82,26.420795698924735,0.9975600289711039,-0.05693098982474798,594.16,62525000,683.53,579.1644731182795,1.0007980773604375,-0.05409103831284778,178.27,810000000,183.85,171.63675268817204,1.0036954250424184,-0.02615607943733922,3168.8,3145.91,3026.6889677419354,1.0042137494529273
26.76,6261634,30.82,26.442795698924733,1.0008326774201162,0.04053212735079326,593.05,96328000,683.53,579.5950322580645,1.0007434142800005,-0.06641615935614098,182.8,1015040000,183.85,172.5318924731183,1.0052153153152026,-0.01407277663839146,3221.22,3168.8,3042.106,1.0050936955935603
26.77,1003965,30.82,26.461849462365596,1.000720565391716,0.04086119965227475,591.31,28420000,683.53,579.9373548387097,1.0005906237313862,-0.05435562123354898,183.16,400929984,183.85,173.4063440860215,1.0050683476565903,-0.014534199594008923,3240.02,3221.22,3057.8861290322575,1.0051872383908573
27.14,3419084,30.82,26.500215053763444,1.0014498454256726,0.015551959323819586,583.1,40202000,683.53,579.7399354838709,0.9996595850341565,-0.06708416568936804,183.01,513649984,183.85,174.21597849462367,1.004669001084531,0.02533583485831481,3234.85,3240.02,3072.2833333333333,1.004708221200386
28.17,6365429,30.82,26.602215053763437,1.0038490253680228,0.07775982161459072,580.64,72454000,683.53,579.4253978494623,0.999457450461566,-0.06734849872890092,186.63,819120000,183.85,175.20748387096774,1.0056912424733455,0.02676533614221932,3265.35,3240.02,3087.870838709677,1.005073589797928
28.85,4273847,30.82,26.740623655913982,1.0052028976485912,0.008874828767864607,601.45,147367008,683.53,580.4985161290322,1.0018520387327734,-0.0693057476491229,191.1,811790016,186.63,176.43266666666668,1.0069927537832872,0.025685825568203535,3329.62,3265.35,3106.7910967741936,1.0061272828601933
30.2,4747741,30.82,26.961075268817204,1.0082440714823966,0.12103288294434478,579.97,71788000,683.53,580.2131612903225,0.9995084314071766,-0.14433357565245353,188.48,796152000,191.1,177.4339139784946,1.0056749542516386,0.027421226364364948,3295.47,3329.62,3122.692731182796,1.005118346845114
29.74,5218103,30.82,27.142365591397848,1.0067241503082898,0.037873661911041134,561.05,78959000,683.53,578.7803655913979,0.9975305701516003,-0.1556554543470262,182.84,993284992,191.1,178.01913978494622,1.0032982747961168,0.0050033997207739045,3225.52,3329.62,3133.320795698925,1.0034034935330007
30.96,4458491,30.82,27.394967741935485,1.009306563559725,0.07288031033855757,571.03,148731008,683.53,578.1438279569893,0.9989002086590167,-0.16527688134624818,188.88,996889984,191.1,178.96369892473118,1.0053059414899208,0.002139672839463369,3327.71,3329.62,3150.0361505376345,1.0053347090606408
30.84,4288524,30.96,27.630387096774193,1.0085935255356528,0.02758263125532623,585.95,138664000,683.53,578.6091182795699,1.000804800293769,-0.17633025412590664,191.5,897411968,191.1,180.03825806451616,1.006004341362194,0.0214560971871125,3380.16,3329.62,3169.4602365591404,1.0061663057480121
30.4,4291671,30.96,27.827526881720434,1.0071348904470925,-0.01239284419626241,584.89,72157000,683.53,579.0525376344087,1.0007663539008118,-0.19410308992326797,189.12,697926016,191.5,180.903376344086,1.0048051913458296,-0.010211494016826972,3337.75,3380.16,3185.2803440860216,1.0049914200987282
26.34,12314445,30.96,27.755741935483876,0.9974203619839564,-0.10894030991347747,516.36,133793000,683.53,575.1574193548387,0.9932732903727826,-0.10713234062945654,171.25,1608301952,191.5,180.5810322580645,0.9982181422340709,0.017826438737408523,2954.22,3380.16,3175.6858494623652,0.9969878649326832
24.69,12998245,30.96,27.578709677419358,0.9936217789286261,-0.14994211624507314,489.84,104757000,683.53,569.7235483870968,0.9905523761236756,-0.16704658323301802,168.93,1455155968,191.5,180.09989247311827,0.9973356017576716,-0.0003872088651921679,2972.37,3380.16,3167.2146451612903,0.9973324803829355
19.38,16031109,30.96,27.065913978494624,0.9814061025725002,-0.3108066959716611,442.04,133881000,683.53,561.4149032258065,0.9854163564331994,-0.13395180634574066,157.61,1904397952,191.5,178.882,0.9932376835077786,0.020492099835721977,2711.02,3380.16,3141.766623655914,0.9919651730758904
7.99,21550344,30.96,25.835419354838713,0.9545371117105593,-0.7225224611671914,349.91,137858000,683.53,547.4319354838708,0.9750933442244023,-0.07238088222677863,138.3,1991255040,191.5,176.4327956989247,0.9863082685732757,0.04912141715050011,2304.92,3380.16,3090.5006666666673,0.9836824426730999
12.01,18196398,30.96,24.90584946236558,0.9640195547164968,-0.5731436476892648,389.98,122164000,683.53,536.4707526881721,0.9799770855786661,-0.10010653880668496,145.91,1826660992,191.5,174.5235053763441,0.9891783706367226,0.007470323884180119,2541.47,3380.16,3055.6620000000003,0.9887271771067945
10.6,15852571,30.96,23.918580645161292,0.9603599620765347,-0.5979770736678935,361.02,89260000,683.53,524.0016559139785,0.9767571732257299,-0.10661541758434312,143.84,1342385024,191.5,172.52511827956985,0.9885494673484531,0.01153536912739217,2488.65,3380.16,3018.2435268817203,0.9877543808450411
14.3,11987739,30.96,23.205784946236555,0.9701990803928019,-0.4144847548352959,420.62,92424000,683.53,515.8275698924731,0.9844006484917533,-0.2150101061808356,158.14,1116019968,191.5,171.50518279569894,0.9940881913657457,-0.009890382594576308,2789.82,3380.16,3001.3092688172046,0.9943893665591619
13.32,15487566,30.96,22.457225806451614,0.9677425632651853,-0.5160383555971413,403.92,86191000,683.53,506.9424301075269,0.9827749808200473,-0.1888956510354629,164.69,1107810048,191.5,170.9383010752688,0.9966946671162387,0.004291978553156106,2874.56,3380.16,2990.31,0.9963351764739862
12.63,11820744,30.96,21.69578494623656,0.9660937256107429,-0.5251457562392834,399.21,117667000,683.53,498.1362365591397,0.9826288094557023,-0.1458162884637232,164.63,1103789952,191.5,170.3803870967742,0.9967361675236907,0.02998133406882042,2836.74,3380.16,2977.123440860215,0.9955902367514455
13.96,13227704,30.96,21.051763440860213,0.9703158236969868,-0.4676607657520645,428.64,102988000,683.53,491.601311827957,0.9868812500445209,-0.07659575727931,167.99,1226413056,191.5,170.04363440860217,0.9980235243392143,0.047139275290174476,2830.71,3380.16,2963.816774193548,0.9955303611250926
15.38,14766758,30.96,20.53017204301075,0.9752233868998791,-0.46880024872554515,433.52,149240000,683.53,485.67520430107527,0.9879452975728518,-0.059993086117352545,174.23,1140004992,191.5,170.10729032258064,1.00037435046716,0.04910582750608272,2929.8,3380.16,2957.1638709677422,0.9977552919992444
12.6,16226496,30.96,19.856043010752686,0.9671639852386155,-0.5592549365260336,399.38,116721000,683.53,477.79126881720435,0.9837670619911171,-0.048214580718473954,172.15,1095511040,191.5,170.02391397849462,0.9995098602539144,0.050817905176261946,2863.7,3380.16,2946.333483870968,0.9963375762827679
14.55,11348229,30.96,19.33901075268817,0.9739609620212585,-0.5183201132673348,424.59,93845000,683.53,471.85462365591394,0.9875748144666041,-0.07972173570018437,179.85,1194665984,191.5,170.43372043010754,1.0024102871297549,0.07592606956870096,2955.45,3380.16,2941.685892473118,0.998422584740223
14.04,9402181,30.96,18.8149247311828,0.9729000604939152,-0.4447807492910103,447.37,92794000,683.53,467.6935698924731,0.9911814920214173,-0.08695830991264619,180.89,1058963968,191.5,170.89090322580643,1.0026824667943945,0.05146710460293169,3044.31,3380.16,2942.9155053763443,1.0004179959887534
19.51,17075868,30.96,18.67086021505376,0.9923430724179154,-0.2045014885633123,487.09,96942000,683.53,466.3408172043011,0.9971076089660951,-0.1553381316197202,185.2,985712000,191.5,171.60972043010753,1.0042062929666378,0.023990121096395756,3193.93,3380.16,2953.846623655914,1.0037143840044336
15.58,17537620,30.96,18.285096774193548,0.9793387430243207,-0.3302413216190283,439.41,106856000,683.53,462.13154838709676,0.990973835740052,-0.16102113522021144,180.02,1121889024,191.5,171.9730107526882,1.002116956555084,0.03881978446839052,3041.31,3380.16,2954.71440860215,1.000293781315281
16.02,12428715,30.96,17.948301075268816,0.9815808631978331,-0.2849664330890046,439.36,124107000,683.53,458.21399999999994,0.9915228717866815,-0.16111531404735036,183.56,1149193984,191.5,172.55954838709678,1.0034106377032155,0.041566081018678425,3097.74,3380.16,2959.393053763441,1.001583450890438
14.05,9781134,30.96,17.503397849462367,0.9752119588399658,-0.3730280986406842,426.05,139838000,683.53,453.72602150537637,0.9902054967883487,-0.14939161167927262,173.97,1423064064,191.5,172.51309677419357,0.9997308082146865,0.018046351212550715,3009.05,3380.16,2958.376752688172,0.9996565846250208
14.26,7489001,30.96,17.095548387096773,0.9766988406552091,-0.3470160553116429,446.33,84654000,683.53,450.8869247311828,0.9937427067445371,-0.16753899676136874,183.78,901292992,191.5,173.1087311827957,1.0034526909535557,0.02901228264219824,3130.01,3380.16,2965.448043010753,1.002390260238543
13.38,7423993,30.96,16.654559139784944,0.9742044398151816,-0.41835088502661677,450.19,109471000,683.53,448.59544086021515,0.9949178302911893,-0.18020497766597543,192.39,1096802048,191.5,174.2506021505376,1.0065962644399264,0.07408073077797117,3185.04,3380.16,2976.103849462366,1.0035933209070136
14.48,6589503,30.96,16.310430107526884,0.97933724757469,-0.45533285944422763,459.31,78944000,683.53,447.2019569892473,0.9968936735774762,-0.1392922399555968,190.61,1008017984,192.39,175.2472688172043,1.0057197315496544,0.041634639576940025,3224.73,3380.16,2989.2853763440853,1.004429121948853
14.35,7949366,30.96,15.984322580645161,0.9800061969713949,-0.45551902922722476,467.47,80596000,683.53,446.62253763440856,0.9987043452163321,-0.11261592778880858,188.43,963932032,192.39,176.0864946236559,1.004788809618066,0.03630038909584321,3215.63,3380.16,3001.8722580645153,1.0042106658066297
14.41,6429021,30.96,15.68879569892473,0.9815114540995141,-0.49811591938423205,472.53,199287008,683.53,446.6358924731183,1.0000299018468268,-0.13005778520608569,191.69,912963008,192.39,177.12470967741936,1.0058960515738722,0.03621683582373403,3271.12,3380.16,3018.0915913978497,1.0054030724624479
15.32,12429712,30.96,15.479354838709678,0.9866502908040669,-0.463978691546738,484.36,164238000,683.53,447.6502580645161,1.0022711242165985,-0.10964521964317187,197.39,1064355968,192.39,178.51199999999997,1.00783228000829,0.03133847318881622,3351.28,3380.16,3039.4045376344084,1.00706172943767
15.61,8736935,30.96,15.316258064516129,0.9894635935481181,-0.4626526720520179,490.28,99857000,683.53,449.2536129032258,1.0035817132009308,-0.08927294921143136,196.89,885753984,197.39,179.84389247311825,1.007461080897185,0.01731480957698972,3372.85,3380.16,3061.9243010752693,1.0074092682175135
15.16,7113806,30.96,15.152602150537634,0.9893148892314864,-0.506580762818739,469.79,114603000,683.53,449.7741075268817,1.0011585763780335,-0.08557110452255523,200.3,687713984,197.39,181.38333333333333,1.0085598728933494,0.031854713647328614,3397.16,3380.16,3085.9194838709677,1.0078366348858696
17.25,9120929,30.96,15.156129032258065,1.0002327574950753,-0.4341794716439754,496.04,76215000,683.53,452.2250967741936,1.0054493782685465,-0.04555760156305011,209.9,856681024,200.3,183.51670967741936,1.0117616999582066,0.0604185727605977,3508.01,3397.16,3116.8475913978496,1.0100223313305912
16.58,6054880,30.96,15.143290322580643,0.9991529031159543,-0.49454066171693256,479.54,116168000,683.53,453.751376344086,1.003375043934491,-0.06602278832321917,204.6,1033849024,209.9,185.2499569892473,1.0094446294011843,0.0534021306905359,3426.96,3508.01,3141.9391612903223,1.0080503037625974
15.63,7833152,30.96,15.100086021505374,0.9971469673924929,-0.5277051961187937,467.11,67246000,683.53,454.6724731182795,1.0020299591851707,-0.05137779738300863,197.76,768910016,209.9,186.5081075268817,1.0067916374075456,0.04428342076102376,3340.97,3508.01,3161.2695483870975,1.0061523747292538
15.8,14048195,30.96,15.100559139784947,1.0000313321579029,-0.4777875813678544,474.85,105077000,683.53,456.3484946236559,1.0036862172321137,-0.035544663350654315,193.19,977305024,209.9,187.4579569892473,1.0050928052134607,0.02699747089547966,3319.47,3508.01,3179.29711827957,1.0057026361139214
14.95,9392189,30.96,15.077591397849462,0.9984790138085038,-0.4354463988368794,482.15,141212992,683.53,458.732129032258,1.005223276589458,-0.012058112064679882,192.42,992832000,209.9,188.34937634408604,1.0047553028377978,0.007095602297383818,3298.46,3508.01,3196.0085161290317,1.0052563183709313
15.35,8793780,30.96,15.104924731182795,1.0018128448113557,-0.436498303037677,513.26,107251000,683.53,463.19643010752685,1.0097318255965344,0.1009307655798598,194.22,828286016,209.9,189.3113978494624,1.0051076436994348,0.023185045546342042,3348.44,3508.01,3215.2041290322577,1.0060061206991011
15.12,5334056,30.96,15.13750537634409,1.0021569551481468,-0.28129000518428426,521.0,87694000,683.53,468.10972043010764,1.010607357922513,0.1287822747439289,198.57,796393984,209.9,190.49967741935484,1.0062768517024916,-0.02270906710597509,3477.13,3508.01,3241.893569892472,1.0083010097614697
13.75,6876069,30.96,15.090860215053764,0.9969185701256154,0.7197028768942564,525.78,87460000,683.53,473.1615913978494,1.0107920659350975,0.1709090932913644,200.36,930622976,209.9,191.7153548387097,1.006381519569079,-0.06273214056776566,3483.81,3508.01,3267.366430107527,1.0078574017517483
14.9,6774040,30.96,15.106021505376342,1.0010046670704333,0.24719561902391507,587.9,145539008,683.53,481.84298924731183,1.0183476385389085,0.368525433014836,204.62,960318976,209.9,193.07240860215057,1.007078482391682,0.038833687122863836,3465.39,3508.01,3289.1156559139777,1.006656500356385
13.11,9195966,30.96,14.999483870967742,0.9929473399484647,0.2225087244643027,602.46,303664000,683.53,491.0381075268818,1.0190832252098005,0.5062649412883036,196.55,1165054976,209.9,193.78255913978495,1.0036781565153503,0.0524995020775858,3269.96,3508.01,3296.2695698924726,1.0021750265806653
15.53,18604514,30.96,15.043677419354836,1.0029463379385095,0.0025603639877895823,651.0,144676000,683.53,502.8456129032258,1.0240460061965713,0.5466268420734277,211.48,1144573056,209.9,195.34258064516126,1.0080503710566182,0.07935110975395743,3509.44,3508.01,3317.1935698924735,1.0063477818049582
18.17,17281036,30.96,15.255548387096773,1.014083721807897,0.3507415964637819,661.2,140708992,683.53,514.8157419354839,1.0238047796880387,0.5539859371166627,213.16,1127622016,211.48,196.89627956989247,1.007953713520113,0.04711095138774435,3585.15,3509.44,3341.454516129033,1.007313696269267
17.88,8280641,30.96,15.438279569892474,1.0119780146972792,0.3967815110032158,691.78,80805000,683.53,528.2054838709678,1.026008804402803,0.6186243247323939,211.22,903884032,213.16,198.2205806451613,1.0067258816579048,0.028903749730032402,3557.54,3585.15,3362.4060215053764,1.0062701752411147
19.26,6468376,30.96,15.698752688172045,1.0168719005962,0.32144147978386073,722.75,72855000,691.78,542.9641075268817,1.0279410648063607,0.5690165038533235,216.99,632369984,213.16,199.81694623655915,1.008053480552837,0.006370450239078451,3638.35,3585.15,3387.0209677419343,1.0073206347119072
20.25,7227989,30.96,16.011698924731185,1.0199344650352333,0.27670350121874154,725.07,87315000,722.75,557.2399139784947,1.0262923575494467,0.5562479206689159,220.99,928196992,216.99,201.566,1.0087532804218227,0.005796399097664162,3699.12,3638.35,3413.8196989247317,1.0079121834314075
19.84,6954991,30.96,16.287720430107523,1.0172387394163405,0.489545469585126,749.41,69761000,725.07,572.4590537634409,1.0273116469283168,0.7074634588436064,221.22,1065702976,220.99,203.22933333333336,1.0082520530909644,0.00576705070634298,3663.46,3699.12,3436.663333333334,1.0066915175443498
19.99,5880458,30.96,16.557849462365592,1.0165848274113756,0.32731243077072447,737.19,78649000,749.41,586.1370537634409,1.0238934119568528,0.6267859472486164,220.2,1188903040,221.22,204.72133333333332,1.0073414598942407,-0.030754731109774225,3709.41,3699.12,3460.7515698924735,1.0070091929941172
19.24,3475496,30.96,16.76789247311828,1.012685404057459,0.22792738621884334,741.87,70146000,749.41,599.4447311827957,1.022704037108573,0.6132551582442807,217.7,636921984,221.22,205.9652688172043,1.0060762377013517,-0.012893456982546292,3703.06,3709.41,3482.808709677419,1.0063735114582728
19.56,4848254,30.96,16.987397849462365,1.0130908148830264,-0.15606663068690318,719.14,50425000,749.41,610.652623655914,1.0186971240050828,0.48298276708841825,221.92,588433984,221.22,207.40230107526887,1.0069770610662516,0.022269533287693655,3756.07,3709.41,3506.869182795699,1.0069083533216812
19.69,7052277,30.96,17.215182795698922,1.0134090546565828,0.04140624296135775,763.42,90769000,749.41,624.2182580645161,1.022214977686309,0.7270480159558095,221.32,1121356032,221.92,208.72165591397848,1.0063613317300217,-0.02815755141177534,3824.68,3756.07,3534.1472043010754,1.0077784542517865
19.28,8210396,30.96,17.407677419354837,1.011181677588925,0.027382986295786838,755.54,82899000,763.42,636.5787096774193,1.01980149002887,0.6825462788593379,213.44,1178520960,221.92,209.44380645161286,1.0034598735549127,-0.053670786188393826,3768.25,3824.68,3556.099913978494,1.0062116002555588
17.9,9005399,30.96,17.50412903225806,1.0055407513926,0.09459568255305495,770.37,59988000,763.42,649.2159784946236,1.0198518559057814,0.7132528011552712,226.14,856067008,221.92,210.92105376344085,1.0070531916739647,0.023240483264919343,3841.47,3824.68,3581.3345376344087,1.0070961514767123
18.23,12940962,30.96,17.613591397849458,1.006253516835352,0.0873400081353024,737.92,115819000,770.37,659.0192258064516,1.0151001325237856,0.618180855582404,218.57,1725944064,226.14,211.79772043010755,1.004156373444113,0.002648071077787195,3714.24,3841.47,3596.570623655914,1.0042543040482248
20.11,6862862,30.96,17.835806451612903,1.0126161126793582,0.328342845074695,844.17,159468992,770.37,675.0502365591398,1.0243255585344582,0.7881730812006744,234.43,1025052992,226.14,213.6227956989247,1.0086170675733002,-0.0018249861804231493,3886.83,3841.47,3621.6851397849455,1.006982906428653
21.3,7679932,30.96,18.12032258064516,1.0159519632489915,0.3351243549924492,842.63,138448000,844.17,690.1346236559141,1.0223455770842513,0.7356004844408652,237.55,1067569024,234.43,215.55875268817206,1.00906250188756,0.026057518708614502,3934.83,3886.83,3648.3872043010747,1.007372828803587
21.48,3848098,30.96,18.40178494623656,1.0155329666091066,0.37453755087802,857.46,75665000,844.17,705.351440860215,1.022049056347429,0.7366923799771934,235.35,802782976,237.55,217.25182795698922,1.0078543564003006,0.03409215015583378,3906.71,3934.83,3671.7479784946236,1.0064030413674319
20.28,16031518,30.96,18.590494623655914,1.010254965916116,0.3213792388570462,824.82,124586000,857.46,717.6237634408602,1.0173988764603337,0.7124468245368525,232.08,1319369984,237.55,218.63303225806453,1.0063576187784655,0.04561453944546634,3811.15,3934.83,3687.4573978494623,1.0042784579570407
21.99,9517606,30.96,18.87690322580645,1.0154061851472251,0.3409722010902432,762.3,126714000,857.46,725.1049247311829,1.0104249074117224,0.5615464334282236,237.73,1251053056,237.55,220.29189247311828,1.0075874180489603,0.05795725919557304,3841.94,3934.83,3703.9919139784947,1.0044839883814456
23.17,8748905,30.96,19.22509677419355,1.0184454803959098,0.39145476986897654,802.54,100192000,857.46,734.584494623656,1.013073376788866,0.5470354638277557,239.41,1322830976,237.73,221.9723870967742,1.0076284905667194,0.04681632554010662,3943.34,3934.83,3726.013182795699,1.0059452799381388
23.01,11015681,30.96,19.546709677419354,1.0167288054257035,0.3752089942828183,805.34,108822000,857.46,743.5731827956988,1.0122364251326157,0.6356536678404725,240.71,1300617984,239.41,223.64531182795702,1.00753663441234,0.049873460717565044,3913.1,3943.34,3744.856623655914,1.0050572662885955
22.11,8309404,30.96,19.793376344086017,1.0126193446742402,0.19629737805011582,779.29,107325000,857.46,750.1596129032258,1.0088578101791719,0.4677949826220289,236.19,1568609024,240.71,224.93972043010754,1.0057877743627655,-0.007739809658695362,3974.54,3943.34,3766.5543870967736,1.0057940171337394
22.06,5028121,30.96,20.026365591397845,1.0117710714565098,0.2604958139303786,828.79,71339000,857.46,759.3304516129032,1.0122251832169222,0.610408699235597,244.2,1426782976,240.71,226.69436559139783,1.0078005127681995,0.02053498746561422,4019.87,3974.54,3790.1733763440857,1.0062707150408408
22.09,5324012,30.96,20.24950537634409,1.011142300580096,0.3420793019729518,875.29,85502000,857.46,770.7502150537634,1.0150392538803144,0.7295904398969242,251.95,1293714944,244.2,228.86384946236564,1.009570082896891,0.0382102508190143,4128.8,4019.87,3819.5450322580646,1.007749422782952
23.11,6702899,30.96,20.524559139784948,1.0135832336804722,0.34263624213881205,831.11,110410000,875.29,778.4418494623656,1.0099794126013517,0.5744128289838186,251.93,1071345984,251.95,230.91550537634413,1.0089645259345157,0.043167984012400185,4185.47,4128.8,3850.8785591397855,1.0082034709938206
23.4,4645324,30.96,20.802602150537638,1.0135468444831894,0.4347181492460779,827.34,107944000,875.29,785.1241075268817,1.0085841454556064,0.489852470376698,250.35,1252039040,251.95,232.73890322580644,1.0078963855046916,0.03375058789281726,4180.17,4185.47,3880.007784946237,1.0075643065235893
24.37,6624085,30.96,21.125053763440864,1.0155005422191805,0.4813198125786746,789.36,159495008,875.29,788.6136989247311,1.00444463666877,0.3554677519161076,257.55,1126429056,251.95,234.90223655913974,1.0092951083954984,0.07738159668722422,4181.17,4185.47,3907.305376344086,1.0070354475843475
24.44,14810881,30.96,21.432623655913982,1.0145594844830834,0.5233308121674618,757.11,123640000,875.29,789.4288817204302,1.0010336908892283,0.297038549935259,257.83,1120376960,257.55,236.94744086021504,1.0087066191068828,0.08116553733758147,4232.6,4185.47,3936.1302150537635,1.0073771655740529
23.12,9456829,30.96,21.63498924731183,1.0094419420900906,0.518809062999166,737.32,118033000,875.29,788.4595268817204,0.9987720808534427,0.23055698511153233,252.8,968390976,257.83,238.54068817204296,1.0067240536806128,0.0636583847307528,4173.85,4232.6,3959.540064516129,1.0059474275959759
23.09,7992253,30.96,21.815268817204302,1.0083327783449152,0.3728625102645291,754.89,78843000,875.29,788.1687956989247,0.9996312668274229,0.08614664043335085,251.18,1795272960,257.83,239.91664516129035,1.0057682276335809,0.028296324461045907,4155.86,4232.6,3980.3053118279568,1.0052443584288786
23.94,6853372,30.96,22.03277419354839,1.0099703275795784,0.6642058532152462,784.19,92771000,875.29,789.4092688172043,1.0015738673302583,0.024903935982337533,257.37,1014369024,257.83,241.59182795698928,1.0069823533693243,0.023761524700327108,4204.11,4232.6,4002.6985806451607,1.0056260178712069
23.27,5971606,30.96,22.183763440860215,1.0068529385353586,0.3904590305451765,771.46,54815000,875.29,789.4376344086022,1.0000359326809531,-0.07517723584975378,258.81,675211008,257.83,243.22911827956992,1.0067770931509825,0.01851450643434327,4229.89,4232.6,4024.7461505376345,1.005508176408557
24.72,11613563,30.96,22.411655913978496,1.0102729401044066,0.18754566186596988,802.76,81370000,875.29,791.2263010752689,1.002265747905478,-0.007308378314582864,260.93,787097984,258.81,244.90139784946234,1.0068753263660246,0.03937249774301099,4247.44,4232.6,4046.376623655914,1.0053743695401485
23.58,7536075,30.96,22.551913978494618,1.0062582642288667,0.1961016533949147,816.51,117356000,875.29,793.5976344086021,1.00299703552588,-0.02804675749510044,258.06,934726976,260.93,246.28578494623656,1.005652834605808,0.05059889449934585,4166.45,4247.44,4061.3576559139788,1.0037023326426122
24.58,24724512,30.96,22.744430107526878,1.008536576062495,0.18224715342918607,851.08,93908000,875.29,797.9310537634409,1.0054604741331772,-0.05107247534531845,264.16,871539008,260.93,247.9629892473118,1.0068099923080878,0.040833479886044355,4280.7,4247.44,4082.4001720430106,1.0051811531787629
24.4,6522898,30.96,22.91389247311828,1.0074507193537166,0.1268127721323813,862.75,63677000,875.29,802.7413978494625,1.0060285209647295,-0.02207329100526234,269.14,783276032,264.16,249.86004301075266,1.007650552081177,0.04129521689300275,4352.34,4280.7,4106.683225806452,1.005948229654147
24.6,5135316,30.96,23.087333333333333,1.0075692447461089,0.1795063976025868,847.62,57165000,875.29,806.2795268817204,1.0044075577038092,-0.14978896492484406,267.97,637466688,269.14,251.57806451612905,1.0068759353623518,0.01858953105411132,4369.55,4352.34,4130.67182795699,1.0058413568399414
22.51,7853784,30.96,23.11569892473118,1.001228621382483,0.0781744194497831,781.51,77951000,875.29,805.3412903225806,0.9988363383567875,-0.22640817289419357,267.3,754379712,269.14,253.15232258064518,1.006257533094326,0.04736053965470122,4327.16,4369.55,4150.40711827957,1.0047777434626999
23.26,8063673,30.96,23.187032258064516,1.003085925870795,0.1757196723361505,838.28,111059000,875.29,807.9703225806451,1.003264494556105,-0.16184526006822852,275.96,934770240,269.14,255.184,1.0080255136458707,0.07622292118632967,4411.8,4369.55,4174.274559139784,1.0057506264277294
23.89,5569137,30.96,23.290365591397855,1.004456513976574,0.1982592508718921,735.26,160928992,875.29,803.7455698924731,0.9947711536301505,-0.2502477857278773,273.3,948487296,275.96,256.91877419354836,1.006798130735267,0.06134966410121856,4395.26,4411.8,4195.550731182796,1.0050969747537153
24.96,9306968,30.96,23.45341935483871,1.0070009104322983,0.352688016098075,760.04,180808992,875.29,801.0848602150538,0.9966896120151864,-0.31953911638865806,275.34,844438528,275.96,258.67466666666667,1.0068344264782905,0.0841094155573654,4436.52,4411.8,4218.11423655914,1.0053779603256003
24.87,5927827,30.96,23.599333333333334,1.0062214373216551,0.37488541906417094,746.42,104868000,875.29,797.5527096774192,0.9955907910471727,-0.3033175211026541,277.4,645330752,275.96,260.4472903225806,1.0068527145651962,0.11396639055248459,4468.0,4436.52,4241.392924731183,1.0055187429421142
23.57,5218224,30.96,23.649354838709677,1.0021196151886922,0.3937525167117959,719.38,82619000,875.29,792.2956559139786,0.9934085187102344,-0.3467889828503714,276.32,716272000,277.4,262.01268817204306,1.0060104209474539,0.06565566749097362,4441.67,4468.0,4261.46806451613,1.0047331478458152
25.04,3458171,30.96,23.782021505376346,1.0056097372453272,0.4232240332551003,747.47,74096000,875.29,788.9605161290324,0.9957905363230865,-0.26520478071157916,284.06,673705984,277.4,263.9695268817204,1.0074684883519551,0.08555331302135905,4509.37,4468.0,4284.620193548388,1.0054328998086455
24.49,3650776,30.96,23.864559139784948,1.0034705895119111,0.22932126455329127,755.4,83789000,875.29,786.1164516129032,0.9963951750968688,-0.3936164545511034,286.77,763848000,284.06,265.9603655913979,1.0075419262715484,0.05639373696821148,4535.43,4509.37,4307.743655913979,1.005396852304531
22.31,3610836,30.96,23.797032258064515,0.9971704115158844,0.09207969277123595,727.81,57981000,875.29,781.6832903225804,0.994360681192682,-0.360811730748382,283.32,615651968,286.77,267.6160645161291,1.0062253596360102,0.059569094618247886,4458.58,4535.43,4324.514215053764,1.0038931191081348
23.48,8349537,30.96,23.802817204301075,1.0002430952806982,0.13431935616526136,743.6,88399000,875.29,778.5157634408603,0.9959478129813764,-0.3638553326038467,279.82,1031019008,286.77,268.9475268817204,1.0049752707035682,0.054240807415350645,4432.99,4535.43,4338.507462365591,1.0032357963498226
24.39,5043789,30.96,23.863010752688176,1.0025288413497635,0.23650041516051135,751.91,88535000,875.29,776.1292258064517,0.9969345031321387,-0.325801398714167,277.81,958289024,286.77,270.05367741935487,1.0041128860728321,0.02797966710579347,4455.48,4535.43,4352.819892473119,1.0032989294663386
25.57,7837300,30.96,23.990494623655916,1.005342321314312,0.21293327769630666,726.19,73913000,875.29,772.240129032258,0.9949891118065388,-0.27381124925496214,272.81,883832000,286.77,270.7389032258065,1.0025373689149493,0.013486867551002701,4357.05,4535.43,4359.396344086021,1.0015108485476907
26.02,7749109,30.96,24.13931182795699,1.0062031736583843,0.18207900989018544,722.63,71450000,875.29,768.1990107526882,0.9947670185378297,-0.2508988310971001,272.45,990300032,286.77,271.3254623655914,1.002166512210828,0.024391584019159085,4391.36,4535.43,4367.078580645161,1.0017622248478422
26.21,3467433,30.96,24.29425806451613,1.0064188340439633,0.2039720885021188,747.05,64403000,875.29,765.9052258064518,0.9970140745898788,-0.2764422718209122,271.29,1077810048,286.77,271.76612903225805,1.0016241257374985,-0.01562610173299217,4471.37,4535.43,4378.959268817204,1.0027205116538773
25.55,4039092,30.96,24.39974193548387,1.0043419260093318,0.20371661190703239,761.94,224548000,875.29,764.697440860215,0.9984230621419706,-0.214643893180393,269.62,963441984,286.77,272.0332903225807,1.0009830558770292,-0.0019648073238200947,4544.9,4535.43,4394.383247311828,1.0035222932089045
24.89,7649638,30.96,24.455247311827957,1.0022748345654986,0.17417430759145203,679.24,148610000,875.29,758.191483870968,0.9914921161735177,-0.37147606326415405,275.13,1144641024,286.77,272.5840430107526,1.0020245782695156,-0.018995487275680567,4605.38,4544.9,4412.482580645161,1.0041187425662985
28.4,6544386,30.96,24.73111827956989,1.0112806451811471,0.32582015479896964,701.33,136635008,875.29,753.4323010752688,0.993722980412018,-0.3934158207396161,279.05,1165244032,286.77,273.3211827956989,1.0027042660927779,-0.03018602113358848,4697.53,4605.38,4435.267913978494,1.0051638353051586
27.46,4139235,30.96,24.932774193548386,1.0081539343146113,0.2392228422330701,701.58,74319000,875.29,749.0633548387098,0.9942012756417214,-0.31954297887770833,277.7,979772992,286.77,273.91294623655915,1.0021650844431715,-0.016544603025726357,4682.85,4697.53,4455.883075268817,1.004648008122655
27.19,3870364,30.96,25.107655913978498,1.007014130039142,0.20509555483769004,686.32,87942000,875.29,743.9884516129031,0.9932250013393067,-0.31027187891307473,274.93,1065582976,286.77,274.27058064516126,1.0013056498917479,-0.025685623603225682,4697.96,4697.53,4476.403440860216,1.0046052298152282
26.13,3242195,30.96,25.205999999999992,1.0039168963585623,0.11270191965401388,659.33,75689000,875.29,737.4755268817204,0.9912459330288484,-0.28193051441735184,265.98,795932992,286.77,273.997935483871,0.9990059263350487,-0.0661522968057211,4594.62,4697.96,4489.143182795699,1.0028459771563922
24.56,5914141,30.96,25.199268817204302,0.999732953154182,0.024332516748434507,601.26,151371008,875.29,727.4957849462365,0.98646769747373,-0.3336913966440609,258.65,1684669952,286.77,273.2342580645161,0.9972128351332054,-0.06907543366392477,4538.43,4697.96,4497.368623655913,1.0018322963927142
25.84,4749984,30.96,25.274860215053764,1.0029997456830118,0.14567928320067391,637.33,94394000,875.29,720.1783010752689,0.9899415446489378,-0.30594243005407795,266.26,1204137984,286.77,272.95978494623654,0.9989954659411165,-0.07569483912266906,4712.02,4697.96,4516.135720430108,1.0041729060578848
24.27,7316587,30.96,25.24331182795699,0.998751787870305,0.10071141785634041,632.91,127521000,875.29,712.7906881720429,0.9897419668265541,-0.3400255397201535,262.92,1544376064,286.77,272.44088172043007,0.9980989755472269,-0.06509787104161413,4620.64,4712.02,4527.849978494624,1.002593867587177
25.89,4253490,30.96,25.313741935483872,1.0027900502123845,0.13427069125208368,646.08,71913000,875.29,706.5150752688173,0.9911957142435187,-0.3362039649109264,269.61,820499968,286.77,272.3283440860215,0.9995869282403658,-0.076527725678877,4725.78,4712.02,4545.347935483872,1.0038645178334873
26.82,3522774,30.96,25.439978494623652,1.004986878647239,0.21575468373437112,640.37,59046000,875.29,700.1680860215054,0.9910164843334772,-0.3373341495414519,267.48,792689984,286.77,272.052064516129,0.9989854909490977,-0.09328632455867747,4766.18,4725.78,4564.33047311828,1.0041762562302916
26.22,4909130,30.96,25.519870967741934,1.0031404300571702,0.12417353291217115,598.79,114816000,875.29,691.4204301075268,0.9875063487059451,-0.34255245981878,260.3,1354513024,286.77,271.29391397849463,0.9972132152756024,-0.10355300882741059,4677.02,4766.18,4576.407440860215,1.002645945076296
25.47,3416853,30.96,25.548150537634406,1.0011081392193644,0.12342154187409937,601.43,89297000,875.29,683.2817419354838,0.9882290314002186,-0.35927791479951365,261.66,1135126016,286.77,270.6248602150538,0.9975338416051092,-0.10519195126488845,4662.85,4766.18,4586.646387096775,1.0022373327482037
23.89,2868559,30.96,25.470430107526877,0.9969578842901743,0.02967811347176863,552.55,74915000,875.29,672.4520430107526,0.9841504634763771,-0.4017117076959944,243.22,1226653952,286.77,268.7583870967742,0.9931030980790294,-0.10665584725447186,4397.93,4766.18,4578.7261935483875,0.9982732059810261
24.06,6269565,30.96,25.405161290322575,0.9974374670184696,0.055979885746060276,544.96,146448000,875.29,661.7746666666666,0.9841217281513779,-0.41703695581991695,244.55,1753789952,286.77,267.02275268817203,0.9935420269955066,-0.10963342261719966,4431.85,4766.18,4572.742279569893,0.9986931050852252
24.39,6214429,30.96,25.361913978494627,0.9982976958369313,0.07690542718311988,563.41,162267008,875.29,652.9710322580646,0.9866969304628334,-0.35473929251581715,243.93,1739401984,286.77,265.3,0.9935482925300233,-0.11968945021928057,4500.54,4766.18,4571.018989247312,0.9996231385419903
25.17,6602497,30.96,25.369440860215057,1.0002967789310702,0.1768409836726944,573.95,178686000,875.29,645.4586021505377,0.9884950024788268,-0.2504316539232613,234.52,1571916032,286.77,263.0218494623656,0.9914129267333796,-0.14377463171940663,4418.64,4766.18,4563.730129032258,0.9984054189597114
25.01,6921481,30.96,25.360924731182795,0.9996643154620874,0.14541999147258178,559.2,112153000,875.29,637.4409247311827,0.9875783243222079,-0.299074804385973,228.72,1292076032,286.77,260.44,0.9901838973923913,-0.15692021037731285,4348.87,4766.18,4551.743247311828,0.9973734464173997
27.17,10402310,30.96,25.488000000000003,1.0050106717386753,0.20745370069105373,585.45,88240000,875.29,631.7169677419355,0.9910204118261452,-0.19326974112655215,232.93,1117132032,286.77,258.2313548387097,0.9915195624278518,-0.14529234607939134,4384.62,4766.18,4542.198150537634,0.9979029799671081
26.66,7758758,30.96,25.575118279569892,1.0034180115964333,0.0702331149738401,547.85,100378000,875.29,623.889376344086,0.9876090214485942,-0.2787718001182268,226.71,1244274944,286.77,255.70823655913975,0.9902292334672299,-0.15235348593637665,4328.87,4766.18,4529.079161290323,0.997111753205712
27.46,10397722,30.96,25.710193548387096,1.0052815110116267,0.07253404091809967,520.34,101295000,875.29,614.7432688172045,0.9853401774839049,-0.2844319265041271,219.59,1265155968,286.77,252.83034408602148,0.9887454056551179,-0.1493819657401928,4204.31,4766.18,4508.155548387097,0.9953801618037373
28.53,8250107,30.96,25.908731182795698,1.0077221369039853,0.2413678160172016,587.14,132792000,875.29,610.3930322580645,0.9929234905369358,-0.18631065910224676,232.31,1386748032,286.77,250.89741935483872,0.9923548546430601,-0.16409436916668363,4463.09,4766.18,4504.4944946236565,0.9991879042938635
28.69,5472181,30.96,26.106924731182797,1.007649681761286,0.179440837203512,579.9,82310000,875.29,605.8600860215054,0.9925737254572023,-0.23368166321250183,237.3,983683008,286.77,249.3810752688172,0.9939563185228423,-0.17207978485208197,4543.04,4766.18,4505.945440860215,1.0003221107803084
28.58,5007264,30.96,26.29017204301075,1.0070191075247203,0.2447877660307194,577.79,84326000,875.29,601.5513763440861,0.9928882760610404,-0.24885420234312083,237.17,998950016,286.77,247.95690322580646,0.9942891735410332,-0.17526058113557885,4545.86,4766.18,4507.505913978494,1.0003463142505298
26.68,4869089,30.96,26.342043010752686,1.0019730174324106,0.23233829759886693,545.66,97839000,875.29,595.5517204301076,0.9900263615878643,-0.3130021154840549,230.73,1825079040,286.77,246.22391397849455,0.9930109255892193,-0.1922818134800286,4488.28,4766.18,4505.329118279569,0.99951707313524
27.18,4746515,30.96,26.41677419354838,1.0028369547026095,0.21798370870842876,539.12,60518000,875.29,589.5218494623655,0.9898751514589071,-0.32049717562450186,223.81,1528039040,286.77,244.15756989247313,0.9916078659759998,-0.19105090365819966,4392.59,4766.18,4496.914903225807,0.9981323861514084
26.5,5201821,30.96,26.439677419354837,1.0008669955551215,0.13736543968758452,513.72,108708000,875.29,582.2930107526881,0.9877377934061817,-0.3914493840122323,206.48,2004147968,286.77,241.09361290322582,0.9874509031581667,-0.21552809044879884,4271.78,4766.18,4480.793376344086,0.9964149806637086
25.6,6987164,30.96,26.39997849462366,0.9984985094900547,0.027749559199253038,497.01,137388000,875.29,574.4983440860215,0.9866138412745311,-0.35256874294760165,198.03,2066535936,286.77,237.63789247311823,0.9856664787237864,-0.22244220020981587,4131.93,4766.18,4456.044322580645,0.9944766357908621
23.04,10502119,30.96,26.19505376344086,0.9922376932532527,-0.06614044538920216,506.79,127111000,875.29,567.8275053763442,0.9883884109008356,-0.3042096219909102,200.13,1630916992,286.77,234.47847311827954,0.9867049007969296,-0.20440971665517893,4123.34,4766.18,4431.225204301075,0.9944302353201917
21.15,12329124,30.96,25.874602150537637,0.987766712914693,-0.1349557545817871,489.64,117646000,875.29,560.5143870967743,0.987120880530923,-0.2783638904049792,199.81,1620925952,286.77,231.45393548387096,0.9871010008117765,-0.16340517258597764,4023.89,4766.18,4400.566344086023,0.9930811775972718
19.95,7696884,30.96,25.48761290322581,0.9850436638576958,-0.1356166968940552,475.8,129095000,875.29,552.861935483871,0.9863474483633868,-0.26431093212741097,193.79,1326824960,286.77,228.1947311827957,0.9859185617463723,-0.1396516072015902,3901.36,4766.18,4362.964645161291,0.9914552591678875
20.99,13738748,30.96,25.179763440860217,0.9879216047601449,-0.07303589524294352,473.8,200508000,875.29,545.695806451613,0.9870381218667439,-0.24011254752731226,200.75,1155680000,286.77,225.54763440860214,0.9883998339467659,-0.17325413404157097,4158.24,4766.18,4343.319806451613,0.9954973646803522
19.56,9420000,30.96,24.78804301075268,0.9844430456613474,-0.1913041491237062,458.37,113626000,875.29,537.976,0.9858532787675042,-0.25580810350566374,200.46,897353024,286.77,223.0417849462366,0.9888899324130088,-0.15625120175038087,4108.54,4766.18,4321.430107526882,0.9949601457179793
17.55,8143643,30.96,24.28565591397849,0.9797326841592028,-0.23176734166811153,425.6,94891000,875.29,528.664494623656,0.9826915970668877,-0.24712498049190224,192.17,916790976,286.77,220.17010752688174,0.9871249352669633,-0.14100405078731637,3900.86,4766.18,4287.408344086021,0.9921271980352978
17.36,13958626,30.96,23.792322580645163,0.9796862256847931,-0.21586795817836757,398.79,144620000,875.29,518.2168172043012,0.9802376033843689,-0.227031700447064,183.37,1523049984,286.77,216.91462365591397,0.985213778984187,-0.11525059386518777,3674.84,4766.18,4240.486344086022,0.9890558593363931
18.17,10493392,30.96,23.372387096774197,0.9823499583763806,-0.1590030319796505,434.9,125625000,875.29,510.71716129032245,0.9855279572854502,-0.21842425141260358,196.2,1130633984,286.77,214.6837849462365,0.9897155909911534,-0.11372455095808409,3911.74,4766.18,4211.0484731182805,0.993057902188791
