33.47,473826,50.75,32.608215053763445,0.9967801312139262,-0.32599882310314543,1021.01,154872720,1028.77,949.6851397849462,1.0050296820449673,-0.0817684042614113,363.77,445836928,401.59,339.39615053763447,1.0046518375697364,-0.02193388161694987,2907.41,2929.67,2736.3390967741934,1.0041689978150998
33.34,361832,50.75,32.516602150537636,0.9971904962269551,-0.3058228830747538,1022.95,123211288,1028.77,954.5205376344086,1.0050915799846647,-0.07600435182823151,362.0,445836928,401.59,340.8703225806451,1.004343514328832,-0.03935885669728567,2905.03,2929.67,2747.540752688172,1.0040936651189114
33.51,561632,50.75,32.455225806451615,0.9981124613266209,-0.3225861943450802,1007.86,158545184,1028.77,958.3949032258065,1.0040589651439034,-0.0969618290089771,357.37,445836928,401.59,342.08483870967746,1.0035629858294426,-0.024723172969900453,2939.88,2929.67,2761.043784946237,1.0049145885260677
36.09,1472308,50.75,32.580494623655916,1.0038597425866438,-0.26917062433841166,977.29,213702288,1028.77,960.2823225806451,1.001969354541104,-0.16799101536834804,354.79,445836928,401.59,343.14526881720434,1.0030999038470303,-0.03878128361414146,2945.64,2939.88,2774.8627311827954,1.0050049717834617
29.87,2314417,50.75,32.32017204301076,0.9920098640719793,-0.3824421125781836,923.13,266425504,1028.77,958.7233333333334,0.9983765303071266,-0.17543232066133718,344.74,445836928,401.59,343.5712688172043,1.0012414567202643,-0.0197225667254306,2881.4,2945.64,2784.407978494624,1.0034398989198863
28.88,843092,50.75,32.02286021505377,0.9908010443892027,-0.4058484439601262,905.91,215548080,1028.77,956.061053763441,0.9972230992223419,-0.1820576965197691,342.01,445836928,401.59,343.8054838709677,1.0006817073341716,-0.005845454217741519,2859.53,2945.64,2792.2965161290326,1.002833111273684
29.74,1165942,50.75,31.813978494623658,0.993477106072745,-0.3414481665892549,892.78,183687808,1028.77,952.6150967741937,0.9963956726657962,-0.18264557928199732,336.33,445836928,401.59,343.65369892473126,0.9995585150518035,-0.005443565837346176,2826.06,2945.64,2797.828387096774,1.001981118744298
29.58,558608,50.75,31.624193548387094,0.9940345421975866,-0.3296737486602188,882.05,155768832,1028.77,948.5103010752688,0.9956910238848566,-0.22342512965276462,329.32,445836928,401.59,343.0103225806452,0.9981278352419918,-0.03508915923614642,2752.06,2945.64,2798.2261290322585,1.0001421609478691
29.96,905968,50.75,31.486258064516125,0.9956382924465752,-0.2419675830057182,955.33,276702304,1028.77,949.3056559139786,1.0008385305228717,-0.156210822826365,359.2,445836928,401.59,344.3124301075269,1.0037961176126866,0.011411010684000189,2873.34,2945.64,2806.386021505376,1.0029160947317504
29.01,850306,50.75,31.302387096774186,0.994160278831318,-0.2717592848905559,964.15,187577712,1028.77,950.7278924731183,1.0014981861219086,-0.13236825951330433,360.98,445836928,401.59,345.6963870967742,1.0040194801820401,-0.009214511885914156,2886.98,2945.64,2815.2273548387097,1.0031504337840849
30.16,644052,50.75,31.205397849462365,0.9969015383072233,-0.2145715380659432,964.38,243311696,1028.77,952.1788172043011,1.0015261198736987,-0.1280465715459087,361.81,533840000,401.59,347.09984946236557,1.0040598120720263,-0.034599256120983135,2950.46,2945.64,2827.840064516129,1.0044801744540246
31.77,802487,50.75,31.219763440860216,1.0004603559764613,-0.15076259107341416,986.48,209896464,1028.77,955.0059784946236,1.0029691495328823,-0.06830532633183917,367.14,479809984,401.59,348.7854623655914,1.0048562766761113,0.010520268806237576,2941.76,2950.46,2839.2078279569896,1.0040199456763852
32.32,903819,50.75,31.274193548387096,1.0017434503509288,-0.06825786331877237,981.55,113082288,1028.77,957.4677849462365,1.002577791665235,-0.03790034777349449,369.06,295350016,401.59,350.53896774193544,1.0050274611919061,0.00554997060698903,2990.41,2950.46,2853.323784946237,1.0049717941921161
30.51,875000,50.75,31.213032258064516,0.9980443527591543,-0.13121243853773412,967.35,155467904,1028.77,958.8630322580647,1.001457226377498,-0.0496857461752962,366.04,376710016,401.59,351.99939784946235,1.004166241821657,-0.01478893496606326,3013.77,2990.41,2868.1783870967743,1.0052060695771394
30.06,435619,50.75,31.12808602150538,0.9972785009845626,-0.08494821584990342,966.67,142179712,1028.77,960.054430107527,1.0012425109837186,-0.03413228052183581,366.59,374460000,401.59,353.39599999999996,1.0039676265330855,-0.02848818623627758,2976.61,3013.77,2879.745634408602,1.004032959513211
29.0,776371,50.75,30.97810752688172,0.9951818915393628,-0.0708872516063731,984.74,131828752,1028.77,962.143311827957,1.0021757950954886,-0.05481875126363911,370.11,356350016,401.59,354.8865376344085,1.0042177546842876,-0.038968400685879256,3025.86,3013.77,2893.2860215053765,1.0047019385792229
30.86,670331,50.75,30.95397849462365,0.9992210940504636,-0.005626625603583957,969.43,202187424,1028.77,962.9878924731184,1.000877811688528,-0.12786599561838252,359.06,432320000,401.59,355.54372043010744,1.0018518110043835,-0.04067638644999483,2932.05,3025.86,2899.612602150538,1.002186641969766
30.8,756721,50.75,30.928903225806454,0.9991899177412186,-0.03417357698532264,962.33,243789040,1028.77,963.187376344086,1.0002071509647492,-0.1380444746936429,361.64,482289984,401.59,356.2862580645161,1.0020884566137476,-0.019728158309339605,2918.65,3025.86,2904.214215053764,1.0015869750668807
31.21,699776,50.75,30.935247311827954,1.0002051183637255,-0.04217216806525137,929.81,169421856,1028.77,961.1673548387096,0.997902774107107,-0.17500865652391018,354.34,403300000,401.59,356.48427956989246,1.000555793272668,-0.02388365797076597,2888.68,3025.86,2906.1889677419354,1.0006799610985773
30.86,816091,50.75,30.920838709677415,0.9995342334908365,-0.03950660626033864,904.01,155343248,1028.77,957.4749032258063,0.9961583676408539,-0.17355439805744988,343.54,354990016,401.59,355.94393548387103,0.9984842414743411,-0.03587930744982959,2847.11,3025.86,2905.0130322580644,0.9995953685404069
20.65,3280208,50.75,30.249419354838707,0.9782858621286824,-0.40318768096137014,930.49,164867296,1028.77,955.5211612903225,0.9979594849651918,-0.16419559164099107,354.28,360720000,401.59,356.07320430107524,1.0003631718490398,-0.025251398459082086,2926.46,3025.86,2908.564301075269,1.0012224622670434
20.66,1249118,50.75,29.602129032258063,0.9786015620667738,-0.35556036565178684,947.47,112142000,1028.77,954.7000645161289,0.9991406817478696,-0.1378141517293796,357.38,287340000,401.59,356.362064516129,1.0008112382834895,-0.018029437021764183,2978.71,3025.86,2915.0135698924737,1.0022173375416938
21.4,1337973,50.75,29.023376344086024,0.9804489505622599,-0.3781814706944826,981.65,185407008,1028.77,956.0669032258066,1.001431694372379,-0.07473525140709092,369.31,475280000,401.59,357.3623655913978,1.0028069796840666,-0.001789945550990213,3007.39,3025.86,2922.730731182796,1.0026473843449746
22.42,2096923,50.75,28.52987096774194,0.9829962796025747,-0.3162712240576133,959.68,188878000,1028.77,955.9692043010753,0.9998978116234316,-0.13941733306366255,366.12,453420000,401.59,358.09686021505377,1.0020553216969013,-0.022857514545446156,2992.07,3025.86,2928.961032258065,1.0021316712514081
21.05,874106,50.75,27.965354838709676,0.980213155198965,-0.3370408053476256,947.59,136850000,1028.77,955.1362150537635,0.9991286442664011,-0.1713958229714626,362.03,363849984,401.59,358.5310322580645,1.001212443032173,-0.0024452847420568524,2961.79,3025.86,2932.808967741935,1.0013137544137634
21.32,803419,50.75,27.43589247311828,0.9810672037367281,-0.2734943889084279,925.04,149918000,1028.77,952.9274408602149,0.9976874772846674,-0.16613292050852624,352.92,395649984,401.59,358.3376129032259,0.9994605226955657,-0.04303195724505304,2952.01,3025.86,2935.6859354838707,1.0009809598148327
21.13,773722,50.75,26.91036559139785,0.9808452784163904,-0.3560257315739489,926.53,170179008,1028.77,950.8828172043011,0.9978543763478276,-0.1451895212746187,359.46,461860000,401.59,358.5417849462365,1.0005697756407885,-0.017497782725766964,2970.27,3025.86,2939.291634408602,1.001228230472868
21.09,1087420,50.75,26.40462365591398,0.9812064264319942,-0.3634901971116,923.97,119570000,1028.77,948.7622150537633,0.9977698596376232,-0.13388621710325477,360.6,323000000,401.59,358.7934623655914,1.0007019472483316,-0.0066697956485481935,2986.2,3025.86,2943.607247311829,1.0014682493062976
22.56,942616,50.75,26.01660215053763,0.985304789402312,-0.3225463565161273,931.65,146662000,1028.77,947.1817634408602,0.9983341962951028,-0.12574535347561488,365.33,416040000,401.59,359.30670967741935,1.0014304812257282,-0.014375247876137642,3022.55,3025.86,2949.86911827957,1.0021272780101556
24.31,714370,50.75,25.763935483870966,0.9902882526624853,-0.28565616040618214,949.62,168166000,1028.77,946.8374623655913,0.9996364994676226,-0.12636950831540095,370.03,429230016,401.59,360.0843440860214,1.0021642635321233,-0.03811173546767743,3066.91,3025.86,2958.588301075269,1.002955786323423
23.14,1138201,50.75,25.455569892473118,0.988031114594628,-0.3045816296219991,972.38,189522000,1028.77,948.0815483870969,1.0013139383167173,-0.07606866548692026,377.42,491300000,401.59,361.32154838709675,1.003435873626263,-0.026337252125637534,3093.08,3066.91,2968.621311827956,1.0033911479840032
23.19,880025,50.75,25.172645161290326,0.9888855471561668,-0.3064438750080467,956.72,156828000,1028.77,948.4198924731181,1.0003568723456298,-0.14775149071642157,378.32,335560000,401.59,362.58746236559136,1.003503566239394,-0.029074708921236203,3120.46,3093.08,2980.0214838709676,1.003840224415822
23.61,779587,50.75,24.93864516129032,0.990704195029935,-0.2761266806795518,930.4,159096992,1028.77,947.2026021505378,0.9987165069688637,-0.1324638295869116,371.93,374980000,401.59,363.4060215053764,1.0022575494873556,-0.017222862918367055,3110.29,3120.46,2990.30223655914,1.0034498921379646
24.26,586268,50.75,24.767870967741935,0.9931522264965115,-0.3643614180418929,940.41,125982000,1028.77,946.7976989247311,0.9995725273295413,-0.09756720702110488,375.24,319849984,401.59,364.4068172043011,1.0027539326254942,-0.008675229871243362,3140.98,3120.46,3002.1965161290314,1.0039776178556379
24.56,1144336,50.75,24.64189247311828,0.994913632472176,-0.2399843719780964,939.95,195924992,1028.77,946.442430107527,0.9996247679756641,-0.04643127266880143,375.29,410060000,401.59,365.36686021505375,1.0026345363627334,-0.003181616577893287,3145.91,3140.98,3013.9887741935486,1.0039278768065862
23.95,568641,50.75,24.487978494623654,0.9937539708582639,-0.2558900013128972,944.4,162395008,1028.77,946.3380860215053,0.9998897512593451,0.01898839316829548,377.56,422689984,401.59,366.4076559139785,1.0028486319156371,-0.004209808105170243,3168.8,3145.91,3026.6889677419354,1.0042137494529273
24.5,1302131,50.75,24.38015053763441,0.995596698314117,-0.2879927052742065,956.64,260916000,1028.77,946.9406451612903,1.0006367271366179,0.0235998647199418,382.07,550460032,401.59,367.66296774193546,1.0034259978133526,-0.0038297963678874947,3221.22,3168.8,3042.106,1.0050936955935603
24.79,381738,50.75,24.302301075268822,0.9968068506285301,-0.24622895599099015,963.9,74786000,1028.77,947.8742580645162,1.000985925472728,0.030461800444738785,384.5,181020000,401.59,368.97668817204294,1.0035731649509765,-0.009749789815254761,3240.02,3221.22,3057.8861290322575,1.0051872383908573
25.38,600319,50.75,24.272817204301074,0.9987867868611935,-0.20014850208473334,945.91,111968000,1028.77,947.4712043010752,0.9995747814016345,-0.04484185073331903,374.88,281289984,401.59,369.5510967741935,1.0015567612279146,-0.08216269208166249,3234.85,3240.02,3072.2833333333333,1.004708221200386
24.9,573235,50.75,24.222215053763446,0.9979152749303175,-0.18679931673450823,931.88,167808000,1028.77,946.1832473118283,0.9986406373266014,-0.06597796896009334,373.89,404449984,401.59,370.02791397849467,1.0012902605579128,-0.09529707750958893,3265.35,3240.02,3087.870838709677,1.005073589797928
25.8,381949,50.75,24.23851612903226,1.0006729803708139,-0.16919263366879966,959.7,187823008,1028.77,946.7595268817204,1.0006090570420998,-0.05346367356420001,383.98,415889984,401.59,371.127935483871,1.0029728068175967,-0.06723351993481907,3329.62,3265.35,3106.7910967741936,1.0061272828601933
25.31,427919,50.75,24.23258064516129,0.999755121813589,-0.240852107310646,935.55,143287008,1028.77,945.787806451613,0.9989736354348524,-0.14052274985614743,375.28,384900000,401.59,371.61898924731184,1.001323138779086,-0.098066166105504,3295.47,3329.62,3122.692731182796,1.005118346845114
23.72,595304,50.75,24.137956989247307,0.9960951886511982,-0.3444019834821367,900.43,211194000,1028.77,942.6598064516129,0.9966927042422594,-0.12616402891202705,361.99,607840000,401.59,371.2351182795699,0.9989670308061506,-0.0977781028485446,3225.52,3329.62,3133.320795698925,1.0034034935330007
27.03,1235673,50.75,24.27537634408602,1.0056930814360108,-0.1644337970283296,937.11,212392000,1028.77,942.0727096774193,0.9993771912516314,-0.09469413696237972,377.27,526510016,401.59,371.8522580645161,1.0016623960249402,-0.07348882596390682,3327.71,3329.62,3150.0361505376345,1.0053347090606408
27.06,640396,50.75,24.42221505376344,1.0060488746949208,-0.1562359936002462,937.33,176228000,1028.77,941.5648387096774,0.9994609004564883,-0.171081623430264,380.03,399000000,401.59,372.62331182795697,1.0020735486923065,-0.09891147834311087,3380.16,3329.62,3169.4602365591404,1.0061663057480121
26.9,825492,50.75,24.565182795698927,1.0058540038903414,-0.15836804614133237,934.35,163655008,1028.77,940.9278064516129,0.9993234324054227,-0.18354496815651433,378.91,337100000,401.59,373.29320430107526,1.0017977739230324,-0.07929811328260628,3337.75,3380.16,3185.2803440860216,1.0049914200987282
25.25,958938,50.75,24.606215053763442,1.0016703420611917,-0.3268669250242442,809.96,267131008,1028.77,932.3739784946239,0.9909091559433801,-0.13736777113135545,330.67,739129984,401.59,370.8319139784947,0.9934065493445323,-0.08662882790726001,2954.22,3380.16,3175.6858494623652,0.9969878649326832
26.18,1100598,50.75,24.719311827956993,1.004596268623453,-0.2867209063904733,804.42,275385984,1028.77,923.8056774193548,0.9908102314383515,-0.16551881183826989,335.02,661560000,401.59,368.7123225806452,0.9942842260389368,-0.09201488382688594,2972.37,3380.16,3167.2146451612903,0.9973324803829355
22.13,1104908,50.75,24.581053763440853,0.9944068805200404,-0.38850758286237175,723.93,318524992,1028.77,910.3840645161291,0.985471389458529,-0.13446323869737364,290.78,879489984,401.59,363.79578494623655,0.9866656541338313,-0.11787360142844439,2711.02,3380.16,3141.766623655914,0.9919651730758904
17.87,1035502,50.75,24.187483870967746,0.9839888925730899,-0.49094450677395207,601.18,316760000,1028.77,889.4858494623655,0.9770446168070055,-0.040183418557625306,254.16,860099968,401.59,356.6533548387096,0.9803669245134808,-0.06973827455212611,2304.92,3380.16,3090.5006666666673,0.9836824426730999
20.26,1247106,50.75,23.97604301075269,0.9912582531799081,-0.07229895729252644,658.34,278248000,1028.77,872.926623655914,0.9813833735337549,-0.09197708878441757,278.3,729209984,401.59,351.26055913978496,0.9848794477164993,-0.08290828866556599,2541.47,3380.16,3055.6620000000003,0.9887271771067945
23.76,1293487,50.75,23.99124731182796,1.0006341455538952,0.10602541279017963,621.87,237923008,1028.77,854.59976344086,0.9790052683485594,-0.08341372380625145,267.86,605809984,401.59,345.3576129032259,0.9831949642993936,-0.08596879165477844,2488.65,3380.16,3018.2435268817203,0.9877543808450411
25.58,617884,50.75,24.11720430107527,1.0052501225805468,0.1711385039373532,766.43,198792000,1028.77,846.2995698924731,0.9902876247999789,-0.14598627084134197,323.19,518009984,401.59,343.2168602150538,0.9938013450169059,-0.05253641265720155,2789.82,3380.16,3001.3092688172046,0.9943893665591619
24.12,897172,50.75,24.13997849462366,1.0009443131659905,0.05088960248268193,736.61,175867008,1028.77,836.5383440860214,0.9884659922399679,-0.11544181692472566,316.31,487500000,401.59,340.7314193548387,0.9927583952062908,-0.096774476396989,2874.56,3380.16,2990.31,0.9963351764739862
22.93,771360,50.75,24.08232258064516,0.9976116004415109,0.08464746942788515,752.74,159168992,1028.77,828.2974838709678,0.9901488553712892,-0.04881414404301532,313.51,435590016,401.59,338.17245161290316,0.9924897805233787,-0.09180095309846281,2836.74,3380.16,2977.123440860215,0.9955902367514455
24.55,1182652,50.75,24.12513978494624,1.001777951613998,0.11938185756878106,767.37,196834000,1028.77,821.4195268817203,0.991696272024027,-0.005241046814486672,319.47,479409984,401.59,336.10234408602156,0.9938785447572436,-0.053690040129309,2830.71,3380.16,2963.816774193548,0.9955303611250926
22.57,982635,50.75,24.0332688172043,0.9961918990496682,0.07101265517249555,805.83,178963008,1028.77,817.3619354838709,0.9950602691255065,0.017672613632559786,330.32,415420000,401.59,334.80417204301074,0.99613756920815,-0.06744101952199077,2929.8,3380.16,2957.1638709677422,0.9977552919992444
22.65,1067342,50.75,23.9434623655914,0.9962632444094076,0.13282325928389815,764.92,185682000,1028.77,810.9245591397848,0.9921242034102369,0.051609441499063435,320.14,445880000,401.59,332.91189247311826,0.9943481003885178,-0.07117985105305824,2863.7,3380.16,2946.333483870968,0.9963375762827679
24.75,678368,50.75,23.985784946236564,1.001767604868458,0.124543592643378,815.86,181396992,1028.77,808.1156774193547,0.9965361984801524,0.046946043149607264,332.86,446380000,401.59,331.92726881720426,0.9970423896587188,-0.06667874997828271,2955.45,3380.16,2941.685892473118,0.998422584740223
26.2,586457,50.75,24.116946236559137,1.0054682925998282,0.10818290469209124,861.45,200443008,1028.77,808.4970967741936,1.0004719860850328,0.023637572948917107,348.38,475769984,401.59,332.0137634408602,1.0002605830607536,-0.051139789054417184,3044.31,3380.16,2942.9155053763443,1.0004179959887534
27.38,639348,50.75,24.320172043010746,1.0084266807438305,0.2040075286962706,938.66,287161984,1028.77,814.0494193548388,1.0068674613709787,-0.01669911844032923,375.02,567649984,401.59,333.86552688172037,1.0055773695092312,-0.03896400441902759,3193.93,3380.16,2953.846623655914,1.0037143840044336
25.56,707850,50.75,24.396860215053767,1.0031532742411278,0.18267794914258173,850.74,195588000,1028.77,814.002,0.9999417488008572,-0.03391907725803278,345.02,529870016,401.59,333.7869677419355,0.9997646982588511,-0.0626558731431347,3041.31,3380.16,2954.71440860215,1.000293781315281
25.31,606857,50.75,24.452322580645156,1.0022733403029118,0.14501018313493474,856.53,168148000,1028.77,814.5560430107528,1.0006806408470161,-0.006734394101578833,351.93,519009984,401.59,334.2258279569892,1.0013147913413833,-0.04973856601926929,3097.74,3380.16,2959.393053763441,1.001583450890438
25.32,607420,50.75,24.50477419354839,1.0021450564759338,0.17139676971814377,824.63,169830000,1028.77,813.2108817204303,0.9983485957757424,-0.0015714054315383308,343.27,529300000,401.59,334.1489892473118,0.9997700994260466,-0.043195991689189084,3009.05,3380.16,2958.376752688172,0.9996565846250208
26.07,371871,50.75,24.60333333333334,1.0040220382773777,0.21258824380286967,869.21,128729000,1028.77,814.9908387096775,1.002188801243635,-0.005533934357029535,362.11,353529984,401.59,335.35638709677414,1.003613351793109,-0.030065326119796176,3130.01,3380.16,2965.448043010753,1.002390260238543
25.1,354049,50.75,24.636064516129036,1.0013303556210147,0.22460644154968412,856.9,141902000,1028.77,816.1287311827958,1.0013962027780825,-0.0305479274570436,364.88,460460000,401.59,336.77083870967743,1.0042177565936596,-0.03870903455101049,3185.04,3380.16,2976.103849462366,1.0035933209070136
25.43,379638,50.75,24.6876129032258,1.002092395360591,0.24379368192037,904.43,141999008,1028.77,820.521247311828,1.0053821363728566,0.03164350864199794,384.72,414500000,401.59,339.4925591397849,1.0080818174178487,0.00584625253477733,3224.73,3380.16,2989.2853763440853,1.004429121948853
23.47,545995,50.75,24.61070967741935,0.9968849468716191,0.1228727537211759,901.78,120846000,1028.77,824.8550752688171,1.0052817985776572,0.03237084504447707,386.76,355760000,401.59,342.3401935483871,1.0083879140556649,0.013405494639299076,3215.63,3380.16,3001.8722580645153,1.0042106658066297
23.19,563380,50.75,24.518580645161293,0.9962565471103587,0.04146269503546096,871.93,159167008,1028.77,827.396688172043,1.00308128419092,-0.018643764575685395,379.77,409320000,401.59,344.732,1.0069866363830131,0.0018319077246069515,3271.12,3380.16,3018.0915913978497,1.0054030724624479
20.4,756486,50.75,24.251161290322578,0.9890931959435633,-0.06343010330382648,897.87,196719008,1028.77,831.7709462365591,1.0052867725083359,0.019675694461872006,388.01,485910016,401.59,347.6449032258064,1.008449761628762,0.011449409200196659,3351.28,3380.16,3039.4045376344084,1.00706172943767
19.19,965758,50.75,23.91535483870968,0.9861529743836678,-0.15893196679410948,923.15,177862000,1028.77,837.8493118279569,1.0073077397315933,0.057478877391349936,393.93,372870016,401.59,350.90937634408607,1.009390251627418,0.012929344380321561,3372.85,3380.16,3061.9243010752693,1.0074092682175135
20.05,739537,50.75,23.649247311827956,0.9888729425644567,-0.10727899791770812,906.85,122442000,1028.77,842.9546666666665,1.0060934045855707,0.07372709724144455,388.97,312969984,401.59,353.83245161290324,1.0083300004669893,0.005621918231912382,3397.16,3380.16,3085.9194838709677,1.0078366348858696
21.59,793192,50.75,23.493806451612905,0.9934272385854196,0.039839758341475906,933.95,107045000,1028.77,849.8701290322582,1.0082038366226,0.10754108247744376,401.66,287510016,401.59,357.54479569892476,1.0104918134814918,0.022008985594915265,3508.01,3397.16,3116.8475913978496,1.0100223313305912
19.1,710594,50.75,23.182301075268814,0.9867409575802177,-0.16583074584908386,939.88,140780992,1028.77,857.0960860215054,1.0085024249498866,0.09715236092523416,404.85,427340000,401.66,361.37763440860215,1.0107198839300262,0.04327882761459234,3426.96,3508.01,3141.9391612903223,1.0080503037625974
18.14,486517,50.75,22.825913978494626,0.9846267591980165,-0.21219677388777103,939.92,104433000,1028.77,864.3186666666667,1.008426803905601,0.1542013102646863,408.16,298710016,404.85,365.36470967741934,1.0110329884563611,0.08561459778985403,3340.97,3508.01,3161.2695483870975,1.0061523747292538
17.96,905818,50.75,22.477096774193544,0.9847183685774984,-0.22213725414972352,944.39,182234000,1028.77,871.824064516129,1.0086836003188588,0.1633387151218142,411.95,493680000,408.16,369.53580645161287,1.0114162552203692,0.09267423084512783,3319.47,3508.01,3179.29711827957,1.0057026361139214
17.84,606926,50.75,22.139763440860218,0.9849921305797541,-0.1741077026132667,895.67,153126000,1028.77,876.1646451612903,1.0049787346115187,0.16001415555950715,392.92,429889984,411.95,372.40810752688174,1.0077727273653114,0.07172931500498336,3298.46,3508.01,3196.0085161290317,1.0052563183709313
17.04,492078,50.75,21.766752688172044,0.9831519991762983,-0.177563721983363,909.2,135908992,1028.77,881.1938064516129,1.0057399728670822,0.18337457453489325,397.67,377380000,411.95,375.45298924731185,1.0081761961109033,0.06048182729367357,3348.44,3508.01,3215.2041290322577,1.0060061206991011
18.46,720092,50.75,21.50501075268817,0.9879751500265769,0.009493042416253261,969.86,162366000,1028.77,889.9111827956988,1.0098926890773199,0.28987107192045913,418.02,398200000,411.95,379.6760430107527,1.0112478895744232,0.1549906225795814,3477.13,3508.01,3241.893569892472,1.0083010097614697
18.22,493473,50.75,21.23567741935484,0.9874757870883806,0.14938268509531205,974.1,121502000,1028.77,898.3732258064517,1.0095088624284605,0.2886075188380388,416.43,304049984,418.02,383.52288172043006,1.0101318973911884,0.12698931523202095,3483.81,3508.01,3267.366430107527,1.0078574017517483
18.28,588029,50.75,20.969462365591397,0.987463783306446,0.036887005852077714,966.19,126226000,1028.77,905.5229677419356,1.0079585429864806,0.32862774502695147,414.64,320680000,418.02,386.90526881720433,1.008819257619262,0.12636534472671102,3465.39,3508.01,3289.1156559139777,1.006656500356385
16.44,602623,50.75,20.588795698924738,0.9818466177134187,-0.10579388128604217,913.23,149262000,1028.77,908.5938924731184,1.0033913272667623,0.3060154880711323,396.87,396940000,418.02,388.84800000000007,1.0050212063245734,0.16768286596523407,3269.96,3508.01,3296.2695698924726,1.0021750265806653
17.53,800278,50.75,20.294193548387096,0.9856911421704463,-0.093647836201741,972.33,162271008,1028.77,914.8511397849463,1.006886737148096,0.2675597125323783,427.15,398340000,418.02,392.46683870967746,1.0093065637721614,0.06372341142967719,3509.44,3508.01,3317.1935698924735,1.0063477818049582
18.38,943425,50.75,20.07174193548387,0.9890386571719227,-0.031330141833625036,1012.5,162882000,1028.77,923.2572043010753,1.0091884506129651,0.2915682466841474,433.23,458020000,427.15,396.2543655913978,1.0096505653679497,0.12243780963756712,3585.15,3509.44,3341.454516129033,1.007313696269267
19.21,976850,50.75,19.915182795698925,0.9922000222856506,0.03103735410598174,1030.16,123683000,1028.77,932.209311827957,1.0096962227699686,0.2542988103240478,437.84,356880000,433.23,400.087870967742,1.0096743549326523,0.14247978320892574,3557.54,3585.15,3362.4060215053764,1.0062701752411147
19.43,658297,50.75,19.78081720430108,0.993253107803416,-0.02661961827926962,1075.09,109969000,1030.16,943.4635268817204,1.012072626727677,0.2838756542832299,449.53,313100000,437.84,404.40819354838703,1.010798434279437,0.12179820031161581,3638.35,3585.15,3387.0209677419343,1.0073206347119072
18.52,924500,50.75,19.598752688172045,0.9907959052323961,0.0315398672302698,1089.09,158168000,1075.09,954.9592043010753,1.0121845488371444,0.23524327490689578,449.7,440329984,449.53,408.45978494623654,1.0100185690163688,0.09882264361203541,3699.12,3638.35,3413.8196989247317,1.0079121834314075
18.32,580988,50.75,19.412494623655917,0.9904964327332659,-0.041162336170397884,1078.94,126109000,1089.09,965.1908817204302,1.0107142560365638,0.24155657797824426,444.19,331289984,449.7,411.89916129032264,1.0084203548815431,0.10821166082926337,3663.46,3699.12,3436.663333333334,1.0066915175443498
19.24,1223920,50.75,19.294903225806454,0.9939424890963696,-0.07755540041735964,1103.05,187988992,1089.09,976.3027311827958,1.0115125926620432,0.24255520384636564,452.71,406769984,449.7,415.62144086021505,1.0090368709618924,0.1049529278944521,3709.41,3699.12,3460.7515698924735,1.0070091929941172
19.14,527866,50.75,19.182709677419357,0.9941853272299889,-0.14407166514382452,1095.42,91584000,1103.05,986.3047096774195,1.0102447511157797,0.22656357293005147,450.45,202370000,452.71,418.94017204301076,1.0079849855097152,0.07659737889448892,3703.06,3709.41,3482.808709677419,1.0063735114582728
19.42,372907,50.75,19.103763440860217,0.995884510692873,-0.17899082397275,1097.78,93044000,1103.05,995.9557849462366,1.0097850848466225,0.1761003513329894,455.71,222430000,452.71,422.378752688172,1.008207808356961,0.03915925309299029,3756.07,3709.41,3506.869182795699,1.0069083533216812
20.89,627439,50.75,19.136774193548387,1.0017279711817184,-0.14308028487649394,1192.93,251880000,1103.05,1011.403376344086,1.015510318461259,0.3918991964281906,481.58,563590016,455.71,427.31283870967746,1.0116816624655078,0.13822663698545767,3824.68,3756.07,3534.1472043010754,1.0077784542517865
21.36,502476,50.75,19.21015053763441,1.003834311015216,-0.10374059476710851,1184.71,229998000,1192.93,1025.5847526881719,1.0140214840841715,0.34605924344827166,474.04,457540000,481.58,431.4667956989247,1.0097211143989744,0.13052106088355386,3768.25,3824.68,3556.099913978494,1.0062116002555588
21.25,575915,50.75,19.284924731182794,1.0038924314206645,-0.1505668334097714,1158.46,180086000,1192.93,1037.366817204301,1.0114881432131737,0.30990872742721587,468.43,347260000,481.58,434.9962150537635,1.0081800485924335,0.08797214138277876,3841.47,3824.68,3581.3345376344087,1.0070961514767123
20.74,593368,50.75,19.335548387096775,1.0026250377753418,-0.1737742141713342,1112.43,356870016,1192.93,1045.4612903225807,1.0078029034513503,0.24469231101998257,444.85,685100032,481.58,436.73518279569896,1.0039976617767135,0.04183974826466397,3714.24,3841.47,3596.570623655914,1.0042543040482248
21.88,907425,50.75,19.471182795698926,1.0070147691643783,-0.1473172293275281,1150.25,400065984,1192.93,1055.4727096774193,1.0095760784713028,0.25537013694465416,462.08,689640000,481.58,439.4078279569892,1.006119601228785,0.0460494878069333,3886.83,3841.47,3621.6851397849455,1.006982906428653
23.23,571982,50.75,19.700838709677416,1.0117946565644291,-0.1822413256949449,1158.49,183040992,1192.93,1065.38488172043,1.0093912158525067,0.1819505084604005,467.06,415569984,481.58,442.1927311827957,1.0063378552875464,-0.006178697249238585,3934.83,3886.83,3648.3872043010747,1.007372828803587
22.88,640036,50.75,19.91264516129032,1.0107511388085657,-0.0883529528489243,1143.1,164440992,1192.93,1073.7577849462366,1.0078590407743402,0.17003970817552583,471.21,394310016,481.58,445.0683010752687,1.0065029786554414,0.0034396812819941225,3906.71,3934.83,3671.7479784946236,1.0064030413674319
21.57,1194138,50.75,20.041204301075272,1.0064561558117284,-0.07406988272817272,1129.0,197582000,1192.93,1080.7020430107527,1.0064672481651566,0.261735572134532,461.11,497489984,481.58,447.1106451612903,1.004588832952352,0.049092023894983905,3811.15,3934.83,3687.4573978494623,1.0042784579570407
22.62,1316968,50.75,20.24098924731183,1.0099687096261896,0.10012403073880694,1143.12,177198000,1192.93,1088.0044301075268,1.0067570771647938,0.26086349691501054,471.73,474000000,481.58,449.6632258064515,1.0057090580883854,0.06935790484116522,3841.94,3934.83,3703.9919139784947,1.0044839883814456
24.59,574415,50.75,20.563096774193554,1.0159136257099934,0.2730037059410022,1193.12,170392992,1192.93,1098.0052043010753,1.0091918506182553,0.20257844949678416,492.42,424329984,481.58,453.37060215053765,1.008244784388221,0.08087721523527303,3943.34,3934.83,3726.013182795699,1.0059452799381388
25.23,846695,50.75,20.914881720430106,1.017107585987634,0.22042106786723048,1185.18,162960000,1193.12,1106.9131397849462,1.0081128353936548,0.2283179189856963,488.32,538860032,492.42,456.60165591397845,1.0071267385845366,0.10354423742778551,3913.1,3943.34,3744.856623655914,1.0050572662885955
24.39,578578,50.75,21.201333333333334,1.01369606659661,0.07477521560306988,1207.9,154612000,1193.12,1116.688322580645,1.0088310296845857,0.19009653818659977,500.55,457750016,492.42,460.40808602150537,1.0083364351798234,0.11321332772255399,3974.54,3943.34,3766.5543870967736,1.0057940171337394
25.0,416304,50.75,21.52111827956989,1.0150832469453126,0.23634531851289076,1203.39,116737000,1207.9,1125.5833978494622,1.0079655845672864,0.16247215495234912,499.3,302120000,500.55,463.9212043010753,1.0076304443519393,0.06028288294263273,4019.87,3974.54,3790.1733763440857,1.0062707150408408
24.54,356370,50.75,21.7985376344086,1.0128905641070736,0.30819333684560113,1199.76,128139000,1207.9,1133.6775913978495,1.0071911095738015,0.13219822003530912,502.64,337369984,500.55,467.44668817204297,1.0075993160870476,-0.004330910303155022,4128.8,4019.87,3819.5450322580646,1.007749422782952
24.43,364223,50.75,22.055096774193544,1.0117695573936103,0.3620415067896926,1236.46,126708000,1207.9,1143.5807311827957,1.0087354110728566,0.13342326943070826,518.94,357580000,502.64,471.8206021505377,1.0093570327679484,-0.0011690358518836597,4185.47,4128.8,3850.8785591397855,1.0082034709938206
24.59,503511,50.75,22.308064516129033,1.0114698087487644,0.3781262337949418,1257.09,114048000,1236.46,1154.186731182796,1.0092743780222937,0.17743260051068543,520.87,353200000,518.94,476.0889462365592,1.0090465402879114,0.05832921392024404,4180.17,4185.47,3880.007784946237,1.0075643065235893
24.52,607921,50.75,22.542,1.0104865880991976,0.3668077994020109,1258.07,160744000,1257.09,1164.0787096774193,1.0085705182942852,0.20124471603146366,521.05,359910016,520.87,480.09374193548393,1.0084118644857905,0.06156532029086992,4181.17,4185.47,3907.305376344086,1.0070354475843475
27.45,840800,50.75,22.948881720430105,1.0180499388000224,0.3794771518869655,1304.99,154384000,1258.07,1176.2475268817204,1.010453603440332,0.18939708730731475,551.57,433320000,521.05,485.8022365591398,1.0118903749935215,0.10221405707558295,4232.6,4185.47,3936.1302150537635,1.0073771655740529
27.52,752047,50.75,23.340946236559137,1.0170842536427385,0.4487418396510092,1282.85,161136992,1304.99,1186.267247311828,1.0085183774682784,0.14518065192427354,551.92,490180000,551.57,491.24610752688164,1.0112059405207763,0.12729030166636002,4173.85,4232.6,3959.540064516129,1.0059474275959759
28.82,973338,50.75,23.79688172043011,1.0195337189525264,0.5062241639507561,1257.57,146412992,1304.99,1193.9920215053762,1.006511832987932,0.1036780293548023,544.06,439680000,551.92,495.89150537634407,1.0094563555380605,0.1128787665941724,4155.86,4232.6,3980.3053118279568,1.0052443584288786
28.19,552175,50.75,24.189505376344087,1.0164989539607159,0.5499647638802447,1272.55,156440000,1304.99,1202.0566236559139,1.0067543182913148,0.1167179276431698,547.32,402969984,551.92,500.46890322580646,1.0092306437997733,0.09341511274209369,4204.11,4232.6,4002.6985806451607,1.0056260178712069
29.11,555561,50.75,24.61621505376344,1.0176402812203282,0.4751804658778451,1285.72,98916000,1304.99,1210.1981720430108,1.006773015702318,0.06209263151857658,550.61,289000000,551.92,504.93501075268813,1.0089238462132113,0.08374279304398247,4229.89,4232.6,4024.7461505376345,1.005508176408557
29.9,539982,50.75,25.068989247311826,1.0183933310852014,0.43749903948279933,1266.62,106922000,1304.99,1216.433505376344,1.0051523242039004,0.029578753947746117,539.48,321420000,551.92,508.4175483870967,1.0068970017135814,0.06051932884908062,4247.44,4232.6,4046.376623655914,1.0053743695401485
29.38,754306,50.75,25.463440860215055,1.0157346436671963,0.3410005664708864,1196.48,167755008,1304.99,1217.5971827956987,1.0009566305221054,-0.04689909555073801,505.45,580739968,551.92,509.4761075268818,1.002082066488742,-0.016743269916155157,4166.45,4247.44,4061.3576559139788,1.0037023326426122
28.45,709653,50.75,25.776021505376345,1.012275664034458,0.2583928492427836,1217.68,138810000,1304.99,1219.7709247311827,1.0017852718174767,-0.09599965728012227,516.09,449460000,551.92,511.0757204301076,1.0031397211362683,-0.028484052097452972,4280.7,4247.44,4082.4001720430106,1.0051811531787629
29.54,581321,50.75,26.13952688172043,1.0141024624870159,0.392691647072823,1232.12,116966000,1304.99,1222.5696344086023,1.0022944551478272,-0.08062857972804283,520.31,291020000,551.92,512.8044516129032,1.00338253435585,-0.01957215693771719,4352.34,4280.7,4106.683225806452,1.005948229654147
25.74,585340,50.75,26.234172043010755,1.0036207679549285,0.24926349548341342,1228.33,99560000,1304.99,1224.81623655914,1.00183760669929,-0.14237875409817757,521.27,271049984,551.92,514.4432688172043,1.003195793638582,-0.019209213080038312,4369.55,4352.34,4130.67182795699,1.0058413568399414
24.89,599635,50.75,26.258021505376345,1.000909099106558,0.1550667291133503,1204.26,111851000,1304.99,1225.1886666666667,1.0003040701914379,-0.19477367880143537,509.02,320760000,551.92,515.126,1.0013271262822923,-0.04215165445432101,4327.16,4369.55,4150.40711827957,1.0047777434626999
24.31,476370,50.75,26.232301075268815,0.9990204734160087,0.13557939504560124,1207.85,134787008,1304.99,1225.575053763441,1.0003153694669944,-0.1891642113985148,513.07,407369984,551.92,515.9489247311828,1.0015975212495252,-0.052376525098003945,4411.8,4369.55,4174.274559139784,1.0057506264277294
23.67,494583,50.75,26.154172043010753,0.9970216477756227,0.1442006018761226,1227.23,133401000,1304.99,1226.9699784946238,1.001138179768672,-0.15474364709931043,527.35,345289984,551.92,517.5584731182796,1.0031195886064408,-0.012969969552515614,4395.26,4411.8,4195.550731182796,1.0050969747537153
23.98,501735,50.75,26.086903225806456,0.9974279890377079,0.12116934258971579,1235.15,135398000,1304.99,1228.5974838709678,1.0013264427042794,-0.2797198211516163,528.18,325360000,551.92,519.067505376344,1.002915674916831,-0.06320673736108051,4436.52,4411.8,4218.11423655914,1.0053779603256003
24.75,657893,50.75,26.062666666666665,0.9990709300015413,0.10858614297336655,1265.31,120047000,1304.99,1232.0800000000002,1.002834546037047,-0.2232131571578242,542.35,326950016,551.92,521.3905161290322,1.0044753538386186,-0.04159451454892649,4468.0,4436.52,4241.392924731183,1.0055187429421142
25.4,1069231,50.75,26.073075268817206,1.0003993682720063,0.1659219141827859,1205.59,117431000,1304.99,1231.5362795698925,0.9995586971380854,-0.23991668776047148,525.54,361360000,551.92,522.4821075268818,1.002093615752649,-0.03432437588834314,4441.67,4468.0,4261.46806451613,1.0047331478458152
23.44,589701,50.75,25.94810752688172,0.9952070194771023,0.09552187737071915,1241.71,94255000,1304.99,1233.2215268817204,1.0013684106102148,-0.1619325091006052,539.17,295340000,551.92,524.3302365591397,1.0035372101850644,-0.002049570525973987,4509.37,4468.0,4284.620193548388,1.0054328998086455
23.72,750415,50.75,25.835397849462368,0.9956563430569035,0.05099002567249755,1230.88,104183000,1304.99,1233.9300430107526,1.000574524619939,-0.21836210542811596,534.5,306510016,551.92,525.6742365591398,1.002563270065865,-0.010145095492511524,4535.43,4509.37,4307.743655913979,1.005396852304531
22.6,352348,50.75,25.646473118279566,0.9926873690011035,-0.04535698526872478,1212.47,90109000,1304.99,1233.2774193548387,0.9994711015753198,-0.17795275338118421,525.68,257900000,551.92,526.2934623655914,1.0011779649132224,-0.0075976316713166625,4458.58,4535.43,4324.514215053764,1.0038931191081348
21.65,695692,50.75,25.397612903225802,0.9902965131343386,-0.10223599003480421,1171.8,150347008,1304.99,1229.884838709677,0.9972491342240448,-0.20596063259773767,508.73,435840000,551.92,525.6930752688172,0.9988592161223597,-0.055087020597877734,4432.99,4535.43,4338.507462365591,1.0032357963498226
21.59,427373,50.75,25.147526881720434,0.9901531682344208,-0.05981210378867052,1186.25,144906000,1304.99,1227.3627956989246,0.99794936653305,-0.18669776327299425,509.22,418440000,551.92,525.0436129032258,0.9987645597856519,-0.06472926444137572,4455.48,4535.43,4352.819892473119,1.0032989294663386
21.6,796689,50.75,24.89804301075269,0.990079188615995,-0.13125780610368964,1191.55,147962000,1304.99,1225.059569892473,0.998123435210418,-0.18407494163601767,504.57,396120000,551.92,523.9906881720431,0.9979945956768036,-0.06445939915820298,4357.05,4535.43,4359.396344086021,1.0015108485476907
22.02,482979,50.75,24.677849462365593,0.9911561905370634,-0.16161430181115877,1201.17,135570000,1304.99,1223.2728387096772,0.9985415148563325,-0.14458045394168528,509.59,395750016,551.92,523.1910107526882,0.9984738709343393,-0.07874573912971394,4391.36,4535.43,4367.078580645161,1.0017622248478422
21.8,267909,50.75,24.448989247311825,0.9907260875627438,-0.15472099031984865,1242.32,118947000,1304.99,1224.1236344086021,1.0006955077166777,-0.1558508181725704,528.15,393480000,551.92,523.5518279569892,1.000689647178345,-0.06110157228284496,4471.37,4535.43,4378.959268817204,1.0027205116538773
22.55,314570,50.75,24.275892473118283,0.992920084652883,-0.08292806405221398,1247.09,113043000,1304.99,1225.1592903225805,1.0008460386556288,-0.15993529881668134,532.71,326729984,551.92,524.1211827956989,1.0010874851510527,-0.07925407339381296,4544.9,4535.43,4394.383247311828,1.0035222932089045
21.94,304315,50.75,24.06739784946237,0.9914114538162999,-0.1450457965160311,1244.88,129735000,1304.99,1225.9680860215055,1.0006601555449268,-0.15655468300059505,534.41,390230016,551.92,524.7310537634409,1.0011636067912555,-0.0753355181100035,4605.38,4544.9,4412.482580645161,1.0041187425662985
22.37,399730,50.75,23.893225806451618,0.9927631543675735,-0.12859020871551685,1313.75,192776992,1304.99,1231.1308817204301,1.0042111990987292,-0.09965959332433028,551.47,434680000,551.92,526.3660645161291,1.0031159024055498,-0.04059998164159406,4697.53,4605.38,4435.267913978494,1.0051638353051586
22.76,247112,50.75,23.748881720430102,0.9939587861768527,-0.15433639623491835,1343.63,146372000,1313.75,1237.9762795698928,1.0055602519204916,-0.0770163041352594,565.33,406900000,551.92,528.7902580645161,1.0046055278100336,-0.02944115755339638,4682.85,4697.53,4455.883075268817,1.004648008122655
21.79,350123,50.75,23.545548387096776,0.991438193354662,-0.219673741516888,1332.35,125484000,1343.63,1243.8634623655914,1.0047554891744324,-0.0799535771223403,554.03,347240000,565.33,530.3856559139784,1.0030170711830089,-0.06020544989637022,4697.96,4697.53,4476.403440860216,1.0046052298152282
20.88,244191,50.75,23.289526881720434,0.9891265431083931,-0.237857537354779,1286.27,70883000,1343.63,1246.6158924731183,1.0022128072660743,-0.09478683995515347,541.52,251880000,565.33,531.1026451612903,1.0013518262406178,-0.05959774825039532,4594.62,4697.96,4489.143182795699,1.0028459771563922
19.95,360352,50.75,22.981333333333335,0.986766860917686,-0.32949995110640395,1259.39,151094000,1343.63,1247.5734838709675,1.0007681527274208,-0.16278563744854613,534.01,481860000,565.33,531.2910967741935,1.0003548308686092,-0.1040922181361561,4538.43,4697.96,4497.368623655913,1.0018322963927142
19.25,422889,50.75,22.64410752688172,0.9853260991622933,-0.374772161246118,1319.83,119800000,1343.63,1252.528494623656,1.0039717185534547,-0.14150322920249292,552.89,356230016,565.33,532.7353763440861,1.002718433601959,-0.12718100892163098,4712.02,4697.96,4516.135720430108,1.0041729060578848
19.74,689882,50.75,22.35627956989247,0.9872890571356122,-0.4056371698868605,1285.03,156062000,1343.63,1255.1588172043007,1.0021000101729702,-0.15660332079369743,548.5,479550016,565.33,533.8943440860215,1.0021755036241236,-0.10367639650992122,4620.64,4712.02,4527.849978494624,1.002593867587177
20.72,296876,50.75,22.151204301075268,0.9908269500667105,-0.3603960517512246,1305.99,90666000,1343.63,1259.0823440860215,1.0031259206627412,-0.13380798643453629,555.32,264850000,565.33,535.4837634408602,1.0029770297671154,-0.10946903849147849,4725.78,4712.02,4545.347935483872,1.0038645178334873
20.42,284186,50.75,21.94283870967742,0.9905934869921392,-0.38922717727132905,1340.02,72678000,1343.63,1265.129440860215,1.0048027810115812,-0.1251764452818951,569.63,221980000,565.33,537.9792043010752,1.0046601615783457,-0.09224229664748163,4766.18,4725.78,4564.33047311828,1.0041762562302916
20.27,333754,50.75,21.74348387096774,0.9909148109163397,-0.4220066196676713,1328.16,123038000,1343.63,1270.2946021505377,1.0040827136919765,-0.03988055564944992,561.17,367569984,569.63,539.8879354838709,1.0035479646193304,-0.06093318521145896,4677.02,4766.18,4576.407440860215,1.002645945076296
21.07,450142,50.75,21.61645161290323,0.9941576860995065,-0.3641540367265692,1329.22,124192000,1343.63,1275.3958064516128,1.004015764762315,0.015077979766773275,557.86,370209984,569.63,541.5364731182796,1.0030534811505487,-0.01545241401123465,4662.85,4766.18,4586.646387096775,1.0022373327482037
19.95,242574,50.75,21.435032258064517,0.9916073480473353,-0.38032034275312043,1235.76,122766000,1343.63,1274.1818709677418,0.9990481892148851,-0.03609771475539558,527.96,366460000,569.63,541.1432688172043,0.9992739098461622,-0.0043858435802197615,4397.93,4766.18,4578.7261935483875,0.9982732059810261
18.5,569638,50.75,21.178344086021507,0.9880248292163668,-0.504391148157191,1218.17,162860992,1343.63,1271.7942150537635,0.9981261262866934,-0.06001349785234433,523.05,529169984,569.63,540.4077634408602,0.9986408305919582,-0.013002242447225365,4431.85,4766.18,4572.742279569893,0.9986931050852252
18.39,551623,50.75,20.93830107526882,0.9886656383625798,-0.4098525578242431,1234.18,171188992,1343.63,1270.4694623655914,0.9989583592435856,-0.014673172870972362,521.99,465590016,569.63,539.5979784946237,0.9985015297687796,-0.028596673379238657,4500.54,4766.18,4571.018989247312,0.9996231385419903
21.02,670846,50.75,20.88374193548387,0.9973942900339037,-0.2793360466384588,1260.44,173254000,1343.63,1270.8263225806452,1.000280888463379,0.06180781367309229,527.95,457009984,569.63,539.1711612903226,0.9992090088893739,0.016048221619527903,4418.64,4766.18,4563.730129032258,0.9984054189597114
21.44,678455,50.75,20.864602150537635,0.9990835078787431,-0.2529037206062733,1231.04,159827008,1343.63,1269.1655913978495,0.9986931879256142,0.05304438765113295,526.6,422510016,569.63,538.6165376344086,0.9989713402797977,0.04063468988989927,4348.87,4766.18,4551.743247311828,0.9973734464173997
21.29,422028,50.75,20.84195698924731,0.9989146612465006,-0.2574214484137963,1243.54,158132992,1343.63,1268.2614408602149,0.999287602387141,0.023771405244088384,529.22,416489984,569.63,538.2018494623657,0.9992300864472817,0.00596682171589813,4384.62,4766.18,4542.198150537634,0.9979029799671081
20.94,448903,50.75,20.801849462365592,0.9980756352725221,-0.29606686057616827,1198.93,235487008,1343.63,1264.4441505376344,0.9969901392570988,-0.02891349908002039,520.74,586720000,569.63,537.2360430107526,0.9982054939934193,0.01017840661882441,4328.87,4766.18,4529.079161290323,0.997111753205712
20.04,363331,50.75,20.710215053763445,0.9955948912731086,-0.3578793338214704,1184.66,299111008,1343.63,1259.784107526882,0.9963145521225505,-0.045285472538105,512.53,605009984,569.63,535.7565591397849,0.9972461194846935,0.004034512882405195,4204.31,4766.18,4508.155548387097,0.9953801618037373
20.1,541364,50.75,20.63258064516129,0.9962513953427998,-0.39605308110053516,1251.4,251138000,1343.63,1259.6033118279568,0.9998564867600368,0.035512293964385044,539.1,613769984,569.63,536.0553978494623,1.0005577882427743,0.020979521743306417,4463.09,4766.18,4504.4944946236565,0.9991879042938635
19.98,389640,50.75,20.558602150537634,0.9964144817414778,-0.3620633561001225,1308.54,302105984,1343.63,1263.0104516129031,1.0027049307928557,0.04432218761566031,561.19,405430016,569.63,537.7502365591399,1.0031616857445647,0.03337387627188826,4543.04,4766.18,4505.945440860215,1.0003221107803084
20.47,396344,50.75,20.52367741935484,0.998301210805722,-0.31869969712457835,1300.86,346755008,1343.63,1265.7783870967744,1.002191538067113,0.04311989680818318,559.73,387950016,569.63,539.3035268817204,1.0028884977020547,0.044903321755865866,4545.86,4766.18,4507.505913978494,1.0003463142505298
19.25,502840,50.75,20.417032258064516,0.994803798602401,-0.3036419596969203,1292.34,296945984,1343.63,1267.8461505376342,1.0016335904151457,0.003143041362786203,555.39,368560000,569.63,540.522559139785,1.0022603825068848,0.049855959173818576,4488.28,4766.18,4505.329118279569,0.99951707313524
19.56,309356,50.75,20.33759139784946,0.9961090887641775,-0.22136244409424977,1294.03,50665144,1343.63,1269.851182795699,1.0015814476048333,0.05879898543344586,559.23,260380000,569.63,541.9254408602151,1.0025954175208944,0.108380289379576,4392.59,4766.18,4496.914903225807,0.9981323861514084
19.14,503961,50.75,20.235548387096774,0.9949825419954362,-0.24704565403623224,1250.11,57620236,1343.63,1268.759806451613,0.999140547838304,-0.02083594128676669,538.4,432910016,569.63,541.8758494623657,0.999908490367659,0.09853345225459464,4271.78,4766.18,4480.793376344086,0.9964149806637086
17.99,341032,50.75,20.064580645161293,0.9915511189187984,-0.26001517437790145,1219.92,278643008,1343.63,1265.5833548387095,0.9974964121682045,-0.013167080864503689,533.97,523409984,569.63,541.4776989247313,0.9992652366071868,0.10993542200518891,4131.93,4766.18,4456.044322580645,0.9944766357908621
18.73,737212,50.75,19.949118279569888,0.9942454633050479,-0.28178550572912675,1239.62,297057984,1343.63,1263.6168602150537,0.9984461753418791,0.026487575966657406,531.0,514289984,569.63,540.8247096774194,0.9987940606813381,0.1030476521849939,4123.34,4766.18,4431.225204301075,0.9944302353201917
18.15,427295,50.75,19.803311827956986,0.9926910829055425,-0.2996858179349313,1225.21,321838016,1343.63,1260.6380000000001,0.9976425922217066,0.052432127261503814,517.8,535240000,569.63,539.274064516129,0.9971328137684107,0.0804800047886094,4023.89,4766.18,4400.566344086023,0.9930811775972718
18.58,390618,50.75,19.693096774193545,0.9944345140489155,-0.30829908987291976,1218.27,305772000,1343.63,1257.2481935483872,0.997311038972637,0.08812064947020792,517.15,473049984,569.63,537.7037419354839,0.9970880806551413,0.11238693654086762,3901.36,4766.18,4362.964645161291,0.9914552591678875
19.53,355827,50.75,19.652709677419352,0.9979491749196542,-0.2240845460632428,1295.58,263358000,1343.63,1258.9081075268818,1.0013202754929476,0.1030699552817389,547.81,408080000,569.63,538.1449462365591,1.0008205341839116,0.12216517490388523,4158.24,4766.18,4343.319806451613,0.9954973646803522
18.72,299670,50.75,19.565247311827957,0.9955496027251708,-0.23431168246928835,1278.93,245090000,1343.63,1259.3847956989246,1.0003786520788869,0.06411511688965343,542.46,386160000,569.63,538.2121720430108,1.0001249213746628,0.10904476323879064,4108.54,4766.18,4321.430107526882,0.9949601457179793
18.67,303958,50.75,19.48240860215054,0.9957660279802679,-0.2453946608854053,1189.73,254684000,1343.63,1254.1815268817204,0.9958684042915442,0.031703810479578376,511.12,371600000,569.63,536.2768387096773,0.9964041442504225,0.07109929201632115,3900.86,4766.18,4287.408344086021,0.9921271980352978
18.16,458943,50.75,19.3754623655914,0.9945106255215623,-0.2178240047337997,1082.7,381139008,1343.63,1242.404064516129,0.9906094435987478,0.00453712565969544,468.8,567129984,569.63,531.7277634408603,0.9915173005051597,0.06394319716039132,3674.84,4766.18,4240.486344086022,0.9890558593363931
20.3,554485,50.75,19.414387096774192,1.002008970441496,-0.09945131544880592,1132.58,344596000,1343.63,1234.381548387097,0.993542748001105,0.002481728990595289,481.35,495060000,569.63,528.1716559139786,0.9933121650374813,0.037512838766312506,3911.74,4766.18,4211.0484731182805,0.993057902188791
