7.04,377032,24.73,9.301010752688171,0.9740506599942794,-0.5344421713249424,1905.3,434415008,2271.4,1891.7855913978492,0.9995110841751023,-0.16732236474656348,1066.2,861253888,1101.36,1051.7949892473118,1.0010091249620694,-0.07500847822428158,2992.07,3025.86,2928.961032258065,1.0021316712514081
6.2,493600,24.73,9.010881720430106,0.968806720046613,-0.6762440949977351,1839.7,358791008,2271.4,1886.8395698924728,0.9973855274467326,-0.2371180296426717,1034.11,798872768,1101.36,1050.7932903225806,0.9990476291150159,-0.09329834811664584,2961.79,3025.86,2932.808967741935,1.0013137544137634
6.18,485942,24.73,8.737096774193548,0.9696161868803789,-0.7255246443985952,1846.2,389824992,2271.4,1882.7675268817206,0.9978418710971891,-0.18200911868100644,1043.45,855209984,1101.36,1050.4793978494622,0.999701280474467,-0.06529066686693752,2952.01,3025.86,2935.6859354838707,1.0009809598148327
6.36,2050811,24.73,8.493204301075268,0.9720854101286075,-0.7283408470809447,1856.7,271087008,2271.4,1879.577204301075,0.9983055143372217,-0.1944268517925115,1040.49,726030016,1101.36,1049.9503870967742,0.9994964101592368,-0.07577930797325183,2970.27,3025.86,2939.291634408602,1.001228230472868
6.45,2261783,24.73,8.274086021505376,0.9742007525308026,-0.665066618653223,1885.5,271587008,2271.4,1878.6498924731184,0.9995066380748635,-0.14299074655600374,1061.63,756080000,1101.36,1050.8389032258065,1.0008462458226137,-0.05461391576877972,2986.2,3025.86,2943.607247311829,1.0014682493062976
7.25,2731318,24.73,8.124967741935484,0.9819776735240224,-0.5881452726661939,1934.7,324311008,2271.4,1881.02688172043,1.0012652646226607,-0.12148045106079508,1065.01,894400000,1101.36,1051.9192688172043,1.0010280982061868,-0.0639902361633582,3022.55,3025.86,2949.86911827957,1.0021272780101556
7.55,1001052,24.73,8.009440860215053,0.9857812504135665,-0.6204988256393347,2008.8,365836992,2271.4,1888.324946236559,1.0038798299944836,-0.09263802760847317,1097.41,894590016,1101.36,1055.084494623656,1.003009000690719,-0.030048267277594798,3066.91,3025.86,2958.588301075269,1.002955786323423
6.8,1290820,24.73,7.862258064516129,0.9816238363866299,-0.5719628444038996,2029.3,384179008,2271.4,1897.041720430107,1.0046161409935936,-0.015713536312703003,1100.18,924840000,1101.36,1058.3593333333336,1.003103863933519,-0.005293258589636585,3093.08,3066.91,2968.621311827956,1.0033911479840032
6.89,1051605,24.73,7.734408602150537,0.9837388366908737,-0.5123450757187731,2057.9,328716000,2271.4,1907.548817204301,1.0055386745905681,0.005771003189436907,1126.75,801459968,1101.36,1063.2174623655915,1.0045902453724833,0.05980441645983392,3120.46,3093.08,2980.0214838709676,1.003840224415822
8.4,2389160,24.73,7.713548387096774,0.9973029334074796,-0.411831818339482,2096.2,598977984,2271.4,1920.1660215053762,1.006614354603814,0.028315760483411,1135.88,1338060032,1126.75,1068.3783655913978,1.0048540429483952,0.04480975245343877,3110.29,3120.46,2990.30223655914,1.0034498921379646
8.54,2357704,24.73,7.708322580645161,0.9993225158916026,-0.40099879826147944,2146.8,317435008,2271.4,1935.6987096774194,1.0080892422832615,0.04483173311310984,1148.69,642070016,1135.88,1074.1380645161291,1.0053910666017118,0.03495438171189713,3140.98,3120.46,3002.1965161290314,1.0039776178556379
8.31,1244977,24.73,7.693935483870968,0.9981335632203149,-0.39861497331787366,2146.5,362571008,2271.4,1950.7746236559142,1.007788357714516,0.07449792525825893,1159.11,782380032,1148.69,1080.3428602150539,1.0057765346037892,0.03674977047391326,3145.91,3140.98,3013.9887741935486,1.0039278768065862
9.83,1239020,24.73,7.78367741935484,1.0116639833635206,-0.2382891504127359,2140.6,343486016,2271.4,1964.9060215053764,1.007243993067215,0.1182758515105311,1163.7,976540032,1159.11,1086.5598494623657,1.0057546446376053,0.030562421483722346,3168.8,3145.91,3026.6889677419354,1.0042137494529273
9.4,2412949,24.73,7.849268817204302,1.0084267877913804,-0.3294026526620405,2182.7,439062016,2271.4,1981.181935483871,1.008283304036101,0.10957167777235521,1190.45,1261619968,1163.7,1094.1977849462364,1.0070294659678893,0.011534104504773213,3221.22,3168.8,3042.106,1.0050936955935603
9.41,798814,24.73,7.921677419354838,1.0092248849971641,-0.3410610635247129,2172.8,161707008,2271.4,1996.1804301075272,1.0075704781852823,0.1318408311162962,1192.49,351809984,1190.45,1101.6307741935482,1.006793094767302,0.006893415026451466,3240.02,3221.22,3057.8861290322575,1.0051872383908573
9.24,1143706,24.73,7.988967741935482,1.008494453765087,-0.2898804133111018,2138.3,212762000,2271.4,2008.193333333333,1.0060179445928936,0.09681346098187649,1180.33,471340000,1192.49,1107.8803440860215,1.0056730168027925,-0.0022478771723084545,3234.85,3240.02,3072.2833333333333,1.004708221200386
8.83,1159571,24.73,8.033548387096776,1.0055802760258103,-0.30443629511578274,2180.5,328408992,2271.4,2022.3933333333334,1.0070710323375243,0.11821228143914242,1198.13,768230016,1192.49,1114.9991397849462,1.0064255997833391,0.007542961932885284,3265.35,3240.02,3087.870838709677,1.005073589797928
8.04,847053,24.73,8.03184946236559,0.9997885212549521,-0.3183764162549121,2172.3,393240992,2271.4,2035.4501075268815,1.0064561002938177,0.043216688283062465,1217.69,901840000,1198.13,1123.0662150537635,1.0072350506659342,-0.006368978561376748,3329.62,3265.35,3106.7910967741936,1.0061272828601933
8.25,899491,24.73,8.047935483870967,1.0020027792578472,-0.4050097691659348,2086.6,302569984,2271.4,2042.584946236559,1.003505287937687,-0.019775509761656762,1193.25,758192000,1217.69,1129.2714838709678,1.005525292038909,-0.007619010086907796,3295.47,3329.62,3122.692731182796,1.005118346845114
7.03,1237927,24.73,7.987139784946237,0.992445801902044,-0.5967035312789231,2021.1,322556000,2271.4,2045.203870967742,1.0012821619663888,-0.011608684065825159,1153.96,1004976000,1217.69,1132.682172043011,1.003020255289146,-0.015151936536782484,3225.52,3329.62,3133.320795698925,1.0034034935330007
7.99,1078232,24.73,7.993010752688171,1.0007350525845309,-0.5349914148480747,2177.1,431692000,2271.4,2057.7529032258067,1.006135834395877,0.09706758970323115,1199.27,1036518976,1217.69,1138.867978494624,1.0054612022721745,0.017095152306545902,3327.71,3329.62,3150.0361505376345,1.0053347090606408
8.56,766007,24.73,8.037978494623657,1.0056258828277396,-0.3346912478937456,2195.1,380860992,2271.4,2070.8156989247314,1.006348087604905,0.03708831444579408,1209.53,886390016,1217.69,1145.4367956989247,1.0057678478351666,0.004406141006102926,3380.16,3329.62,3169.4602365591404,1.0061663057480121
9.04,964619,24.73,8.113892473118277,1.009444411744246,-0.29241002212973166,2210.4,251560000,2271.4,2084.1529032258068,1.0064405559162029,0.05384463921832383,1203.41,684537024,1217.69,1151.291376344086,1.0051112210356303,0.027089238515551006,3337.75,3380.16,3185.2803440860216,1.0049914200987282
7.09,1154101,24.73,8.062774193548387,0.9936999067045507,-0.5413799919414309,2037.1,824065024,2271.4,2085.5632258064516,1.0006766886337668,0.12017168036280501,1075.66,1603106048,1217.69,1148.6059569892473,0.9976674720144554,0.01419108361592114,2954.22,3380.16,3175.6858494623652,0.9969878649326832
7.95,1014216,24.73,8.07068817204301,1.0009815453471282,-0.44492076169460437,2122.0,573827008,2271.4,2092.0780645161285,1.0031237790487784,0.12964228058727723,1129.02,1582723968,1217.69,1149.313870967742,1.0006163244881217,0.049609214316936656,2972.37,3380.16,3167.2146451612903,0.9973324803829355
5.87,1159246,24.25,7.94567741935484,0.9845105212810464,-0.6254608688271268,1945.5,650163968,2271.4,2086.676989247312,0.9974183203961533,0.12950697289004398,1053.92,1870640000,1217.69,1145.022,0.9962657102849299,0.06920871579148324,2711.02,3380.16,3141.766623655914,0.9919651730758904
5.35,1198519,23.3,7.792193548387096,0.9806833498432905,-0.669903345022505,1793.8,843921024,2271.4,2071.318064516129,0.9926395293520138,0.2727758625381733,916.59,1988199040,1217.69,1131.8527956989249,0.9884987325124975,0.08425950845255692,2304.92,3380.16,3090.5006666666673,0.9836824426730999
7.18,880988,22.4,7.761935483870968,0.9961168746222442,-0.2707084579806268,1899.5,521384000,2271.4,2062.8653763440857,0.9959191742123786,0.22725997404763287,990.69,1692722048,1217.69,1123.6983870967742,0.9927955219679294,0.0780076441375317,2541.47,3380.16,3055.6620000000003,0.9887271771067945
4.5,2276205,22.4,7.5587956989247305,0.9738287202504639,-0.6222695437262776,1957.9,477103008,2271.4,2058.0739784946236,0.9976773094820401,0.31542559900336864,1010.87,1319353984,1217.69,1116.9664516129035,0.9940091259708367,0.12383722309520873,2488.65,3380.16,3018.2435268817203,0.9877543808450411
4.79,787217,22.4,7.380430107526881,0.9764029088095049,-0.5996822794928612,2082.1,412070016,2271.4,2061.0752688172042,1.0014583005052013,0.18046237069116222,1106.01,1028777024,1217.69,1116.4647741935485,0.9995508572181102,0.11999078344645053,2789.82,3380.16,3001.3092688172046,0.9943893665591619
5.07,877374,22.4,7.225118279569892,0.978956263294385,-0.5474445858606096,2261.8,521422016,2271.4,2075.2365591397847,1.0068708263772954,0.3041098886228837,1173.93,1168333952,1217.69,1120.2368602150539,1.0033785983299206,0.14031489425380161,2874.56,3380.16,2990.31,0.9963351764739862
5.31,780459,22.4,7.08952688172043,0.9812333317458807,-0.4127715667323725,2250.3,600233984,2271.4,2087.889247311828,1.0060969859635125,0.3800013254610999,1168.43,1090572032,1217.69,1123.422430107527,1.0028436574492483,0.17211055944613518,2836.74,3380.16,2977.123440860215,0.9955902367514455
4.89,783495,22.4,6.928752688172043,0.9773222957990433,-0.41186779403286644,2192.4,579296000,2271.4,2095.9234408602147,1.0038479979523487,0.3527259485643779,1137.89,1176935040,1217.69,1124.3488172043012,1.000824611536985,0.13159809795537258,2830.71,3380.16,2963.816774193548,0.9955303611250926
5.11,814960,22.4,6.78494623655914,0.9792449726401128,-0.39116786156228656,2273.2,572185024,2271.4,2108.4260215053764,1.0059651895681982,0.3722663479357534,1157.47,969673984,1217.69,1126.3353333333332,1.0017668147986063,0.1260528224288373,2929.8,3380.16,2957.1638709677422,0.9977552919992444
5.56,927132,22.4,6.672860215053763,0.9834801901743264,-0.3772478963213346,2350.9,556371968,2273.2,2125.0458064516124,1.0078825554118185,0.4705781443042917,1167.63,1077079040,1217.69,1128.7257634408602,1.0021223076616559,0.14086849720810968,2863.7,3380.16,2946.333483870968,0.9963375762827679
5.26,551574,22.4,6.543333333333334,0.980589001185995,-0.5357143620289004,2347.2,629673024,2350.9,2140.4260215053764,1.0072375922472212,0.38444226467452247,1158.51,921249984,1217.69,1130.2998494623657,1.0013945690552035,0.10999240107001085,2955.45,3380.16,2941.685892473118,0.998422584740223
5.56,529214,22.4,6.4374408602150535,0.9838167386981742,-0.5252408868711199,2399.6,559038976,2350.9,2158.2997849462363,1.008350563514589,0.3110292447028228,1198.14,927134016,1217.69,1134.2296344086021,1.0034767632218173,0.09915782879305002,3044.31,3380.16,2942.9155053763443,1.0004179959887534
5.33,667010,22.4,6.320989247311828,0.9819102628774542,-0.4593174962292609,2360.4,453580000,2399.6,2172.8040860215056,1.0067202439514817,0.18113839266432907,1200.89,1037033984,1217.69,1138.1202150537636,1.0034301525256744,0.05893452532271892,3193.93,3380.16,2953.846623655914,1.0037143840044336
5.25,897830,22.4,6.202537634408602,0.981260589400053,-0.42275428608919474,2292.1,410532000,2399.6,2182.1898924731186,1.0043196745219671,0.19066057051165763,1134.51,1083065984,1217.69,1137.5116344086023,0.9994652756034805,0.0322519146203889,3041.31,3380.16,2954.71440860215,1.000293781315281
6.45,738461,22.4,6.165032258064516,0.9939532206727736,-0.48367955715490973,2447.8,416281984,2399.6,2201.117204301075,1.0086735402327915,0.2403936512588053,1169.95,1136642944,1217.69,1139.172817204301,1.0014603655430412,0.03402935912350458,3097.74,3380.16,2959.393053763441,1.001583450890438
6.1,613262,22.4,6.109139784946237,0.990933952852369,-0.438638962860315,2385.5,499049984,2447.8,2215.2690322580647,1.006429384100645,0.23273385361936283,1137.37,1059713024,1217.69,1138.658795698925,0.9995487765353832,0.03214811035405829,3009.05,3380.16,2958.376752688172,0.9996565846250208
5.72,436981,22.4,6.033978494623655,0.9876969110270174,-0.4463314372230376,2472.2,340732000,2447.8,2234.501075268817,1.0086815834694123,0.22146077112927232,1184.43,706768000,1217.69,1141.205247311828,1.0022363605520126,0.026898527554131246,3130.01,3380.16,2965.448043010753,1.002390260238543
4.99,683729,22.4,5.917290322580646,0.9806614869199518,-0.6839509998032866,2471.7,334863008,2472.2,2253.000430107527,1.0082789643931964,0.2167797504260628,1173.97,762638976,1217.69,1143.0224086021506,1.0015923176787023,0.003700330174169375,3185.04,3380.16,2976.103849462366,1.0035933209070136
4.85,1025579,22.4,5.801978494623655,0.9805127310524285,-0.6373522527323738,2565.8,581196032,2472.2,2276.8587096774195,1.0105895583733884,0.26173650488448597,1233.67,842268032,1217.69,1148.6690967741936,1.0049401377694323,0.035215949459849405,3224.73,3380.16,2989.2853763440853,1.004429121948853
5.05,1124873,22.4,5.709354838709677,0.9840358498398768,-0.63505754799134,2455.8,438787008,2565.8,2292.7963440860217,1.0069998346146214,0.2270640506963445,1224.52,842203008,1233.67,1153.6325161290324,1.0043210175748416,0.03438749533347896,3215.63,3380.16,3001.8722580645153,1.0042106658066297
5.17,634793,22.4,5.633849462365592,0.9867751473717914,-0.5835166758337917,2432.8,416480000,2565.8,2306.6415053763444,1.0060385482234542,0.19729286710914262,1228.58,863617024,1233.67,1158.7889892473117,1.004469770959284,0.02966613200288637,3271.12,3380.16,3018.0915913978497,1.0054030724624479
5.28,628238,22.4,5.574193548387097,0.9894111629398337,-0.6074954812751641,2420.3,333948992,2565.8,2319.04688172043,1.0053781119932035,0.16614658626895962,1239.1,821912000,1233.67,1164.5204086021506,1.0049460422976246,0.007879244920347528,3351.28,3380.16,3039.4045376344084,1.00706172943767
5.27,734039,22.4,5.52152688172043,0.9905516975308641,-0.5790664530323878,2391.9,351950016,2565.8,2329.1043010752687,1.0043368762546867,0.19665470509276595,1243.21,673443968,1239.1,1170.4288817204301,1.0050737394335336,0.007974251439353264,3372.85,3380.16,3061.9243010752693,1.0074092682175135
5.38,841510,22.4,5.481913978494624,0.9928257338822439,-0.4836593176727568,2352.9,365310016,2565.8,2336.1733333333336,1.0030350861723116,0.23202812477684598,1243.13,649537024,1243.21,1176.2773118279572,1.004996826546975,0.01094429134047159,3397.16,3380.16,3085.9194838709677,1.0078366348858696
5.45,501213,22.4,5.4529892473118275,0.9947236072480767,-0.315621145174107,2371.5,319270016,2565.8,2343.8696774193545,1.0032944233958185,0.24368536072178448,1255.85,771142976,1243.21,1182.8391182795701,1.0055784519395479,0.0007162777238021167,3508.01,3397.16,3116.8475913978496,1.0100223313305912
5.0,1284672,22.4,5.398430107526882,0.9899946364625895,-0.48543226512753446,2322.4,376940000,2565.8,2347.644731182796,1.001610607364313,0.16093662353271176,1229.65,952924032,1255.85,1187.4914838709678,1.0039332192514605,-0.004493238293406199,3426.96,3508.01,3141.9391612903223,1.0080503037625974
5.09,292256,22.4,5.35610752688172,0.9921602058742685,-0.5367038262108708,2281.7,274929984,2565.8,2348.4815053763446,1.0003564313554065,0.1908896481697736,1216.07,633918976,1255.85,1191.2023870967741,1.0031249935483406,0.01700118466210887,3340.97,3508.01,3161.2695483870975,1.0061523747292538
5.47,623096,22.4,5.345763440860216,0.9980687307023639,-0.5474991687101035,2342.5,576380032,2565.8,2353.054623655914,1.0019472660393962,0.21235621595138388,1226.34,901916032,1255.85,1195.561806451613,1.0036596798344768,0.024530930998440503,3319.47,3508.01,3179.29711827957,1.0057026361139214
5.0,445028,22.4,5.312774193548388,0.9938288987762394,-0.41609705928957585,2317.5,420200000,2565.8,2355.7307526881727,1.0011373000037291,0.1918407696216302,1201.81,817011968,1255.85,1198.2893333333334,1.0022813767276622,0.0007519990287201406,3298.46,3508.01,3196.0085161290317,1.0052563183709313
4.75,601017,22.4,5.268150537634408,0.9916006865173813,-0.4788651365690061,2322.5,355120000,2565.8,2358.126451612903,1.0010169663583144,0.14760556893175536,1214.11,733280000,1255.85,1201.53911827957,1.0027120202574085,-0.051155686842284,3348.44,3508.01,3215.2041290322577,1.0060061206991011
4.82,558696,22.4,5.234924731182796,0.9936930795325124,-0.2708839116315124,2414.7,322920000,2565.8,2366.0393548387096,1.003355589018729,0.19132784132466663,1263.33,721617984,1255.85,1207.7813978494623,1.0051952362390253,-0.08389475855550788,3477.13,3508.01,3241.893569892472,1.0083010097614697
4.41,607749,22.4,5.177505376344087,0.989031484159327,-0.2925820541775319,2356.9,358700000,2565.8,2369.2141935483874,1.0013418368139926,-0.017791270125596448,1257.6,774230976,1263.33,1213.2036559139783,1.0044894366432293,-0.13942475008650956,3483.81,3508.01,3267.366430107527,1.0078574017517483
4.18,2714595,22.4,5.107268817204301,0.9864342856193458,-0.5250202237484031,2302.8,369580000,2565.8,2367.6877419354832,0.9993557139674999,0.07333125853344291,1255.97,759193024,1263.33,1217.7873978494622,1.0037782130915445,-0.09576467134998423,3465.39,3508.01,3289.1156559139777,1.006656500356385
3.69,684007,22.4,5.011870967741935,0.9813211614902646,-0.32932322685435855,2214.4,373700000,2565.8,2359.590752688172,0.9965802123718002,-0.031499159562782264,1184.32,967664000,1263.33,1217.1780645161289,0.9994996389891951,-0.14236445752139537,3269.96,3508.01,3296.2695698924726,1.0021750265806653
4.2,878549,22.4,4.951118279569893,0.9878782417657864,-0.22929202832803586,2387.0,418049984,2565.8,2362.0776344086025,1.0010539462055432,0.14535025633134002,1282.04,1057603968,1263.33,1222.5002365591397,1.0043725500797014,-0.09878726405389893,3509.44,3508.01,3317.1935698924735,1.0063477818049582
4.07,1917372,22.4,4.883247311827957,0.9862917902765531,-0.28959903812380106,2414.1,431510016,2565.8,2365.6572043010756,1.0015154327869369,-0.015636126024357377,1305.4,1303024000,1282.04,1228.9509462365593,1.005276653111803,-0.13520822610247096,3585.15,3509.44,3341.454516129033,1.007313696269267
4.2,3181389,22.4,4.825913978494624,0.9882591788471448,-0.21028332911712622,2358.6,444070016,2565.8,2365.3286021505382,0.9998610947731819,-0.06612118189195604,1266.25,1240445056,1305.4,1232.5931182795698,1.0029636431414648,-0.17037531001711215,3557.54,3585.15,3362.4060215053764,1.0062701752411147
4.11,982005,22.4,4.765161290322581,0.9874111539404202,-0.1934964048037201,2431.8,312289984,2565.8,2369.4896774193553,1.0017591954306195,-0.00793497701318624,1272.68,714640000,1305.4,1236.4397634408604,1.003120774490985,-0.16685748879195317,3638.35,3585.15,3387.0209677419343,1.0073206347119072
3.97,965251,22.4,4.69705376344086,0.9857071937900531,-0.2363584382542171,2495.9,656550016,2565.8,2377.271397849462,1.003284133501093,-0.018302448846105213,1308.88,1225150976,1305.4,1242.3320215053764,1.0047655035358283,-0.1317733110239352,3699.12,3638.35,3413.8196989247317,1.0079121834314075
4.29,3107549,22.4,4.652043010752688,0.9904172370692219,-0.2727308043709913,2482.3,427270016,2565.8,2383.696774193548,1.0027028366849062,-0.11307652543731628,1298.49,1061934976,1308.88,1247.2283440860213,1.0039412351093646,-0.1672018898637342,3663.46,3699.12,3436.663333333334,1.0066915175443498
4.33,2123462,22.4,4.612344086021506,0.9914663461538463,-0.17972332608839048,2551.1,585960000,2565.8,2394.278279569892,1.004439115533025,-0.022584257767159777,1312.65,1324295936,1308.88,1252.7567956989246,1.0044325897812678,-0.12205814808617865,3709.41,3699.12,3460.7515698924735,1.0070091929941172
4.63,1109234,22.4,4.594,0.9960228279418484,-0.060827627402764595,2508.6,332660000,2565.8,2401.67935483871,1.0030911508206755,0.00038760135292070785,1299.88,555259008,1312.65,1257.1298924731184,1.0034907787283276,-0.13147234150732334,3703.06,3709.41,3482.808709677419,1.0063735114582728
4.2,1005674,22.4,4.549913978494624,0.9904035651925607,-0.12991602838454797,2500.6,299340000,2565.8,2408.329892473118,1.0027691197082613,0.0659788143352279,1324.01,491950016,1312.65,1262.8409677419356,1.004542947632549,-0.07347864354594957,3756.07,3709.41,3506.869182795699,1.0069083533216812
4.28,1273374,22.4,4.513419354838709,0.9919790519494636,-0.0961262442483437,2580.8,465380000,2565.8,2419.8531182795705,1.0047847372747674,0.11562726431494319,1368.54,995977984,1324.01,1271.1601720430108,1.0065876895932118,-0.051293616213429205,3824.68,3756.07,3534.1472043010754,1.0077784542517865
4.37,1805758,22.4,4.484817204301074,0.9936628643852977,-0.18958385590234217,2641.3,454520000,2580.8,2434.6587096774197,1.0061183843292008,0.0419592001162159,1363.26,1006081024,1368.54,1278.6354408602153,1.0058806663248347,-0.05122206509967864,3768.25,3824.68,3556.099913978494,1.0062116002555588
5.39,9666538,22.4,4.526494623655914,1.009293002915452,-0.03529866309938268,2703.8,308209984,2641.3,2453.080430107527,1.0075664487826912,0.03851589227287744,1370.9,696924032,1368.54,1286.1878924731184,1.0059066496763316,-0.07131424170213774,3841.47,3824.68,3581.3345376344087,1.0070961514767123
4.64,7694321,22.4,4.521311827956989,0.9988550089793901,-0.17662435895607087,2633.6,535560000,2703.8,2466.2886021505374,1.005384320824096,0.03016098574943671,1340.92,1089232000,1370.9,1291.3039354838709,1.0039776793427244,-0.05453173135215739,3714.24,3841.47,3596.570623655914,1.0042543040482248
5.0,4572142,22.4,4.541677419354839,1.004504354526472,0.04613931626262924,2712.2,416950016,2703.8,2484.2206451612906,1.0072708615671,0.010332926765217465,1347.65,1092056960,1370.9,1296.5176344086024,1.0040375459111242,-0.0723970103037308,3886.83,3841.47,3621.6851397849455,1.006982906428653
5.11,3903441,22.4,4.569118279569892,1.0060420099626872,0.12924442782076573,2732.2,321640000,2712.2,2502.925806451613,1.007529589340929,-0.034102630388903155,1365.94,835689984,1370.9,1302.5378279569888,1.0046433564716861,-0.11298780354531068,3934.83,3886.83,3648.3872043010747,1.007372828803587
4.96,1806390,22.4,4.586322580645161,1.0037653437758869,0.04931811725981816,2666.8,299900000,2732.2,2517.05376344086,1.0056445768199882,-0.011645314988594446,1332.52,734072000,1370.9,1306.117440860215,1.0027481834511023,-0.12671496091032441,3906.71,3934.83,3671.7479784946236,1.0064030413674319
4.57,3045076,22.4,4.578559139784946,0.998307262360267,-0.09518042174912811,2587.6,421140000,2732.2,2525.6182795698924,1.003402595627248,0.03053724356225085,1311.27,1092728064,1370.9,1308.0938279569891,1.0015131771730055,-0.09778489993867012,3811.15,3934.83,3687.4573978494623,1.0042784579570407
4.63,2257506,22.4,4.575956989247311,0.9994316660638882,-0.062260166569664044,2515.9,448160000,2732.2,2529.224086021505,1.001427692569689,0.027216285956693342,1315.13,1039792000,1370.9,1310.1414193548387,1.0015653245616545,-0.08505067908954866,3841.94,3934.83,3703.9919139784947,1.0044839883814456
4.96,1185139,22.4,4.596043010752688,1.004389469034035,0.04499698595984025,2545.0,410020000,2732.2,2534.5017204301075,1.0020866614539101,-0.02585820602969613,1332.42,881809024,1370.9,1313.1409892473116,1.0022895008494197,-0.09738403537419171,3943.34,3934.83,3726.013182795699,1.0059452799381388
5.64,2662812,22.4,4.660666666666667,1.0140607160905126,0.14636155960788055,2580.2,418600000,2732.2,2541.7210752688175,1.0028484316189317,0.018002552851747566,1337.41,1078305024,1370.9,1316.2706451612905,1.0023833357877077,-0.07603309706098038,3913.1,3943.34,3744.856623655914,1.0050572662885955
8.185,166350816,22.4,4.8889247311827955,1.0489754107816038,0.561286081897516,2573.3,331470016,2732.2,2548.006451612903,1.0024728820188977,-0.018133693088374425,1365.45,823524992,1370.9,1321.0065806451614,1.0035979952157108,-0.045718359706216516,3974.54,3943.34,3766.5543870967736,1.0057940171337394
6.54,10455772,22.4,5.005172043010752,1.0237776849143334,0.3688284489976851,2598.4,293080000,2732.2,2555.4772043010753,1.0029319991256078,0.0009491530126990444,1357.4,653168000,1370.9,1324.9874623655917,1.003013521490927,-0.06912204843366476,4019.87,3974.54,3790.1733763440857,1.0062707150408408
6.23,10633706,22.4,5.09810752688172,1.0185678899890651,0.3629257719146849,2599.9,345089984,2732.2,2562.451182795699,1.002729031776486,-0.0047934173615569176,1375.56,746526976,1370.9,1329.8652258064517,1.0036813657331907,-0.10465677252010797,4128.8,4019.87,3819.5450322580646,1.007749422782952
6.0,5996369,22.4,5.173752688172042,1.0148378905096556,0.300204180576766,2686.2,451520000,2732.2,2574.308602150538,1.0046273737562104,-0.02912156130670618,1415.24,855958976,1375.56,1336.9599999999998,1.005334957299335,-0.10684943523796675,4185.47,4128.8,3850.8785591397855,1.0082034709938206
6.19,4378762,22.4,5.260516129032258,1.016769924286982,0.42666666666666664,2720.3,333889984,2732.2,2587.62688172043,1.0051735365211327,-0.052278570008863934,1440.34,829728000,1415.24,1345.267892473118,1.0062140172279785,-0.06883396037404999,4180.17,4185.47,3880.007784946237,1.0075643065235893
6.22,2695488,22.4,5.346655913978495,1.0163747782220152,0.5407348887262491,2684.9,347369984,2732.2,2597.7950537634406,1.003929535635466,-0.026427487308441133,1412.92,862056000,1440.34,1351.2937849462364,1.0044793252755333,-0.08494235030138797,4181.17,4185.47,3907.305376344086,1.0070354475843475
6.23,4563924,22.4,5.430279569892474,1.0156403661016133,0.5461247489255788,2675.8,453449984,2732.2,2606.5967741935488,1.0033881504306343,-0.048018256237616574,1444.6,1011828992,1440.34,1358.936,1.0056554800583706,-0.07378239762711858,4232.6,4185.47,3936.1302150537635,1.0073771655740529
6.41,3128631,22.4,5.522483870967743,1.0169796600503747,0.7444221610860955,2678.7,387950016,2732.2,2615.0240860215054,1.0032330707654482,-0.035243313114060815,1436.47,855516992,1444.6,1365.6638709677418,1.004950837248952,-0.05583926917415205,4173.85,4232.6,3959.540064516129,1.0059474275959759
6.47,2370391,22.4,5.614258064516128,1.0166182818624154,0.7748849731312707,2697.9,312240000,2732.2,2623.998064516129,1.0034317001294917,-0.026324528841838557,1447.14,769729024,1444.6,1372.6954623655915,1.0051488448565802,-0.04703836557464025,4155.86,4232.6,3980.3053118279568,1.0052443584288786
6.24,3578777,22.4,5.686268817204301,1.0128264058867018,0.9409626953816177,2680.6,378190016,2732.2,2631.0062365591402,1.0026707992424924,-0.06621157699921665,1437.44,892344000,1447.14,1378.690129032258,1.004367076916198,-0.07195025739105998,4204.11,4232.6,4002.6985806451607,1.0056260178712069
6.39,1615878,22.4,5.762473118279569,1.0134014594675345,0.7491064975115473,2698.6,270100992,2732.2,2638.1731182795697,1.002724007879891,-0.12967521099289026,1420.85,697768000,1447.14,1383.0701290322581,1.0031769285264083,-0.09701641014315121,4229.89,4232.6,4024.7461505376345,1.005508176408557
6.76,2321178,22.4,5.857838709677419,1.0165494206116699,0.8885418218365692,2836.3,426083008,2732.2,2653.55376344086,1.0058300363439836,-0.04651476944184618,1448.24,958392000,1447.14,1388.9187096774192,1.0042286942089143,-0.075309062459463,4247.44,4232.6,4046.376623655914,1.0053743695401485
7.59,3735142,22.4,6.000967741935484,1.0244337612132626,0.9960662525879915,2796.3,406942016,2836.3,2665.4458064516125,1.004481553445268,-0.022773554728880097,1437.17,929857024,1448.24,1393.7459139784946,1.0034755124741581,-0.03617916476674443,4166.45,4247.44,4061.3576559139788,1.0037023326426122
7.13,2043243,22.4,6.107129032258066,1.017690695049186,0.9289699145468766,2835.1,464038016,2836.3,2678.899784946236,1.0050475528191416,-0.06278618316385765,1466.12,896588992,1448.24,1400.0732903225805,1.004539834901488,-0.024555592738412457,4280.7,4247.44,4082.4001720430106,1.0051811531787629
6.51,1478307,22.4,6.166795698924731,1.00977000262341,0.7649248924118605,2883.0,359827008,2836.3,2694.576774193548,1.0058520252737362,-0.05686405080415091,1495.32,706662016,1466.12,1407.8685376344083,1.0055677423215692,-0.03414555174430056,4352.34,4280.7,4106.683225806452,1.005948229654147
6.37,2222058,22.4,6.211967741935483,1.0073250428936098,0.6272918225860598,2876.7,258156000,2883.0,2709.0148387096774,1.0053581937818235,-0.1219538189403957,1501.46,580069696,1495.32,1415.6589677419356,1.0055334925806476,-0.03642622661394679,4369.55,4352.34,4130.67182795699,1.0058413568399414
5.6,1708307,22.4,6.202989247311828,0.9985546456458485,0.4187363024079477,2883.8,381179008,2883.0,2723.0627956989247,1.005185633090123,-0.1561140279334512,1498.96,694866688,1501.46,1422.8516129032257,1.0050807753316202,-0.02460166297821975,4327.16,4369.55,4150.40711827957,1.0047777434626999
5.49,1640732,22.4,6.184182795698925,0.9969681631124778,0.18024213093047137,2969.6,585568000,2883.8,2741.930752688172,1.0069289467062785,-0.10803280445172136,1531.58,944710912,1501.46,1431.7481075268818,1.0062525807631504,-0.013145841293975336,4411.8,4369.55,4174.274559139784,1.0057506264277294
5.23,1246327,22.4,6.146752688172043,0.9939474448341155,0.3183238769357526,2950.0,328552000,2969.6,2758.5427956989247,1.006058520257839,-0.09294658092939656,1538.58,868772096,1531.58,1440.597935483871,1.0061811347334524,-0.008114500215930853,4395.26,4411.8,4195.550731182796,1.0050969747537153
6.26,4399847,22.4,6.173559139784945,1.0043610753470666,0.5504810374228342,3010.9,429252000,2969.6,2778.1174193548386,1.0070960014419332,-0.14845792069478714,1548.95,956175104,1538.58,1449.6553548387096,1.0062872638726894,-0.02814493502788351,4436.52,4411.8,4218.11423655914,1.0053779603256003
6.29,3112491,22.4,6.198043010752688,1.0039659247467085,0.551087388569738,3021.1,494710016,3010.9,2797.425161290323,1.0069499373212125,-0.14745385506152497,1557.13,1000698624,1548.95,1458.8525376344087,1.0063443926620217,-0.0434856946588158,4468.0,4436.52,4241.392924731183,1.0055187429421142
5.53,1931787,22.4,6.16936559139785,0.9953731493464814,0.13507496364639215,3028.9,375649984,3021.1,2816.4193548387098,1.0067898844305903,-0.16036182542347577,1584.73,977025984,1557.13,1469.4134408602151,1.0072391848753484,-0.00026444705200878715,4441.67,4468.0,4261.46806451613,1.0047331478458152
6.54,1741274,22.4,6.205548387096773,1.005864913525205,0.5161755469294899,3060.9,313118016,3028.9,2836.778924731183,1.0072288843838169,-0.11589717055201865,1566.06,839281024,1584.73,1478.309978494624,1.0060544822764113,-0.046176445335295524,4509.37,4468.0,4284.620193548388,1.0054328998086455
6.91,1566890,22.4,6.261516129032257,1.0090189840517332,0.4836123966076853,3082.3,361760000,3060.9,2857.600215053764,1.0073397648794764,-0.15200242186734148,1592.61,839248000,1584.73,1488.4352473118277,1.0068492190166465,0.014897059747352337,4535.43,4509.37,4307.743655913979,1.005396852304531
8.2,16808712,22.4,6.3966021505376345,1.0215740115846759,0.7195026042844594,3017.9,301398016,3082.3,2873.470752688172,1.0055537991461516,-0.11998014255138778,1549.18,651900992,1592.61,1495.2317849462365,1.0045662299698181,0.0010432453359059402,4458.58,4535.43,4324.514215053764,1.0038931191081348
8.47,2942422,22.4,6.5424623655913985,1.022802764908789,0.8776042199357704,3015.9,462012992,3082.3,2888.5978494623655,1.0052643990755925,-0.10016184262296823,1545.73,1104976000,1592.61,1501.4116774193546,1.0041330665488364,0.025293286776390644,4432.99,4535.43,4338.507462365591,1.0032357963498226
7.79,3261239,22.4,6.636903225806451,1.0144350635796917,0.9067322722609349,2985.5,394942016,3082.3,2901.0129032258064,1.00429795160505,-0.0836345200421107,1539.56,794862976,1592.61,1506.7349892473121,1.0035455377815545,0.005033937550317669,4455.48,4535.43,4352.819892473119,1.0032989294663386
8.19,6412643,22.4,6.750225806451612,1.0170746169997666,0.903359035624976,2819.4,472923008,3082.3,2901.856129032258,1.0002906659965263,-0.105808671792188,1485.0,987523968,1592.61,1508.0473548387097,1.0008709996122498,-0.004909555142142086,4357.05,4535.43,4359.396344086021,1.0015108485476907
7.75,2129006,22.4,6.827505376344086,1.0114484421867211,0.6383812101026922,2771.3,434720000,3082.3,2898.9434408602156,0.9989962672019119,-0.06240802026628156,1480.1,924926016,1592.61,1508.6782795698925,1.0004183719623647,-0.002778424621505682,4391.36,4535.43,4367.078580645161,1.0017622248478422
7.88,1774137,22.4,6.907172043010752,1.0116684883094629,0.4931678909907512,2788.9,412529984,3082.3,2896.679569892473,0.9992190703220236,-0.1231777014029809,1491.56,763875008,1592.61,1509.7309677419357,1.000697755238011,-0.02740684698743112,4471.37,4535.43,4378.959268817204,1.0027205116538773
7.43,1546046,22.4,6.952989247311828,1.0066332797295006,0.013420247051992962,2801.2,350480000,3082.3,2894.760430107527,0.9993374690784259,-0.10381671426045136,1534.41,738278016,1592.61,1513.216666666667,1.0023088212398163,-0.019763972572825583,4544.9,4535.43,4394.383247311828,1.0035222932089045
7.72,1118300,22.4,7.019139784946236,1.0095139709384684,0.26407613120016615,2859.9,355209984,3082.3,2896.1382795698923,1.0004759804811598,-0.09039342909859482,1559.32,893368000,1592.61,1517.9461075268819,1.0031254221318042,0.003101008807849359,4605.38,4544.9,4412.482580645161,1.0041187425662985
8.41,2033300,22.4,7.1272688172043015,1.0154048837280556,0.32884005166146046,2782.0,579859968,3082.3,2891.927956989248,0.9985462287452415,-0.12462910669570215,1548.87,1305160960,1592.61,1521.5671182795697,1.002385467267074,-0.011754722019708286,4697.53,4605.38,4435.267913978494,1.0051638353051586
7.8,1413913,22.4,7.191354838709677,1.0089916661134881,0.25070673476659944,2761.8,410630016,3082.3,2886.0227956989247,0.9979580538041927,-0.1355473199159305,1558.37,897025024,1592.61,1525.428322580645,1.0025376496736083,-0.017700131906094763,4682.85,4697.53,4455.883075268817,1.004648008122655
7.77,1346975,22.4,7.24963440860215,1.008104115455236,0.22126754203897714,2794.7,414520000,3082.3,2882.0776344086016,0.998633011043363,-0.11247207876778087,1547.73,910998016,1592.61,1528.2952688172045,1.0018794368729889,-0.04930938330962986,4697.96,4697.53,4476.403440860216,1.0046052298152282
7.19,916677,22.4,7.267096774193548,1.0024087236137973,0.06052437556821344,2813.4,357540000,3082.3,2879.1789247311826,0.9989942291481632,-0.06934187135987901,1534.35,772281984,1592.61,1530.0680430107527,1.0011599683841985,-0.012941218267697785,4594.62,4697.96,4489.143182795699,1.0028459771563922
6.6,1470999,22.4,7.2444086021505365,0.996877959280303,-0.05310181911981737,2739.0,609950016,3082.3,2871.2038709677427,0.9972300944220809,-0.10422373638516302,1517.43,1426366976,1592.61,1530.488064516129,1.0002745116514882,-0.021840483957026535,4538.43,4697.96,4497.368623655913,1.0018322963927142
6.77,1890626,22.4,7.231892473118281,0.9982723049292747,-0.040931416530400666,2782.4,447110016,3082.3,2865.8929032258065,0.9981502644950997,-0.13161686187780952,1565.37,1024244992,1592.61,1533.8443655913977,1.0021929612867186,-0.03920464852886729,4712.02,4697.96,4516.135720430108,1.0041729060578848
7.43,2343208,22.4,7.261182795698925,1.0040501601329832,0.05109889938674783,2875.8,600449984,3082.3,2866.384731182796,1.000171614213649,-0.11249890772305626,1603.75,1519144960,1592.61,1539.3995913978492,1.0036217662828586,-0.003616909254002154,4620.64,4712.02,4527.849978494624,1.002593867587177
8.2,1683107,22.4,7.338086021505376,1.0105910053458513,0.200807330792258,2893.7,363740000,3082.3,2867.648817204301,1.0004410036125833,-0.08058880478251407,1625.57,894587008,1603.75,1546.02576344086,1.0043043872949153,0.0067927901126501045,4725.78,4712.02,4545.347935483872,1.0038645178334873
8.01,1708816,22.4,7.398516129032258,1.0082351320698315,0.17846497502609893,2899.3,457289984,3082.3,2868.8159139784943,1.000406987343496,-0.0930376943734128,1643.92,643782976,1625.57,1553.4312258064517,1.004789999326473,0.030211768935487937,4766.18,4725.78,4564.33047311828,1.0041762562302916
7.03,2623290,22.4,7.392236559139785,0.9991512392778558,-0.020069162855282485,2709.1,501820000,3082.3,2857.280430107527,0.9959790086862109,-0.13331371621874877,1567.5,1083789952,1643.92,1555.4266451612903,1.0012845237830228,-0.01879033859762047,4677.02,4766.18,4576.407440860215,1.002645945076296
6.76,1370646,22.4,7.367956989247312,0.9967155312606367,-0.1303499465675877,2707.3,585409984,3082.3,2845.9023655913975,0.9960178691610955,-0.12769188946410415,1563.07,1043144000,1643.92,1556.8797849462362,1.0009342387115885,-0.03153947616122377,4662.85,4766.18,4586.646387096775,1.0022373327482037
5.07,3165403,22.4,7.236430107526881,0.9821487989258924,-0.30157270623317367,2556.5,463640000,3082.3,2824.9866666666667,0.9926505915390444,-0.1492137609416111,1509.42,858723968,1643.92,1554.60088172043,0.9985362368707967,0.0021480273563772023,4397.93,4766.18,4578.7261935483875,0.9982732059810261
5.2,2931104,22.4,7.117720430107528,0.9835955470231269,-0.1570629217191667,2585.7,609880000,3082.3,2806.553978494623,0.9934751238334895,-0.1518132968705288,1520.3,1277963008,1643.92,1552.9307956989248,0.9989257139622506,-0.0015628794649242828,4431.85,4766.18,4572.742279569893,0.9986931050852252
5.42,4492501,22.4,7.016021505376345,0.9857118686059931,-0.054084725856154314,2627.8,505020000,3082.3,2791.4767741935484,0.9946278587846147,-0.10595848844128997,1540.71,1097234944,1643.92,1552.52376344086,0.9997378941423583,-0.0038366928025828084,4500.54,4766.18,4571.018989247312,0.9996231385419903
1.39,38889780,22.4,6.656365591397849,0.9487379116921331,-0.7460674274377741,2596.1,509680000,3082.3,2774.8896774193554,0.9940579492089864,-0.08460744176070434,1518.33,1089154944,1643.92,1550.5884516129029,0.9987534414135679,-0.008218594073772012,4418.64,4766.18,4563.730129032258,0.9984054189597114
1.22,24349350,22.4,6.294795698924731,0.9456805838699152,-0.7366740778746936,2516.9,558680000,3082.3,2753.811612903225,0.9924039990895304,-0.11859978995525444,1484.43,1004057024,1643.92,1546.4243870967741,0.9973145262936808,-0.016521182988303296,4348.87,4766.18,4551.743247311828,0.9973734464173997
1.06,8427379,22.4,5.932086021505376,0.9423794361616354,-0.8153837418158643,2582.7,481080000,3082.3,2737.9522580645166,0.9942409441646632,-0.11402716165391558,1524.66,897788992,1643.92,1544.9572043010755,0.9990512418143812,-0.006626513688770763,4384.62,4766.18,4542.198150537634,0.9979029799671081
0.902,7121608,22.4,5.568150537634407,0.9386496617628931,-0.8613689229846064,2555.8,480820000,3082.3,2721.147311827957,0.9938622208670507,-0.1507399442142383,1542.57,1171026944,1643.92,1544.6754408602153,0.9998176237891406,0.02014559435990726,4328.87,4766.18,4529.079161290323,0.997111753205712
0.974,5175389,22.4,5.220382795698923,0.9375434016043626,-0.8585918936013812,2494.6,517080000,3082.3,2701.372688172043,0.9927329830436008,-0.15582042270015783,1499.91,1038068992,1643.92,1541.6551397849462,0.9980447018219004,0.022270365068195352,4204.31,4766.18,4508.155548387097,0.9953801618037373
1.06,3394967,22.4,4.8895956989247304,0.936635471052673,-0.8286872585662248,2695.4,651289984,3082.3,2695.6851612903224,0.9978945789647524,-0.11259167778800372,1593.48,1215836032,1643.92,1544.7946666666667,1.0020364650956624,0.0006989348413701801,4463.09,4766.18,4504.4944946236565,0.9991879042938635
0.895,3033874,22.4,4.557776344086021,0.93213767041891,-0.8412187226801252,2671.4,411940000,3082.3,2689.166451612903,0.997581798582777,-0.13674890804470075,1589.78,882424000,1643.92,1547.6766666666667,1.001865620112619,0.00767961574556475,4543.04,4766.18,4505.945440860215,1.0003221107803084
0.9,2972605,22.4,4.23841935483871,0.9299314040142196,-0.8111909589365245,2738.9,467280000,3082.3,2687.840215053764,0.9995068224362447,-0.1251440468472631,1609.25,917030976,1643.92,1551.7637849462362,1.0026408088766836,0.008148586195176444,4545.86,4766.18,4507.505913978494,1.0003463142505298
0.93,7555630,22.4,3.9339225806451608,0.9281579408026424,-0.9341281666912001,2809.4,480910016,3082.3,2691.800860215054,1.0014735418940113,-0.13181852972102148,1664.58,977635968,1643.92,1559.3847956989246,1.0049111925581846,0.06782970736449734,4488.28,4766.18,4505.329118279569,0.99951707313524
0.787,6820324,22.4,3.63583440860215,0.9242262230808507,-0.9790853531495243,2709.9,100753696,3082.3,2689.7905376344092,0.9992531681632333,-0.14697287378947765,1615.79,188436992,1664.58,1563.6098924731182,1.0027094638769387,0.054438350422507,4392.59,4766.18,4496.914903225807,0.9981323861514084
0.748,9066297,22.4,3.351752688172043,0.92186615546682,-0.9813296927672766,2577.5,461520000,3082.3,2679.896344086022,0.9963215747063008,-0.21132997611862603,1557.49,876480000,1664.58,1563.9230322580647,1.0002002672063242,0.0528763102223182,4271.78,4766.18,4480.793376344086,0.9964149806637086
0.693,6190960,22.4,3.079266666666667,0.9187034226997269,-0.940066785927251,2448.0,555089984,3082.3,2662.524731182796,0.9935178041712093,-0.1687065602064678,1518.45,1095500032,1664.58,1561.6789032258064,0.9985650642736439,0.0741932388921751,4131.93,4766.18,4456.044322580645,0.9944766357908621
0.64,5933477,22.4,2.819483870967742,0.9156348495207978,-0.9361603447474074,2425.6,560710016,3082.3,2644.5066666666667,0.9932327146842594,-0.13026578094878427,1511.65,1065182016,1664.58,1558.924129032258,0.9982360175399321,0.08234961122078155,4123.34,4766.18,4431.225204301075,0.9944302353201917
0.62,8959666,22.4,2.5737010752688168,0.9128270254603144,-0.9316939874076611,2432.7,691129984,3082.3,2627.6901075268815,0.9936409465887329,-0.06151586045834878,1497.4,1088742016,1664.58,1555.1821505376342,0.9975996404026752,0.10399207405021016,4023.89,4766.18,4400.566344086023,0.9930811775972718
0.674,2013493,22.4,2.347015053763441,0.9119221638893324,-0.926649004646666,2457.5,492680000,3082.3,2613.2395698924734,0.9945006690122951,-0.011466966309694682,1510.91,913745024,1664.58,1552.2992258064517,0.9981462462579153,0.12628074179184667,3901.36,4766.18,4362.964645161291,0.9914552591678875
0.68,2961275,22.4,2.1352451612903227,0.9097705435959837,-0.9029890380094945,2544.6,459940000,3082.3,2605.1475268817208,0.9969034438694476,-0.047905471852129344,1559.34,867961984,1664.58,1552.5913548387095,1.0001881911859527,0.0971036199144033,4158.24,4766.18,4343.319806451613,0.9954973646803522
0.785,2327019,22.4,1.9453892473118277,0.9110847234685849,-0.9115820919510959,2475.6,425740000,3082.3,2593.2819354838707,0.9954453284217448,-0.01951719385339301,1510.43,833420032,1664.58,1549.7279569892473,0.9981557298766747,0.10056482080896534,4108.54,4766.18,4321.430107526882,0.9949601457179793
0.764,2397929,22.4,1.7705763440860212,0.9101398841042397,-0.9212951127055722,2351.5,495449984,3082.3,2574.0688172043006,0.9925911957289807,-0.0023182599149521588,1459.09,750729984,1664.58,1543.6349677419353,0.9960683491448723,0.10328259569250353,3900.86,4766.18,4287.408344086021,0.9921271980352978
0.733,2774984,22.4,1.6088946236559138,0.9086841293400607,-0.9065710193200686,2299.1,665580032,3082.3,2552.3574193548384,0.9915653390055659,0.014577144139044651,1393.22,1165408000,1664.58,1533.5058064516131,0.993438111015884,0.11794955828962106,3674.84,4766.18,4240.486344086022,0.9890558593363931
0.68,2110399,22.4,1.45892688172043,0.9067883379492498,-0.9027199425106152,2494.5,553680000,3082.3,2544.3182795698926,0.9968503079843035,0.008616357034864408,1506.72,843795968,1664.58,1531.031505376344,0.9983865068753836,0.13061837633622453,3911.74,4766.18,4211.0484731182805,0.993057902188791
