21.99,2487130,80.63,19.97713978494624,1.011129712031627,0.29569926988086315,572.89,420320000,601.29,566.7627311827956,1.0006191776729723,-0.15392456346743633,1050.52,0,1101.36,1037.4651827956989,1.0007543910982433,-0.0557722295432328,2873.34,2945.64,2806.386021505376,1.0029160947317504
22.0,1582764,80.63,20.184150537634405,1.010362381948399,0.20290316492991156,570.67,361585984,601.29,567.0019354838709,1.0004220536882797,-0.1524416289222409,1052.28,0,1101.36,1038.4129677419357,1.0009135583168998,-0.06564730653538875,2886.98,2945.64,2815.2273548387097,1.0031504337840849
23.91,3262965,80.63,20.503032258064515,1.0157986198049573,0.3709189369218342,585.38,459478016,601.29,568.2238494623656,1.002155043752103,-0.13522410619960246,1085.15,914767872,1101.36,1041.505569892473,1.002978200625963,-0.0730519593011929,2950.46,2945.64,2827.840064516129,1.0044801744540246
24.36,2797746,80.63,20.83376344086021,1.0161308424350552,0.3133096510274913,581.02,635369024,601.29,569.1430537634408,1.0016176799019345,-0.12481579563086564,1072.47,1264445312,1101.36,1043.6738494623655,1.0020818703543912,-0.08800779879360121,2941.76,2950.46,2839.2078279569896,1.0040199456763852
24.62,1505570,80.63,21.1647311827957,1.0158861236413186,0.4307706311118291,588.6,277267008,601.29,570.5948817204301,1.002550901653616,-0.10547812741297435,1085.09,577807552,1101.36,1046.7087311827959,1.002907883264483,-0.09834697266814985,2990.41,2950.46,2853.323784946237,1.0049717941921161
22.2,1751091,80.63,21.32068817204301,1.0073687205332467,0.29454477208643115,563.81,472811008,601.29,570.435870967742,0.999721324607384,-0.13167872537674685,1069.57,932012160,1101.36,1048.6582795698923,1.00186255099343,-0.11737902070096662,3013.77,2990.41,2868.1783870967743,1.0052060695771394
22.44,1857889,80.63,21.478322580645163,1.0073934953379626,0.5922109002384084,559.58,410728000,601.29,570.0023655913978,0.9992400453786179,-0.13756056132024685,1061.01,825691904,1101.36,1049.9633118279569,1.0012444780949994,-0.12422149979380936,2976.61,3013.77,2879.745634408602,1.004032959513211
21.87,1678224,80.63,21.579655913978495,1.0047179351624342,0.427850085418622,563.91,434651008,601.29,569.7966451612904,0.9996390884625644,-0.1587861820396581,1064.81,899301248,1101.36,1051.2920215053764,1.0012654820053724,-0.13897696057778886,3025.86,3013.77,2893.2860215053765,1.0047019385792229
20.32,1854156,80.63,21.565870967741933,0.999361206393118,0.17772684216012546,556.83,700404992,601.29,569.0944086021506,0.9987675663500247,-0.2086353548546076,1052.76,1223475712,1101.36,1051.6770107526881,1.0003662058109797,-0.09973018945007883,2932.05,3025.86,2899.612602150538,1.002186641969766
22.86,3220766,80.63,21.707870967741936,1.0065844778637694,0.2849148418491483,557.82,573881984,601.29,568.4351182795699,0.9988415097519583,-0.18875828206612355,1057.12,1048724672,1101.36,1052.2185806451612,1.0005149583825983,-0.08501151559685294,2918.65,3025.86,2904.214215053764,1.0015869750668807
23.12,1544954,80.63,21.852838709677417,1.0066781188330678,0.20252216330497985,548.87,492886016,601.29,567.184623655914,0.9978001101912201,-0.19233828358138683,1045.86,906450432,1101.36,1051.9480215053763,0.9997428679318522,-0.07869021150357836,2888.68,3025.86,2906.1889677419354,1.0006799610985773
23.67,1920936,80.63,22.02122580645161,1.0077055022009394,0.19104178317267406,540.89,425152992,601.29,565.4352688172044,0.9969157223843026,-0.16041041573218673,1025.47,802831872,1101.36,1050.3554193548387,0.9984860448254291,-0.07200594398614024,2847.11,3025.86,2905.0130322580644,0.9995953685404069
28.3,3013706,80.63,22.4765376344086,1.0206760437388365,0.44349001605983873,550.88,447708992,601.29,564.3330107526882,0.9980506025617718,-0.1679251487711979,1046.74,788636416,1101.36,1050.1429892473118,0.9997977540710388,-0.08456313017345207,2926.46,3025.86,2908.564301075269,1.0012224622670434
27.71,3193084,80.63,22.873075268817207,1.0176422917469976,0.3256380448001408,555.85,411713984,601.29,563.5780000000001,0.9986621183976441,-0.15060380196865142,1053.74,628475712,1101.36,1050.3896344086022,1.0002348681692073,-0.08718378372441449,2978.71,3025.86,2915.0135698924737,1.0022173375416938
28.34,4048727,80.63,23.292967741935485,1.0183574997320415,0.487921237765093,554.71,602340992,601.29,562.754559139785,0.9985389052443226,-0.13036181224655752,1055.71,917624320,1101.36,1050.7346666666667,1.0003284802579557,-0.10019175173422767,3007.39,3025.86,2922.730731182796,1.0026473843449746
28.47,4502704,80.63,23.69963440860215,1.0174587743035648,0.43287836618209186,562.42,494348992,601.29,562.4689892473118,0.9994925498375177,-0.14177265346628187,1066.2,861253888,1101.36,1051.7949892473118,1.0010091249620694,-0.07500847822428158,2992.07,3025.86,2928.961032258065,1.0021316712514081
26.01,2363535,80.63,23.927612903225803,1.0096194941530787,0.258187366802759,551.08,309092000,601.29,561.4809892473119,0.998243458717036,-0.1935776300031642,1034.11,798872768,1101.36,1050.7932903225806,0.9990476291150159,-0.09329834811664584,2961.79,3025.86,2932.808967741935,1.0013137544137634
25.75,2061620,80.63,24.12574193548387,1.0082803509509866,0.41290594234446765,559.02,325704000,601.29,561.0802580645162,0.9992862960804196,-0.1557967960343687,1043.45,855209984,1101.36,1050.4793978494622,0.999701280474467,-0.06529066686693752,2952.01,3025.86,2935.6859354838707,1.0009809598148327
24.53,3803400,80.63,24.228817204301077,1.0042724186096679,0.2542430625625114,556.61,254191008,601.29,560.5519999999999,0.9990584982149638,-0.13728515424626597,1040.49,726030016,1101.36,1049.9503870967742,0.9994964101592368,-0.07577930797325183,2970.27,3025.86,2939.291634408602,1.001228230472868
27.31,2659608,80.63,24.498645161290323,1.011136654121991,0.35462760032742646,554.97,280756992,601.29,559.9612688172043,0.9989461616713604,-0.1507478858888247,1061.63,756080000,1101.36,1050.8389032258065,1.0008462458226137,-0.05461391576877972,2986.2,3025.86,2943.607247311829,1.0014682493062976
28.08,3266419,80.63,24.800107526881717,1.012305266826254,0.2790140981846554,555.5,347779008,601.29,559.4529677419355,0.999092256726358,-0.13852679867862072,1065.01,894400000,1101.36,1051.9192688172043,1.0010280982061868,-0.0639902361633582,3022.55,3025.86,2949.86911827957,1.0021272780101556
29.69,2267550,80.63,25.18793548387097,1.0156381562688335,0.22172346816526645,571.65,377363008,601.29,560.0490752688172,1.0010655185712711,-0.08139426112142223,1097.41,894590016,1101.36,1055.084494623656,1.003009000690719,-0.030048267277594798,3066.91,3025.86,2958.588301075269,1.002955786323423
24.85,4812619,80.63,25.247591397849465,1.0023684320621156,0.04267194490816717,567.6,382688000,601.29,560.3969677419354,1.0006211821222117,-0.027945808638378145,1100.18,924840000,1101.36,1058.3593333333336,1.003103863933519,-0.005293258589636585,3093.08,3066.91,2968.621311827956,1.0033911479840032
24.0,2605973,80.63,25.24589247311828,0.9999327094333706,0.010046803059109655,573.39,343072992,601.29,561.117806451613,1.0012863001607273,-0.039170554868415586,1126.75,801459968,1101.36,1063.2174623655915,1.0045902453724833,0.05980441645983392,3120.46,3093.08,2980.0214838709676,1.003840224415822
23.4,1942747,80.63,25.19995698924731,0.9981804769263007,-0.0323363974568287,581.45,597859968,601.29,562.3068602150538,1.002119080431541,-0.025216281404584207,1135.88,1338060032,1126.75,1068.3783655913978,1.0048540429483952,0.04480975245343877,3110.29,3120.46,2990.30223655914,1.0034498921379646
22.4,1385376,80.63,25.084301075268822,0.9954104717707322,-0.07469745414352191,585.68,311225984,601.29,563.731935483871,1.002534337333662,-0.04325407960924399,1148.69,642070016,1135.88,1074.1380645161291,1.0053910666017118,0.03495438171189713,3140.98,3120.46,3002.1965161290314,1.0039776178556379
21.91,3195546,80.63,24.935720430107526,0.9940767476552184,-0.08696759821405431,595.77,312211008,601.29,565.787440860215,1.0036462461091187,-0.008733987286330791,1159.11,782380032,1148.69,1080.3428602150539,1.0057765346037892,0.03674977047391326,3145.91,3140.98,3013.9887741935486,1.0039278768065862
22.38,2381668,80.63,24.815978494623653,0.9951979756983762,-0.033065454397619654,603.98,308032992,601.29,568.3047741935484,1.0044492562958025,0.045889351150578905,1163.7,976540032,1159.11,1086.5598494623657,1.0057546446376053,0.030562421483722346,3168.8,3145.91,3026.6889677419354,1.0042137494529273
21.33,4068887,80.63,24.625677419354837,0.9923315103085681,-0.07932629802276203,622.92,479264992,603.98,571.9597634408603,1.0064313893060262,0.04789245661069974,1190.45,1261619968,1163.7,1094.1977849462364,1.0070294659678893,0.011534104504773213,3221.22,3168.8,3042.106,1.0050936955935603
20.98,1727745,80.63,24.412322580645156,0.9913360824526195,-0.11503343638265884,623.23,153635008,622.92,575.5176129032258,1.0062204541119497,0.07339325890910775,1192.49,351809984,1190.45,1101.6307741935482,1.006793094767302,0.006893415026451466,3240.02,3221.22,3057.8861290322575,1.0051872383908573
19.24,2247723,80.63,24.08630107526882,0.9866452073824874,-0.22933462545588612,618.43,204248992,623.23,578.6056129032257,1.0053656046848374,0.04451031630772606,1180.33,471340000,1192.49,1107.8803440860215,1.0056730168027925,-0.0022478771723084545,3234.85,3240.02,3072.2833333333333,1.004708221200386
19.43,2462388,80.63,23.778451612903226,0.9872188983520725,-0.21669763387297636,624.9,385668992,623.23,582.0130967741935,1.0058891303419446,0.06252057733659733,1198.13,768230016,1192.49,1114.9991397849462,1.0064255997833391,0.007542961932885284,3265.35,3240.02,3087.870838709677,1.005073589797928
19.65,3161591,80.63,23.490322580645152,0.987882767265564,-0.2346404999064432,639.89,368896992,624.9,586.2710537634408,1.007315912670775,0.0445081848915565,1217.69,901840000,1198.13,1123.0662150537635,1.0072350506659342,-0.006368978561376748,3329.62,3265.35,3106.7910967741936,1.0061272828601933
18.85,1972744,80.63,23.159741935483872,0.9859269431474874,-0.3152561958625354,625.95,363376000,639.89,589.5124301075269,1.0055288016068316,-0.011565215210763258,1193.25,758192000,1217.69,1129.2714838709678,1.005525292038909,-0.007619010086907796,3295.47,3329.62,3122.692731182796,1.005118346845114
17.56,2273202,80.63,22.757784946236562,0.9826441507695965,-0.3916704276677585,616.52,442520000,639.89,592.0487956989247,1.0043024802563283,0.003915358137168479,1153.96,1004976000,1217.69,1132.682172043011,1.003020255289146,-0.015151936536782484,3225.52,3329.62,3133.320795698925,1.0034034935330007
19.09,3892306,80.63,22.469720430107525,0.9873421549237078,-0.2554400119874347,631.95,404862016,639.89,595.5206021505376,1.0058640545793431,0.05742284044947721,1199.27,1036518976,1217.69,1138.867978494624,1.0054612022721745,0.017095152306545902,3327.71,3329.62,3150.0361505376345,1.0053347090606408
19.97,2008854,80.63,22.245118279569894,0.9900042303046778,-0.2563071815715382,621.63,331560000,639.89,598.1800645161292,1.0044657772644436,-0.02984326747215782,1209.53,886390016,1217.69,1145.4367956989247,1.0057678478351666,0.004406141006102926,3380.16,3329.62,3169.4602365591404,1.0061663057480121
19.36,1232561,80.63,21.98647311827957,0.98837294735682,-0.2642824138371066,617.88,305185984,639.89,600.4641505376344,1.003818392081242,-0.03666733900212904,1203.41,684537024,1217.69,1151.291376344086,1.0051112210356303,0.027089238515551006,3337.75,3380.16,3185.2803440860216,1.0049914200987282
21.06,4217509,80.63,21.84290322580645,0.9934700808219324,-0.10346055621173345,563.3,635953024,639.89,599.11088172043,0.997746295401661,0.03875030014622216,1075.66,1603106048,1217.69,1148.6059569892473,0.9976674720144554,0.01419108361592114,2954.22,3380.16,3175.6858494623652,0.9969878649326832
17.48,2919037,80.63,21.466774193548385,0.9827802637602824,-0.39097938461917625,592.56,601504000,639.89,599.6314408602151,1.0008688861372208,0.0608506624303895,1129.02,1582723968,1217.69,1149.313870967742,1.0006163244881217,0.049609214316936656,2972.37,3380.16,3167.2146451612903,0.9973324803829355
15.77,4049822,80.63,20.991892473118284,0.9778782915333025,-0.4390487345669639,556.64,728648000,639.89,597.7598709677419,0.9968787996009878,0.10111469966313136,1053.92,1870640000,1217.69,1145.022,0.9962657102849299,0.06920871579148324,2711.02,3380.16,3141.766623655914,0.9919651730758904
12.38,4831695,80.63,20.31410752688172,0.9677120608775737,-0.5717480070423185,496.42,760984000,639.89,591.9864301075269,0.9903415382319524,0.2125854667750381,916.59,1988199040,1217.69,1131.8527956989249,0.9884987325124975,0.08425950845255692,2304.92,3380.16,3090.5006666666673,0.9836824426730999
13.16,2828744,80.63,19.710924731182796,0.9703071968630308,-0.6668580913086959,520.92,647180032,639.89,587.8892688172043,0.9930789607971616,0.1461175071543671,990.69,1692722048,1217.69,1123.6983870967742,0.9927955219679294,0.0780076441375317,2541.47,3380.16,3055.6620000000003,0.9887271771067945
11.9,2354419,80.63,19.059010752688174,0.9669262610767677,-0.6629278238292504,554.33,497500000,639.89,586.0120215053764,0.9968068011930125,0.2575037672589142,1010.87,1319353984,1217.69,1116.9664516129035,0.9940091259708367,0.12383722309520873,2488.65,3380.16,3018.2435268817203,0.9877543808450411
13.22,1807945,80.63,18.52625806451613,0.9720472014479082,-0.6444691845113741,589.3,395318016,639.89,586.3941720430108,1.0006521206453285,0.13561374745990917,1106.01,1028777024,1217.69,1116.4647741935485,0.9995508572181102,0.11999078344645053,2789.82,3380.16,3001.3092688172046,0.9943893665591619
15.5,4280634,80.63,18.17311827956989,0.9809384181243476,-0.555154632567576,616.9,391524992,639.89,588.4825806451612,1.0035614416065466,0.2138673570855909,1173.93,1168333952,1217.69,1120.2368602150539,1.0033785983299206,0.14031489425380161,2874.56,3380.16,2990.31,0.9963351764739862
16.4,2406691,80.63,17.905935483870966,0.9852979113661913,-0.5079967753165007,622.22,383784000,639.89,590.7970537634409,1.0039329509392483,0.2859047269773638,1168.43,1090572032,1217.69,1123.422430107527,1.0028436574492483,0.17211055944613518,2836.74,3380.16,2977.123440860215,0.9955902367514455
14.11,4505226,80.63,17.51167741935484,0.9779817108761919,-0.6374856975985552,605.46,426500992,639.89,591.877247311828,1.001828366511827,0.24827958741472367,1137.89,1176935040,1217.69,1124.3488172043012,1.000824611536985,0.13159809795537258,2830.71,3380.16,2963.816774193548,0.9955303611250926
14.57,4052095,80.63,17.172129032258063,0.9806101734879212,-0.5351805780653316,604.87,433534016,639.89,592.819505376344,1.0015919822375257,0.23464706170166572,1157.47,969673984,1217.69,1126.3353333333332,1.0017668147986063,0.1260528224288373,2929.8,3380.16,2957.1638709677422,0.9977552919992444
13.45,2949886,80.63,16.781741935483872,0.9772662378648074,-0.607918774727268,619.61,422776992,639.89,594.6089462365592,1.0030185256119049,0.3402218294166578,1167.63,1077079040,1217.69,1128.7257634408602,1.0021223076616559,0.14086849720810968,2863.7,3380.16,2946.333483870968,0.9963375762827679
12.72,2152407,80.63,16.37406451612903,0.9757070856576079,-0.6291041620486469,600.1,329206016,639.89,595.0006666666667,1.0006587866405086,0.251518942880411,1158.51,921249984,1217.69,1130.2998494623657,1.0013945690552035,0.10999240107001085,2955.45,3380.16,2941.685892473118,0.998422584740223
12.66,2943644,80.63,15.995548387096777,0.9768831905688778,-0.6492146403691028,616.73,397460992,639.89,596.3693763440859,1.0023003498216012,0.1953446802970974,1198.14,927134016,1217.69,1134.2296344086021,1.0034767632218173,0.09915782879305002,3044.31,3380.16,2942.9155053763443,1.0004179959887534
13.28,2610382,80.63,15.69365591397849,0.981126469326815,-0.5364958987853531,611.47,461398016,639.89,597.3017849462365,1.0015634749856983,0.09526902773301815,1200.89,1037033984,1217.69,1138.1202150537636,1.0034301525256744,0.05893452532271892,3193.93,3380.16,2953.846623655914,1.0037143840044336
13.14,2357941,80.63,15.407612903225804,0.9817733348863661,-0.5080275113579001,577.71,484473984,639.89,595.9617849462365,0.9977565779413826,0.084389374043082,1134.51,1083065984,1217.69,1137.5116344086023,0.9994652756034805,0.0322519146203889,3041.31,3380.16,2954.71440860215,1.000293781315281
14.22,2733238,80.63,15.214602150537637,0.9874730268796046,-0.4269562201940724,590.51,530380992,639.89,595.4383010752688,0.9991216150360799,0.08824329994273039,1169.95,1136642944,1217.69,1139.172817204301,1.0014603655430412,0.03402935912350458,3097.74,3380.16,2959.393053763441,1.001583450890438
14.11,2431595,80.63,15.034236559139785,0.9881452311658719,-0.462242854253891,576.3,439876000,639.89,593.978559139785,0.9975484581142199,0.10552953593552628,1137.37,1059713024,1217.69,1138.658795698925,0.9995487765353832,0.03214811035405829,3009.05,3380.16,2958.376752688172,0.9996565846250208
14.17,1558043,80.63,14.875569892473115,0.9894463103568627,-0.42347765880194554,595.88,331323008,639.89,593.8022150537635,0.9997031137179817,0.06991002295750326,1184.43,706768000,1217.69,1141.205247311828,1.0022363605520126,0.026898527554131246,3130.01,3380.16,2965.448043010753,1.002390260238543
13.33,3190359,80.63,14.679354838709676,0.9868095773686815,-0.468324793824875,591.65,325147008,639.89,593.3527311827957,0.9992430411009378,0.04168890816891058,1173.97,762638976,1217.69,1143.0224086021506,1.0015923176787023,0.003700330174169375,3185.04,3380.16,2976.103849462366,1.0035933209070136
12.55,3717474,78.32,14.452279569892474,0.9845309776000236,-0.5054783486662543,619.96,358448992,639.89,594.7562150537636,1.0023653449242076,0.08146812879120136,1233.67,842268032,1217.69,1148.6690967741936,1.0049401377694323,0.035215949459849405,3224.73,3380.16,2989.2853763440853,1.004429121948853
13.85,3490526,78.32,14.32795698924731,0.9913977182600207,-0.37659984941339975,612.2,429096992,639.89,595.6654193548388,1.0015287007988525,0.07911924331406184,1224.52,842203008,1233.67,1153.6325161290324,1.0043210175748416,0.03438749533347896,3215.63,3380.16,3001.8722580645153,1.0042106658066297
12.55,3168659,75.89,14.135096774193547,0.9865395872420263,-0.38189977286017995,614.69,411031008,639.89,596.7589892473118,1.0018358794332183,0.053519063913284315,1228.58,863617024,1233.67,1158.7889892473117,1.004469770959284,0.02966613200288637,3271.12,3380.16,3018.0915913978497,1.0054030724624479
12.01,5217143,75.89,13.92178494623656,0.9849090649066916,-0.37526776696489217,627.24,352038016,639.89,598.6702795698925,1.0032027843015678,0.05991640897739636,1239.1,821912000,1233.67,1164.5204086021506,1.0049460422976246,0.007879244920347528,3351.28,3380.16,3039.4045376344084,1.00706172943767
11.48,3165110,75.89,13.69023655913978,0.9833679095036321,-0.43104857047214584,629.69,277416992,639.89,600.7346021505375,1.003448179492271,0.0796234558349922,1243.21,673443968,1239.1,1170.4288817204301,1.0050737394335336,0.007974251439353264,3372.85,3380.16,3061.9243010752693,1.0074092682175135
12.01,1920621,75.89,13.510451612903227,0.9868676523258083,-0.3145363867095411,639.18,262322000,639.89,603.43311827957,1.0044920271270743,0.12554011250201935,1243.13,649537024,1243.21,1176.2773118279572,1.004996826546975,0.01094429134047159,3397.16,3380.16,3085.9194838709677,1.0078366348858696
12.02,2793314,75.89,13.346021505376344,0.9878294144238788,-0.2762849780587544,638.84,300481984,639.89,606.0812473118281,1.0043884383406203,0.10651762918972663,1255.85,771142976,1243.21,1182.8391182795701,1.0055784519395479,0.0007162777238021167,3508.01,3397.16,3116.8475913978496,1.0100223313305912
11.85,2098830,75.89,13.1825376344086,0.9877503665866352,-0.34907625920523155,624.05,403156000,639.89,607.7271827956989,1.002715701056865,0.08169547560340396,1229.65,952924032,1255.85,1187.4914838709678,1.0039332192514605,-0.004493238293406199,3426.96,3508.01,3141.9391612903223,1.0080503037625974
11.47,2424350,75.89,13.010107526881724,0.9869198091969178,-0.34326075552873747,618.51,271079008,639.89,609.0326881720429,1.0021481767037939,0.14641907975706125,1216.07,633918976,1255.85,1191.2023870967741,1.0031249935483406,0.01700118466210887,3340.97,3508.01,3161.2695483870975,1.0061523747292538
12.04,3393778,75.89,12.8927311827957,0.9909780650280178,-0.32866235273988553,628.6,398880000,639.89,610.9958709677419,1.0032234440512402,0.16994292429746638,1226.34,901916032,1255.85,1195.561806451613,1.0036596798344768,0.024530930998440503,3319.47,3508.01,3179.29711827957,1.0057026361139214
10.95,2971624,75.89,12.720774193548388,0.9866624854881971,-0.42083725459072563,615.97,326059008,639.89,612.1211612903226,1.0018417314683294,0.14769668918049206,1201.81,817011968,1255.85,1198.2893333333334,1.0022813767276622,0.0007519990287201406,3298.46,3508.01,3196.0085161290317,1.0052563183709313
11.33,3657675,74.61,12.595075268817205,0.9901186104855996,-0.2807421505137935,613.56,294337984,639.89,612.977698924731,1.00139929427142,0.08855868445395731,1214.11,733280000,1255.85,1201.53911827957,1.0027120202574085,-0.051155686842284,3348.44,3508.01,3215.2041290322577,1.0060061206991011
13.86,2863702,74.61,12.645827956989246,1.0040295660874448,-0.06279647051178572,632.36,347631008,639.89,615.0019784946237,1.0033023706628212,0.08618637461494694,1263.33,721617984,1255.85,1207.7813978494623,1.0051952362390253,-0.08389475855550788,3477.13,3508.01,3241.893569892472,1.0083010097614697
13.44,1499820,74.61,12.67359139784946,1.0021954624841207,0.10311295951624255,624.43,341696992,639.89,616.3518064516128,1.0021948351455603,-0.0738395419689648,1257.6,774230976,1263.33,1213.2036559139783,1.0044894366432293,-0.13942475008650956,3483.81,3508.01,3267.366430107527,1.0078574017517483
13.78,1465466,74.61,12.721010752688171,1.0037415877907154,0.0895584224537258,617.96,308248000,639.89,617.0089247311827,1.0010661415650794,0.04729802925195048,1255.97,759193024,1263.33,1217.7873978494622,1.0037782130915445,-0.09576467134998423,3465.39,3508.01,3289.1156559139777,1.006656500356385
13.41,1475021,74.61,12.743225806451614,1.0017463277246856,0.1785891981877431,583.32,378207008,639.89,615.2225161290322,0.9971047280994699,-0.1102095039138471,1184.32,967664000,1263.33,1217.1780645161289,0.9994996389891951,-0.14236445752139537,3269.96,3508.01,3296.2695698924726,1.0021750265806653
13.59,2669333,74.61,12.773806451612904,1.0023997569866343,0.06504483546635287,615.35,448344992,639.89,615.4402150537635,1.000353853961817,0.0431165535958149,1282.04,1057603968,1263.33,1222.5002365591397,1.0043725500797014,-0.09878726405389893,3509.44,3508.01,3317.1935698924735,1.0063477818049582
15.93,3239927,65.41,12.954559139784946,1.0141502604456027,0.04559109260700678,632.28,697048000,639.89,616.6941505376344,1.0020374610777774,-0.05804076916309264,1305.4,1303024000,1282.04,1228.9509462365593,1.005276653111803,-0.13520822610247096,3585.15,3509.44,3341.454516129033,1.007313696269267
15.78,2078370,65.41,13.124709677419352,1.0131344135912626,-0.01242904660581845,625.92,662708992,639.89,617.504688172043,1.0013143267756017,-0.10830164849435198,1266.25,1240445056,1305.4,1232.5931182795698,1.0029636431414648,-0.17037531001711215,3557.54,3585.15,3362.4060215053764,1.0062701752411147
16.08,1339638,61.54,13.315548387096774,1.0145404137971719,0.1918776939957032,624.63,361304000,639.89,618.2240430107528,1.0011649382627996,-0.0854685023920092,1272.68,714640000,1305.4,1236.4397634408604,1.003120774490985,-0.16685748879195317,3638.35,3585.15,3387.0209677419343,1.0073206347119072
14.8,1284491,61.54,13.419569892473117,1.00781203314744,0.0667512599443133,643.9,706382976,639.89,620.1453978494624,1.003107861721703,-0.05174380973918935,1308.88,1225150976,1305.4,1242.3320215053764,1.0047655035358283,-0.1317733110239352,3699.12,3638.35,3413.8196989247317,1.0079121834314075
14.17,1363245,61.54,13.482451612903228,1.004685822342591,0.09051086425392807,654.17,590835968,643.9,622.6453978494623,1.0040313126706566,-0.11319299200845268,1298.49,1061934976,1308.88,1247.2283440860213,1.0039412351093646,-0.1672018898637342,3663.46,3699.12,3436.663333333334,1.0066915175443498
19.46,4631473,61.54,13.885075268817204,1.0298627925746568,0.5622347420773437,651.27,733000000,654.17,624.8839784946236,1.0035952737350877,-0.024184597440154665,1312.65,1324295936,1308.88,1252.7567956989246,1.0044325897812678,-0.12205814808617865,3709.41,3699.12,3460.7515698924735,1.0070091929941172
18.32,1375533,61.54,14.199655913978496,1.022656027358222,0.5237660640251947,643.48,279623008,654.17,626.509935483871,1.002602014206164,-0.0016627122607932865,1299.88,555259008,1312.65,1257.1298924731184,1.0034907787283276,-0.13147234150732334,3703.06,3709.41,3482.808709677419,1.0063735114582728
17.86,1672302,56.74,14.472387096774195,1.0192068867335873,0.43569279417224327,655.44,250948992,654.17,628.8499784946237,1.0037350453332323,0.07849078099843287,1324.01,491950016,1312.65,1262.8409677419356,1.004542947632549,-0.07347864354594957,3756.07,3709.41,3506.869182795699,1.0069083533216812
21.75,3024392,56.74,14.986236559139783,1.0355055084506495,0.7405500416003352,663.05,437947008,655.44,631.5864301075269,1.0043515173832938,0.13739407430613015,1368.54,995977984,1324.01,1271.1601720430108,1.0065876895932118,-0.051293616213429205,3824.68,3756.07,3534.1472043010754,1.0077784542517865
21.74,2554281,56.74,15.480924731182796,1.0330094997560486,0.6056029553408905,675.3,525436992,663.05,634.9296774193548,1.005293412195792,0.1064963702742634,1363.26,1006081024,1368.54,1278.6354408602153,1.0058806663248347,-0.05122206509967864,3768.25,3824.68,3556.099913978494,1.0062116002555588
21.69,1964604,56.74,15.956215053763442,1.0307016751798606,0.6617518656318663,680.52,356619008,675.3,638.4273548387096,1.0055087634800297,0.08592805653834956,1370.9,696924032,1368.54,1286.1878924731184,1.0059066496763316,-0.07131424170213774,3841.47,3824.68,3581.3345376344087,1.0070961514767123
18.7,2334476,56.74,16.22230107526882,1.0166760112350466,0.4541796417887437,665.87,536700000,680.52,640.7557419354838,1.0036470666225799,0.08233154052353231,1340.92,1089232000,1370.9,1291.3039354838709,1.0039776793427244,-0.05453173135215739,3714.24,3841.47,3596.570623655914,1.0042543040482248
22.94,1932997,56.74,16.752193548387094,1.0326644457318144,0.820985936443966,663.08,540513024,680.52,642.7536129032258,1.0031179915168722,0.03376163573657576,1347.65,1092056960,1370.9,1296.5176344086024,1.0040375459111242,-0.0723970103037308,3886.83,3841.47,3621.6851397849455,1.006982906428653
19.87,1507236,56.74,17.063354838709678,1.0185743609888356,0.6850265292179405,670.0,387960000,680.52,645.0443225806451,1.0035639001188537,-0.018240812827091224,1365.94,835689984,1370.9,1302.5378279569888,1.0046433564716861,-0.11298780354531068,3934.83,3886.83,3648.3872043010747,1.007372828803587
18.69,1262955,56.74,17.282645161290322,1.0128515362104036,0.43187236317607525,658.68,326190016,680.52,646.4970967741936,1.0022522083253693,-0.0216414627583279,1332.52,734072000,1370.9,1306.117440860215,1.0027481834511023,-0.12671496091032441,3906.71,3934.83,3671.7479784946236,1.0064030413674319
18.61,2224675,56.74,17.48636559139785,1.0117875723424457,0.5469252602137575,647.4,565107008,680.52,647.1221720430107,1.0009668647731538,0.020120673914176823,1311.27,1092728064,1370.9,1308.0938279569891,1.0015131771730055,-0.09778489993867012,3811.15,3934.83,3687.4573978494623,1.0042784579570407
21.47,3472593,56.74,17.861569892473117,1.0214569630901371,0.8473158526370118,642.61,549624000,680.52,647.3678709677419,1.0003796793485773,0.012221227354273223,1315.13,1039792000,1370.9,1310.1414193548387,1.0015653245616545,-0.08505067908954866,3841.94,3934.83,3703.9919139784947,1.0044839883814456
22.9,2332713,56.74,18.308688172043013,1.0250324177696335,1.0354857308108025,655.06,399959008,680.52,648.3837419354838,1.0015692329096026,-0.04957623231523045,1332.42,881809024,1370.9,1313.1409892473116,1.0022895008494197,-0.09738403537419171,3943.34,3934.83,3726.013182795699,1.0059452799381388
22.48,2985218,56.74,18.70415053763441,1.021599710578678,0.8569046557366886,653.45,574372992,680.52,649.2411827956988,1.0013224280696111,-0.05627615820095122,1337.41,1078305024,1370.9,1316.2706451612905,1.0023833357877077,-0.07603309706098038,3913.1,3943.34,3744.856623655914,1.0050572662885955
21.83,3629602,56.74,19.035161290322577,1.0176971818111786,0.8115047728486511,662.09,417664000,680.52,650.6253548387097,1.0021319843529495,-0.06683342627676869,1365.45,823524992,1370.9,1321.0065806451614,1.0035979952157108,-0.045718359706216516,3974.54,3943.34,3766.5543870967736,1.0057940171337394
20.7,2035575,56.74,19.27217204301075,1.012451208007818,0.757716946515988,659.13,316404992,680.52,651.768559139785,1.001757085383429,-0.06167997919660917,1357.4,653168000,1370.9,1324.9874623655917,1.003013521490927,-0.06912204843366476,4019.87,3974.54,3790.1733763440857,1.0062707150408408
19.49,1545903,56.74,19.412086021505374,1.0072598967144113,0.6266767064053154,656.75,357745984,680.52,652.6827741935483,1.0014026682339048,-0.0824248382626922,1375.56,746526976,1370.9,1329.8652258064517,1.0036813657331907,-0.10465677252010797,4128.8,4019.87,3819.5450322580646,1.007749422782952
19.71,1484184,56.74,19.548946236559136,1.0070502580146277,0.6200827220693028,673.02,428632992,680.52,654.5644301075268,1.0028829562972663,-0.10518017744509178,1415.24,855958976,1375.56,1336.9599999999998,1.005334957299335,-0.10684943523796675,4185.47,4128.8,3850.8785591397855,1.0082034709938206
20.9,1398922,56.74,19.746086021505374,1.01008442002759,0.8992556609247315,680.1,390632992,680.52,656.8073333333333,1.0034265583686515,-0.12197433949174652,1440.34,829728000,1415.24,1345.267892473118,1.0062140172279785,-0.06883396037404999,4180.17,4185.47,3880.007784946237,1.0075643065235893
22.3,1405429,56.74,20.012150537634408,1.0134742913526895,0.9701120063332278,665.7,411072000,680.52,657.9832903225806,1.0017904139152638,-0.09748677454288446,1412.92,862056000,1440.34,1351.2937849462364,1.0044793252755333,-0.08494235030138797,4181.17,4185.47,3907.305376344086,1.0070354475843475
20.6,1578823,56.74,20.14494623655914,1.0066357535475758,0.4719742375138165,689.44,510256000,680.52,660.5787311827957,1.0039445391674653,-0.06588259158511467,1444.6,1011828992,1440.34,1358.936,1.0056554800583706,-0.07378239762711858,4232.6,4185.47,3936.1302150537635,1.0073771655740529
20.95,2058842,56.74,20.285827956989248,1.0069934026517497,0.5582184259251304,695.58,413104992,689.44,663.4475483870968,1.0043428846084168,-0.05783467565431355,1436.47,855516992,1444.6,1365.6638709677418,1.004950837248952,-0.05583926917415205,4173.85,4232.6,3959.540064516129,1.0059474275959759
20.66,1452083,56.74,20.391849462365585,1.005226382950754,0.48660645652554235,702.33,332664000,695.58,666.5988387096775,1.0047498710790954,-0.06136839267918304,1447.14,769729024,1444.6,1372.6954623655915,1.0051488448565802,-0.04703836557464025,4155.86,4232.6,3980.3053118279568,1.0052443584288786
19.29,903638,56.74,20.39468817204301,1.000139208053819,0.40106600278589566,690.78,359952000,702.33,668.8235268817206,1.003337371808732,-0.09252129273243836,1437.44,892344000,1447.14,1378.690129032258,1.004367076916198,-0.07195025739105998,4204.11,4232.6,4002.6985806451607,1.0056260178712069
18.19,1494753,56.74,20.313913978494625,0.9960394494455125,0.34504083784024686,688.8,297568992,702.33,670.689376344086,1.0027897485470714,-0.14085267414077696,1420.85,697768000,1447.14,1383.0701290322581,1.0031769285264083,-0.09701641014315121,4229.89,4232.6,4024.7461505376345,1.005508176408557
18.81,1445284,56.74,20.263247311827953,0.9975058146489982,0.20074621949420401,707.62,488089984,702.33,673.6114623655915,1.0043568395811393,-0.10224789200610918,1448.24,958392000,1447.14,1388.9187096774192,1.0042286942089143,-0.075309062459463,4247.44,4232.6,4046.376623655914,1.0053743695401485
18.53,1527268,56.74,20.18832258064516,0.9963024321803021,0.15474383187383478,696.4,442827008,707.62,675.6476559139786,1.0030228012172424,-0.09574749450494568,1437.17,929857024,1448.24,1393.7459139784946,1.0034755124741581,-0.03617916476674443,4166.45,4247.44,4061.3576559139788,1.0037023326426122
20.8,1647818,56.74,20.25393548387097,1.0032500423432262,0.22983678284277276,706.86,405056992,707.62,678.2071182795698,1.0037881613932766,-0.09698447938176669,1466.12,896588992,1448.24,1400.0732903225805,1.004539834901488,-0.024555592738412457,4280.7,4247.44,4082.4001720430106,1.0051811531787629
17.85,1335947,56.74,20.119075268817205,0.9933415303331464,0.13759344914167237,720.99,304454016,707.62,681.5013548387096,1.0048572721670872,-0.0922348459869895,1495.32,706662016,1466.12,1407.8685376344083,1.0055677423215692,-0.03414555174430056,4352.34,4280.7,4106.683225806452,1.005948229654147
17.56,1096053,56.74,19.95894623655914,0.9920409347786351,0.18450310510433354,722.57,262720992,720.99,684.7317419354839,1.0047401037046197,-0.1762787473042542,1501.46,580069696,1495.32,1415.6589677419356,1.0055334925806476,-0.03642622661394679,4369.55,4352.34,4130.67182795699,1.0058413568399414
16.42,1270379,56.74,19.717978494623658,0.9879268304508934,-0.22183013788483208,720.78,303392992,722.57,687.6995483870969,1.004334261536093,-0.1797984313265577,1498.96,694866688,1501.46,1422.8516129032257,1.0050807753316202,-0.02460166297821975,4327.16,4369.55,4150.40711827957,1.0047777434626999
16.15,1340052,56.74,19.466129032258063,0.9872274197664702,-0.2229411123466668,737.62,366588000,722.57,691.6043225806452,1.005678023495444,-0.14550238983885255,1531.58,944710912,1501.46,1431.7481075268818,1.0062525807631504,-0.013145841293975336,4411.8,4369.55,4174.274559139784,1.0057506264277294
15.13,1602530,56.74,19.153139784946237,0.9839213411771205,-0.25259208015599355,739.75,382815008,737.62,695.4440645161291,1.0055519345529194,-0.14403230033965042,1538.58,868772096,1531.58,1440.597935483871,1.0061811347334524,-0.008114500215930853,4395.26,4411.8,4195.550731182796,1.0050969747537153
14.06,2630086,56.74,18.776989247311825,0.9803608942524371,-0.4344357296840955,753.63,395520000,739.75,699.9979784946237,1.0065482102887213,-0.1785005561692352,1548.95,956175104,1538.58,1449.6553548387096,1.0062872638726894,-0.02814493502788351,4436.52,4411.8,4218.11423655914,1.0053779603256003
13.78,2287643,56.56,18.39931182795699,0.9798861567006061,-0.42691341232269653,768.33,495097984,753.63,705.3054838709678,1.0075821724339236,-0.15348568923684947,1557.13,1000698624,1548.95,1458.8525376344087,1.0063443926620217,-0.0434856946588158,4468.0,4436.52,4241.392924731183,1.0055187429421142
13.15,2063360,56.56,17.998107526881718,0.9781946028836982,-0.48794215966741616,782.03,499951008,768.33,711.2967956989248,1.0084946338359295,-0.13143466457246467,1584.73,977025984,1557.13,1469.4134408602151,1.0072391848753484,-0.00026444705200878715,4441.67,4468.0,4261.46806451613,1.0047331478458152
13.66,1455421,56.56,17.648172043010753,0.9805570956086185,-0.35706329342367393,756.07,444625984,782.03,715.3949677419354,1.0057615499855916,-0.14268468607565743,1566.06,839281024,1584.73,1478.309978494624,1.0060544822764113,-0.046176445335295524,4509.37,4468.0,4284.620193548388,1.0054328998086455
13.45,1216058,56.52,17.29552688172043,0.9800180347046208,-0.4871105741643854,763.06,358691008,782.03,719.7501290322582,1.006087771771822,-0.13767870738170584,1592.61,839248000,1584.73,1488.4352473118277,1.0068492190166465,0.014897059747352337,4535.43,4509.37,4307.743655913979,1.005396852304531
12.78,1097733,56.52,16.92006451612903,0.9782913600632644,-0.42004529409770264,729.94,297360992,782.03,721.7535053763442,1.0027834331155725,-0.13508520358688814,1549.18,651900992,1592.61,1495.2317849462365,1.0045662299698181,0.0010432453359059402,4458.58,4535.43,4324.514215053764,1.0038931191081348
12.8,2323371,56.52,16.561139784946235,0.9787870353070669,-0.35990287239804764,710.83,548590016,782.03,722.3950752688172,1.0008889044357858,-0.15189429881305716,1545.73,1104976000,1592.61,1501.4116774193546,1.0041330665488364,0.025293286776390644,4432.99,4535.43,4338.507462365591,1.0032357963498226
12.62,1594091,54.19,16.2032688172043,0.9783909216159608,-0.352486607491463,714.02,364225984,782.03,723.1303010752688,1.0010177613768727,-0.1345024315611909,1539.56,794862976,1592.61,1506.7349892473121,1.0035455377815545,0.005033937550317669,4455.48,4535.43,4352.819892473119,1.0032989294663386
13.24,2921616,54.19,15.898279569892473,0.9811773012746665,-0.42311053973822565,711.38,475884000,782.03,723.551935483871,1.0005830683736738,-0.11942474980932194,1485.0,987523968,1592.61,1508.0473548387097,1.0008709996122498,-0.004909555142142086,4357.05,4535.43,4359.396344086021,1.0015108485476907
13.47,2118190,54.19,15.625827956989246,0.9828628241373246,-0.4216489262147063,709.12,436985984,782.03,723.6798709677419,1.0001768158961324,-0.06880067872909756,1480.1,924926016,1592.61,1508.6782795698925,1.0004183719623647,-0.002778424621505682,4391.36,4535.43,4367.078580645161,1.0017622248478422
15.1,2633944,54.19,15.478817204301077,0.9905918103608446,-0.3153080498631523,708.28,314067008,782.03,723.6373548387097,0.9999412500875902,-0.12015441837085716,1491.56,763875008,1592.61,1509.7309677419357,1.000697755238011,-0.02740684698743112,4471.37,4535.43,4378.959268817204,1.0027205116538773
20.1,61871300,54.19,15.67025806451613,1.0123679256423972,-0.029199308728368623,724.4,315592000,782.03,724.5169247311827,1.0012154843673997,-0.09826896510676186,1534.41,738278016,1592.61,1513.216666666667,1.0023088212398163,-0.019763972572825583,4544.9,4535.43,4394.383247311828,1.0035222932089045
21.6,3827285,54.19,15.962193548387097,1.0186299091354487,0.03130495577610648,741.35,420180992,782.03,726.3560430107527,1.0025384062356477,-0.06629209595505481,1559.32,893368000,1592.61,1517.9461075268819,1.0031254221318042,0.003101008807849359,4605.38,4544.9,4412.482580645161,1.0041187425662985
21.77,2329495,54.19,16.263161290322582,1.0188550364975306,0.16203153431387163,752.65,662680000,782.03,728.7473763440861,1.0032922329983258,-0.04864818370831259,1548.87,1305160960,1592.61,1521.5671182795697,1.002385467267074,-0.011754722019708286,4697.53,4605.38,4435.267913978494,1.0051638353051586
18.83,3536904,54.19,16.369548387096774,1.0065416000539513,-0.01771294877720897,759.55,484920992,782.03,731.3776344086021,1.0036092864961124,-0.03512143577296123,1558.37,897025024,1592.61,1525.428322580645,1.0025376496736083,-0.017700131906094763,4682.85,4697.53,4455.883075268817,1.004648008122655
17.33,2159123,54.19,16.38105376344086,1.0007028523983688,-0.13790174221421359,754.52,457196992,782.03,733.4972903225806,1.002898168899699,-0.0303969188620552,1547.73,910998016,1592.61,1528.2952688172045,1.0018794368729889,-0.04930938330962986,4697.96,4697.53,4476.403440860216,1.0046052298152282
16.53,1511297,50.6,16.34862365591398,0.9980202673164251,-0.221136819701505,752.84,369496000,782.03,735.3485161290324,1.0025238345538232,0.013697677853962142,1534.35,772281984,1592.61,1530.0680430107527,1.0011599683841985,-0.012941218267697785,4594.62,4697.96,4489.143182795699,1.0028459771563922
14.93,2413192,47.4,16.225376344086023,0.9924613035065265,-0.25779198929900293,737.77,717436032,782.03,736.0400860215053,1.000940465476307,-0.05774246963617102,1517.43,1426366976,1592.61,1530.488064516129,1.0002745116514882,-0.021840483957026535,4538.43,4697.96,4497.368623655913,1.0018322963927142
7.09,18874776,47.4,15.608516129032258,0.9619817622733537,-0.6258501594620587,742.69,477764000,782.03,736.9451397849464,1.0012296256421755,-0.10260201858580209,1565.37,1024244992,1592.61,1533.8443655913977,1.0021929612867186,-0.03920464852886729,4712.02,4697.96,4516.135720430108,1.0041729060578848
7.06,13028462,47.4,15.01952688172043,0.9622648788364775,-0.6065990642078858,787.44,761676032,782.03,740.6359784946237,1.0050082950689578,-0.057256733237994295,1603.75,1519144960,1592.61,1539.3995913978492,1.0036217662828586,-0.003616909254002154,4620.64,4712.02,4527.849978494624,1.002593867587177
7.14,4748352,47.4,14.46494623655914,0.9630760243296181,-0.5958230035401092,791.23,414244992,787.44,744.3883010752689,1.0050663520131333,-0.014670604690597333,1625.57,894587008,1603.75,1546.02576344086,1.0043043872949153,0.0067927901126501045,4725.78,4712.02,4545.347935483872,1.0038645178334873
6.92,5701344,47.4,13.922301075268821,0.9624855044453038,-0.59224867897091,799.27,305176992,791.23,748.4433118279569,1.005447440195971,-0.007029219251499352,1643.92,643782976,1625.57,1553.4312258064517,1.004789999326473,0.030211768935487937,4766.18,4725.78,4564.33047311828,1.0041762562302916
6.64,7870712,47.4,13.385827956989248,0.961466634331551,-0.6078285177429867,783.83,528064000,799.27,751.2646236559141,1.0037695731705674,0.019232491325064105,1567.5,1083789952,1643.92,1555.4266451612903,1.0012845237830228,-0.01879033859762047,4677.02,4766.18,4576.407440860215,1.002645945076296
6.4,5756830,47.4,12.86004301075269,0.9607207751417405,-0.5648060599889762,769.34,445060000,799.27,752.9872043010754,1.0022929079726643,0.008874538894301676,1563.07,1043144000,1643.92,1556.8797849462362,1.0009342387115885,-0.03153947616122377,4662.85,4766.18,4586.646387096775,1.0022373327482037
6.47,5089803,47.4,12.364860215053767,0.9614944681534202,-0.6106782973508889,751.93,362247008,799.27,753.4296989247312,1.0005876522484423,0.012815235626887134,1509.42,858723968,1643.92,1554.60088172043,0.9985362368707967,0.0021480273563772023,4397.93,4766.18,4578.7261935483875,0.9982732059810261
7.1,5605624,47.4,11.941139784946238,0.9657318867550427,-0.5295465294178903,767.91,536361984,799.27,754.8062365591397,1.0018270286350182,0.01638563684500549,1520.3,1277963008,1643.92,1552.9307956989248,0.9989257139622506,-0.0015628794649242828,4431.85,4766.18,4572.742279569893,0.9986931050852252
7.0,4504334,47.4,11.534086021505377,0.9659116490744026,-0.5501840918860967,761.51,445873984,799.27,755.6689677419354,1.0011429836440255,0.03445523582381815,1540.71,1097234944,1643.92,1552.52376344086,0.9997378941423583,-0.0038366928025828084,4500.54,4766.18,4571.018989247312,0.9996231385419903
6.95,4053066,47.4,11.146516129032257,0.9663978670047636,-0.5417115110479372,746.57,508727008,799.27,755.4840860215052,0.9997553403297972,0.0509374402920687,1518.33,1089154944,1643.92,1550.5884516129029,0.9987534414135679,-0.008218594073772012,4418.64,4766.18,4563.730129032258,0.9984054189597114
6.93,3234253,47.4,10.778021505376344,0.9669408253314118,-0.5544808257058227,734.1,438660992,799.27,754.4392258064516,0.998616965950195,0.02907287887379162,1484.43,1004057024,1643.92,1546.4243870967741,0.9973145262936808,-0.016521182988303296,4348.87,4766.18,4551.743247311828,0.9973734464173997
8.26,4851166,47.4,10.515161290322583,0.97561145940165,-0.4506724726872475,742.67,438448992,799.27,753.9548387096776,0.999357950806102,0.014428592408668561,1524.66,897788992,1643.92,1544.9572043010755,0.9990512418143812,-0.006626513688770763,4384.62,4766.18,4542.198150537634,0.9979029799671081
8.51,4505215,47.4,10.28320430107527,0.9779407102903128,-0.3959364628703116,756.15,609833984,799.27,754.3338494623656,1.0005026968900905,0.0037546904087415456,1542.57,1171026944,1643.92,1544.6754408602153,0.9998176237891406,0.02014559435990726,4328.87,4766.18,4529.079161290323,0.997111753205712
8.45,4152291,47.4,10.05931182795699,0.9782273631289355,-0.3941157199522627,758.05,475428000,799.27,754.8300215053764,1.0006577618694488,0.005074180670001538,1499.91,1038068992,1643.92,1541.6551397849462,0.9980447018219004,0.022270365068195352,4204.31,4766.18,4508.155548387097,0.9953801618037373
8.49,7886543,47.4,9.849462365591398,0.9791387854403345,-0.3658117306497377,794.98,564758016,799.27,757.7308817204301,1.0038430641765792,0.014073768308424217,1593.48,1215836032,1643.92,1544.7946666666667,1.0020364650956624,0.0006989348413701801,4463.09,4766.18,4504.4944946236565,0.9991879042938635
8.71,3574004,47.4,9.663827956989248,0.9811528384279476,-0.3826462119157147,797.11,417180992,799.27,760.7413118279569,1.003972954224449,0.04478193543447251,1589.78,882424000,1643.92,1547.6766666666667,1.001865620112619,0.00767961574556475,4543.04,4766.18,4505.945440860215,1.0003221107803084
9.14,2931284,47.4,9.51658064516129,0.984763044987627,-0.33122315861243923,801.2,403750016,799.27,763.9273548387096,1.0041880767630418,0.036249226967017156,1609.25,917030976,1643.92,1551.7637849462362,1.0026408088766836,0.008148586195176444,4545.86,4766.18,4507.505913978494,1.0003463142505298
8.91,2864236,47.4,9.363763440860215,0.9839420050121914,-0.28815212443116633,837.64,452811008,801.2,769.3823440860216,1.0071407172589908,0.08481562022179312,1664.58,977635968,1643.92,1559.3847956989246,1.0049111925581846,0.06782970736449734,4488.28,4766.18,4505.329118279569,0.99951707313524
7.93,2119635,47.4,9.15604301075269,0.9778165658050368,-0.4037283008777567,819.11,321206016,837.64,773.4102365591398,1.0052352286273258,0.10681834383010957,1615.79,188436992,1664.58,1563.6098924731182,1.0027094638769387,0.054438350422507,4392.59,4766.18,4496.914903225807,0.9981323861514084
7.4,2786070,47.4,8.924602150537636,0.974722611073009,-0.43154109471172764,788.62,381548992,837.64,775.2381720430108,1.002363474644457,0.029809415894640257,1557.49,876480000,1664.58,1563.9230322580647,1.0002002672063242,0.0528763102223182,4271.78,4766.18,4480.793376344086,0.9964149806637086
6.84,2804533,47.4,8.668258064516127,0.9712766931570092,-0.5214617293769859,799.1,482168992,837.64,777.5818064516128,1.0030231153381235,0.08633321869433064,1518.45,1095500032,1664.58,1561.6789032258064,0.9985650642736439,0.0741932388921751,4131.93,4766.18,4456.044322580645,0.9944766357908621
6.01,3986198,47.4,8.372129032258064,0.9658375385165008,-0.6031343305862011,794.16,487929984,837.64,779.4180860215054,1.0023615258930403,0.11440040469360668,1511.65,1065182016,1664.58,1558.924129032258,0.9982360175399321,0.08234961122078155,4123.34,4766.18,4431.225204301075,0.9944302353201917
5.65,4587944,47.4,8.068817204301075,0.9637712430388591,-0.6949789970019689,796.37,514083008,837.64,781.214064516129,1.0023042556066297,0.1905764636323597,1497.4,1088742016,1664.58,1555.1821505376342,0.9975996404026752,0.10399207405021016,4023.89,4766.18,4400.566344086023,0.9930811775972718
6.25,6143197,47.4,7.8245376344086015,0.9697254797441365,-0.8059186958404283,812.47,429991008,837.64,783.8593118279568,1.0033860723097277,0.23280692616819187,1510.91,913745024,1664.58,1552.2992258064517,0.9981462462579153,0.12628074179184667,3901.36,4766.18,4362.964645161291,0.9914552591678875
6.12,3607132,47.4,7.601655913978495,0.9715150299169143,-0.7654040455342693,835.59,393065984,837.64,787.8067741935484,1.0050359322215439,0.18946258249623127,1559.34,867961984,1664.58,1552.5913548387095,1.0001881911859527,0.0971036199144033,4158.24,4766.18,4343.319806451613,0.9954973646803522
6.54,3419736,47.4,7.43916129032258,0.9786237859889043,-0.7860435469258441,811.86,378230016,837.64,790.0206021505376,1.0028101154109208,0.16928810243903136,1510.43,833420032,1664.58,1549.7279569892473,0.9981557298766747,0.10056482080896534,4108.54,4766.18,4321.430107526882,0.9949601457179793
7.07,3997905,47.4,7.3436129032258055,0.9871560269541312,-0.7538491138137378,788.04,308647008,837.64,790.5703225806453,1.000695830499371,0.18375332317930437,1459.09,750729984,1664.58,1543.6349677419353,0.9960683491448723,0.10328259569250353,3900.86,4766.18,4287.408344086021,0.9921271980352978
8.43,9677036,47.4,7.361096774193548,1.0023808268761092,-0.6356197858295818,763.75,513254016,837.64,789.4916774193547,0.9986356113675383,0.2041457580288243,1393.22,1165408000,1664.58,1533.5058064516131,0.993438111015884,0.11794955828962106,3674.84,4766.18,4240.486344086022,0.9890558593363931
10.11,18158252,47.4,7.506107526881719,1.0196996123181734,-0.5000886989895597,834.12,359881984,837.64,792.9331827956988,1.0043591407924573,0.22993125930600444,1506.72,843795968,1664.58,1531.031505376344,0.9983865068753836,0.13061837633622453,3911.74,4766.18,4211.0484731182805,0.993057902188791
