42.47,588406,67.2,50.19731182795699,0.9865511127453775,-0.36097508410428936,170.73,23348500,196.07,187.70380645161288,0.994117116433736,-0.10596466554708106,196.35,144686160,212.74,201.37427956989248,0.9994706935089136,-0.007893696736374967,2885.57,2929.67,2821.662924731183,1.0026781244776022
39.04,535583,67.2,49.3251182795699,0.9826246960917671,-0.4558779358314421,162.75,29908900,196.07,186.10939784946237,0.991505720463045,-0.11077985713499705,190.64,144686160,212.74,200.88789247311826,0.9975846612694874,-0.020325440951761253,2767.13,2929.67,2821.3453118279567,0.9998874376877399
40.5,424029,67.2,48.59412903225807,0.9851801825761743,-0.39632995092577317,163.58,23698100,196.07,184.61881720430108,0.9919908362372599,-0.1499554793161193,196.77,144686160,212.74,200.8031612903226,0.9995782165776517,-0.012138190286912875,2767.78,2929.67,2821.0371182795698,0.9998907636200735
37.79,582295,67.2,47.723677419354836,0.9820873091001301,-0.49289071484601443,156.78,29632800,196.07,182.72548387096776,0.9897446351243918,-0.1688445726244484,194.76,144686160,212.74,200.56584946236558,0.9988181867933149,0.0073631323165557205,2658.69,2929.67,2813.304795698925,0.9972590496840537
35.13,876404,67.2,46.73034408602152,0.9791857336431818,-0.49427925650296367,163.69,39127100,196.07,181.33967741935484,0.9924159103467389,-0.13622361880981892,197.42,144686160,212.74,200.49432258064516,0.9996433745729288,-0.01099990199190981,2723.06,2929.67,2809.6870537634413,0.9987140597275438
32.63,823047,67.2,45.627483870967744,0.9763994843901936,-0.5186000796764269,166.73,23728100,196.07,180.18984946236554,0.9936592588375996,-0.1766511977028853,204.62,144686160,212.74,200.8731397849462,1.0018894161162528,0.038510893995213014,2781.01,2929.67,2809.5529892473123,0.9999522848938107
30.28,743998,67.2,44.42703225806452,0.9736901641059578,-0.48426051789654767,167.33,23343600,196.07,179.1147096774193,0.9940332943939176,-0.21349667828106833,206.31,144686160,212.74,201.3263440860215,1.002256171738842,0.08115685330310218,2736.27,2929.67,2806.2642795698926,0.9988294544754962
31.57,754210,67.2,43.36705376344085,0.9761411365839936,-0.4679019717294465,165.04,15514800,196.07,177.9352043010753,0.9934148045212574,-0.15400716578475215,203.3,144686160,212.74,201.54286021505374,1.0010754485709021,0.076606839606428,2632.56,2929.67,2796.142387096774,0.996393107895501
32.97,868232,67.2,42.44638709677419,0.9787703662856895,-0.47457387556828223,169.81,22460100,196.07,177.0991397849463,0.9953012979111523,-0.16439009784978909,208.88,144686160,212.74,202.09361290322576,1.0027326827037404,0.04511381961667249,2760.17,2929.67,2794.333720430108,0.9993531564504681
30.76,862342,67.2,41.42847311827958,0.9760188310921762,-0.5438379129775802,163.2,16772300,196.07,175.8696559139785,0.9930576519317894,-0.20856523833265705,209.45,144686160,212.74,202.64731182795697,1.0027398140731758,0.11222419556803831,2633.08,2929.67,2784.117634408602,0.9963439993058762
29.63,884974,67.2,40.385913978494635,0.9748347196671139,-0.5276485561914949,160.62,20388200,196.07,174.52664516129033,0.9923636016360602,-0.23034372761533028,205.65,144686160,212.74,202.92344086021507,1.0013626089078966,0.13467003665096877,2599.95,2929.67,2771.9676559139784,0.9956359679833698
29.14,1527654,67.2,39.36243010752689,0.9746574047695752,-0.5255969061076747,147.64,36589000,196.07,172.40120430107527,0.9878216827106783,-0.20961395510050607,192.56,144686160,212.74,202.31741935483876,0.9970135460802,0.11530570757699388,2416.62,2929.67,2748.2329892473126,0.9914376105305457
30.92,680205,67.2,38.506494623655904,0.9782550141967146,-0.4156314205872209,153.4,17096700,196.07,170.72989247311827,0.9903056835668138,-0.14605282943045017,192.3,144686160,212.74,201.693247311828,0.9969148872845396,0.07650766511439044,2485.74,2929.67,2729.6129677419353,0.9932247296432909
32.44,637629,67.2,37.794279569892474,0.9815040278081846,-0.41467083860739284,153.01,20095700,196.07,169.09651612903227,0.9904329797176954,-0.16874805442165763,190.84,144686160,212.74,200.98096774193547,0.9964685006593637,0.05587624212098008,2531.94,2929.67,2714.508817204301,0.9944665596492498
36.31,852352,67.2,37.378,0.9889856461181472,-0.3032719966310937,163.78,16616500,196.07,168.24116129032254,0.994941617614067,-0.1695964475596885,198.42,144686160,212.74,200.77174193548385,0.9989589770175638,0.08351775396990979,2596.26,2929.67,2704.085720430108,0.996160227328004
38.58,663059,67.2,37.147182795698924,0.9938247845176019,-0.253924946164264,172.26,14980700,196.07,167.99606451612902,0.9985431818687309,-0.12045729248203618,202.59,144686160,212.74,200.8241935483871,1.000261249976703,0.044567770393725836,2670.71,2929.67,2698.860258064516,0.9980675677822962
38.37,808937,67.2,36.93823655913978,0.9943751794662787,-0.20752825484183035,171.95,16586000,196.07,167.77509677419354,0.9986846850099024,-0.11423595635322237,205.63,144686160,212.74,201.06675268817207,1.001207818318596,0.03819586947173803,2664.76,2929.67,2693.4319354838713,0.9979886611155859
41.37,1147672,67.2,36.95311827956989,1.0004028811826544,-0.20752055507591594,176.33,16579900,196.07,167.87587096774195,1.0006006504867884,-0.12068474952924102,211.56,144686160,212.74,201.68387096774194,1.003069220899623,0.049098949938290115,2706.53,2929.67,2690.8137419354844,0.9990279340220578
39.55,777188,67.2,36.879999999999995,0.9980213231528469,-0.3398441900967728,178.8,13080400,196.07,168.17391397849465,1.0017753773013036,-0.1343439712082215,214.5,144686160,212.74,202.4775053763441,1.0039350415320476,0.08626801979169663,2707.88,2929.67,2688.397247311828,0.9991019465279234
40.8,445716,67.2,36.92301075268817,1.0011662351596577,-0.3483156906278875,190.5,25446000,196.07,169.2608817204301,1.0064633552030813,-0.10759820365240214,216.78,144686160,214.5,203.3950537634408,1.0045316065376806,0.09028918809183761,2775.6,2929.67,2690.5507096774195,1.0008010208936737
40.11,634093,67.2,36.95333333333333,1.0008212380308925,-0.35203194005699534,192.27,15411600,196.07,170.4732688172043,1.0071628310360379,-0.10382949498190774,217.15,144686160,216.78,204.3015698924731,1.0044569231761487,0.0937255930880403,2792.67,2929.67,2693.861870967742,1.001230663030588
39.24,649296,67.2,36.95008602150538,0.999912123980842,-0.35148664683397335,198.32,41370800,196.07,172.08415053763446,1.0094494681283872,-0.02350553387180576,214.47,144686160,217.15,204.9988172043011,1.003412833842613,0.04964490811956135,2803.69,2929.67,2697.9402365591395,1.001513947554383
39.25,532066,67.2,36.971161290322584,1.0005703713059,-0.3943327001697656,194.7,28642200,198.32,173.45591397849464,1.0079714688225176,-0.023885663721996186,215.45,144686160,217.15,205.74294623655913,1.003629918662001,0.09290812514980062,2743.07,2929.67,2698.18647311828,1.0000912683519834
38.09,889026,67.2,36.937290322580644,0.9990838543729811,-0.3859092648382001,197.06,23594300,198.32,174.9649247311828,1.0086996788871394,-0.012617901012224042,220.13,144686160,217.15,206.76234408602153,1.004954715911817,0.06325735666753451,2822.48,2929.67,2703.749935483871,1.0020619265647572
36.82,792433,67.2,36.8447311827957,0.9974941545799215,-0.4656532907746872,189.87,25070200,198.32,175.9933978494624,1.0058781674090378,-0.07621387371572019,222.16,144686160,220.13,207.88864516129033,1.0054473220462243,0.10058133712286899,2800.71,2929.67,2707.9683440860217,1.0015602066399665
38.54,468487,67.2,36.890408602150536,1.0012397273066866,-0.383536851041104,192.95,26388100,198.32,177.22113978494625,1.0069760681394082,-0.07673985025227337,224.36,144686160,222.16,209.1236129032258,1.00594052523156,0.09940632849480457,2834.4,2929.67,2714.519397849463,1.002419176641318
41.37,354048,67.2,37.14169892473118,1.0068118064316045,-0.35583694902478713,199.55,22615900,198.32,178.8748817204301,1.00933151619209,-0.019853071140897294,226.47,144686160,224.36,210.46051612903224,1.00639288508479,0.09256917926408303,2892.74,2929.67,2724.9786666666664,1.0038530831002679
41.38,394937,67.2,37.40778494623655,1.0071640778211197,-0.3037110084179254,201.79,16231600,199.55,180.64133333333334,1.009875347482628,-0.022864087245858533,227.15,144686160,226.47,211.7970537634409,1.0063505386140421,0.10065705600566233,2907.41,2929.67,2736.3390967741934,1.0041689978150998
40.96,340348,67.2,37.65681720430108,1.0066572307989483,-0.2312872279995809,198.74,11660900,201.79,182.179376344086,1.0085143470897358,0.019833909639479508,219.86,144686160,227.15,212.61825806451614,1.0038773169243065,0.07875761422881011,2905.03,2929.67,2747.540752688172,1.0040936651189114
43.27,484341,67.2,38.060559139784935,1.0107216160434755,-0.22139573737650042,201.18,18626200,201.79,183.8394838709677,1.00911248880195,0.012207876302722909,222.81,144686160,227.15,213.59870967741938,1.0046113237020582,0.09489661405723315,2939.88,2929.67,2761.043784946237,1.0049145885260677
40.01,1223053,67.2,38.256301075268816,1.0051429075112897,-0.22441560554795947,200.51,35570900,201.79,185.4113978494624,1.0085504699284185,0.028667336329589288,224.97,144686160,227.15,214.67346236559143,1.0050316441040077,0.12494274472817213,2945.64,2939.88,2774.8627311827954,1.0050049717834617
37.32,805437,67.2,38.28378494623656,1.000718414227075,-0.19510900228818606,192.13,39191600,201.79,186.37862365591394,1.0052166469681483,0.008942332174974643,223.35,144686160,227.15,215.58215053763445,1.0042328854346025,0.1302844473633562,2881.4,2945.64,2784.407978494624,1.0034398989198863
33.51,1303780,67.2,38.06916129032258,0.9943938757305376,-0.27497053171202257,192.18,24356600,201.79,187.28589247311825,1.0048678802290079,0.024306922863668756,226.39,144686160,227.15,216.61662365591397,1.0047985100607804,0.11738176589165072,2859.53,2945.64,2792.2965161290326,1.002833111273684
32.12,1129801,67.2,37.77989247311828,0.9924014922472737,-0.2954942384950324,192.41,28556600,201.79,188.1464946236559,1.004595125341121,0.06172405897900424,227.0,144686160,227.15,217.62675268817205,1.004663211046363,0.10258501593167835,2826.06,2945.64,2797.828387096774,1.001981118744298
29.62,662821,67.2,37.341526881720426,0.988396854445529,-0.33960599525652335,186.12,27396100,201.79,188.52466666666663,1.0020099871845456,-0.0030800775541786063,225.08,144686160,227.15,218.44367741935483,1.0037537881767382,0.12945760157076225,2752.06,2945.64,2798.2261290322585,1.0001421609478691
32.15,1716686,67.2,37.07823655913979,0.9929491281003422,-0.1688523431979122,198.29,47137300,201.79,189.6397634408602,1.0059148587498377,0.06046390867218676,230.98,144686160,227.15,219.58176344086024,1.0052099746486165,0.09562399357682616,2873.34,2945.64,2806.386021505376,1.0029160947317504
31.64,1153116,67.2,36.78307526881721,0.9920395003184199,-0.15380160094771522,200.55,21517900,201.79,190.83279569892477,1.0062910448548235,0.07279673113021223,232.25,144686160,230.98,220.74509677419354,1.005297950590722,0.07065449112557065,2886.98,2945.64,2815.2273548387097,1.0031504337840849
30.75,1463181,67.2,36.427569892473116,0.990335082813332,-0.18045595044654328,206.67,22973400,201.79,192.3492258064516,1.0079463810293872,0.09970867859189125,234.31,337745984,232.25,221.98554838709677,1.0056193846705104,0.031776220367103036,2950.46,2945.64,2827.840064516129,1.0044801744540246
30.76,1109839,67.2,36.07447311827957,0.9903068808807226,-0.21358178793381954,205.65,35998800,206.67,193.71032258064514,1.007076174954627,0.11995447871526754,227.91,303814016,234.31,222.74640860215058,1.0034275213885862,0.025315514622156643,2941.76,2950.46,2839.2078279569896,1.0040199456763852
31.7,551048,67.2,35.78677419354838,0.9920248613531265,-0.14537763862126396,208.89,20595200,206.67,195.20337634408602,1.007707662366931,0.1653296711976746,233.46,176828000,234.31,223.82440860215056,1.0048395842014468,-0.021074428064828066,2990.41,2950.46,2853.323784946237,1.0049717941921161
30.63,1237884,67.2,35.42802150537634,0.989975271695857,-0.1216729708255524,212.07,24300700,208.89,196.80333333333334,1.0081963591983525,0.18732830595083727,233.0,231358000,234.31,224.8210967741935,1.0044529914242488,-0.02617165013370837,3013.77,2990.41,2868.1783870967743,1.0052060695771394
28.87,861542,67.2,34.95356989247312,0.986608012732768,-0.2292864693332607,210.7,28243500,212.07,198.20425806451613,1.0071183994064266,0.24478724228090742,227.67,211938000,234.31,225.4150967741936,1.002642100801584,-0.04939169528607534,2976.61,3013.77,2879.745634408602,1.004032959513211
30.05,2193944,67.2,34.55582795698925,0.988620849409447,-0.28558566545055986,221.44,80477504,212.07,200.16247311827956,1.009879782971797,0.2508785775159821,229.35,217494000,234.31,226.04197849462363,1.002781010364439,-0.024619700663379707,3025.86,3013.77,2893.2860215053765,1.0047019385792229
28.23,1545881,67.2,34.04253763440861,0.9851460563115572,-0.3519032532924835,215.86,37893200,221.44,201.61436559139787,1.0072535698150589,0.18433742910429363,234.05,296059008,234.31,226.89240860215054,1.0037622662533328,0.0683949660437766,2932.05,3025.86,2899.612602150538,1.002186641969766
26.86,1632131,67.2,33.44991397849462,0.982591672152108,-0.5390931108709864,221.46,39164500,221.44,203.2923870967742,1.0083229262977078,0.1517967274229879,238.18,295297984,234.31,227.9163655913978,1.0045129627542662,0.07620825142135179,2918.65,3025.86,2904.214215053764,1.0015869750668807
26.1,1266361,67.2,32.828580645161296,0.9814249646880172,-0.6266112882792932,214.69,26612200,221.46,204.40959139784945,1.0054955540491706,0.06733153107178458,238.85,241863008,238.18,228.89804301075267,1.004307182666798,0.09736717950482077,2888.68,3025.86,2906.1889677419354,1.0006799610985773
26.16,1408740,67.2,32.23795698924731,0.9820088580040075,-0.6511854338682189,208.54,19771500,221.46,205.0387741935484,1.0030780492803508,0.05459765580870002,238.16,216763008,238.85,229.7572258064516,1.003753561124411,0.08976658359601308,2847.11,3025.86,2905.0130322580644,0.9995953685404069
25.67,603217,67.2,31.641978494623654,0.9815131431925901,-0.7022710881735775,214.48,29544700,221.46,205.9724946236559,1.004553872474999,0.07039237660672426,242.44,217952000,238.85,230.82258064516128,1.0046368719633094,0.06470429100941022,2926.46,3025.86,2908.564301075269,1.0012224622670434
25.81,481838,67.2,31.088795698924734,0.9825174397424955,-0.6029286355830187,217.87,18800900,221.46,207.0428817204301,1.0051967477440615,0.072171977910233,245.89,215920992,242.44,232.04410752688167,1.0052920597209605,0.046324816051834805,2978.71,3025.86,2915.0135698924737,1.0022173375416938
27.25,685916,67.2,30.65806451612903,0.9861451312888714,-0.5376580206138604,211.92,29081900,221.46,207.64537634408603,1.0029099992168264,0.014876593927004578,237.93,321752000,245.89,232.68458064516133,1.0027601352393982,0.01405447921544134,3007.39,3025.86,2922.730731182796,1.0026473843449746
28.47,1014991,67.2,30.335182795698927,0.9894682940516275,-0.44838974520902763,214.4,30953200,221.46,208.3618064516129,1.0034502579356241,-0.0031146573528779697,242.82,309553984,245.89,233.5950537634409,1.0039129069737027,0.04681201280466962,2992.07,3025.86,2928.961032258065,1.0021316712514081
31.99,1355441,67.2,30.264430107526884,0.9976676360037602,-0.33093985051527186,210.8,9233300,221.46,208.7983870967742,1.0020953007299958,-0.07112278223570279,243.22,249888992,245.89,234.47612903225806,1.0037718061860565,0.07766141069055532,2961.79,3025.86,2932.808967741935,1.0013137544137634
30.41,1167846,67.2,30.10733333333333,0.994809194369912,-0.3282411840479993,207.59,10847700,221.46,209.0010322580645,1.0009705303001042,-0.06686590088732247,244.12,267530000,245.89,235.3534408602151,1.0037415827000298,0.056900187392036505,2952.01,3025.86,2935.6859354838707,1.0009809598148327
31.03,583542,67.2,30.009247311827956,0.996742121913641,-0.2932955275077922,215.61,11045000,221.46,209.693376344086,1.0033126347680743,-0.008214845818135696,242.66,227559008,245.89,236.07490322580645,1.003065442183273,0.049986859398924555,2970.27,3025.86,2939.291634408602,1.001228230472868
31.96,594582,67.2,29.9863440860215,0.999236794393126,-0.2642634799839729,212.73,9491000,221.46,210.1600215053763,1.0022253691052434,0.008496834793944474,247.02,217976000,245.89,237.0292043010753,1.004042365631539,0.04567169774470248,2986.2,3025.86,2943.607247311829,1.0014682493062976
33.85,495217,67.2,30.095827956989247,1.003651124346925,-0.2853032569414975,210.1,9136000,221.46,210.40782795698928,1.0011791322147663,5.267928385377374e-05,244.29,232368992,247.02,237.75391397849464,1.0030574699837358,0.022449559161275,3022.55,3025.86,2949.86911827957,1.0021272780101556
36.98,749121,67.2,30.41733333333333,1.0106827224292867,-0.20578508119793326,211.6,8441400,221.46,210.71552688172042,1.001462392952386,-0.010484445745409854,242.52,333782016,247.02,238.32156989247312,1.0023875775775024,0.010660962261539897,3066.91,3025.86,2958.588301075269,1.002955786323423
37.3,750697,67.2,30.7689247311828,1.0115589158982643,-0.1948142557846978,214.62,12177400,221.46,211.19215053763443,1.0022619294504176,0.03514159324017019,233.61,311184992,247.02,238.27987096774194,0.9998250308406831,-0.03542160490928259,3093.08,3066.91,2968.621311827956,1.0033911479840032
37.7,351158,67.2,31.155096774193545,1.0125507162302418,-0.18039939288431417,223.19,9539900,221.46,212.19408602150534,1.0047441890303228,0.04001768953924878,238.11,252239008,247.02,238.51460215053763,1.000985107058529,0.008849786475884969,3120.46,3093.08,2980.0214838709676,1.003840224415822
37.13,525066,67.2,31.51150537634408,1.0114398168856196,-0.211242551687996,222.61,11129100,223.19,213.10602150537636,1.0042976479739336,0.05091360595483829,235.2,243356992,247.02,238.5223440860215,1.0000324589581269,-0.002357033891000837,3110.29,3120.46,2990.30223655914,1.0034498921379646
38.35,405653,67.2,31.959827956989248,1.0142272663679763,-0.14238019002212554,229.64,8562700,223.19,214.42541935483877,1.0061912743719872,0.08544933759802387,238.43,239732000,247.02,238.71182795698925,1.0007944072145267,-0.006484760833906034,3140.98,3120.46,3002.1965161290314,1.0039776178556379
38.9,908867,67.2,32.44720430107527,1.0152496548085903,0.027683012934479168,229.02,9016700,229.64,215.64217204301076,1.0056744796947719,0.12735352135173672,237.79,264936000,247.02,238.83107526881722,1.0004995450491436,-0.027147233775263624,3145.91,3140.98,3013.9887741935486,1.0039278768065862
38.45,1200325,67.2,32.90215053763441,1.0140211228165525,0.17056067494845317,227.03,9137700,229.64,216.65120430107527,1.0046791972484086,0.15784113886303985,231.71,300516000,247.02,238.52701075268814,0.9987268636805875,-0.08465486604913264,3168.8,3145.91,3026.6889677419354,1.0042137494529273
38.23,1119238,67.2,33.33227956989247,1.0130729762410535,0.2863312153633122,235.25,14976200,229.64,218.1156129032258,1.0067592913082333,0.17472003502066413,237.88,408328000,247.02,238.60956989247308,1.0003461207161588,-0.09189766447152126,3221.22,3168.8,3042.106,1.0050936955935603
38.31,422981,67.2,33.754430107526886,1.0126649165038122,0.3922598847994492,234.93,4215300,235.25,219.46724731182795,1.0061968714234217,0.19991676861480134,239.11,103785000,247.02,238.74808602150543,1.0005805137199433,-0.11497378823121407,3240.02,3221.22,3057.8861290322575,1.0051872383908573
37.81,567152,67.2,34.125634408602146,1.0109972024381026,0.2652749756636167,239.74,5755200,235.25,221.02423655913978,1.0070944036815643,0.17405588497734947,239.06,197159008,247.02,238.85320430107524,1.00044028951738,-0.09083386965929674,3234.85,3240.02,3072.2833333333333,1.004708221200386
37.44,534830,67.2,34.460795698924734,1.009821393686328,0.2721320314047988,241.02,7669900,239.74,222.57466666666667,1.0070147515569499,0.16928699037818218,239.8,253160992,247.02,238.98868817204306,1.0005672265162373,-0.09855275853721368,3265.35,3240.02,3087.870838709677,1.005073589797928
38.31,302861,67.2,34.83961290322581,1.0109927004475088,0.3459060419834161,243.32,7869400,241.02,224.18645161290326,1.0072415471642622,0.1287250346891644,245.7,262259008,247.02,239.48858064516133,1.0020916993056943,-0.07989796017027717,3329.62,3265.35,3106.7910967741936,1.0061272828601933
38.33,353912,67.2,35.20346236559139,1.0104435564016239,0.3274277792941619,242.5,6783500,243.32,225.6665161290323,1.006601935600839,0.09029320152448617,248.17,196259008,247.02,240.12333333333333,1.0026504507499356,-0.03134280571967807,3295.47,3329.62,3122.692731182796,1.005118346845114
38.28,374705,67.2,35.5478064516129,1.0097815403054808,0.30944184895556504,243.41,8377300,243.32,227.1260430107527,1.0064676271285453,0.12173520771926882,243.62,304017984,248.17,240.42096774193547,1.0012395064006085,-0.03510209375597739,3225.52,3329.62,3133.320795698925,1.0034034935330007
39.09,386325,67.2,35.93025806451614,1.0107587964231723,0.35035520951901955,250.94,8812500,243.41,228.99713978494623,1.0082381427923919,0.1198550604090356,247.78,270267008,248.17,240.9651397849462,1.002263413412406,-0.04073505670488897,3327.71,3329.62,3150.0361505376345,1.0053347090606408
38.16,458285,67.2,36.23451612903226,1.0084680177907377,0.3907509976937581,261.39,9056900,250.94,231.45883870967742,1.0107499112305203,0.09984901835350724,259.71,264572000,248.17,242.24720430107527,1.0053205393828888,0.00515631442036657,3380.16,3329.62,3169.4602365591404,1.0061663057480121
33.84,1007331,67.2,36.24008602150538,1.000153717865399,0.1923589924170539,254.57,6305500,261.39,233.37152688172046,1.0082636212239973,0.01723753222855251,259.71,250855008,259.71,243.46036559139787,1.0050079475378169,0.029299272406151378,3337.75,3380.16,3185.2803440860216,1.0049914200987282
29.15,830031,67.2,35.9349247311828,0.9915794545812752,0.11041302176007406,233.12,17545200,261.39,233.82909677419357,1.0019606928856621,0.10709018776025903,227.7,502016000,259.71,242.54307526881718,0.9962322806821041,-0.03469221752200258,2954.22,3380.16,3175.6858494623652,0.9969878649326832
27.68,872518,67.2,35.53294623655915,0.9888137098482683,0.09173226610709029,236.75,14678100,261.39,234.48374193548386,1.0027996736519171,0.06761432160711589,238.52,472215008,259.71,242.3375053763441,0.9991524396553262,-0.016978277977913292,2972.37,3380.16,3167.2146451612903,0.9973324803829355
27.35,1095693,67.2,35.10791397849462,0.9880383614903506,0.09541227457630874,214.31,22238700,261.39,233.6577634408602,0.9964774594272258,0.0851883481109259,218.08,680665024,259.71,240.8124946236559,0.993707079098962,-0.025456202670220196,2711.02,3380.16,3141.766623655914,0.9919651730758904
17.7,1717895,67.2,34.0576129032258,0.9700836376689261,-0.28136018840347266,166.2,26868900,261.39,229.72873118279574,0.9831846706045403,0.09177122025551931,167.95,778184000,259.71,236.09795698924728,0.9804223711822904,-0.10436660065528536,2304.92,3380.16,3090.5006666666673,0.9836824426730999
22.15,1039354,67.2,33.31260215053763,0.978124986187226,-0.02524220801226329,181.24,21533100,261.39,226.8610752688172,0.9875172082341901,0.04552373202418458,193.83,634564992,259.71,233.20408602150536,0.9877429224519986,-0.06894836945424054,2541.47,3380.16,3055.6620000000003,0.9887271771067945
16.7,848981,67.2,32.22354838709678,0.9673080548160278,-0.22598069417958655,163.32,19133800,261.39,222.90877419354842,0.9825783199229505,0.009859651769971278,181.9,563251968,259.71,229.64507526881724,0.9847386432484724,-0.0957174347459322,2488.65,3380.16,3018.2435268817203,0.9877543808450411
24.05,745166,67.2,31.628279569892474,0.9815269004501482,0.0016266231852739566,203.22,17052400,261.39,221.64797849462366,0.9943438938037045,0.03220361261406246,220.5,449713984,259.71,228.71400000000003,0.9959455900905895,-0.0009117170672314767,2789.82,3380.16,3001.3092688172046,0.9943893665591619
22.8,724876,67.2,30.95924731182796,0.9788470233865841,-0.09404337101254912,200.25,13679700,261.39,220.21427956989248,0.9935316399704229,0.0510021127682565,214.41,409784992,259.71,227.42750537634407,0.9943750945562757,-0.07772643331551998,2874.56,3380.16,2990.31,0.9963351764739862
22.86,643797,67.2,30.306279569892475,0.9789087978994238,-0.09283947856620145,185.22,14382300,261.39,217.84133333333338,0.9892243761794477,0.03546551353152905,205.08,385428000,259.71,225.60017204301073,0.9919652052186498,-0.11459167283466298,2836.74,3380.16,2977.123440860215,0.9955902367514455
24.67,738458,67.2,29.78972043010753,0.9829553760106498,0.037364603033219757,189.32,14553600,261.39,215.78791397849463,0.9905737844906748,0.07719561682170795,203.79,453276992,259.71,223.77163440860215,0.991894786170376,-0.12411498986027625,2830.71,3380.16,2963.816774193548,0.9955303611250926
26.33,768734,67.2,29.392602150537634,0.9866692847789018,0.08512180454665685,198.81,13301800,261.39,214.38604301075267,0.9935034778273928,0.07002516093171751,206.76,410900992,259.71,222.22144086021507,0.9930724305049474,-0.13431860083713965,2929.8,3380.16,2957.1638709677422,0.9977552919992444
22.47,794878,67.2,28.756559139784944,0.9783604388786293,-0.044389478546093764,184.54,16411100,261.39,212.09965591397852,0.9893351868215625,0.0912316699132063,191.75,574044992,259.71,219.78006451612902,0.9890137678226029,-0.18272503032205778,2863.7,3380.16,2946.333483870968,0.9963375762827679
25.5,668183,67.2,28.336408602150538,0.985389401576452,0.10545421329848736,194.59,17086200,261.39,210.52227956989248,0.9925630414755326,0.09740892454873495,202.46,435238016,259.71,218.14851612903226,0.9925764495943306,-0.14903111589387774,2955.45,3380.16,2941.685892473118,0.998422584740223
27.99,658692,67.2,28.094860215053764,0.9914756880277891,0.14691440111573817,201.65,17774500,261.39,209.43374193548385,0.9948293471045794,0.06946255402084045,214.27,503536000,259.71,217.36886021505373,0.996426031550371,-0.10911625782605161,3044.31,3380.16,2942.9155053763443,1.0004179959887534
33.11,689153,67.2,28.20296774193548,1.0038479467793824,0.25357604306188175,222.88,16674500,261.39,209.73627956989247,1.0014445505848901,0.056465309947140385,229.41,535400000,259.71,217.6267311827957,1.0011863289317837,-0.05058372334949324,3193.93,3380.16,2953.846623655914,1.0037143840044336
31.85,804315,67.2,28.23879569892473,1.0012703612370544,0.17619266216373797,210.45,14051500,261.39,209.21911827956993,0.9975342306472533,0.019773824517973715,219.81,494808992,259.71,217.27427956989246,0.9983804764654246,-0.05149038492127289,3041.31,3380.16,2954.71440860215,1.000293781315281
32.25,630283,67.2,28.31301075268817,1.0026281238957464,0.14245628554958123,215.48,14037600,261.39,209.05387096774191,0.9992101710723816,0.04063245542141192,218.11,591840000,259.71,216.85150537634408,0.9980541912536298,-0.06862657110434578,3097.74,3380.16,2959.393053763441,1.001583450890438
30.92,683950,67.2,28.311913978494623,0.9999612625374557,0.08461202234838705,205.08,20940500,261.39,208.2329892473118,0.9960733483832175,0.014595098869460421,209.45,475236992,259.71,215.9067741935484,0.9956434188402054,-0.07954229317050243,3009.05,3380.16,2958.376752688172,0.9996565846250208
31.15,387394,67.2,28.34163440860215,1.0010497499437905,0.018569255352456238,215.06,10759100,261.39,208.10879569892475,0.9994035837028707,0.008770012870935817,221.21,308151008,259.71,215.7830752688172,0.9994270725168619,-0.0646712064863404,3130.01,3380.16,2965.448043010753,1.002390260238543
30.6,409024,67.2,28.352537634408602,1.0003847070232175,-0.024164959638197647,212.91,12679200,261.39,207.87591397849465,0.9988809616640759,-9.093221119516048e-05,217.32,340264000,259.71,215.44406451612903,0.998428927976553,-0.06722845987556958,3185.04,3380.16,2976.103849462366,1.0035933209070136
31.62,374986,67.2,28.446129032258067,1.0033009884002722,-0.057987064567973534,211.69,13335100,261.39,207.59468817204302,0.9986471457848612,-0.013928835067538725,217.37,323656992,259.71,215.13922580645163,0.9985850679601592,-0.08730959209163935,3224.73,3380.16,2989.2853763440853,1.004429121948853
32.63,446521,67.2,28.619096774193544,1.0060805370649668,0.007820330452034119,206.93,11435400,261.39,207.05703225806445,0.9974100690209713,-0.02236707352472045,215.96,314783008,259.71,214.78752688172042,0.998365249649789,-0.0892896330826567,3215.63,3380.16,3001.8722580645153,1.0042106658066297
32.37,418940,67.2,28.78750537634409,1.0058844834789615,-0.026131745428269237,231.82,18197400,261.39,208.18539784946242,1.0054495400571164,0.026530847219795817,224.82,403376000,259.71,215.0572258064516,1.0012556545002713,-0.07077890240208118,3271.12,3380.16,3018.0915913978497,1.0054030724624479
34.78,466651,67.2,29.123096774193545,1.0116575366104916,0.02845359199664166,228.06,21030500,261.39,209.08821505376346,1.0043366019597295,0.002400338594335194,226.33,350924000,259.71,215.45496774193552,1.0018494702235297,-0.08248751872419657,3351.28,3380.16,3039.4045376344084,1.00706172943767
35.56,388364,67.2,29.514731182795703,1.013447553728187,0.03680597401647623,232.42,15006500,261.39,210.30019354838714,1.0057964935723998,0.050766720386973496,222.22,312833984,259.71,215.6165161290323,1.0007498011709355,-0.10854715914212176,3372.85,3380.16,3061.9243010752693,1.0074092682175135
35.78,401898,67.2,29.926473118279567,1.0139503874500428,0.10795605720733004,230.47,10829200,261.39,211.4098064516129,1.0052763284926338,0.05479599160701698,222.26,269006016,259.71,215.83113978494626,1.0009953952497104,-0.13526174949102765,3397.16,3380.16,3085.9194838709677,1.0078366348858696
35.86,357329,67.2,30.348860215053758,1.0141141622370526,0.13853707958729256,240.11,11213400,261.39,213.16722580645163,1.0083128563633634,0.05675705176836765,226.49,259967008,259.71,216.3743870967742,1.0025170015428229,-0.15789410117843572,3508.01,3397.16,3116.8475913978496,1.0100223313305912
34.54,494028,67.2,30.691290322580652,1.0112831290895412,0.09390420051052883,235.68,14496300,261.39,214.64593548387097,1.006936852847923,0.03338511527916643,224.44,324107008,259.71,216.82221505376347,1.00206969023921,-0.12402177991262142,3426.96,3508.01,3141.9391612903223,1.0080503037625974
34.31,253878,67.2,31.028666666666663,1.0109925760872227,0.12660342055031792,226.0,11739600,261.39,215.53294623655916,1.0041324367530586,0.016046582040144086,220.38,271844000,259.71,217.0583010752688,1.0010888460919318,-0.13984401682174696,3340.97,3508.01,3161.2695483870975,1.0061523747292538
33.4,582919,67.2,31.315612903225812,1.0092477785024327,0.1991660327042788,236.24,20004000,261.39,217.15670967741934,1.007533713379847,0.080589506051851,220.08,404430016,259.71,217.35961290322578,1.0013881608142345,-0.14711653380167644,3319.47,3508.01,3179.29711827957,1.0057026361139214
31.82,452250,67.2,31.50156989247312,1.0059381558273175,0.2864220641725542,233.38,10753300,261.39,218.635376344086,1.0068092147319012,0.05530942048578047,215.36,365492992,259.71,217.44163440860217,1.0003773539356315,-0.17071895072250065,3298.46,3508.01,3196.0085161290317,1.0052563183709313
34.47,347352,67.2,31.852752688172053,1.0111481045832844,0.5154325930287526,239.48,10716300,261.39,220.50703225806453,1.0085606270370122,0.06465038628742092,225.85,325193984,259.71,218.2269677419355,1.0036116971594207,-0.17964116896007398,3348.44,3508.01,3215.2041290322577,1.0060061206991011
36.05,394317,67.2,32.2912688172043,1.013766977483082,0.6331333116643475,247.25,10472500,261.39,222.87410752688172,1.0107346928783973,0.10385848646373286,228.95,302528000,259.71,219.23954838709676,1.0046400344358846,-0.23274696037903797,3477.13,3508.01,3241.893569892472,1.0083010097614697
36.07,399646,67.2,32.71236559139785,1.0130405768995114,1.3691460135231226,243.39,7416700,261.39,224.921311827957,1.0091854739152613,0.13273456837226982,223.66,253260992,259.71,219.88746236559143,1.0029552787499392,-0.17976091057881072,3483.81,3508.01,3267.366430107527,1.0078574017517483
35.08,229459,67.2,33.03008602150538,1.0097125482784126,0.864377672418689,234.22,8559500,261.39,226.2109032258065,1.0057335224811241,0.15333180346189312,220.77,261872992,259.71,220.22911827956992,1.0015537762376394,-0.2245498648758002,3465.39,3508.01,3289.1156559139777,1.006656500356385
32.34,352276,67.2,33.14322580645161,1.003425355443294,1.1799966356100025,240.56,15009300,261.39,227.79559139784945,1.0070053571664541,0.31042969434266476,211.46,351683008,259.71,219.91219354838708,0.9985609317529913,-0.15144245805036793,3269.96,3508.01,3296.2695698924726,1.0021750265806653
32.01,352021,67.2,33.20144086021505,1.0017564691531053,0.5467646856684287,257.74,11147100,261.39,230.32255913978497,1.0110931371692884,0.2671922456611817,220.74,379760992,259.71,220.13040860215048,1.0009922826480988,-0.2568565216481673,3509.44,3508.01,3317.1935698924735,1.0063477818049582
31.09,737660,67.2,33.183182795698926,0.9994500821638135,0.579408457040036,271.89,15704900,261.39,233.64518279569896,1.0144259583964481,0.27478093267702497,232.2,588574016,259.71,221.08746236559142,1.0043476672283413,-0.16422769510092938,3585.15,3509.44,3341.454516129033,1.007313696269267
30.1,986131,67.2,33.083225806451615,0.9969877214653362,0.4414733480720763,268.14,11181500,271.89,236.5718064516129,1.0125259319318944,0.3334357371358363,228.51,402121984,259.71,221.76819354838713,1.0030790130544356,-0.13984639044102076,3557.54,3585.15,3362.4060215053764,1.0062701752411147
32.07,627334,67.2,33.094795698924734,1.000349720808388,0.38458082141963246,271.45,7465900,271.89,239.5336559139785,1.0125198750721438,0.3166853823613205,227.66,267951008,259.71,222.3436989247312,1.0025950762692148,-0.16818319926012348,3638.35,3585.15,3387.0209677419343,1.0073206347119072
32.41,483824,67.2,33.11238709677419,1.0005315457454245,0.34631893593477603,282.22,19520900,271.89,243.01372043010755,1.0145284991491084,0.30327622890732653,230.8,397923008,259.71,223.0704516129032,1.0032686003322182,-0.14631440517551586,3699.12,3638.35,3413.8196989247317,1.0079121834314075
33.12,405565,67.2,33.16270967741936,1.0015197509167217,0.5504253372106318,275.88,15898000,282.22,245.90537634408605,1.0118991467183853,0.32599042914274734,224.15,343294016,259.71,223.3164731182796,1.0011028870188656,-0.11030505069093288,3663.46,3699.12,3436.663333333334,1.0066915175443498
37.74,1158454,67.2,33.488193548387095,1.009814755010486,0.4026013847675567,281.34,20173800,282.22,248.95286021505376,1.0123929127385303,0.3363554179069972,224.62,654913024,259.71,223.52313978494627,1.0009254429992598,-0.1456546398799412,3709.41,3699.12,3460.7515698924735,1.0070091929941172
37.52,340705,67.2,33.77316129032258,1.0085094987737613,0.2595426994767107,282.36,7231600,282.22,251.87959139784948,1.0117561661282684,0.35521131835642006,223.92,190132000,259.71,223.63698924731185,1.0005093408336834,-0.17135065699551966,3703.06,3709.41,3482.808709677419,1.0063735114582728
36.33,362106,67.2,33.96086021505376,1.00555763563611,0.05369993133603512,283.88,4774300,282.36,254.73081720430105,1.0113197968546328,0.2802719798748391,227.9,160008992,259.71,223.98686021505375,1.0015644593004023,-0.1825847068548524,3756.07,3709.41,3506.869182795699,1.0069083533216812
38.21,514521,67.2,34.262924731182785,1.0088944895452068,0.18130131406349426,283.24,13809500,283.88,257.4095698924731,1.010516013404156,0.33555078005390704,222.08,355628000,259.71,223.9644946236559,0.9999001477525227,-0.24724940418353358,3824.68,3756.07,3534.1472043010754,1.0077784542517865
38.38,341511,67.2,34.562279569892475,1.0087369902323968,0.2598642403083248,272.9,9867700,283.88,259.26468817204307,1.0072068737784106,0.22938347094229905,226.2,326383008,259.71,224.20305376344086,1.001065164994951,-0.17935997249114655,3768.25,3824.68,3556.099913978494,1.0062116002555588
39.66,376909,67.2,34.93103225806452,1.010669223580185,0.3858849237292784,286.43,8257700,283.88,261.8692258064516,1.0100458633714138,0.3017592142628094,229.33,245619008,259.71,224.62615053763443,1.0018871142345813,-0.18172355203047053,3841.47,3824.68,3581.3345376344087,1.0070961514767123
36.22,439686,67.2,35.05905376344086,1.003664979163242,0.3056820486042704,276.63,13149800,286.43,263.6665591397849,1.0068634767136087,0.2511672031770109,228.98,436191008,259.71,224.98391397849463,1.0015927061030245,-0.15152936138762163,3714.24,3841.47,3596.570623655914,1.0042543040482248
38.28,363502,67.2,35.30907526881721,1.0071314390588908,0.36269495804658125,289.31,13339600,286.43,266.1495483870968,1.0094171564851175,0.2718685416290123,236.22,307750016,259.71,225.79206451612905,1.003592036974304,-0.13337093630835706,3886.83,3841.47,3621.6851397849455,1.006982906428653
39.58,400617,67.2,35.626451612903224,1.0089885204205928,0.4515221715511085,300.78,9297300,289.31,269.2082365591398,1.011492366568266,0.3218955470863032,238.88,284676000,259.71,226.7311827956989,1.004159217382517,-0.12124878457735155,3934.83,3886.83,3648.3872043010747,1.007372828803587
40.39,373263,67.2,35.978967741935485,1.0098947864037233,0.42683154428494385,298.56,11036600,300.78,271.93210752688174,1.0101180818334419,0.3452423824716222,237.03,259182000,259.71,227.50468817204302,1.003411552688988,-0.11734842159291925,3906.71,3934.83,3671.7479784946236,1.0064030413674319
41.72,726169,67.2,36.40060215053763,1.0117189134392732,0.49476519093125937,291.42,21199900,300.78,273.9982795698925,1.0075981172719977,0.2240028815966817,232.26,404191008,259.71,227.92513978494625,1.0018481008733555,-0.13199710314037816,3811.15,3934.83,3687.4573978494623,1.0042784579570407
38.95,721734,67.2,36.62341935483871,1.0061212505051318,0.2843752567156823,290.04,17513100,300.78,275.8472473118279,1.0067480998232465,0.2594876370124608,229.11,369832000,259.71,228.1263655913978,1.0008828591994785,-0.13412678033835368,3841.94,3934.83,3703.9919139784947,1.0044839883814456
42.85,422782,67.2,37.08888172043011,1.0127094185576067,0.33211873465029673,296.07,11048000,300.78,277.95195698924726,1.0076299825281203,0.18399177279785883,242.19,329904992,259.71,229.16548387096773,1.004555011766729,-0.07927592502128378,3943.34,3934.83,3726.013182795699,1.0059452799381388
40.12,659052,67.2,37.3625376344086,1.0073783813715729,0.19552863619288519,292.2,10076500,300.78,279.6701075268817,1.006181465877216,0.18924233329416307,239.73,365302016,259.71,230.00294623655913,1.0036544000930914,-0.07327228049245038,3913.1,3943.34,3744.856623655914,1.0050572662885955
39.04,459204,67.2,37.55718279569893,1.0052096343988977,0.06947422828318706,296.61,10346900,300.78,281.54002150537633,1.006686141736885,0.13208130122870232,249.87,290219008,259.71,231.45703225806452,1.0063220321534918,-0.029762413199429627,3974.54,3943.34,3766.5543870967736,1.0057940171337394
40.78,342899,67.2,37.85724731182796,1.0079895373878627,0.20307057785039495,306.51,9910900,300.78,283.9271397849463,1.0084787884394062,0.1826411995857713,250.9,217543008,259.71,232.92729032258066,1.0063521857606679,-0.05511997599900886,4019.87,3974.54,3790.1733763440857,1.0062707150408408
40.89,267955,67.2,38.15098924731183,1.0077591995282786,0.24525675774668498,311.27,10583800,306.51,286.46903225806454,1.008952622405324,0.23305004549663622,252.17,269462016,259.71,234.42258064516133,1.0064195583115652,-0.09155792266685348,4128.8,4019.87,3819.5450322580646,1.007749422782952
38.64,401686,67.2,38.2854193548387,1.0035236335984747,0.22964810442068817,315.4,9483600,311.27,289.094,1.009163181518241,0.15923781925557834,258.78,266851008,259.71,236.27595698924728,1.007906134037878,-0.08503987358232079,4185.47,4128.8,3850.8785591397855,1.0082034709938206
35.93,600331,67.2,38.23374193548388,0.9986502062606167,0.17957115361621923,321.72,9688700,315.4,291.9564731182796,1.0099015307072425,0.1524377423920864,264.05,266535008,259.71,238.3861075268817,1.0089308728849227,-0.04122304021267831,4180.17,4185.47,3880.007784946237,1.0075643065235893
36.73,533704,67.2,38.22483870967743,0.9997671369487854,0.053455436633900844,313.61,9501000,321.72,294.1057419354838,1.00736160700343,0.1270794436577014,267.06,296096000,264.05,240.58574193548384,1.009227192102015,-0.06622568952750751,4181.17,4185.47,3907.305376344086,1.0070354475843475
36.33,546614,67.2,38.185268817204296,0.9989648120486873,-0.004960879638118643,317.93,10168700,321.72,296.3743010752689,1.0077134132943337,0.12971687911865626,264.7,310403008,267.06,242.5444946236559,1.0081415992170364,-0.061120633857439044,4232.6,4185.47,3936.1302150537635,1.0073771655740529
35.74,456182,67.2,38.10703225806453,0.9979511324245407,-0.0889675100859838,312.46,12208000,321.72,298.1379569892473,1.0059507720729488,0.11200463605672839,262.08,280892992,267.06,244.25733333333332,1.0070619566621586,-0.026291910764361326,4173.85,4232.6,3959.540064516129,1.0059474275959759
35.0,389132,67.2,37.98176344086021,0.9967127112823696,-0.0883246614946338,318.04,9612600,321.72,300.1130752688172,1.0066248467639467,0.15997040531790585,264.46,278921984,267.06,246.04109677419356,1.007302804040794,-0.0013491499910109894,4155.86,4232.6,3980.3053118279568,1.0052443584288786
35.01,314569,67.2,37.857311827956984,0.9967233850767091,-0.01890550119959178,320.51,11319900,321.72,302.0672903225807,1.0065115958443764,0.05560687142844056,269.98,302603008,267.06,248.08703225806448,1.0083154217352095,-0.008933631022277622,4204.11,4232.6,4002.6985806451607,1.0056260178712069
34.59,266973,67.2,37.70002150537634,0.9958451798348639,-0.0206012722922575,318.62,7767900,321.72,303.72763440860217,1.005496603370224,-0.024008607966857776,278.18,234148992,269.98,250.5361505376344,1.0098720124839993,0.05492647536413542,4229.89,4232.6,4024.7461505376345,1.005508176408557
34.57,843506,67.2,37.535892473118274,0.9956464472511067,0.0054325135742099295,326.68,8925000,321.72,305.77705376344085,1.006747556437626,-0.019888643406575923,283.61,269220992,278.18,253.21206451612903,1.0106807499546564,0.03667250037758052,4247.44,4232.6,4046.376623655914,1.0053743695401485
32.71,668799,67.2,37.244279569892484,0.9922310917894218,-0.029292751140114426,322.0,10960300,326.68,307.4067096774194,1.0053295559425441,-0.00748452433232738,276.12,335528000,283.61,255.29419354838709,1.0082228666167106,0.037189335396746515,4166.45,4247.44,4061.3576559139788,1.0037023326426122
33.29,494986,67.2,36.984473118279574,0.9930242589032939,-0.06766369057278565,325.42,92222200,326.68,309.14118279569897,1.0056422747574365,-0.029809268075903672,279.71,265598000,283.61,257.5055483870968,1.0086619864242645,0.05208060410845783,4280.7,4247.44,4082.4001720430106,1.0051811531787629
33.4,596026,67.2,36.72913978494623,0.9930962019516468,-0.11244788423769525,312.18,70103200,326.68,309.9053978494623,1.002472058387214,-0.10580008933871321,279.72,272868992,283.61,259.6056129032258,1.0081554146280844,0.03537046030489699,4352.34,4280.7,4106.683225806452,1.005948229654147
33.73,570254,67.2,36.49296774193548,0.9935698999651622,-0.06258771219604364,316.74,50684400,326.68,310.899376344086,1.0032073610254009,-0.13273085108044813,287.1,246350000,283.61,262.07660215053767,1.0095182427670892,0.08810016543833821,4369.55,4352.34,4130.67182795699,1.0058413568399414
32.95,548145,67.2,36.20516129032258,0.9921133722626189,-0.20778707800943808,311.86,50960700,326.68,311.49064516129033,1.0019018012327883,-0.1780475173201057,288.98,247254000,287.1,264.53350537634407,1.0093747522886272,0.11999244089535543,4327.16,4369.55,4150.40711827957,1.0047777434626999
33.95,521982,67.2,35.992172043010754,0.9941171578934864,-0.1880116285990897,325.1,54648400,326.68,312.87047311827956,1.00442975729263,-0.14043359392971233,289.26,274329984,288.98,266.87006451612905,1.0088327531004468,0.10040757897227359,4411.8,4369.55,4174.274559139784,1.0057506264277294
34.3,513267,67.2,35.809440860215055,0.9949230298583444,-0.1303671420975434,339.52,61341900,326.68,315.08870967741933,1.007089951752338,-0.07666513973637912,290.04,253316992,289.26,269.11643010752687,1.0084174506251602,0.10248823915389993,4395.26,4411.8,4195.550731182796,1.0050969747537153
34.56,557743,67.2,35.64784946236559,0.9954874638093276,-0.20439347435499755,342.24,40716000,339.52,317.3627741935484,1.0072172199329426,-0.10680775959288713,292.06,289416992,290.04,271.3594838709677,1.0083348822758411,0.15514011829404994,4436.52,4411.8,4218.11423655914,1.0053779603256003
34.82,865361,67.2,35.5108817204301,0.9961577558253523,-0.2704281988128372,340.4,116911504,342.24,319.39124731182795,1.006391654230507,-0.04390333513796696,292.08,223516000,292.06,273.4533333333333,1.0077161462444453,0.10555040623695011,4468.0,4436.52,4241.392924731183,1.0055187429421142
33.34,889107,67.2,35.28608602150538,0.9936696672108993,-0.4293209563166104,328.01,112694896,342.24,320.4752043010752,1.0033938218356653,-0.13543365044852962,293.68,238956000,292.08,275.5087311827957,1.0075164483255976,0.1243577368824118,4441.67,4468.0,4261.46806451613,1.0047331478458152
33.91,321100,67.2,35.111655913978495,0.995056688706688,-0.3140821691346266,337.44,61855600,342.24,322.0781290322581,1.0050017121751391,-0.05832224895288474,292.67,221778000,293.68,277.36058064516135,1.0067215636122144,0.06407046669741878,4509.37,4468.0,4284.620193548388,1.0054328998086455
33.65,366849,67.2,34.9254193548387,0.9946958765033451,-0.3035256164531369,351.26,60023600,342.24,324.4418924731183,1.0073390995158924,-0.07432973846510671,304.36,273968000,293.68,279.82965591397846,1.0089020410293124,0.12158870672740152,4535.43,4509.37,4307.743655913979,1.005396852304531
31.59,305135,67.2,34.616236559139786,0.9911473419242973,-0.4884500310906358,350.3,48347800,351.26,326.61049462365594,1.006684100299154,-0.05990928386374028,292.52,200632000,304.36,281.3883225806452,1.005570055330897,0.09144175850414626,4458.58,4535.43,4324.514215053764,1.0038931191081348
31.59,542162,67.2,34.32423655913979,0.9915646520527692,-0.5454430825309027,347.72,93136600,351.26,328.5061505376344,1.0058040263408032,-0.0664107769608171,291.8,289695008,304.36,282.7851827956989,1.004964172650247,0.09635598098872489,4432.99,4535.43,4338.507462365591,1.0032357963498226
31.45,490025,67.2,34.04212903225807,0.991781098280346,-0.5243311183156485,353.26,102970600,351.26,330.65350537634407,1.0065367264363096,-0.025204035270973257,287.4,262375008,304.36,283.7803870967742,1.0035192943676765,0.06834189933653079,4455.48,4535.43,4352.819892473119,1.0032989294663386
32.05,514071,67.2,33.82081720430107,0.9934988840519556,-0.3948446976797463,357.81,81007904,353.26,332.9614193548387,1.0069798563782586,0.007215979222147562,280.99,266582000,304.36,284.24346236559137,1.0016318085740692,0.09236595422945415,4357.05,4535.43,4359.396344086021,1.0015108485476907
31.88,383434,67.2,33.60337634408602,0.9935707981595608,-0.47461127986462837,351.44,99449000,357.81,334.71262365591394,1.0052594811268778,0.03568911374791606,278.84,233703008,304.36,284.4562580645162,1.0007486388504905,0.03771312293955842,4391.36,4535.43,4367.078580645161,1.0017622248478422
32.08,431242,67.2,33.42243010752688,0.9946152364361747,-0.44760550749984684,371.45,73605696,357.81,337.63572043010754,1.0087331536595958,0.0671554394998275,288.65,229264992,304.36,285.2231397849463,1.0026959565792226,0.06139596484512433,4471.37,4535.43,4378.959268817204,1.0027205116538773
31.96,405977,67.2,33.25103225806451,0.9948717717738973,-0.342346228960171,384.54,85478400,371.45,341.2329032258064,1.0106540350384625,0.1040698460660856,297.94,207486000,304.36,286.4841720430108,1.0044212130159402,0.04887663848406487,4544.9,4535.43,4394.383247311828,1.0035222932089045
31.81,552738,67.2,33.08518279569892,0.9950122010926332,-0.44455506159896196,364.61,67203400,384.54,343.3551827956989,1.0062194458677043,-0.0014789249972813057,298.83,295719008,304.36,287.69924731182795,1.0042413347311723,0.04537831984424057,4605.38,4544.9,4412.482580645161,1.0041187425662985
31.57,889473,67.2,32.92313978494623,0.9951022482857869,-0.47023869561392706,339.04,336124704,384.54,343.70283870967745,1.0010125256043838,-0.10545511129107554,301.26,261527008,304.36,288.9680215053763,1.0044100712998154,0.056923216978467694,4697.53,4605.38,4435.267913978494,1.0051638353051586
31.37,456266,67.2,32.76823655913979,0.9952950044613524,-0.4170093962875445,335.72,193238096,384.54,343.77658064516135,1.0002145514298362,-0.09926504068674413,301.14,196108992,304.36,290.1234838709678,1.003998582125358,0.04485624447653658,4682.85,4697.53,4455.883075268817,1.004648008122655
30.67,396728,67.2,32.5838064516129,0.9943716804169785,-0.3613774516783388,317.29,138572800,384.54,342.61759139784954,0.9966286556078464,-0.15359174106852247,300.97,275248992,304.36,291.1768817204301,1.0036308603337014,0.015953835367432667,4697.96,4697.53,4476.403440860216,1.0046052298152282
27.17,633597,67.2,32.184881720430106,0.9877569635157513,-0.42917142496002847,303.61,113873200,384.54,340.58554838709676,0.9940690639892067,-0.14908886516841602,298.36,173336000,304.36,291.98249462365595,1.002766747478254,0.018318321612194044,4594.62,4697.96,4489.143182795699,1.0028459771563922
27.55,1053296,67.2,31.831032258064518,0.9890057243199072,-0.44219248097606323,303.48,168038208,384.54,338.566623655914,0.9940721949573499,-0.17329309729775777,298.54,365657984,304.36,292.73240860215054,1.0025683525290143,0.055587017108520875,4538.43,4697.96,4497.368623655913,1.0018322963927142
29.18,484205,67.2,31.601225806451616,0.9927804272965518,-0.3665616310051725,312.94,128824600,384.54,337.1890967741936,0.9959312974597273,-0.16879347369650155,306.72,255542000,304.36,293.9372903225807,1.004115983352112,0.0413911603209256,4712.02,4697.96,4516.135720430108,1.0041729060578848
29.85,1212653,67.2,31.428752688172043,0.994542201643192,-0.3336098393730115,310.57,150827904,384.54,335.6576344086022,0.9954581498030555,-0.20192669503644123,311.65,346624000,306.72,295.3642365591398,1.0048545941040454,0.06660182229481926,4620.64,4712.02,4527.849978494624,1.002593867587177
30.14,430778,67.2,31.286064516129038,0.9954599479827049,-0.2550279988020574,320.05,74742000,384.54,334.7538494623656,0.9973074202592503,-0.16152114492115177,313.2,179860000,311.65,296.78969892473117,1.004826117007927,0.03600021617062721,4725.78,4712.02,4545.347935483872,1.0038645178334873
30.49,403631,67.2,31.17643010752688,0.996495743063317,-0.18995491258832686,321.43,68597600,384.54,333.9400860215054,0.997569069206621,-0.1585903077537374,324.75,158679008,313.2,298.86737634408604,1.0070005038142573,0.04062378797185695,4766.18,4725.78,4564.33047311828,1.0041762562302916
29.91,386032,67.2,31.0381935483871,0.995565991402383,-0.22112837536581598,296.86,142048304,384.54,331.5351182795699,0.9927982058979866,-0.17974854467657775,308.7,289601984,324.75,299.8094193548387,1.00315204363312,-0.012672011986516907,4677.02,4766.18,4576.407440860215,1.002645945076296
30.97,715835,67.2,30.97836559139785,0.9980724407528427,-0.12829355589846314,297.87,124342800,384.54,329.25944086021514,0.9931359385661348,-0.17080200524931544,302.59,242055008,324.75,300.30331182795703,1.0016473547568356,-0.02327807834360307,4662.85,4766.18,4586.646387096775,1.0022373327482037
28.81,470392,67.2,30.78292473118279,0.9936910532081353,-0.24349343289292624,283.25,114509200,384.54,326.0924301075269,0.990381412467888,-0.18053200292889648,293.96,234492992,324.75,300.18350537634404,0.9996010485169686,0.023559914306655383,4397.93,4766.18,4578.7261935483875,0.9982732059810261
28.66,737251,67.2,30.587440860215054,0.9936496004627621,-0.26366805366634705,271.48,150952304,384.54,322.256752688172,0.9882374533561232,-0.17906505115807414,293.34,350472000,324.75,299.99305376344086,0.9993655493739924,0.030423214875715976,4431.85,4766.18,4572.742279569893,0.9986931050852252
29.42,741904,67.2,30.451182795698923,0.9955452937321945,-0.2935847650682969,279.69,121878096,384.54,319.0382795698925,0.9900127054237593,-0.13640864821339171,292.68,300987008,324.75,299.7307311827957,0.9991255711512174,-0.010542178668857982,4500.54,4766.18,4571.018989247312,0.9996231385419903
30.8,492984,67.2,30.413225806451614,0.9987535134677045,-0.18933022081227435,282.22,183403296,384.54,316.0627096774194,0.9906733138842003,-0.07988588908858951,284.6,309852992,324.75,298.9351182795699,0.9973455744758433,-0.036297645116605826,4418.64,4766.18,4563.730129032258,0.9984054189597114
29.5,704004,67.2,30.29602150537635,0.9961462719600628,-0.29744389210683686,279.51,189285200,384.54,312.9760430107527,0.9902340055559955,-0.10638879047167393,279.47,328011008,324.75,297.8179569892473,0.9962628636717156,-0.01958096453046243,4348.87,4766.18,4551.743247311828,0.9973734464173997
28.96,533345,67.2,30.15354838709677,0.9952972994076369,-0.3882030085005669,269.64,216957792,384.54,309.35064516129034,0.9884163726571948,-0.195338668227503,287.0,279092000,324.75,297.2076559139785,0.9979507579682616,-0.008060523253485052,4384.62,4766.18,4542.198150537634,0.9979029799671081
28.74,733959,67.2,30.00836559139785,0.9951852168827652,-0.3647627948401979,245.86,180270800,384.54,304.34133333333335,0.9838070102444906,-0.28120436628886636,291.94,399432992,324.75,296.9226021505376,0.9990408936049636,0.023853639149951422,4328.87,4766.18,4529.079161290323,0.997111753205712
28.73,1376612,67.2,29.875053763440857,0.995557511202969,-0.33140746324283676,237.98,164874592,384.54,299.03090322580647,0.9825510716886077,-0.2824274678379569,286.69,291195008,324.75,296.2990967741936,0.9979001080691462,0.04056360921462987,4204.31,4766.18,4508.155548387097,0.9953801618037373
28.49,1367446,67.2,29.739354838709676,0.9954577847522658,-0.2731628069946854,261.99,167460000,384.54,295.4897634408602,0.9881579470658514,-0.20376005011142084,294.41,327436000,324.75,296.185247311828,0.9996157616961879,-0.002336811732454702,4463.09,4766.18,4504.4944946236565,0.9991879042938635
28.0,668288,67.2,29.58247311827957,0.9947247772764086,-0.3661794029692568,262.07,150168496,384.54,292.09576344086025,0.9885139845100617,-0.23285697950928497,295.45,250032992,324.75,296.1369247311828,0.999836850143335,0.002032077915860464,4543.04,4766.18,4505.945440860215,1.0003221107803084
27.27,614552,67.2,29.39120430107527,0.9935343871879965,-0.3979141925938825,259.51,127593904,384.54,288.69868817204303,0.9883699947277564,-0.27493626440673735,308.54,289728992,324.75,296.9271397849463,1.002668411088826,0.011434064668872868,4545.86,4766.18,4507.505913978494,1.0003463142505298
26.39,869588,67.2,29.15688172043011,0.9920274590232906,-0.3535948461551376,245.39,125755800,384.54,284.5879569892473,0.9857611712445813,-0.36221690817727736,310.87,245392992,324.75,297.858688172043,1.003137296199234,0.056069439760952244,4488.28,4766.18,4505.329118279569,0.99951707313524
26.4,435124,67.2,28.93438709677419,0.9923690528435344,-0.32188404885337196,245.14,116802000,384.54,280.68670967741934,0.9862915938077613,-0.34051810099544366,305.08,187186000,324.75,298.37722580645163,1.0017408847047267,0.05462411145114121,4392.59,4766.18,4496.914903225807,0.9981323861514084
25.11,363570,67.2,28.639827956989247,0.9898197553381809,-0.39844621620080456,237.1,128484200,384.54,276.4873548387097,0.9850389965255719,-0.40349241350008813,308.86,260532000,324.75,299.1110752688171,1.002459468749272,0.11589957584170296,4271.78,4766.18,4480.793376344086,0.9964149806637086
23.46,814787,67.2,28.25245161290323,0.9864742084111757,-0.47094427101447534,235.06,141947504,384.54,272.4061935483871,0.9852392479478732,-0.3800355703331506,291.38,316884000,324.75,298.6710322580645,0.9985288307684457,0.08864439122118761,4131.93,4766.18,4456.044322580645,0.9944766357908621
23.95,1052519,67.2,27.915161290322576,0.9880615556057936,-0.4535062252151658,223.82,222387200,384.54,267.86384946236564,0.9833251071612856,-0.36865741271528385,280.38,337355008,324.75,297.4989677419355,0.996075734204058,0.06655636443703394,4123.34,4766.18,4431.225204301075,0.9944302353201917
22.96,885053,67.2,27.531053763440852,0.9862401824267846,-0.45891545426664526,223.24,291654208,384.54,263.5585376344086,0.9839272382719867,-0.33279915738848365,269.54,403952992,324.75,295.6242365591398,0.9936983607135675,0.03387196403754544,4023.89,4766.18,4400.566344086023,0.9930811775972718
21.9,2080637,67.2,27.098172043010756,0.984276601827536,-0.43727353223333365,218.32,181877200,384.54,259.2545376344086,0.9836696620089378,-0.32102627323386623,264.8,330036992,324.75,293.4847956989247,0.9927629720583242,0.030365625637407856,3901.36,4766.18,4362.964645161291,0.9914552591678875
24.56,1658284,67.2,26.858537634408602,0.9911568054028957,-0.2851045564544793,232.37,170480304,384.54,256.21445161290325,0.9882737403586263,-0.30034576222986165,280.2,321641984,324.75,292.41017204301073,0.9963384009268529,0.034747655571584435,4158.24,4766.18,4343.319806451613,0.9954973646803522
24.33,468127,67.2,26.619655913978498,0.9911059297538198,-0.3383513508884788,226.17,168885792,384.54,253.05875268817204,0.9876833687371431,-0.24229117249787802,273.96,297905984,324.75,290.9730322580645,0.9950851922321812,0.034763515473294704,4108.54,4766.18,4321.430107526882,0.9949601457179793
24.07,736762,67.2,26.379569892473114,0.990980874347842,-0.36305460217910324,207.0,151814208,384.54,248.90901075268818,0.9836016660502658,-0.23717047861994334,257.1,323792992,324.75,288.5068602150538,0.9915243965261239,0.0207459158321478,3900.86,4766.18,4287.408344086021,0.9921271980352978
22.28,1015303,67.2,26.039698924731184,0.9871161292952352,-0.4168817873839965,194.16,241974800,384.54,244.20769892473118,0.9811123276986218,-0.19615488308939477,243.21,621803008,324.75,285.23926881720433,0.9886741292896336,0.02586681677973568,3674.84,4766.18,4240.486344086022,0.9890558593363931
24.79,643682,67.2,25.879806451612907,0.9938596650606272,-0.3187543967118186,212.44,192771296,384.54,240.95053763440856,0.9866623316764206,-0.17831980025107808,261.97,382420992,324.75,283.3062150537634,0.9932230447390478,0.026659250139771218,3911.74,4766.18,4211.0484731182805,0.993057902188791
