79.43,2768815,90.47,85.03843010752689,0.9968686880909813,0.0675258988792713,168.05,128601880,167.01,161.21460215053762,1.0031268098216648,-0.04050468266585883,1311.2,22925640,1327.2,1260.5920430107528,1.0042517169967258,0.03583769511820756,2929.67,2904.98,2804.277870967742,1.0040289381397562
80.6,2084645,90.47,84.83288172043012,0.9975828765084579,0.0588582396365247,167.76,92615512,168.05,161.68322580645162,1.0029068313270806,-0.05069100707582286,1322.1,22925640,1327.2,1266.3707526881722,1.0045841235548478,0.03794785585745486,2913.98,2929.67,2814.126344086021,1.0035119462376532
76.26,1449122,90.47,84.33395698924733,0.9941187341386443,-0.09941532049348911,163.97,89296496,168.05,161.89191397849464,1.0012907224667378,-0.04530698830006363,1292.5,22925640,1327.2,1269.9335483870968,1.002813390700442,0.015029226565957954,2885.57,2929.67,2821.662924731183,1.0026781244776022
71.09,1706370,90.47,83.50748387096773,0.990199995970959,-0.16525664577326116,155.86,109848472,168.05,161.58372043010755,0.9980963005451401,-0.05193119444369876,1243.1,22925640,1327.2,1270.175483870968,1.0001905103492843,0.014778322427275059,2767.13,2929.67,2821.3453118279567,0.9998874376877399
71.33,1977988,90.47,82.71036559139786,0.9904545288323913,-0.08983608382873176,151.21,125112128,168.05,160.9995053763441,0.9963844436047866,-0.09452935417879882,1228.6,22925640,1327.2,1269.4288172043011,0.9994121547170858,0.025259336335829996,2767.78,2929.67,2821.0371182795698,0.9998907636200735
68.59,1339676,90.47,81.74187096774192,0.9882905290439598,-0.17872717293311036,142.98,149518016,168.05,159.8969247311828,0.9931516519719488,-0.11914345744078236,1195.3,22925640,1327.2,1266.3053763440857,0.9975394911334262,0.04029146686649243,2658.69,2929.67,2813.304795698925,0.9972590496840537
69.39,1488663,90.47,80.84694623655913,0.9890518198251671,-0.16804666871938734,140.79,215096992,168.05,158.68913978494624,0.9924464779527994,-0.13966270025511762,1207.0,22925640,1327.2,1263.8212903225808,0.9980383199282651,0.036589748913620435,2723.06,2929.67,2809.6870537634413,0.9987140597275438
71.7,1007993,90.47,80.12812903225806,0.9911089133509409,-0.1152828731354093,144.54,145140992,168.05,157.75886021505377,0.9941377237840399,-0.19279661383434854,1223.9,22925640,1327.2,1262.2305376344084,0.9987413151682495,0.010781769912229455,2781.01,2929.67,2809.5529892473123,0.9999522848938107
70.51,1395370,90.47,79.35546236559142,0.9903571108423662,-0.15552430884695823,143.24,117268000,168.05,156.78208602150536,0.9938084352776326,-0.20002908742180536,1193.8,22925640,1327.2,1258.554193548387,0.9970874226407869,0.009095117431317634,2736.27,2929.67,2806.2642795698926,0.9988294544754962
69.03,1051893,90.47,78.51907526881719,0.989460245434385,-0.24481446744405722,138.4,81991000,168.05,155.52505376344087,0.9919822966388387,-0.18860434225229716,1121.2,22925640,1327.2,1250.1098924731182,0.9932904748015173,-0.00918553353132967,2632.56,2929.67,2796.142387096774,0.996393107895501
69.52,1266362,90.47,77.75116129032259,0.9902200328281302,-0.2549039716876057,145.3,124025000,168.05,154.75608602150538,0.9950556664451947,-0.15407141229965216,1189.9,22925640,1327.2,1246.1550537634407,0.9968364071562913,-0.03185139218834143,2760.17,2929.67,2794.333720430108,0.9993531564504681
69.4,1934771,90.47,77.01086021505377,0.9904785849756695,-0.29234106790962544,138.39,102782000,168.05,153.56578494623656,0.9923085346375107,-0.20236254966415523,1129.6,22925640,1327.2,1238.2984946236559,0.9936953598863498,-0.04355813072196768,2633.08,2929.67,2784.117634408602,0.9963439993058762
68.41,1703607,90.47,76.25038709677419,0.9901251185072346,-0.22929418284181924,138.24,103026000,168.05,152.40825806451613,0.9924623386509848,-0.21233305903277822,1129.3,22925640,1327.2,1230.6288172043012,0.9938062773615132,-0.022405171856549222,2599.95,2929.67,2771.9676559139784,0.9956359679833698
60.43,2342363,90.47,75.0129247311828,0.983771067758373,-0.316289497723272,125.53,158348992,168.05,150.4710107526882,0.9872890922287958,-0.19367270009734894,1039.7,22925640,1327.2,1217.3447311827956,0.9892054486001036,-0.03748909375820486,2416.62,2929.67,2748.2329892473126,0.9914376105305457
62.64,1227865,90.47,73.96956989247312,0.9860909990851754,-0.2842503314687399,129.29,81632000,168.05,148.83980645161293,0.9891593450930141,-0.15602356924044625,1078.1,22925640,1327.2,1206.9309677419355,0.9914455099084859,-0.04485003597806703,2485.74,2929.67,2729.6129677419353,0.9932247296432909
63.97,1229388,90.47,73.06563440860216,0.9877796303914573,-0.2559607368372696,133.03,82989000,168.05,147.50705376344087,0.9910457241248474,-0.13024463327266544,1079.3,22925640,1327.2,1196.9591397849463,0.991737863868349,-0.051840806424315766,2531.94,2929.67,2714.508817204301,0.9944665596492498
65.03,5350181,90.47,72.2821935483871,0.989277573970906,-0.18424991346486685,138.3,103878000,168.05,146.5701290322581,0.9936482716773306,-0.15310943472428562,1115.5,22925640,1327.2,1189.703010752688,0.9939378640497604,-0.05038636029352006,2596.26,2929.67,2704.085720430108,0.996160227328004
66.01,3183780,90.47,71.59470967741936,0.9904888903169835,-0.16699260716730668,142.11,95712000,168.05,145.9256559139785,0.9956029709291053,-0.10293637207386752,1146.6,22925640,1327.2,1184.7692473118282,0.9958529453180602,-0.04914836571726211,2670.71,2929.67,2698.860258064516,0.9980675677822962
67.4,1750094,90.47,71.03118279569892,0.9921289312540063,-0.06528817770195583,148.53,100058000,168.05,145.72520430107528,0.9986263442734061,-0.05674178059022028,1158.0,22925640,1327.2,1180.784516129032,0.9966367027234736,-0.030007820290878895,2664.76,2929.67,2693.4319354838713,0.9979886611155859
67.61,1880933,90.47,70.51030107526881,0.9926668584144477,-0.1116153611716888,150.53,93994000,168.05,145.66649462365592,0.9995971206374289,-0.08192749432549451,1170.2,22925640,1327.2,1177.7172043010753,0.9974023102555475,-0.04212804912323265,2706.53,2929.67,2690.8137419354844,0.9990279340220578
71.38,2124341,90.47,70.26681720430108,0.9965468326293513,-0.09158615905192102,153.07,116661000,168.05,145.78946236559142,1.000844173138464,-0.10885507844459397,1190.8,22925640,1327.2,1176.1436559139786,0.9986638996345217,-0.033199444054434646,2707.88,2929.67,2688.397247311828,0.9991019465279234
76.59,1986914,90.47,70.38948387096774,1.001745726810281,-0.059546845407540405,156.09,118655000,168.05,146.12677419354839,1.0023136914183215,-0.12137744029271413,1219.9,22925640,1327.2,1176.6301075268818,1.0004135988069631,-0.0353524352669482,2775.6,2929.67,2690.5507096774195,1.0008010208936737
76.6,1455231,90.47,70.53367741935485,1.0020485098122247,-0.03232436898149005,156.76,76795000,168.05,146.5214623655914,1.0027009983230057,-0.10567743283484399,1236.9,22925640,1327.2,1178.3361290322582,1.0014499216826622,-0.01084506804270946,2792.67,2929.67,2693.861870967742,1.001230663030588
75.67,1436811,90.47,70.63419354838709,1.0014250799435087,-0.050114658398476286,156.84,93325000,168.05,146.928623655914,1.0027788508505784,-0.06607336182595713,1249.0,22925640,1327.2,1180.8774193548388,1.002156676910745,-0.009096115421285855,2803.69,2929.67,2697.9402365591395,1.001513947554383
71.8,1329160,90.47,70.5056559139785,0.9981802349832092,-0.12073820700484739,152.66,89199000,168.05,147.07630107526882,1.0010050963228285,-0.10706295300873647,1222.1,22925640,1327.2,1181.7436559139785,1.0007335533264858,-0.01436365214222679,2743.07,2929.67,2698.18647311828,1.0000912683519834
72.91,2484949,90.47,70.4795053763441,0.9996291001438762,-0.10206602375254858,157.36,104362000,168.05,147.5430322580645,1.0031733948935582,-0.07955257859304343,1281.6,22925640,1327.2,1186.5759139784948,1.004089091606571,0.011577484477864664,2822.48,2929.67,2703.749935483871,1.0020619265647572
70.99,1747028,90.47,70.36406451612903,0.9983620648357472,-0.16031335938929225,156.46,77622000,168.05,147.9607311827957,1.0028310311801145,-0.12012342028561263,1286.8,22925640,1327.2,1191.738494623656,1.0043508220454698,0.014972341185795601,2800.71,2929.67,2707.9683440860217,1.0015602066399665
76.95,3482024,90.47,70.67503225806452,1.0044194113014067,-0.11207380068230288,158.66,75188000,168.05,148.5363225806452,1.0038901632429647,-0.12060563382739775,1299.2,22925640,1327.2,1197.731182795699,1.0050285261398184,0.002035656445688927,2834.4,2929.67,2714.519397849463,1.002419176641318
75.91,3341575,90.47,70.94744086021507,1.003854382423992,-0.0972334604893923,161.58,75002000,168.05,149.31612903225806,1.0052499377799629,-0.11465896302964951,1332.2,22925640,1327.2,1205.9131182795697,1.0068311951808526,0.02674222779059665,2892.74,2929.67,2724.9786666666664,1.0038530831002679
74.51,1979030,90.47,71.15952688172042,1.0029893399808911,-0.01381615728180563,163.77,89966000,168.05,150.24243010752687,1.006203623689365,-0.1198944136794271,1347.6,22925640,1332.2,1214.9941935483869,1.007530455661493,0.02637594540116761,2907.41,2929.67,2736.3390967741934,1.0041689978150998
73.01,1843580,90.47,71.28563440860215,1.0017721805133883,-0.021715134999891417,159.93,85277000,168.05,150.92759139784945,1.0045603714598614,-0.11866606334938656,1365.4,22925640,1347.6,1225.14688172043,1.008356161886167,0.049746684170000166,2905.03,2929.67,2747.540752688172,1.0040936651189114
73.99,2548674,90.47,71.48877419354838,1.0028496594949532,-0.02707627591786499,163.03,92145000,168.05,151.83021505376345,1.0059805079214088,-0.13197984188156475,1378.9,22925640,1365.4,1236.0539784946236,1.0089026850061253,0.034073767176143965,2939.88,2929.67,2761.043784946237,1.0049145885260677
75.02,2172989,90.47,71.77258064516128,1.0039699442998495,0.08836340826196776,160.82,143254000,168.05,152.6004301075269,1.0050728707292598,-0.16497095348032942,1383.6,22925640,1378.9,1247.1421505376345,1.0089706212155194,0.0496661814916588,2945.64,2939.88,2774.8627311827954,1.0050049717834617
76.67,1611315,90.47,72.16550537634409,1.0054745799531077,0.15260365397817577,157.59,132847000,168.05,153.16903225806453,1.0037260848487581,-0.16048023638718578,1334.2,22925640,1383.6,1254.847311827957,1.0061782542487243,0.03198903672179321,2881.4,2945.64,2784.407978494624,1.0034398989198863
78.3,1842912,90.47,72.65159139784946,1.0067357114589641,0.1587911562831421,156.33,122850000,168.05,153.65262365591394,1.0031572400159494,-0.11667088246021717,1320.2,22925640,1383.6,1261.4533333333334,1.005264402643341,0.04140709466483283,2859.53,2945.64,2792.2965161290326,1.002833111273684
78.72,1591659,90.47,73.14978494623657,1.0068572971190533,0.20126810014074759,155.86,138019008,168.05,154.09488172043012,1.002878298163698,-0.07545454224216197,1283.3,22925640,1383.6,1265.4817204301075,1.0031934491671834,0.010669629597130692,2826.06,2945.64,2797.828387096774,1.001981118744298
76.74,1315006,90.47,73.49845161290322,1.0047664756215335,0.14151638612606554,153.34,112443000,168.05,154.34686021505374,1.001635216509532,-0.050967531587192916,1258.6,22925640,1383.6,1267.7273118279568,1.0017744953258478,0.032100837676089844,2752.06,2945.64,2798.2261290322585,1.0001421609478691
86.05,3823310,90.47,74.43195698924731,1.0127010209855931,0.23171376897619023,160.0,126938000,168.05,155.00152688172045,1.004241528889895,-0.021864150791410575,1333.7,22925640,1383.6,1274.7070967741936,1.0055057462918997,0.0565130435795298,2873.34,2945.64,2806.386021505376,1.0029160947317504
85.2,2773803,90.47,75.27976344086021,1.0113903555126915,0.2651541008062719,160.47,119495000,168.05,155.65326881720435,1.0042047452602272,-0.0054454909081751435,1331.1,22925640,1383.6,1281.2830107526881,1.0051587647037783,0.059932260659775194,2886.98,2945.64,2815.2273548387097,1.0031504337840849
85.87,2370240,90.47,76.13920430107528,1.011416625410762,0.2729728086395675,164.57,139743008,168.05,156.53247311827957,1.0056484795196157,0.036556393211433225,1375.3,2229939968,1383.6,1290.4152688172042,1.0071274324156934,0.1058751980101631,2950.46,2945.64,2827.840064516129,1.0044801744540246
86.56,3911255,90.47,77.00694623655914,1.011396782294343,0.2973204480201719,163.52,139220000,168.05,157.2876559139785,1.0048244481202844,0.034290792330504916,1372.6,2179950080,1383.6,1298.82688172043,1.006518531752136,0.08775288846659302,2941.76,2950.46,2839.2078279569896,1.0040199456763852
87.98,1259839,90.47,77.9296559139785,1.0119821616427285,0.31549563786903856,168.05,68621000,168.05,158.29591397849464,1.006410280950894,0.09968827996743457,1403.2,1289410048,1383.6,1308.8197849462367,1.0076937915025057,0.10650163956677439,2990.41,2950.46,2853.323784946237,1.0049717941921161
87.31,1971771,90.47,78.76918279569894,1.0107728806431167,0.3068157835017288,170.39,84321000,168.05,159.39135483870967,1.0069202093262108,0.09957360174041652,1424.5,1726429952,1403.2,1319.598494623656,1.008235442191044,0.10223626847499112,3013.77,2990.41,2868.1783870967743,1.0052060695771394
85.33,1945198,90.47,79.44032258064516,1.0085203344902909,0.46784404633606425,171.34,107475000,170.39,160.47894623655915,1.0068234026804654,0.18259990602040954,1415.1,1659769984,1424.5,1329.1359139784947,1.0072275160919753,0.12934121734703496,2976.61,3013.77,2879.745634408602,1.004032959513211
85.85,1229742,90.47,80.09146236559141,1.0081965903938173,0.37082094302086477,173.99,94408000,171.34,161.6389892473118,1.0072286305335196,0.153066688836631,1449.3,1666680064,1424.5,1340.0724731182797,1.0082283226453859,0.12702202589057277,3025.86,3013.77,2893.2860215053765,1.0047019385792229
82.62,1290143,90.47,80.48430107526882,1.0049048762261854,0.274398386043998,166.81,120197000,173.99,162.23967741935488,1.0037162331615672,0.027507647756537468,1386.1,2336169984,1449.3,1346.1333333333334,1.0045227853990242,0.12623324389074653,2932.05,3025.86,2899.612602150538,1.002186641969766
83.19,1835648,90.47,80.87380645161291,1.0048395198956852,0.23456964783948941,158.84,174192000,173.99,162.25352688172043,1.0000853642129093,-0.05186531079257173,1374.8,2368470016,1449.3,1350.805376344086,1.0034707134093348,0.10827704084615353,2918.65,3025.86,2904.214215053764,1.0015869750668807
83.4,1200522,90.47,81.23780645161291,1.0045008392206416,0.20685531985706151,156.46,125601000,173.99,162.06965591397852,0.9988667675133129,-0.07800406521487213,1370.6,2193420032,1449.3,1354.648817204301,1.0028452957972502,0.11374519410584738,2888.68,3025.86,2906.1889677419354,1.0006799610985773
83.25,1409523,90.47,81.55473118279569,1.0039011975461394,0.10111106441948348,153.62,98320000,173.99,161.67169892473117,0.9975445311646829,-0.12392758996177755,1351.1,1796480000,1449.3,1356.7524731182796,1.0015529160674426,0.09832284487553666,2847.11,3025.86,2905.0130322580644,0.9995953685404069
88.01,1629903,90.47,82.14466666666668,1.0072336144735579,0.21218527179371138,158.36,99096000,173.99,161.56860215053763,0.9993623078443584,-0.09394711070484085,1393.3,1537990016,1449.3,1361.1634408602151,1.0032511219469515,0.10939214165113742,2926.46,3025.86,2908.564301075269,1.0012224622670434
83.08,2828103,90.47,82.37266666666667,1.0027755910304583,0.09207795820067322,161.8,78411000,173.99,161.67060215053763,1.0006313107784703,-0.08930759621685325,1426.8,1324349952,1449.3,1367.2559139784946,1.0044759306159656,0.09817058309410842,2978.71,3025.86,2915.0135698924737,1.0022173375416938
84.25,3063258,90.47,82.65098924731183,1.0033788220280815,0.047607294965687386,159.76,136460000,173.99,161.62221505376345,0.9997007056562508,-0.07405227458868624,1421.3,1936230016,1449.3,1372.4860215053764,1.0038252586610965,0.08158562789167334,3007.39,3025.86,2922.730731182796,1.0026473843449746
84.36,2630630,90.47,82.91993548387097,1.0032539990024123,0.034022443637842015,159.72,125033000,173.99,161.5633548387097,0.9996358160600993,-0.09933084871949616,1410.3,1890029952,1449.3,1376.5733333333333,1.002978035305215,0.06878797876816978,2992.07,3025.86,2928.961032258065,1.0021316712514081
85.44,2509894,90.47,83.24187096774193,1.003882485942522,0.07728703423833849,158.52,110073000,173.99,161.4207096774194,0.9991170945822913,-0.1233398293025254,1398.8,1799879936,1449.3,1379.5458064516129,1.0021593278369572,0.06354597697182673,2961.79,3025.86,2932.808967741935,1.0013137544137634
84.56,1938061,90.47,83.48602150537636,1.0029330255891178,0.14373195091608615,158.57,118261000,173.99,161.27767741935486,0.9991139163100548,-0.09435683700116493,1414.4,1780290048,1449.3,1383.202580645161,1.0026507087886802,0.08118196829908775,2952.01,3025.86,2935.6859354838707,1.0009809598148327
84.56,973555,90.47,83.7027311827957,1.0025957600267894,0.06859258233515053,158.97,93491000,173.99,161.1477419354839,0.999194336836008,-0.09211729545773095,1432.1,1607619968,1449.3,1387.5877419354838,1.0031702957698918,0.06506958304542709,2970.27,3025.86,2939.291634408602,1.001228230472868
81.35,1272305,90.47,83.68729032258065,0.9998155274027877,0.0551901047588248,153.5,115732000,173.99,160.66144086021507,0.9969822656561732,-0.13081990581036473,1419.8,1468620032,1449.3,1390.855698924731,1.0023551353838633,0.037127530432253586,2986.2,3025.86,2943.607247311829,1.0014682493062976
79.12,1022990,90.47,83.50569892473116,0.9978301197571396,0.01124837725067307,154.0,98247000,173.99,160.21376344086025,0.9972135353887164,-0.11820143303482766,1455.2,1640029952,1449.3,1396.121505376344,1.0037860192510868,0.053692999726095536,3022.55,3025.86,2949.86911827957,1.0021272780101556
83.3,1477798,90.47,83.58911827956992,1.0009989660096605,0.0521158765511891,156.17,110171000,173.99,159.91610752688177,0.9981421326883171,-0.10435218051651218,1485.1,1804630016,1455.2,1402.980860215054,1.0049131503327577,0.05456320498584444,3066.91,3025.86,2958.588301075269,1.002955786323423
82.28,1015324,90.47,83.59083870967741,1.0000205819865422,0.06908105420999155,158.2,102839000,173.99,159.76105376344086,0.9990304055930398,-0.06245047039940277,1509.6,1818480000,1485.1,1411.0920430107526,1.0057813923380645,0.05635275110583282,3093.08,3066.91,2968.621311827956,1.0033911479840032
82.5,1098894,90.47,83.5900430107527,0.9999904810271436,0.08461342554564988,160.22,125414000,173.99,159.74830107526884,0.9999201764893784,-0.08119407500947218,1529.4,1736329984,1509.6,1420.1322580645162,1.0064065381833456,0.045953740839908885,3120.46,3093.08,2980.0214838709676,1.003840224415822
82.48,1223894,90.47,83.56754838709676,0.9997308935030331,0.12219738519944334,159.45,95786000,173.99,159.68524731182796,0.9996052930577887,-0.07756706568233085,1516.7,1759160064,1529.4,1428.000430107527,1.0055404501928111,0.04196977963196935,3110.29,3120.46,2990.30223655914,1.0034498921379646
85.35,1171963,90.47,83.71195698924731,1.001728046412007,0.12219709608650886,161.15,87036000,173.99,159.7395698924731,1.0003401853431022,-0.05777821599803512,1543.0,1210589952,1529.4,1437.2690322580645,1.0064906157975313,0.04889174672471963,3140.98,3120.46,3002.1965161290314,1.0039776178556379
84.84,1870612,90.47,83.80124731182796,1.0010666376201445,0.14853666499153684,159.27,99446000,173.99,159.6718924731183,0.9995763265207215,-0.05399131674030122,1536.8,1620630016,1543.0,1445.7948387096774,1.0059319488977079,0.060052171232032325,3145.91,3140.98,3013.9887741935486,1.0039278768065862
84.39,1782400,90.47,83.84393548387096,1.0005093978122326,0.1250863448740629,159.99,95173000,173.99,159.64705376344085,0.9998444390600454,-8.725811990273336e-05,1566.9,1800710016,1543.0,1455.82688172043,1.0069387735674211,0.0787114892018852,3168.8,3145.91,3026.6889677419354,1.0042137494529273
87.78,2700323,90.47,84.09223655913978,1.002961467324212,0.19864063828327927,161.94,131710000,173.99,159.7401505376344,1.00058314119803,-0.008920148037519393,1597.0,2230720000,1566.9,1467.2703225806451,1.0078604406910605,0.10462072784783993,3221.22,3168.8,3042.106,1.0050936955935603
88.27,1040598,90.47,84.35266666666666,1.0030969577951911,0.2248833755904237,161.37,41467000,173.99,159.78339784946238,1.0002707353892082,-0.009966104192763892,1614.7,915790016,1597.0,1479.181075268817,1.0081176266601122,0.10562623728084075,3240.02,3221.22,3057.8861290322575,1.0051872383908573
88.21,933678,90.47,84.5844301075269,1.0027475532193437,0.07860525703824583,161.52,68726000,173.99,159.8190537634409,1.0002231515567852,-0.025481383669581747,1621.7,1195389952,1614.7,1490.7776344086024,1.0078398509375721,0.09012536300163054,3234.85,3240.02,3072.2833333333333,1.004708221200386
93.04,1842499,90.47,85.12316129032257,1.0063691530712073,0.07976976779143996,164.08,93960000,173.99,160.0166021505376,1.0012360753142058,-0.01001165642126467,1656.8,1793580032,1621.7,1504.0193548387097,1.0088824249334545,0.11362401538472455,3265.35,3240.02,3087.870838709677,1.005073589797928
92.58,2965739,93.04,85.61535483870969,1.0057821342737547,0.12489731346762167,167.31,96837000,173.99,160.4147741935484,1.002488317072476,-0.03196136465058719,1705.8,1797890048,1656.8,1519.7219354838708,1.0104404112850296,0.11180242992514122,3329.62,3265.35,3106.7910967741936,1.0061272828601933
89.68,1327251,93.04,85.90602150537634,1.0033950296324092,0.07036103899283452,166.96,98277000,173.99,160.78447311827958,1.0023046438620742,-0.06785755715533326,1711.1,1570230016,1705.8,1535.0556989247311,1.0100898480720937,0.12637472381606552,3295.47,3329.62,3122.692731182796,1.005118346845114
87.77,2392214,93.04,86.06675268817204,1.0018710118333864,0.05033558731343801,167.01,104852000,173.99,161.15000000000003,1.0022733966447839,-0.049707866751707463,1673.9,2124070016,1711.1,1547.261505376344,1.007951376917569,0.11429486538947842,3225.52,3329.62,3133.320795698925,1.0034034935330007
92.76,3845746,93.04,86.54987096774194,1.0056132974055647,0.130021880225219,176.05,151031008,173.99,162.10098924731184,1.0059012674360026,-0.030215564545562845,1748.7,1852189952,1711.1,1563.7109677419357,1.010631339504301,0.1234200944888888,3327.71,3329.62,3150.0361505376345,1.0053347090606408
94.31,2680296,93.04,87.12126881720431,1.0066019491776637,0.1968611273877886,175.11,126725000,176.05,162.97916129032257,1.0054174379014487,-0.11872696905172408,1788.5,1956790016,1748.7,1582.0309677419355,1.011715720090174,0.12829458832749863,3380.16,3329.62,3169.4602365591404,1.0061663057480121
94.83,1709363,94.31,87.70690322580646,1.0067220601416045,0.19219653760895328,174.78,87696000,176.05,163.82793548387096,1.0052078694406608,-0.12783360988661796,1743.3,1608930048,1788.5,1596.6318279569894,1.0092291873628074,0.0997817231253526,3337.75,3380.16,3185.2803440860216,1.0049914200987282
80.13,3236049,94.83,87.32483870967742,0.9956438489779375,0.06913041652902285,154.54,177828992,176.05,163.36920430107526,0.9971999208716095,-0.04642578627840421,1549.2,3533360128,1788.5,1598.0778494623655,1.0009056699735384,0.11010701530418632,2954.22,3380.16,3175.6858494623652,0.9969878649326832
81.42,2969724,94.83,87.03135483870966,0.9966391707639622,0.07981415780205059,152.97,167850000,176.05,162.83556989247313,0.9967335679274125,-0.03838291865753818,1557.9,3242299904,1788.5,1599.7344086021506,1.0010365947693614,0.11477723864676315,2972.37,3380.16,3167.2146451612903,0.9973324803829355
68.81,3650652,94.83,85.92812903225808,0.9873238121077613,-0.027404886717135812,133.72,240386000,176.05,161.072623655914,0.989173457385734,-0.05838232009438693,1476.9,3856780032,1788.5,1595.7713978494623,0.997522707062261,0.13905941357195106,2711.02,3380.16,3141.766623655914,0.9919651730758904
52.32,3920289,94.83,83.79240860215054,0.975145270190792,-0.2250152834827165,115.99,229678000,176.05,158.21470967741934,0.9822569849945465,0.049846729933176404,1251.7,4051510016,1788.5,1577.050752688172,0.9882685921138082,0.1168655292901154,2304.92,3380.16,3090.5006666666673,0.9836824426730999
71.79,4084361,94.83,82.97933333333332,0.9902965521294687,-0.06811823722894883,130.9,196835008,176.05,156.3996559139785,0.9885279076317145,0.027100842953922233,1383.0,3586540032,1788.5,1567.0148387096774,0.9936362771068795,0.12416232648445014,2541.47,3380.16,3055.6620000000003,0.9887271771067945
71.3,3023790,94.83,82.16952688172043,0.9902408657784724,-0.029416026662802408,128.18,149932000,176.05,154.46817204301078,0.9876503317115348,0.05245092610526947,1355.6,2762619904,1788.5,1555.2333333333333,0.9924815610641918,0.11461900487198906,2488.65,3380.16,3018.2435268817203,0.9877543808450411
78.3,2182032,94.83,81.83666666666666,0.995949103911321,0.08873911435479387,145.71,116859000,176.05,153.7399569892473,0.9952856627735537,-0.014687576377805822,1499.2,2264859904,1788.5,1552.8694623655915,0.9984800538175996,0.12715410087637513,2789.82,3380.16,3001.3092688172046,0.9943893665591619
81.97,2859133,94.83,81.75337634408602,0.9989822371074827,0.13189324944074898,148.29,129203000,176.05,153.20840860215054,0.9965425488759962,0.04543751231073945,1571.0,2398159872,1788.5,1554.9703225806454,1.0013528891294272,0.15322120086185775,2874.56,3380.16,2990.31,0.9963351764739862
85.25,3279459,94.83,81.88683870967742,1.0016324997395787,0.17702908659025984,151.81,130452000,176.05,152.9285376344086,0.9981732662698122,0.1144837184545816,1558.5,2306160128,1788.5,1555.9191397849463,1.0006101834810108,0.15639037723482585,2836.74,3380.16,2977.123440860215,0.9955902367514455
79.16,4030321,94.83,81.6278064516129,0.9968367046262111,0.09240621182990716,150.02,123505000,176.05,152.54761290322583,0.9975091324544447,0.11128623189285636,1561.7,2352229888,1788.5,1556.7309677419355,1.0005217674467977,0.14523374625941265,2830.71,3380.16,2963.816774193548,0.9955303611250926
84.37,3197388,94.83,81.71651612903224,1.0010867580702654,0.16710257859870525,153.04,107635000,176.05,152.37991397849464,0.9989006781454026,0.11064098910742692,1665.4,1886520064,1788.5,1563.9163440860218,1.0046156827948947,0.17653264217080622,2929.8,3380.16,2957.1638709677422,0.9977552919992444
83.01,2830880,94.83,81.7178924731183,1.0000168429119505,0.2544710383689506,146.41,123615000,176.05,151.79722580645162,0.9961760828128223,0.1775581399335453,1640.7,2333289984,1788.5,1569.0064516129032,1.0032547185443326,0.19660732839625938,2863.7,3380.16,2946.333483870968,0.9963375762827679
84.91,2040542,94.83,81.83827956989248,1.0014732036415865,0.2089470638022929,149.32,98470000,176.05,151.41752688172045,0.997498643847317,0.14084130368792036,1694.5,1881289984,1788.5,1577.0924731182797,1.0051535935349816,0.1866445480462149,2955.45,3380.16,2941.685892473118,0.998422584740223
88.04,2359348,94.83,82.14815053763441,1.0037863817442214,0.20400517699298493,156.61,138724000,176.05,151.51821505376344,1.000664970390922,0.11930268086143514,1718.5,2068460032,1788.5,1586.212258064516,1.005782657074131,0.16453011443518284,3044.31,3380.16,2942.9155053763443,1.0004179959887534
87.48,3851409,94.83,82.4116989247312,1.003208208406056,0.16150622330822584,161.87,130596000,176.05,151.95731182795697,1.0028979801143891,0.041177165352413336,1781.2,2028979968,1788.5,1598.8752688172044,1.007983175447238,0.1473101683968978,3193.93,3380.16,2953.846623655914,1.0037143840044336
84.45,4549148,94.83,82.4685806451613,1.000690214146441,0.111639372286232,153.39,130274000,176.05,151.8414193548387,0.9992373353297439,0.034226349692695224,1745.1,2312290048,1788.5,1608.6251612903225,1.006097969405913,0.1664005503287761,3041.31,3380.16,2954.71440860215,1.000293781315281
80.38,4236237,94.83,82.25868817204302,0.9974548795253142,-0.011946136227589,155.53,128743000,176.05,151.87827956989247,1.0002427546792594,0.0480770553753016,1793.7,2262739968,1788.5,1621.0466666666666,1.0077218146745763,0.1866683422391151,3097.74,3380.16,2959.393053763441,1.001583450890438
75.14,11550721,94.83,81.71524731182795,0.9933935141406769,-0.1110841479609812,150.67,148670000,176.05,151.61002150537635,0.9982337298968897,0.056512529235585696,1785.7,2293139968,1793.7,1632.3563440860216,1.006976774729509,0.1992938059830961,3009.05,3380.16,2958.376752688172,0.9996565846250208
77.37,2305117,94.83,81.33763440860216,0.9953789174523965,-0.15022171976615795,154.94,93155000,176.05,151.63978494623655,1.0001963157881297,0.04253884936506669,1851.3,1454979968,1793.7,1647.3763440860216,1.0092014222595556,0.20970019916012295,3130.01,3380.16,2965.448043010753,1.002390260238543
71.02,2824075,94.83,80.56640860215053,0.9905182169107926,-0.16869689032546864,153.88,104658000,176.05,151.61047311827957,0.9998067009395498,0.023913604565327762,1901.3,1743670016,1851.3,1664.9458064516127,1.0106651175541426,0.2082900548520903,3185.04,3380.16,2976.103849462366,1.0035933209070136
71.9,2694097,94.83,79.88070967741935,0.9914890220796949,-0.2186167608061731,158.65,105534000,176.05,151.9020430107527,1.0019231513923557,0.06590377634690403,1879.1,1852460032,1901.3,1680.3638709677418,1.0092604002222683,0.17555405768720966,3224.73,3380.16,2989.2853763440853,1.004429121948853
76.35,2472540,94.83,79.51625806451614,0.9954375516395013,-0.1641860272996859,160.64,103034000,176.05,152.32907526881718,1.0028112344613709,0.09229359913299551,1850.2,2333880064,1901.3,1693.310752688172,1.0077048084311488,0.1533752571664967,3215.63,3380.16,3001.8722580645153,1.0042106658066297
79.98,2586615,94.83,79.41163440860215,0.998684248247332,-0.09691337628879426,163.48,93388000,176.05,152.94090322580644,1.0040164883552898,0.07170135614945894,1942.4,2369809920,1901.3,1711.6995698924734,1.0108596825332319,0.18654317540919552,3271.12,3380.16,3018.0915913978497,1.0054030724624479
83.26,2472395,94.83,79.53632258064516,1.0015701499279241,-0.07524704333950538,165.18,105987000,176.05,153.6581935483871,1.0046899835652312,0.06287585664797046,1999.4,2175269888,1942.4,1733.0761290322578,1.0124884994515289,0.1804684533578016,3351.28,3380.16,3039.4045376344084,1.00706172943767
86.18,2467332,94.83,79.87043010752689,1.0042006911564583,-0.054694011610258775,166.02,87923000,176.05,154.42731182795697,1.0050053841048683,0.08785345708422632,2001.5,2091820032,1999.4,1753.8513978494625,1.0119875108018512,0.16036628434043876,3372.85,3380.16,3061.9243010752693,1.0074092682175135
82.8,2075946,94.83,80.0002365591398,1.0016252128783851,-0.07071659332934399,164.33,78175000,176.05,155.09017204301074,1.0042923768289915,0.08865196303544731,2071.2,1831600000,2001.5,1778.4875268817204,1.0140468736761086,0.17959190804138725,3397.16,3380.16,3085.9194838709677,1.0078366348858696
83.03,2766657,94.83,80.15967741935484,1.0019930048593941,-0.10109905305305167,168.06,72242000,176.05,155.99933333333334,1.0058621463781114,0.07660147278283114,2164.4,2001350016,2071.2,1808.3621505376348,1.0167977695678836,0.20544858028771995,3508.01,3397.16,3116.8475913978496,1.0100223313305912
82.13,3922666,94.83,80.27124731182796,1.0013918455770405,-0.16658822323124856,164.69,113074000,176.05,156.68881720430105,1.004419787291619,0.029669341629271373,2074.5,3437110016,2164.4,1831.3819354838708,1.012729632136678,0.15648451485262438,3426.96,3508.01,3141.9391612903223,1.0080503037625974
77.02,2519370,94.83,80.076,0.9975676556878518,-0.2787951752842417,163.01,73505000,176.05,157.29434408602154,1.0038645188120283,0.08233871932391568,1984.0,2410500096,2164.4,1847.8623655913977,1.0089989039359901,0.12090360293740321,3340.97,3508.01,3161.2695483870975,1.0061523747292538
76.7,3935838,94.83,79.89729032258066,0.9977682491955225,-0.23280769940355417,164.38,103374000,176.05,158.01427956989244,1.004576995365308,0.09308990144451024,1963.3,2988819968,2164.4,1862.5868817204303,1.0079684052249855,0.1316741849487908,3319.47,3508.01,3179.29711827957,1.0057026361139214
77.99,2365252,94.83,79.84079569892472,0.9992929093911966,-0.03737709070347883,162.47,88800000,176.05,158.63335483870966,1.003917843820839,0.10550769083694278,2005.2,2595620096,2164.4,1879.541505376344,1.0091027290175334,0.17782063297014927,3298.46,3508.01,3196.0085161290317,1.0052563183709313
79.22,2723352,94.83,79.86825806451614,1.0003439640768985,-0.060805779498133705,163.9,84605000,176.05,159.32763440860217,1.0043766304419295,0.12457115396111773,2021.4,2334060032,2164.4,1896.5606451612905,1.0090549422485557,0.1709939530948319,3348.44,3508.01,3215.2041290322577,1.0060061206991011
80.1,1959774,94.83,79.95722580645162,1.0011139311672932,0.061583530055341784,171.37,109287000,176.05,160.48034408602155,1.0072348383360994,0.23171438649632892,2114.1,2124440064,2164.4,1918.5636559139784,1.0116015329163475,0.1488531870267411,3477.13,3508.01,3241.893569892472,1.0083010097614697
81.17,2168440,94.83,80.09094623655915,1.0016723995706307,0.4295422307659651,172.43,86749000,176.05,161.62047311827953,1.0071044777399458,0.15488780702753813,2130.5,2361230080,2164.4,1940.2544086021505,1.0113057247912052,0.1906183887571824,3483.81,3508.01,3267.366430107527,1.0078574017517483
77.77,1174947,94.83,79.94326881720428,0.9981561284228222,-0.027217556670550147,165.39,101101000,176.05,162.1850322580645,1.003493116490086,0.12449580245769121,2083.5,2057490048,2164.4,1957.0230107526884,1.0086424759950003,0.14296995452449957,3465.39,3508.01,3289.1156559139777,1.006656500356385
76.37,1721996,94.83,79.69240860215054,0.9968620220468173,-0.04063798553010445,157.1,126404000,176.05,162.1405806451613,0.9997259203744987,0.06311334965578497,1948.7,2894279936,2164.4,1963.588387096774,1.0033547772857103,0.12356911206028531,3269.96,3508.01,3296.2695698924726,1.0021750265806653
82.75,1546482,94.83,79.84225806451613,1.0018803480155016,-0.14010157387747646,166.91,96442000,176.05,162.66683870967742,1.003245690020488,0.14440603995355605,2137.7,2440580096,2164.4,1981.0718279569894,1.008903821684373,0.16794885300969997,3509.44,3508.01,3317.1935698924735,1.0063477818049582
88.8,1235228,94.83,80.37286021505376,1.0066456305645675,-0.10027600081014709,168.48,108803000,176.05,163.2487956989247,1.0035776006582753,0.05318025801963855,2129.2,2489210112,2164.4,1996.6337634408603,1.0078553110817388,0.10811551451985846,3585.15,3509.44,3341.454516129033,1.007313696269267
90.15,1414596,94.83,80.97587096774193,1.0075026663363067,-0.14266450771822337,168.67,84946000,176.05,163.79959139784947,1.0033739648526447,-0.0031882208246742927,2109.7,1958790016,2164.4,2009.7372043010753,1.0065627663421024,0.09957891516989781,3557.54,3585.15,3362.4060215053764,1.0062701752411147
94.06,971685,94.83,81.82060215053764,1.0104318875820704,0.009774016894890769,173.95,57803000,176.05,164.65477419354835,1.005220909212293,0.042381685745955355,2153.9,1546610048,2164.4,2024.5068817204303,1.0073490590649097,0.09388857292940855,3638.35,3585.15,3387.0209677419343,1.0073206347119072
97.79,2026510,94.83,82.87393548387095,1.0128736932465412,-0.04428355903476611,176.78,92816000,176.05,165.64107526881722,1.0059901152584223,0.0388527721204166,2213.9,2578439936,2164.4,2041.8739784946235,1.008578433064863,0.06676582947664422,3699.12,3638.35,3413.8196989247317,1.0079121834314075
98.77,1696400,97.79,83.96163440860215,1.0131247408293154,-0.043728861032079624,174.07,91313000,176.78,166.40148387096775,1.0045907007118644,0.019951508716168798,2182.2,2076589952,2213.9,2056.016344086021,1.0069261696560843,0.05076699149159003,3663.46,3699.12,3436.663333333334,1.0066915175443498
98.21,2237147,98.77,84.979311827957,1.0121207433195296,0.015337782621127172,178.56,111658000,176.78,167.39208602150538,1.0059530848373068,0.08636733619819403,2252.1,2566830080,2213.9,2073.503870967742,1.0085055388455557,0.07395626169897684,3709.41,3699.12,3460.7515698924735,1.0070091929941172
96.81,840666,98.77,85.87806451612904,1.0105761351655989,-0.05304932129642426,178.86,52062000,178.56,168.3391612903226,1.0056578258347026,0.09703602856083116,2270.6,1429090048,2252.1,2090.9858064516134,1.0084311081974071,0.104881255136964,3703.06,3709.41,3482.808709677419,1.0063735114582728
94.64,1998113,98.77,86.61795698924729,1.008615616540581,-0.025585889146116925,179.32,53790000,178.86,169.26806451612902,1.0055180459418138,0.1143846595215613,2291.3,1424579968,2270.6,2108.615913978495,1.0084314812049344,0.11037736361927308,3756.07,3709.41,3506.869182795699,1.0069083533216812
95.22,2783874,98.77,87.37987096774192,1.0087962589395778,0.04926304224423639,182.19,123944000,179.32,170.3446021505376,1.0063599571335915,0.17742959793352453,2301.2,2472829952,2291.3,2125.7877419354836,1.0081436490368647,0.06108718203334207,3824.68,3756.07,3534.1472043010754,1.0077784542517865
98.31,1590714,98.77,88.31797849462366,1.0107359683241928,0.18068441048266992,179.96,93447000,182.19,171.21533333333335,1.0051115865827451,0.11998442939963527,2240.9,2412689920,2301.2,2137.8733333333334,1.0056852296019199,0.03286570573152936,3768.25,3824.68,3556.099913978494,1.0062116002555588
100.9,1149080,98.77,89.38462365591397,1.0120773276231094,0.3248000823073418,177.78,102294000,182.19,171.89288172043013,1.0039572880179937,0.08501439333688054,2339.1,1942419968,2301.2,2155.3326881720427,1.0081666928374502,0.03326767298407529,3841.47,3824.68,3581.3345376344087,1.0070961514767123
96.03,2122548,100.9,90.08167741935485,1.007798363241134,0.24793862240197018,173.75,161434000,182.19,172.25212903225804,1.0020899487415202,0.08627683861833946,2269.1,2957319936,2339.1,2167.085806451613,1.0054530413536937,0.03902489668033793,3714.24,3841.47,3596.570623655914,1.0042543040482248
95.25,1753061,100.9,90.68827956989247,1.006733912688079,0.31982451398288103,177.1,130263000,182.19,172.78705376344084,1.0031054752947792,0.06392827702698334,2379.9,2065459968,2339.1,2185.088817204301,1.0083074748120686,0.03138304366924727,3886.83,3841.47,3621.6851397849455,1.006982906428653
96.23,1480473,100.9,91.306,1.0068114692773662,0.2692869671637119,180.01,99157000,182.19,173.45978494623657,1.0038934119665976,0.035680293517172945,2434.5,1929389952,2379.9,2205.5851612903225,1.0093800965547228,0.07536254453241176,3934.83,3886.83,3648.3872043010747,1.007372828803587
92.87,960833,100.9,91.65462365591397,1.0038181899975245,0.13172460317717216,175.61,92662000,182.19,173.80270967741933,1.0019769696548917,-0.0043746227352119416,2387.8,1625479936,2434.5,2221.8741935483868,1.0073853562963466,0.07565039699467624,3906.71,3934.83,3671.7479784946236,1.0064030413674319
86.13,2691158,100.9,91.53288172043013,0.9986717316527218,-0.03839499958196213,170.24,140419008,182.19,173.7669892473118,0.999794477139201,0.00825748274992244,2293.4,2749929984,2434.5,2230.9167741935485,1.0040697986733085,0.015614039040802385,3811.15,3934.83,3687.4573978494623,1.0042784579570407
88.26,2135884,100.9,91.53533333333334,1.0000267839584762,-0.019839787899433414,170.59,109111000,182.19,173.73931182795698,0.999840721074384,0.020469199495348755,2262.3,2716219904,2434.5,2237.198064516129,1.0028155646123782,-0.014920283179556515,3841.94,3934.83,3703.9919139784947,1.0044839883814456
94.04,1875635,100.9,91.89993548387095,1.0039831848233935,-0.02683633482322767,175.36,92207000,182.19,174.0077419354839,1.0015450165233342,-0.033607616524303996,2304.3,2544179968,2434.5,2245.6236559139784,1.003766135654901,-0.017855288581594353,3943.34,3934.83,3726.013182795699,1.0059452799381388
96.17,2349933,100.9,92.38505376344087,1.0052787662691565,0.053202163781561396,176.44,92223000,182.19,174.32576344086024,1.0018276284827272,-0.004908459360971396,2273.1,2710459904,2434.5,2251.3851612903227,1.0025656593709151,-0.054394196313690024,3913.1,3943.34,3744.856623655914,1.0050572662885955
80.0,5211852,100.9,91.7981935483871,0.9936476714452485,-0.10630429753323067,182.1,79344000,182.19,174.98290322580644,1.0037696079568246,-0.019685923275132744,2330.6,2324590080,2434.5,2260.4221505376345,1.004013968557087,-0.05620190436827932,3974.54,3943.34,3766.5543870967736,1.0057940171337394
82.6,2720358,100.9,91.38559139784948,0.9955053347501861,-0.05579024960833423,182.5,66904000,182.19,175.63565591397847,1.0037303798036181,-0.009750852741386762,2380.0,1728429952,2434.5,2272.2888172043013,1.0052497568491108,-0.025748998570663595,4019.87,3974.54,3790.1733763440857,1.0062707150408408
85.19,2627242,100.9,91.1390752688172,0.9973024617419274,0.01726329867976517,185.31,71964000,182.5,176.43139784946237,1.0045306400419836,-0.0074494162335470016,2491.0,1936809984,2434.5,2290.659784946237,1.0080847855267527,0.01973559271274028,4128.8,4019.87,3819.5450322580646,1.007749422782952
88.29,1959246,100.9,91.07498924731183,0.9992968326558467,0.05848018044336545,186.62,86840000,185.31,177.26369892473122,1.0047174203991684,-0.04054888246678989,2517.3,2057059968,2491.0,2309.6372043010747,1.008284695736815,0.021292944868531727,4185.47,4128.8,3850.8785591397855,1.0082034709938206
87.37,1639810,100.9,90.92662365591397,0.998370951315789,-0.014931447933456576,192.71,98883000,186.62,178.44107526881723,1.0066419484148639,-0.03995988320989374,2505.7,2049590016,2517.3,2326.6748387096777,1.0073767578634754,-0.017708555658551894,4180.17,4185.47,3880.007784946237,1.0075643065235893
89.42,1873500,100.9,90.89034408602151,0.9996010016820843,-0.001279157632718908,193.44,72354000,192.71,179.60051612903223,1.0064976119341824,-0.002234389965749539,2452.6,2264250112,2517.3,2339.2103225806454,1.0053877248605652,-0.035374425460594994,4181.17,4185.47,3907.305376344086,1.0070354475843475
90.3,1691816,100.9,90.88890322580644,0.9999841472685623,0.021982196504237494,194.69,113957000,193.44,180.77707526881719,1.0065509786115518,-0.020067803212687307,2440.4,2120150016,2517.3,2350.031397849463,1.0046259522559218,-0.06292362596404666,4232.6,4185.47,3936.1302150537635,1.0073771655740529
88.21,1819062,100.9,90.730688172043,0.9982592478493181,-0.024420727556047295,192.05,96749000,194.69,181.73316129032258,1.0052887569957845,-0.057993288325076,2386.0,2354180096,2517.3,2356.6410752688175,1.0028125911106565,-0.07814560301268902,4173.85,4232.6,3959.540064516129,1.0059474275959759
88.68,2386077,100.9,90.58765591397848,0.9984235514912737,0.035799120714977706,194.11,78227000,194.69,182.7799569892473,1.0057600698270606,-0.024248104935497228,2389.2,2013330048,2517.3,2362.9077419354835,1.0026591519312933,-0.0525231530948147,4155.86,4232.6,3980.3053118279568,1.0052443584288786
89.86,2318189,100.9,90.49729032258065,0.9990024513772203,0.05799099637997762,196.5,86240000,194.69,183.91918279569893,1.006232772045781,-0.025946974816592805,2426.9,1951810048,2517.3,2370.9492473118275,1.0034032244397986,-0.0402819119112372,4204.11,4232.6,4002.6985806451607,1.0056260178712069
93.84,1662634,100.9,90.63468817204303,1.0015182537396712,0.03605126486665622,199.31,64520400,196.5,185.1549677419355,1.006719173755841,-0.06609904852858839,2455.6,1412610048,2517.3,2379.813978494624,1.0037388953782318,-0.05657793124575683,4229.89,4232.6,4024.7461505376345,1.005508176408557
93.94,1639177,100.9,90.75468817204299,1.0013239963905671,-0.041575151392787335,203.76,70233104,199.31,186.60817204301077,1.0078485839121567,-0.012002252699927274,2489.5,1649369984,2517.3,2390.1821505376342,1.004356715330149,-0.015512975907786997,4247.44,4232.6,4046.376623655914,1.0053743695401485
91.58,2041521,100.9,90.71137634408602,0.9995227593325552,-0.09442402619090728,197.68,89375800,203.76,187.5932473118279,1.0052788431397852,-0.03635709562706513,2491.9,2223960064,2517.3,2399.930322580645,1.0040784222410908,0.010002789962085146,4166.45,4247.44,4061.3576559139788,1.0037023326426122
91.85,1656582,100.9,90.68240860215053,0.9996806603195435,-0.12653316341488474,202.71,73169296,203.76,188.84045161290322,1.0066484498719837,-0.06329554743402488,2550.5,1800039936,2517.3,2412.6372043010747,1.0052946877669207,0.007581301341469393,4280.7,4247.44,4082.4001720430106,1.0051811531787629
87.29,1997907,100.9,90.36399999999999,0.9964887500557303,-0.1996591395331343,199.85,80145600,203.76,189.84129032258065,1.0052999169464443,-0.08145721762874225,2633.3,1771680000,2550.5,2429.8331182795696,1.0071274346378474,0.012851505502002203,4352.34,4280.7,4106.683225806452,1.005948229654147
88.9,1126486,100.9,90.1720430107527,0.9978757360315249,-0.22167352561276543,201.6,57526900,203.76,190.9054193548387,1.005605361354476,-0.1226839587444093,2656.4,1567229952,2633.3,2447.617419354839,1.0073191450645227,0.02456507989955825,4369.55,4352.34,4130.67182795699,1.0058413568399414
89.23,1316879,100.9,90.02260215053764,0.9983427140472214,-0.21378893869609106,198.23,55991500,203.76,191.69292473118279,1.004125107495667,-0.17636930882711055,2640.2,1878550016,2656.4,2463.3367741935485,1.0064223087784907,0.0057921312651714185,4327.16,4369.55,4150.40711827957,1.0047777434626999
88.11,1441203,100.9,89.82021505376345,0.9977518190772162,-0.16781036455980602,202.89,80376400,203.76,192.73877419354838,1.005455858445648,-0.1574497541233819,2713.4,2061810048,2656.4,2482.9440860215054,1.00795965538832,0.0036214694889098453,4411.8,4369.55,4174.274559139784,1.0057506264277294
87.3,1003881,100.9,89.58427956989249,0.9973732473950353,-0.1657901268090739,204.47,63672400,203.76,193.8348817204301,1.00568701098919,-0.13241138553065324,2693.6,2224369920,2713.4,2500.3217204301077,1.0069988021504128,0.005401973531223847,4395.26,4411.8,4195.550731182796,1.0050969747537153
82.52,2116342,100.9,89.05574193548387,0.9941001073296988,-0.23013226345038584,209.48,66846300,204.47,195.2001290322581,1.0070433520515523,-0.16532298932472722,2718.6,2352310016,2713.4,2518.447096774193,1.0072492176490662,0.02141207275860446,4436.52,4411.8,4218.11423655914,1.0053779603256003
83.53,1349372,100.9,88.61967741935484,0.9951034654627331,-0.2376514958927619,209.71,63026300,209.48,196.5215268817204,1.0067694517212329,-0.12593217001361356,2720.6,1946099968,2718.6,2535.803870967742,1.0068918557851705,0.028369499029929468,4468.0,4436.52,4241.392924731183,1.0055187429421142
83.68,1413625,100.9,88.2250752688172,0.9955472400483885,-0.28685927568595015,206.8,60256000,209.71,197.59120430107527,1.0054430546939455,-0.11736454916430139,2732.6,2171470080,2720.6,2552.9032258064517,1.0067431693099294,0.011984824052936993,4441.67,4468.0,4261.46806451613,1.0047331478458152
84.74,1020912,100.9,87.93589247311826,0.9967222153699747,-0.2368249674490256,208.27,53347000,209.71,198.69331182795702,1.005577715520183,-0.07947030402579869,2771.7,1973010048,2732.6,2571.6789247311826,1.007354645775419,0.00742141370481586,4509.37,4468.0,4284.620193548388,1.0054328998086455
87.13,1410064,100.9,87.82518279569892,0.9987410183224879,-0.20278752060203498,207.75,58568400,209.71,199.68763440860215,1.0050043082552578,-0.11539384588274171,2796.1,1830089984,2771.7,2590.947956989247,1.0074927830503095,0.008010094007757207,4535.43,4509.37,4307.743655913979,1.005396852304531
84.26,1249942,100.9,87.54677419354839,0.9968299684294631,-0.17657668783794678,203.87,42745000,209.71,200.36572043010756,1.0033957336592907,-0.09199969838692823,2746.4,1463980032,2796.1,2606.1154838709676,1.0058540453662164,-0.004989475252288322,4458.58,4535.43,4324.514215053764,1.0038931191081348
84.41,2540075,100.9,87.30378494623658,0.9972244637275314,-0.140711743398638,202.1,69854496,209.71,200.87830107526878,1.002558225249613,-0.08022217349971084,2727.7,2240069888,2796.1,2619.405806451613,1.0050996675561379,0.007636789074330075,4432.99,4535.43,4338.507462365591,1.0032357963498226
85.74,1161779,100.9,87.16479569892472,0.9984079814248896,-0.05273463872385353,204.63,53228000,209.71,201.49713978494623,1.0030806647923887,-0.035397426375613605,2753.6,1845880064,2796.1,2633.636129032258,1.0054326529114335,0.031598315820551726,4455.48,4535.43,4352.819892473119,1.0032989294663386
85.94,1103377,100.9,87.03954838709677,0.9985630975117459,-0.08513530435227457,201.9,66620000,209.71,201.86589247311832,1.0018300641317572,-0.042901966713643436,2661.5,2120470016,2796.1,2640.9348387096775,1.002771343237952,0.042382094300789985,4357.05,4535.43,4359.396344086021,1.0015108485476907
87.95,1123832,100.9,87.0489677419355,1.000108219252205,-0.0852555212184436,202.17,65863700,209.71,202.18473118279573,1.001579458053915,0.0015580225326798924,2668.5,1831629952,2796.1,2647.826666666667,1.0026096168129452,0.04443798970680346,4391.36,4535.43,4367.078580645161,1.0017622248478422
90.16,977941,100.9,87.21406451612906,1.0018965965763431,-0.10316978858474246,208.36,60984300,209.71,202.8452688172043,1.0032670005818163,-0.023151546131731537,2737.9,1791309952,2796.1,2658.4126881720426,1.0039980039625112,0.06181152627633102,4471.37,4535.43,4378.959268817204,1.0027205116538773
91.86,855462,100.9,87.50176344086022,1.0032987675362608,0.12659241630688656,201.87,90608896,209.71,203.01845161290325,1.0008537679814213,-0.08381331603801345,2782.0,1857330048,2796.1,2670.844301075269,1.0046763292089815,0.05018063072805723,4544.9,4535.43,4394.383247311828,1.0035222932089045
89.78,1451659,100.9,87.62976344086022,1.001462827661599,0.07304297178738084,201.34,79372096,209.71,203.11492473118278,1.000475193843284,-0.08779940706606904,2836.9,2368130048,2796.1,2685.8470967741932,1.005617248333377,0.04632082598180931,4605.38,4544.9,4412.482580645161,1.0041187425662985
90.6,1075473,100.9,87.79522580645163,1.0018881982456005,0.06461962281156008,206.31,126800304,209.71,203.49152688172043,1.0018541333239597,-0.08134664224455634,2931.7,2399820032,2836.9,2705.983440860215,1.007497204181953,0.03916985569674547,4697.53,4605.38,4435.267913978494,1.0051638353051586
89.32,957044,100.9,87.86647311827957,1.000811516926729,0.021685017187099476,202.59,101905400,209.71,203.5829677419355,1.0004493595463964,-0.07811620107173134,2936.4,2316699904,2931.7,2725.4752688172043,1.0072032325337485,0.047652981941293415,4682.85,4697.53,4455.883075268817,1.004648008122655
86.85,1163617,100.9,87.77615053763442,0.9989720472730985,0.020769566295275488,199.26,82601800,209.71,203.42522580645158,0.9992251712545821,-0.10583310817726921,3005.8,2480750080,2936.4,2748.543225806452,1.0084638291358479,0.07571677828137235,4697.96,4697.53,4476.403440860216,1.0046052298152282
87.09,775833,100.9,87.70243010752688,0.9991601314291411,0.008091186727531174,193.1,64816100,209.71,202.85597849462366,0.99720168769841,-0.11895977781407674,2908.6,2044780032,3005.8,2764.2647311827955,1.0057199411050668,0.08704133541636394,4594.62,4697.96,4489.143182795699,1.0028459771563922
85.56,1477056,100.9,87.53501075268818,0.9980910522703483,-0.036628446488911615,190.2,122264704,209.71,202.1003655913978,0.9962751262800673,-0.15090514512789077,2895.7,3252819968,3005.8,2778.173333333333,1.0050315738552966,0.11431195193096255,4538.43,4697.96,4497.368623655913,1.0018322963927142
82.73,2130659,100.9,87.19520430107525,0.9961180509525157,-0.012041114562655664,201.11,94280800,209.71,202.05827956989248,0.9997917568264552,-0.12315445554185489,3068.9,2615810048,3005.8,2802.276989247312,1.0086760806551471,0.1572727221790169,4712.02,4697.96,4516.135720430108,1.0041729060578848
82.9,3209701,100.9,86.8781505376344,0.9963638623708466,-0.017215744774764286,203.56,172304496,209.71,202.15477419354838,1.0004775583750456,-0.12975534738929673,2944.9,3316379904,3068.9,2816.9120430107528,1.005222557876897,0.12075105295958477,4620.64,4712.02,4527.849978494624,1.002593867587177
82.44,1347216,100.9,86.54384946236559,0.9961520696147417,-0.0332817386305595,208.76,118000096,209.71,202.5664301075269,1.00203634030223,-0.09769407478491932,3041.1,1755000064,3068.9,2836.558494623656,1.006974463992104,0.12899434486249373,4725.78,4712.02,4545.347935483872,1.0038645178334873
83.59,1530772,100.9,86.29969892473119,0.9971788805426252,-0.06685615109878917,211.8,59705700,209.71,203.14784946236557,1.0028702651003427,-0.10474339252793263,3055.4,1630649984,3068.9,2855.8066666666664,1.0067857483212468,0.11747221953872922,4766.18,4725.78,4564.33047311828,1.0041762562302916
86.15,1710223,100.9,86.24275268817203,0.9993401340066224,-0.06507288669100186,203.05,106807904,211.8,203.13789247311826,0.9999509864895264,-0.09195104774500851,2912.0,2609730048,3068.9,2864.513333333334,1.0030487591363564,0.06857422556085258,4677.02,4766.18,4576.407440860215,1.002645945076296
89.05,1450242,100.9,86.3896559139785,1.0017033689350991,-0.021409541699901835,200.17,93735904,211.8,202.9436559139785,0.9990438191674875,-0.08326800211733243,2910.2,2528079872,3068.9,2872.1952688172046,1.0026817593740893,0.048721683573694996,4662.85,4766.18,4586.646387096775,1.0022373327482037
85.2,1542387,100.9,86.29361290322579,0.9988882579779188,-0.12896112840096352,191.39,81202704,211.8,202.17761290322576,0.9962253414264035,-0.10678894522532423,2708.3,2292640000,3068.9,2865.9518279569893,0.9978262477736111,0.03448451358022875,4397.93,4766.18,4578.7261935483875,0.9982732059810261
81.32,2525756,100.9,85.96154838709678,0.9961519224313693,-0.0963313163386933,194.21,135060704,211.8,201.6178494623656,0.9972313282720966,-0.07691271456595417,2769.6,3906190080,3068.9,2863.3238709677416,0.9990830421629519,0.03349181504681131,4431.85,4766.18,4572.742279569893,0.9986931050852252
82.98,1446073,100.9,85.74941935483872,0.9975322799991594,-0.08623260476619699,199.2,103891600,211.8,201.3921505376344,0.9988805607969083,-0.03134049858187782,2798.9,3243249920,3068.9,2862.2931182795696,0.9996400153337095,0.02366611416765374,4500.54,4766.18,4571.018989247312,0.9996231385419903
83.31,1157354,100.9,85.57131182795699,0.997922930228312,-0.08658114252855686,194.98,88870496,211.8,200.89935483870968,0.9975530540906925,-0.001238338351787549,2717.5,2838710016,3068.9,2855.7043010752695,0.9976980634295552,0.008137198130121703,4418.64,4766.18,4563.730129032258,0.9984054189597114
82.34,2800619,100.9,85.34335483870967,0.9973360582609084,-0.11087093929790548,188.88,88608000,211.8,200.02,0.9956229085981104,-0.03520721201946542,2670.9,2940369920,3068.9,2845.9427956989243,0.9965817520488134,-0.0013989866017731778,4348.87,4766.18,4551.743247311828,0.9973734464173997
84.72,1740685,100.9,85.28135483870966,0.9992735228171287,-0.08247030792585941,188.51,83226496,211.8,199.14690322580648,0.995634952633769,-0.06757414753639135,2705.5,2701250048,3068.9,2838.504946236559,0.997386507742318,0.0068386690867501265,4384.62,4766.18,4542.198150537634,0.9979029799671081
91.91,2587962,100.9,85.68877419354838,1.0047773555615909,0.0512339325744926,178.13,142718208,211.8,197.6384516129032,0.9924254327410108,-0.14924541729225027,2624.0,2960100096,3068.9,2825.7834408602153,0.9955182373759078,-0.010532808523308734,4328.87,4766.18,4529.079161290323,0.997111753205712
88.73,2297745,100.9,85.87083870967743,1.002124718410813,-0.016844959262930947,174.91,108800600,211.8,195.98967741935482,0.9916576244142122,-0.14748959744999302,2524.1,2983980032,3068.9,2806.8202150537636,0.993289214759968,-0.013209257219907511,4204.31,4766.18,4508.155548387097,0.9953801618037373
88.89,4205724,100.9,86.05204301075268,1.0021101960083083,-0.004143610537485243,187.01,107926896,211.8,195.1963870967742,0.9959523872225003,-0.09818202367133921,2722.7,3298520064,3068.9,2801.0924731182795,0.9979593484809733,-0.008445433675453584,4463.09,4766.18,4504.4944946236565,0.9991879042938635
91.66,1826247,100.9,86.40075268817206,1.0040523114294428,0.03273949660086006,186.84,71358096,211.8,194.43468817204297,0.9960977816441162,-0.11239403302675488,2786.1,2699249920,3068.9,2799.4763440860215,0.9994230361732903,-0.002271307481712892,4543.04,4766.18,4505.945440860215,1.0003221107803084
92.77,2889505,100.9,86.80619354838709,1.0046925616687425,0.01842306344873723,188.74,77075400,211.8,193.84165591397849,0.9969499667799002,-0.10523794815785148,2789.4,2801019904,3068.9,2798.042150537635,0.9994876922066456,-0.0046958663957185065,4545.86,4766.18,4507.505913978494,1.0003463142505298
90.75,1949381,100.9,87.06918279569892,1.0030296138623478,-0.021205610325959023,185.28,75710400,211.8,193.0662795698925,0.9959999498537606,-0.15391631287787932,2677.0,2637179904,3068.9,2789.370752688172,0.996900905210525,-0.031930757327107706,4488.28,4766.18,4505.329118279569,0.99951707313524
87.63,1551906,100.9,87.11692473118279,1.000548321851095,-0.06983246412252275,181.94,53579900,211.8,192.11539784946234,0.9950748430924939,-0.14526322143877202,2574.9,1943859968,3068.9,2774.261505376344,0.9945832775018283,-0.04690440279421526,4392.59,4766.18,4496.914903225807,0.9981323861514084
88.09,1761178,100.9,87.1874193548387,1.0008091955021763,-0.08024280141817464,185.82,19166860,211.8,191.45819354838707,0.996579116986811,-0.1665914558145939,2509.6,2356460032,3068.9,2755.2679569892475,0.9931536560809829,-0.047381146917839345,4271.78,4766.18,4480.793376344086,0.9964149806637086
83.23,1278367,100.9,86.939311827957,0.9971543196401772,-0.1768664091123604,179.02,92447296,211.8,190.40273118279566,0.9944872436847438,-0.15029983229359145,2478.0,3027109888,3068.9,2734.7604301075266,0.9925569755095145,-0.01727809666895952,4131.93,4766.18,4456.044322580645,0.9944766357908621
83.6,1294207,100.9,86.72090322580645,0.9974878038765391,-0.15112325121200154,180.66,118952400,211.8,189.5022795698925,0.9952708051648761,-0.11191848816187155,2461.5,3285600000,3068.9,2713.5830107526886,0.9922562067515343,-0.01653818554514963,4123.34,4766.18,4431.225204301075,0.9944302353201917
81.41,1361207,100.9,86.37055913978496,0.9959600964359279,-0.13226143575327698,175.91,119404704,211.8,188.34163440860215,0.9938752970997256,-0.08953531903918399,2375.3,3504839936,3068.9,2687.2894623655916,0.9903103946763715,-0.032360559170075076,4023.89,4766.18,4400.566344086023,0.9930811775972718
81.24,1987636,100.9,86.02806451612904,0.9960345906398311,-0.22714517679536883,171.37,103751904,211.8,186.9578709677419,0.99265290733403,-0.03985688434869894,2285.8,3260610048,3068.9,2656.001505376344,0.9883570573890819,-0.03676481672388765,3901.36,4766.18,4362.964645161291,0.9914552591678875
86.94,1088431,100.9,86.0761505376344,1.0005589573794997,-0.16202187068459806,182.7,88007400,211.8,186.37066666666664,0.9968591624517558,-0.030236577664314312,2470.3,2907089920,3068.9,2637.6838709677418,0.9931033042068977,-0.03213476930395032,4158.24,4766.18,4343.319806451613,0.9954973646803522
88.1,1252884,100.9,86.20518279569892,1.0014990477299295,-0.14746829597199507,184.57,90893400,211.8,185.94419354838715,0.9977116939811014,-0.014756007416323658,2442.4,2374089984,3068.9,2618.3546236559137,0.9926718862997269,-0.041516836998229834,4108.54,4766.18,4321.430107526882,0.9949601457179793
89.95,2479748,100.9,86.45894623655913,1.0029437144337552,-0.17426305665927866,175.86,110299000,211.8,185.0025376344086,0.9949358143644669,0.014302912371460086,2286.4,2273639936,3068.9,2590.01311827957,0.9891758338919074,-0.05436930020876851,3900.86,4766.18,4287.408344086021,0.9921271980352978
85.53,2720998,100.9,86.4261935483871,0.9996211764126478,-0.20617059292056206,171.21,116432200,211.8,183.81836559139788,0.9935991578377653,0.051141963077788066,2174.4,3285469952,3068.9,2555.843655913979,0.9868072242088534,-0.05881894407574362,3674.84,4766.18,4240.486344086022,0.9890558593363931
94.39,1824422,100.9,86.96789247311828,1.0062677633075197,-0.020206218991908775,183.07,80137800,211.8,183.45967741935485,0.9980486815292421,0.07002475261101093,2332.8,2160740096,3068.9,2533.6815053763444,0.9913288316809389,-0.04933865482074096,3911.74,4766.18,4211.0484731182805,0.993057902188791
