0.95,45481,7.14,1.306709677419355,0.9688436762548632,-0.918525305513452,237.39,393062016,829.64,278.91443010752687,0.9885541476713584,-0.4779284511768288,452.22,708367552,734.16,476.32610752688174,0.996766977911215,-0.14490662201369264,2826.06,2945.64,2797.828387096774,1.001981118744298
1.13,53527,7.14,1.2829892473118278,0.9818472071360388,-0.8968194732322401,223.91,356904992,829.64,275.047311827957,0.9861351086134947,-0.47829790931455485,432.1,708367552,734.16,473.5698924731183,0.9942135965041389,-0.14815751838454383,2752.06,2945.64,2798.2261290322585,1.0001421609478691
1.16,50057,7.14,1.266279569892473,0.9869759801538744,-0.7650028235909654,231.21,466027008,829.64,271.8972258064516,0.9885471121292915,-0.43401994273068034,449.69,708367552,734.16,472.0966666666667,0.9968891058535035,-0.14392236413927073,2873.34,2945.64,2806.386021505376,1.0029160947317504
1.08,77076,7.14,1.2472258064516126,0.9849529567609795,-0.6215170154485292,227.44,496496992,829.64,268.72232258064514,0.9883231496151178,-0.4045027411180122,447.48,708367552,734.16,470.6012688172043,0.9968324329421325,-0.15113341349498344,2886.98,2945.64,2815.2273548387097,1.0031504337840849
1.05,65438,7.14,1.2277634408602152,0.9843954755500383,-0.5641159985263824,248.1,482387008,829.64,267.06937634408604,0.9938488688967659,-0.32343281451557915,470.57,879329600,730.37,470.69780645161296,1.0002051367916014,-0.11945899899013868,2950.46,2945.64,2827.840064516129,1.0044801744540246
1.01,118956,7.14,1.2069032258064514,0.9830095811949341,-0.6090936661915262,251.88,455921984,829.64,265.77027956989247,0.9951357329246171,-0.2447055320534941,471.28,771535104,730.37,470.8388387096774,1.0002996237843715,-0.09691479092459754,2941.76,2950.46,2839.2078279569896,1.0040199456763852
0.985,29777,7.14,1.1859139784946235,0.9826090055415977,-0.5725097878539559,250.18,261808992,816.8,264.4598064516129,0.9950691509961146,-0.22342524263733798,466.84,523452640,727.81,470.72597849462363,0.9997602996911574,-0.14525524043215843,2990.41,2950.46,2853.323784946237,1.0049717941921161
0.995,59649,7.14,1.1670645161290323,0.9841055399401579,-0.47455653530181185,256.38,367116992,816.8,263.61501075268814,0.9968055799848763,-0.1499408019462456,476.89,650408896,727.81,471.27118279569896,1.0011582201237732,-0.1131926299379531,3013.77,2990.41,2868.1783870967743,1.0052060695771394
0.97,115777,7.14,1.1475806451612902,0.9833052323170899,-0.22532508295220188,242.14,414566016,816.8,261.8610107526882,0.9933463576486338,-0.1543557044624233,464.01,765670720,727.81,470.94034408602147,0.9992979865483926,-0.11378971825875261,2976.61,3013.77,2879.745634408602,1.004032959513211
0.98,27035,7.14,1.1289139784946238,0.9837338955258845,-0.3972121149387525,251.13,406228992,790.73,260.6728387096774,0.9954625851340163,-0.15678105901615091,461.46,709915456,715.72,470.33972043010755,0.9987246290035321,-0.12419474108398454,3025.86,3013.77,2893.2860215053765,1.0047019385792229
0.923,88290,7.14,1.1071075268817205,0.9806836906723561,-0.5119972800890153,235.35,559289984,790.73,258.4478924731183,0.9914646027274168,-0.31576379256465237,445.85,1016894976,715.72,468.6474838709678,0.9964020972806799,-0.15252226389904333,2932.05,3025.86,2899.612602150538,1.002186641969766
0.896,57265,7.14,1.0843698924731184,0.9794621264362234,-0.5665356833570325,218.48,499985984,790.73,255.1842150537634,0.9873720099315789,-0.4143423711106191,435.96,1070551168,715.72,466.31193548387097,0.9950164068570144,-0.17287862365847184,2918.65,3025.86,2904.214215053764,1.0015869750668807
0.875,23105,7.14,1.0615333333333334,0.9789402497263164,-0.6386305078234137,206.52,491473984,790.73,251.27681720430107,0.9846879327992951,-0.47679592391649084,419.03,829329472,715.72,462.93212903225805,0.9927520481582659,-0.19295468271682115,2888.68,3025.86,2906.1889677419354,1.0006799610985773
0.843,37982,7.14,1.0387720430107528,0.9785581011845311,-0.6052679797729985,200.46,392656992,790.73,247.16681720430108,0.9836435368541845,-0.4736123748605703,410.68,730344896,715.72,459.12651612903227,0.9917793286217113,-0.18465820056003157,2847.11,3025.86,2905.0130322580644,0.9995953685404069
0.868,39577,7.14,1.0194881720430107,0.981435897223562,-0.5539848650566763,208.17,382272992,770.27,243.75286021505377,0.9861876402833418,-0.43512159225129665,422.09,704096192,704.64,456.173182795699,0.9935674956039715,-0.2008777509310562,2926.46,3025.86,2908.564301075269,1.0012224622670434
0.85,10561,7.14,1.0009182795698923,0.9817850829638317,-0.4190055443004931,218.98,333788000,744.24,241.21843010752684,0.9896024600273782,-0.3667746446030532,433.24,577297664,684.82,454.06253763440856,0.9953731494070844,-0.16598653477969527,2978.71,3025.86,2915.0135698924737,1.0022173375416938
0.82,30930,6.73,0.981832258064516,0.9809314887189613,-0.4552134463781051,232.07,556660992,743.23,239.66167741935485,0.9935462945867028,-0.3180735542331332,447.81,921409472,684.82,452.9576989247311,0.997566769733012,-0.16188151964329034,3007.39,3025.86,2922.730731182796,1.0026473843449746
0.837,52371,6.23,0.9656064516129033,0.9834739525837146,-0.38846351180921823,233.25,638361984,733.9,238.32223655913978,0.9944111178948676,-0.3197946502297565,452.25,1120975232,671.95,452.2212043010752,0.9983740322211009,-0.1358599448931198,2992.07,3025.86,2928.961032258065,1.0021316712514081
0.954,53042,6.03,0.9585698924731182,0.9927128084862819,-0.3326790559212446,218.6,352401984,687.54,236.16427956989247,0.9909452134202684,-0.3920534869548412,440.45,776053632,646.26,450.79043010752684,0.996836118740253,-0.15502907953301082,2961.79,3025.86,2932.808967741935,1.0013137544137634
0.9,17889,5.76,0.9495032258064515,0.9905414652203663,-0.31396195026808027,206.59,311321984,663.66,233.3949462365591,0.9882736993995157,-0.37006987474227004,423.76,731750016,645.6,448.38653763440857,0.9946673835277628,-0.17411167641002978,2952.01,3025.86,2935.6859354838707,1.0009809598148327
0.9,11213,5.76,0.9417053763440861,0.9917874428960024,-0.2855894259172105,209.43,286099008,663.66,230.94683870967742,0.9895108803067211,-0.361318253398061,428.04,730030016,645.6,446.3577204301076,0.9954752941178729,-0.16951380294566276,2970.27,3025.86,2939.291634408602,1.001228230472868
0.93,28033,5.76,0.9368752688172043,0.994870893117725,-0.1845442194772403,205.25,313744000,663.66,228.38645161290322,0.9889135217824182,-0.38663631470521986,420.67,753870016,645.6,443.9755698924732,0.9946631358020671,-0.1986183653960062,2986.2,3025.86,2943.607247311829,1.0014682493062976
0.88,19519,5.76,0.9296795698924731,0.9923194696623643,-0.2140411566436048,218.45,342382016,663.66,226.84488172043012,0.9932501692565988,-0.331270456609415,438.87,755689984,645.6,442.9056559139785,0.9975901512356776,-0.1697213761164983,3022.55,3025.86,2949.86911827957,1.0021272780101556
0.915,14809,5.76,0.9256881720430108,0.9957066951036431,-0.07044725181885048,217.0,344915008,661.94,225.3601075268817,0.9934546718343934,-0.3448507080737965,437.36,843580032,645.6,441.8470967741935,0.9976099669858572,-0.18627589180122506,3066.91,3025.86,2958.588301075269,1.002955786323423
0.938,38440,5.76,0.9240516129032258,0.9982320621682212,0.040740048394969586,225.73,301076000,661.94,224.6146666666667,0.9966922235332796,-0.2740950182608034,446.13,925569984,645.6,441.4900215053764,0.9991918578362876,-0.17088658265859646,3093.08,3066.91,2968.621311827956,1.0033911479840032
0.91,51709,5.76,0.9211075268817204,0.9968139376844378,0.13076144753612462,219.94,230864992,661.94,223.6537634408602,0.9957219925124814,-0.34591832378627174,440.43,713080000,645.6,440.88019354838707,0.9986187050051325,-0.18776650150808294,3120.46,3093.08,2980.0214838709676,1.003840224415822
0.9,16511,5.09,0.917905376344086,0.9965235866126566,0.11793134459293975,222.31,270856000,601.47,223.01447311827957,0.9971416071308379,-0.28098162346029787,438.15,795379968,604.75,440.24466666666666,0.9985585043487542,-0.16463814197123638,3110.29,3120.46,2990.30223655914,1.0034498921379646
0.92,23667,4.75,0.916251612903226,0.9981983290614913,0.293164760698007,221.5,185140992,601.47,222.46202150537636,0.9975227992821335,-0.24740355638967837,431.37,590910016,604.75,439.2842365591398,0.9978184173932219,-0.15721064007887564,3140.98,3120.46,3002.1965161290314,1.0039776178556379
0.825,28133,4.55,0.9084043010752687,0.9914354182656308,0.10197576165826083,227.95,284812000,601.47,222.43567741935482,0.9998815794001903,-0.18375379681662718,437.91,839900032,604.75,438.8384946236559,0.9989852994977116,-0.16335490713230238,3145.91,3140.98,3013.9887741935486,1.0039278768065862
0.85,17242,4.55,0.902567741935484,0.9935749322929492,0.1627096599261979,240.61,297025984,601.47,223.2923870967742,1.0038514940020358,-0.07673764371978409,441.35,769120000,604.75,438.6872688172043,0.9996553953030459,-0.16556182147609066,3168.8,3145.91,3026.6889677419354,1.0042137494529273
0.867,21806,4.55,0.8981935483870965,0.9951536119172536,0.26702094167968626,246.3,319456000,601.47,224.54529032258063,1.0056110431801843,-0.010396342159308292,452.48,963990016,604.75,439.3119139784946,1.001423896259799,-0.13925223848982005,3221.22,3168.8,3042.106,1.0050936955935603
0.825,20200,4.55,0.8912881720430109,0.9923119283627836,0.09457888938658399,250.21,158539008,601.47,226.03129032258062,1.0066178186051695,0.055124514623325016,454.96,420100000,604.75,440.09599999999995,1.0017848048198932,-0.12440276052965937,3240.02,3221.22,3057.8861290322575,1.0051872383908573
0.821,32508,4.55,0.8847806451612903,0.9926987397725653,0.08193296136753958,253.61,209490000,601.47,227.68008602150536,1.0072945462399108,0.06190023909759956,458.77,542880000,604.75,441.07673118279575,1.0022284482994523,-0.10562356572186049,3234.85,3240.02,3072.2833333333333,1.004708221200386
0.83,16425,4.55,0.8795827956989247,0.9941252676685552,0.08730750979935475,246.64,285225984,601.47,228.83103225806454,1.0050551027833434,0.0519097952518357,453.87,909459968,604.75,441.72180645161285,1.0014625012457294,-0.11678086391440878,3265.35,3240.02,3087.870838709677,1.005073589797928
0.805,27081,4.55,0.8733096774193547,0.992868075284959,0.0745968768739168,238.76,282560000,601.47,229.43230107526878,1.002627566773925,-0.08625692517195815,448.77,764409984,604.75,442.02410752688183,1.0006843698247487,-0.17483557006620898,3329.62,3265.35,3106.7910967741936,1.0061272828601933
0.764,8610,4.55,0.8649182795698925,0.9903912689090325,0.07788520281998812,223.82,265960000,601.47,229.08978494623653,0.998507114615392,-0.200296994193503,429.71,734200000,604.75,441.1436129032257,0.99800803936106,-0.2084441311892099,3295.47,3329.62,3122.692731182796,1.005118346845114
0.728,14058,4.55,0.8547333333333333,0.9882243831849363,0.03935957481224228,209.86,343406016,601.47,227.9069677419355,0.9948368836935325,-0.20468319436408577,405.45,996729984,604.75,438.7873548387097,0.9946587505846245,-0.2101224828858862,3225.52,3329.62,3133.320795698925,1.0034034935330007
0.759,10299,4.55,0.8471010752688172,0.9910705973818156,0.0772437389255437,216.83,305288000,601.47,227.26053763440862,0.9971636228855503,-0.21769667945281068,408.55,839180032,604.75,436.7631182795699,0.9953867481894871,-0.24747202027707527,3327.71,3329.62,3150.0361505376345,1.0053347090606408
0.68,21842,4.55,0.8348795698924731,0.9855725535793167,0.04342986649589142,216.24,271414016,601.47,226.66109677419357,0.9973623187445796,-0.24769291796977433,409.82,793320000,604.75,434.9677849462366,0.9958894575613316,-0.25235996569056474,3380.16,3329.62,3169.4602365591404,1.0061663057480121
0.65,32198,4.55,0.8213462365591397,0.9837900772502118,-0.009746233131620596,209.21,220432992,601.47,225.66380645161297,0.9956000816338848,-0.2992995974740932,405.93,670529984,604.75,433.03802150537626,0.995563433643485,-0.22341028534096763,3337.75,3380.16,3185.2803440860216,1.0049914200987282
0.61,29610,4.55,0.8059419354838712,0.9812450579431621,-0.006583422460852861,169.21,532799008,601.47,222.17602150537635,0.9845443316716167,-0.2538973008650883,343.53,1628099968,604.75,427.2018709677419,0.9865227757199101,-0.23705548711281244,2954.22,3380.16,3175.6858494623652,0.9969878649326832
0.631,17152,4.55,0.7925655913978493,0.9834028439306971,0.00540819464510589,145.2,547563008,601.47,217.28144086021504,0.9779698069485736,-0.3368357671699268,318.64,1619769984,604.75,419.97995698924734,0.9830948446875133,-0.2875130273373919,2972.37,3380.16,3167.2146451612903,0.9973324803829355
0.403,50112,4.55,0.7650494623655913,0.9652822058755696,-0.30426249596904226,94.49,1003411968,601.47,209.27283870967744,0.9631418030052101,-0.45550727870743885,241.29,3292879872,604.75,408.0200215053764,0.9715226041508996,-0.36266796776676924,2711.02,3380.16,3141.766623655914,0.9919651730758904
0.3,30407,4.55,0.7319032258064514,0.956674387487772,-0.42965883788099485,79.63,743300992,601.47,200.54645161290324,0.9583013870764172,-0.30796182971305736,193.93,2519310080,604.75,393.3868387096774,0.9641361158167917,-0.3373479756061726,2304.92,3380.16,3090.5006666666673,0.9836824426730999
0.33,33131,4.55,0.7018602150537634,0.9589522088530421,-0.41229420751329776,84.8,617478976,601.47,192.4134623655914,0.9594458581445748,-0.39213741296324317,217.56,2174540032,604.75,380.74430107526877,0.9678623268742884,-0.35301005538305696,2541.47,3380.16,3055.6620000000003,0.9887271771067945
0.297,51073,4.55,0.6708451612903226,0.9558102124921484,-0.5254027915381181,85.83,597667008,601.47,184.61223655913975,0.9594559252219623,-0.34780807898417715,229.26,2343450112,604.75,369.2964516129032,0.9699329722597674,-0.3063036020726341,2488.65,3380.16,3018.2435268817203,0.9877543808450411
0.37,563573,4.55,0.6457290322580646,0.9625604677777672,-0.4736158169130858,100.31,516624000,601.47,178.0315483870968,0.9643539979001616,-0.4945028874212444,259.63,1929040000,604.75,360.24662365591394,0.9754944085775422,-0.34787773919476783,2789.82,3380.16,3001.3092688172046,0.9943893665591619
0.312,460682,4.55,0.6178387096774194,0.9568080089521221,-0.5466829719886672,95.06,589145984,601.47,171.39550537634412,0.9627254659588546,-0.47545420092053425,260.17,1785549952,604.75,351.6363225806451,0.9760988708571691,-0.3854470264621336,2874.56,3380.16,2990.31,0.9963351764739862
0.429,459639,4.55,0.598625806451613,0.9689030439095704,-0.43201667034532043,100.59,714478016,601.47,165.41341935483877,0.9650977660798624,-0.383031702667467,264.51,1988070016,604.75,343.7190967741934,0.977484618914373,-0.35723401346212214,2836.74,3380.16,2977.123440860215,0.9955902367514455
0.417,89361,4.55,0.5797677419354839,0.9684977421406014,-0.39368682759244195,102.05,724697984,593.92,159.77931182795697,0.965939235469187,-0.3408207925870266,272.28,1770749952,597.81,336.68152688172046,0.9795252287157722,-0.3163758437544003,2830.71,3380.16,2963.816774193548,0.9955303611250926
0.69,114262,4.55,0.5795612903225807,0.9996439063473695,-0.09746755014976871,113.23,474038016,584.83,155.09131182795699,0.9706595306590893,-0.3113983987629757,294.75,1471280000,587.93,331.4193978494624,0.9843706036354448,-0.29777110721497313,2929.8,3380.16,2957.1638709677422,0.9977552919992444
0.77,85179,4.55,0.5849677419354838,1.0093285243565766,-0.04395298492560662,101.61,529932000,582.62,149.86051612903225,0.966272799957181,-0.2811981237791749,272.31,1336999936,583.44,324.99617204301074,0.980619040864442,-0.31165345916212006,2863.7,3380.16,2946.333483870968,0.9963375762827679
0.852,28516,4.55,0.5960086021505376,1.0188743060916878,0.14094672134524688,112.31,489262016,571.21,145.54292473118278,0.9711892664634095,-0.31464686115707663,288.94,1347160064,573.85,319.96490322580644,0.9845189905297147,-0.3194275629939166,2955.45,3380.16,2941.685892473118,0.998422584740223
0.757,32279,4.55,0.6009806451612902,1.0083422336402734,-0.12856818889030497,117.7,461451008,571.21,141.80133333333333,0.9742921794050783,-0.3411184483050853,291.59,1306320000,573.85,315.4270322580645,0.985817597736526,-0.3259262453960521,3044.31,3380.16,2942.9155053763443,1.0004179959887534
0.8,48628,4.55,0.6090666666666666,1.013454712011909,-0.0819747242169857,142.05,714665024,567.16,139.84425806451614,0.9861984706151057,-0.3527296859853142,336.52,1566889984,573.85,314.1013548387097,0.9957971978182574,-0.27829575888224267,3193.93,3380.16,2953.846623655914,1.0037143840044336
0.955,57098,4.55,0.6274494623655913,1.0301819106265182,0.050958349415753834,123.2,765694016,547.58,136.85101075268818,0.9785958511757626,-0.3629919960875856,299.28,1833100032,573.85,310.6088172043011,0.9888808577848954,-0.29511740592295466,3041.31,3380.16,2954.71440860215,1.000293781315281
0.857,31690,4.55,0.6394129032258064,1.0190667800002742,0.07132905234481413,122.9,494672992,545.89,134.04645161290324,0.9795064784369534,-0.37450680386859436,296.4,1514950016,573.85,307.2340215053763,0.9891349005179558,-0.31948434916935486,3097.74,3380.16,2959.393053763441,1.001583450890438
0.822,12485,4.55,0.6492107526881721,1.0153231963461107,0.014641858414267572,112.5,509527008,545.06,130.78470967741933,0.9756670773732743,-0.3705542152203527,277.3,1229929984,573.85,302.9318064516129,0.985996944502814,-0.3151615688358409,3009.05,3380.16,2958.376752688172,0.9996565846250208
0.727,13697,4.55,0.6530903225806451,1.0059758250713025,-0.008431250545803737,116.27,320748992,545.06,128.00060215053765,0.9787122857576495,-0.4202066146848078,283.46,923779968,573.85,299.3583440860215,0.9882037399524034,-0.34764386151585946,3130.01,3380.16,2965.448043010753,1.002390260238543
0.65,15811,4.55,0.6522129032258065,0.9986565114739848,-0.15330639874780927,113.41,370936000,545.06,125.27215053763442,0.9786840720507363,-0.4665528403900254,270.32,1121350016,573.85,295.26929032258056,0.9863406053506699,-0.3926405456486114,3185.04,3380.16,2976.103849462366,1.0035933209070136
0.72,21164,4.55,0.6562817204301077,1.006238480079399,-0.11480227869862347,118.14,347984000,545.06,123.12240860215053,0.9828394265903653,-0.4341211046747283,278.27,1003249984,573.85,292.0609462365591,0.9891341761870449,-0.38610114148397323,3224.73,3380.16,2989.2853763440853,1.004429121948853
0.693,22676,4.55,0.6589247311827958,1.0040272502957357,-0.005851985903419288,127.28,434032000,545.06,121.83795698924732,0.9895676861142824,-0.39448993747347505,284.11,1250930048,573.85,289.60402150537635,0.9915876300380375,-0.3679997875924601,3215.63,3380.16,3001.8722580645153,1.0042106658066297
0.627,12769,4.55,0.6575935483870968,0.9979797650130547,-0.147970702515564,120.17,406523008,545.06,120.35916129032258,0.9878626026283808,-0.46659558158720654,272.09,1138329984,573.85,286.7390322580645,0.9901072187035959,-0.4181264063941146,3271.12,3380.16,3018.0915913978497,1.0054030724624479
0.546,18717,4.55,0.6514537634408601,0.9906632524584587,-0.18120079180607052,128.08,319832992,545.06,119.6776559139785,0.994337735748256,-0.42452880644130675,280.59,1113129984,573.85,284.82389247311824,0.9933209658627059,-0.40809903891108434,3351.28,3380.16,3039.4045376344084,1.00706172943767
0.548,84528,4.55,0.6460537634408602,0.9917108468734939,-0.12465640674266976,134.56,346300000,545.06,119.66918279569893,0.9999292004993342,-0.3408578155771991,286.99,1048550016,573.85,283.6943010752688,0.996034070779522,-0.37347993170240956,3372.85,3380.16,3061.9243010752693,1.0074092682175135
0.5,45836,4.55,0.6381096774193549,0.9877036765807301,-0.15844667817370595,122.39,422052000,545.06,119.09963440860213,0.9952406427971591,-0.34877242078622606,269.45,893169984,573.85,281.7810107526882,0.9932558027590657,-0.40380670875785574,3397.16,3380.16,3085.9194838709677,1.0078366348858696
0.397,60102,4.55,0.6240881720430107,0.9780264962709075,-0.27026297548293776,125.95,344983008,545.06,118.97789247311829,0.9989778143645163,-0.32952356312647024,272.48,894270016,573.85,280.40784946236556,0.9951268494400859,-0.41553626851693237,3508.01,3397.16,3116.8475913978496,1.0100223313305912
0.352,55822,4.55,0.6078752688172042,0.9740214540956096,-0.3615424868435283,124.15,330956992,545.06,118.92047311827957,0.9995173947559065,-0.3332351638589972,260.32,1125330048,573.85,278.5361290322581,0.9933250070078417,-0.3926450436143515,3426.96,3508.01,3141.9391612903223,1.0080503037625974
0.33,11352,4.55,0.5911182795698925,0.972433507156958,-0.47152860432133453,113.59,358072992,545.06,118.38107526881718,0.9954642137277246,-0.3232658900128125,243.58,1147399936,573.85,275.9031827956989,0.9905472003014221,-0.3940473754249856,3340.97,3508.01,3161.2695483870975,1.0061523747292538
0.392,64213,4.55,0.5791139784946235,0.9796922181394839,-0.28771491740683053,119.24,458231008,545.06,118.42694623655912,1.0003874856486796,-0.27745308777973154,250.65,1363120000,573.85,274.083870967742,0.9934059773811884,-0.37705226414923365,3319.47,3508.01,3179.29711827957,1.0057026361139214
0.411,97948,4.55,0.5688903225806451,0.9823460384421141,-0.23251799414757301,101.23,240142000,545.06,117.50436559139784,0.9922097067054452,-0.3475551905329157,229.09,1207549952,573.85,271.2075268817204,0.989505606164034,-0.44965440221778175,3298.46,3508.01,3196.0085161290317,1.0052563183709313
0.419,63478,4.55,0.5596107526881721,0.9836882971565093,-0.2157234776946273,97.18,251276992,545.06,116.46668817204302,0.991169030919556,-0.27759701815927307,222.55,1330669952,573.85,268.15535483870974,0.9887459906511304,-0.42808482596806297,3348.44,3508.01,3215.2041290322577,1.0060061206991011
0.6,567650,4.55,0.5624645161290324,1.0050995507630114,0.6393028098264805,103.15,206890000,545.06,115.91744086021507,0.9952840823376328,0.041805816132899576,233.68,1102930048,573.85,266.0278924731183,0.9920663066121835,-0.31412986650719266,3477.13,3508.01,3241.893569892472,1.0083010097614697
0.423,102013,4.55,0.5534752688172044,0.984018107713366,0.6232470068341812,98.21,251032000,545.06,115.03086021505378,0.9923516199237834,-0.098376717534435,228.78,1058819968,573.85,263.6006666666666,0.990876047680989,-0.33176275850621795,3483.81,3508.01,3267.366430107527,1.0078574017517483
0.467,62151,4.55,0.5470602150537635,0.9884095024206769,0.6144637572422993,103.16,274057984,545.06,114.42367741935485,0.9947215660687594,0.07752166117167447,229.96,1288470016,573.85,261.17462365591393,0.9907965217181317,-0.3065418663849042,3465.39,3508.01,3289.1156559139777,1.006656500356385
0.493,308784,4.55,0.5420279569892473,0.9908012720975852,0.8736922821914593,98.67,281041984,545.06,113.48733333333334,0.9918168677397959,-0.012908829265208643,216.82,1394089984,573.85,257.8741720430108,0.9873630463530356,-0.3682108670774371,3269.96,3508.01,3296.2695698924726,1.0021750265806653
0.43,98001,4.55,0.5325096774193548,0.982439504370286,0.3908798345759551,101.75,243448992,545.06,112.72208602150538,0.9932569804104896,0.013267062582185796,218.58,1337539968,573.85,254.7140215053763,0.9877453778616209,-0.4160545745549594,3509.44,3508.01,3317.1935698924735,1.0063477818049582
0.445,154946,4.55,0.5238301075268817,0.9837006344475542,0.6944625481785854,119.89,276185984,545.06,113.12406451612904,1.003566102339048,0.17823157414060686,254.55,1581479936,573.85,253.96279569892477,0.997050708861602,-0.26880083212681694,3585.15,3509.44,3341.454516129033,1.007313696269267
0.44,109596,4.55,0.514541935483871,0.9822687319618524,0.3268493604046796,131.71,237462000,545.06,114.2352258064516,1.0098225014728333,0.19512659102983454,267.24,1299810048,573.85,254.04236559139784,1.0003133131853195,-0.24377351789235813,3557.54,3585.15,3362.4060215053764,1.0062701752411147
0.5,80477,4.55,0.5091010752688172,0.9894258177228311,0.4412652166362274,143.21,186748000,545.06,116.02139784946236,1.0156359129191646,0.2862013208349501,289.99,1032150016,573.85,255.5838064516129,1.0060676527579433,-0.22027024083159907,3638.35,3585.15,3387.0209677419343,1.0073206347119072
0.52,66160,4.55,0.5047720430107526,0.9914967135832924,0.01781674244021547,156.4,267616000,545.06,118.57002150537635,1.0219668414891951,0.2649893119750182,302.94,1468370048,573.85,257.92264516129035,1.0091509659479159,-0.23479821721410787,3699.12,3638.35,3413.8196989247317,1.0079121834314075
0.536,261233,4.55,0.5018408602150538,0.9941930563780522,0.016948102324362946,156.15,211242000,545.06,121.00967741935483,1.020575655490354,0.3677881800534215,306.38,1333609984,573.85,260.4658064516129,1.009860170628803,-0.15416030481427012,3663.46,3699.12,3436.663333333334,1.0066915175443498
0.51,89104,4.55,0.49773548387096783,0.99181936611872,-0.07336505978417707,151.25,224042000,545.06,123.01591397849461,1.016579141453185,0.23726518378305328,293.33,1307219968,573.85,262.0937634408602,1.006250175450764,-0.2399148933616866,3709.41,3699.12,3460.7515698924735,1.0070091929941172
0.568,94978,4.55,0.49810752688172044,1.000747471343331,0.06185821449988482,147.97,113237000,545.06,124.72679569892473,1.0139078080639974,0.2121426333088272,287.38,689120000,573.85,263.3284086021506,1.0047107002665059,-0.23082537388246505,3703.06,3709.41,3482.808709677419,1.0063735114582728
0.605,65096,4.55,0.50127311827957,1.0063552370261637,-0.013055220807317913,147.91,97680000,545.06,126.36870967741936,1.0131640837022544,0.04783518181504742,286.14,619209984,573.85,264.49210752688174,1.0044191924863273,-0.3257113889659716,3756.07,3709.41,3506.869182795699,1.0069083533216812
0.666,113575,4.55,0.5087935483870967,1.015002659893947,-0.05986326597655334,164.33,239191008,545.06,129.057376344086,1.0212763640107587,0.3235203019195445,312.78,1385229952,573.85,267.48286021505373,1.0113075309359394,-0.21246824503781525,3824.68,3756.07,3534.1472043010754,1.0077784542517865
0.799,464062,4.55,0.5255161290322581,1.0328671239998481,0.1781519906524911,166.17,234592000,545.06,131.7763010752688,1.0210675655139132,0.31498348169657375,322.58,1329280000,573.85,271.07683870967736,1.0134362945413926,-0.12812476270737694,3768.25,3824.68,3556.099913978494,1.0062116002555588
0.96,435092,4.55,0.5527505376344086,1.0518241155648314,0.3640164235423812,159.28,195022000,545.06,133.9576559139785,1.0165534684227002,0.3209069679849341,317.54,924000000,573.85,274.2893548387097,1.0118509428703828,-0.13152521088369817,3841.47,3824.68,3581.3345376344087,1.0070961514767123
0.91,924573,4.55,0.5764623655913977,1.0428978831182472,0.4389119119313418,145.62,256680992,545.06,135.15711827956991,1.0089540411662745,0.2173046951665214,296.52,1217170048,573.85,276.0592043010753,1.0064524905219392,-0.14058083566350343,3714.24,3841.47,3596.570623655914,1.0042543040482248
0.91,478384,4.55,0.5997806451612904,1.0404506537837388,0.507787274453941,159.99,195904000,545.06,137.22055913978494,1.01526697880571,0.32375363286338965,321.1,1015619968,573.85,279.3867741935484,1.0120538270074995,-0.03248802664888073,3886.83,3841.47,3621.6851397849455,1.006982906428653
1.16,492475,4.55,0.638668817204301,1.064837324039613,0.7236937578408437,168.27,388652000,545.06,139.71802150537633,1.0182003511809572,0.3253713719200957,334.99,1193170048,573.85,283.5012688172043,1.0147268768735829,-0.016373670434234322,3934.83,3886.83,3648.3872043010747,1.007372828803587
1.15,342971,4.55,0.6759655913978495,1.0583976752721556,0.68454005437993,166.41,168820992,545.06,141.98767741935484,1.0162445466198586,0.20986806866136387,345.23,762270016,573.85,288.15443010752693,1.0164131938799996,0.0002151580382154794,3906.71,3934.83,3671.7479784946236,1.0064030413674319
0.948,708731,4.55,0.6992473118279569,1.0344421679540854,0.6217325052069566,178.36,303455008,545.06,144.9441505376344,1.0208220401376646,0.4511375320333382,360.19,1363670016,573.85,293.641311827957,1.0190414623102708,0.15869967813214148,3811.15,3934.83,3687.4573978494623,1.0042784579570407
0.96,213899,4.55,0.7226129032258065,1.0334153467630327,0.856586050063037,188.08,313655008,545.06,148.4025806451613,1.0238604324127514,0.4561742645658462,396.54,1371990016,573.85,301.28389247311827,1.0260269258354187,0.2668266647260493,3841.94,3934.83,3703.9919139784947,1.0044839883814456
1.01,216964,4.55,0.7483139784946236,1.035566864574498,0.9065314404961121,187.34,238482000,545.06,151.68423655913978,1.0221131997820516,0.3023754806513581,400.82,1142089984,573.85,308.953247311828,1.0254555753902246,0.2274922053799755,3943.34,3934.83,3726.013182795699,1.0059452799381388
0.992,164080,4.55,0.7718602150537633,1.0314657179149687,1.017692901851112,172.33,274566016,545.06,153.884,1.0145022547547486,0.32943823481701906,370.11,1277709952,573.85,314.39651612903225,1.0176184224136355,0.22170188434673443,3913.1,3943.34,3744.856623655914,1.0050572662885955
0.833,126085,4.55,0.7840903225806454,1.0158449772230198,1.0500347519660918,175.27,227144000,545.06,156.16604301075273,1.0148296314805487,0.28835644632603774,381.18,1064700032,573.85,320.3375053763441,1.0188964856241396,0.26593843295159036,3974.54,3943.34,3766.5543870967736,1.0057940171337394
0.92,127187,4.55,0.8009956989247311,1.0215604961025992,1.53331114557173,174.05,131496000,545.06,158.26331182795695,1.0134297365596938,0.2840397217564916,379.71,716380032,573.85,325.94989247311827,1.0175202310144125,0.2856144430240335,4019.87,3974.54,3790.1733763440857,1.0062707150408408
0.856,32421,4.55,0.8125505376344087,1.0144255939516142,1.6807386332316048,164.83,162006000,545.06,159.65843010752684,1.0088151717757965,0.3068452077281365,364.35,860060032,573.85,330.314559139785,1.0133906062479425,0.2600037019515411,4128.8,4019.87,3819.5450322580646,1.007749422782952
0.76,74506,4.55,0.8167806451612903,1.0052059623752103,1.0266146543685464,162.62,177902000,545.06,160.80077419354842,1.0071549249560592,0.1879589453671877,365.19,829900032,573.85,334.4736989247312,1.0125914516023078,0.19608685232834855,4185.47,4128.8,3850.8785591397855,1.0082034709938206
0.8,28986,4.55,0.8228000000000001,1.0073696100346758,1.03509284609069,157.53,220768992,545.06,161.52144086021502,1.0044817362993488,0.3300726885827354,358.74,869059968,573.85,337.97038709677423,1.0104542993463588,0.29862519249393404,4180.17,4185.47,3880.007784946237,1.0075643065235893
0.835,40512,4.55,0.8302408602150538,1.0090433400766332,1.0440902010486357,164.21,238604000,545.06,162.55200000000002,1.0063803240876044,0.5072847389134267,371.6,931270016,573.85,342.0179354838709,1.0119760444749784,0.4210452095403787,4181.17,4185.47,3907.305376344086,1.0070354475843475
0.816,29254,4.55,0.8355612903225804,1.0064082971128987,0.4406501644022581,194.41,239639008,545.06,165.38679569892474,1.0174393160276387,0.7285833438222522,404.65,1020739968,573.85,347.87720430107527,1.0171314665381948,0.5143732967647641,4232.6,4185.47,3936.1302150537635,1.0073771655740529
0.76,403346,4.55,0.8368043010752688,1.0014876356373672,0.7838455116479399,197.9,235544000,545.06,168.2504946236559,1.0173151605763275,0.8432911559916334,401.29,1101549952,573.85,353.15202150537635,1.015162871090961,0.5559726823223021,4173.85,4232.6,3959.540064516129,1.0059474275959759
0.789,90590,4.55,0.8391935483870969,1.0028552043874033,0.698225927905571,193.86,187919008,545.06,170.6391612903226,1.0141970855539515,0.6813184855157188,389.91,952190016,573.85,357.32165591397853,1.0118069107769179,0.49630833367203286,4155.86,4232.6,3980.3053118279568,1.0052443584288786
0.785,53597,4.55,0.840632258064516,1.0017143955410337,0.6311586572342678,190.6,165094000,545.06,172.62245161290323,1.0116227149007508,0.6549488505455097,389.82,1000030016,573.85,361.1415053763441,1.010690226576374,0.5122205955965411,4204.11,4232.6,4002.6985806451607,1.0056260178712069
0.872,156416,4.55,0.8470559139784946,1.00764145778651,1.000946620474539,214.95,219292992,545.06,175.9790107526882,1.0194445108873316,0.8523150742232011,415.85,931670016,573.85,366.26866666666666,1.0141970978522103,0.697217928281805,4229.89,4232.6,4024.7461505376345,1.005508176408557
0.892,102709,4.55,0.8538193548387096,1.0079846451085481,0.9314552923241146,208.21,147750000,545.06,178.65729032258065,1.01521931256709,0.5152713235769022,413.47,844689984,573.85,370.8180430107527,1.0124208723216457,0.4395859611791064,4247.44,4232.6,4046.376623655914,1.0053743695401485
0.88,140051,4.55,0.8588473118279569,1.0058887831023662,0.8520619949401911,186.72,234198000,545.06,179.75918279569893,1.0061676322926913,0.20931026663571473,391.92,1127040000,573.85,373.6353333333334,1.0075975006493925,0.295386515516205,4166.45,4247.44,4061.3576559139788,1.0037023326426122
0.91,83009,4.55,0.8648645161290324,1.007006139762222,0.7457772621809746,198.39,181332992,545.06,181.49567741935485,1.0096601163659578,0.1566778747524098,418.03,859089984,573.85,377.86901075268815,1.0113310413701633,0.26498265697031065,4280.7,4247.44,4082.4001720430106,1.0051811531787629
0.891,97196,4.55,0.8687741935483871,1.004520566338938,0.6220506414831894,196.16,159550000,545.06,182.96963440860216,1.0081211685600735,0.04226154330317744,413.52,826560000,573.85,381.53636559139784,1.0097053601495518,0.18843483154645213,4352.34,4280.7,4106.683225806452,1.005948229654147
0.852,56526,4.55,0.8693698924731182,1.0006856775087876,0.3926364310227979,186.68,143366000,545.06,183.74647311827954,1.0042457247738854,-0.08532159310488718,399.42,699204736,573.85,384.0562365591398,1.0066045368017176,0.11093661598938742,4369.55,4352.34,4130.67182795699,1.0058413568399414
0.761,119094,4.55,0.8634150537634406,0.9931503969009811,0.23383372101388455,167.4,169286000,545.06,183.21378494623656,0.997100961106883,-0.1797514995021896,368.6,828216704,573.85,384.38763440860214,1.000862888863442,0.09006927058435976,4327.16,4369.55,4150.40711827957,1.0047777434626999
0.758,38485,4.55,0.8567268817204302,0.992253815805205,0.049936890855282634,167.87,249659008,545.06,182.67668817204304,0.9970684696331604,-0.15731392280567857,367.17,1000337664,573.85,384.4649032258065,1.000201017957623,0.08625325782852888,4411.8,4369.55,4174.274559139784,1.0057506264277294
0.718,20736,4.55,0.8470494623655916,0.9887041955128046,0.039257309463428536,172.15,184832992,545.06,182.3729247311828,0.9983371526826993,-0.10878000624705386,372.99,806608384,573.85,384.746064516129,1.0007313054792868,0.13334754137367155,4395.26,4411.8,4195.550731182796,1.0050969747537153
0.76,24104,4.55,0.8398387096774194,0.991487211776235,-0.017011949823730665,169.14,178220992,545.06,181.8228387096774,0.9969837297816208,-0.2858413008739884,374.19,882087808,573.85,384.917870967742,1.0004465450525895,0.036364529694058234,4436.52,4411.8,4218.11423655914,1.0053779603256003
0.777,62869,4.55,0.8335225806451614,0.9924793547148071,-0.2053168823025936,169.6,136000992,545.06,181.29208602150536,0.9970809349807837,-0.2706051726452521,371.14,692964096,573.85,384.7608387096775,0.9995920369774735,-0.03515997704058038,4468.0,4436.52,4241.392924731183,1.0055187429421142
0.692,35136,4.55,0.8217698924731184,0.985899976263455,-0.3822970970693663,157.21,191336000,545.06,179.95460215053762,0.9926224916910654,-0.2935959906396908,343.95,885270016,573.85,382.74518279569895,0.9947612758077506,-0.07307164766531282,4441.67,4468.0,4261.46806451613,1.0047331478458152
0.71,24862,4.55,0.8117548387096774,0.9878128246664031,-0.31490563388339066,174.94,143358000,545.06,179.76544086021508,0.9989488388290048,-0.07680059405829676,369.21,754969984,573.85,382.3024086021505,0.9988431619431124,0.03106757021058293,4509.37,4468.0,4284.620193548388,1.0054328998086455
0.82,87764,4.55,0.8092666666666665,0.9969348232688505,-0.17926299352589936,170.74,136124992,545.06,179.2422580645161,0.997089636399547,-0.22126821077193637,363.88,839729984,573.85,381.35944086021505,0.9975334506905585,-0.0336416800128283,4535.43,4509.37,4307.743655913979,1.005396852304531
0.88,108581,4.55,0.8108430107526879,1.0019478673111724,-0.3429817495369597,166.87,134964992,545.06,178.44627956989248,0.995559202928937,-0.23286785211994043,357.39,581830016,573.85,379.9057634408602,0.9961881698376842,-0.06623846395833333,4458.58,4535.43,4324.514215053764,1.0038931191081348
0.783,102182,4.55,0.806763440860215,0.9949687302740811,-0.42791095639317944,173.48,304132000,545.06,178.0797634408602,0.9979460702127515,-0.1885823697667932,369.23,1179379968,573.85,379.1677849462365,0.9980574695999879,-0.06519294485952187,4432.99,4535.43,4338.507462365591,1.0032357963498226
0.763,87071,4.55,0.8021827956989246,0.9943221954177717,-0.3415678601550043,177.04,177464992,545.06,177.92772043010748,0.9991462083741861,-0.2448071174498454,386.57,956280000,573.85,379.49690322580653,1.000868001693806,-0.09582533181473685,4455.48,4535.43,4352.819892473119,1.0032989294663386
1.52,2378958,4.55,0.8468387096774193,1.0556680026272403,0.45125468300000815,185.71,214899008,545.06,178.33787096774194,1.0023051525453313,-0.23904246818190067,408.94,1223760000,573.85,381.2125161290323,1.0045207560025988,-0.10280500337403353,4357.05,4535.43,4359.396344086021,1.0015108485476907
1.43,3852737,4.55,0.8844838709677418,1.044453755904312,0.3320007684099382,193.66,229984992,545.06,179.26602150537633,1.0052044500284647,-0.1175920159137529,429.46,1280649984,573.85,384.22533333333325,1.0079032483898855,-0.042160826945072394,4391.36,4535.43,4367.078580645161,1.0017622248478422
1.36,933784,4.55,0.9167096774193549,1.036434589153507,0.2880708290358147,206.87,218016992,545.06,181.03283870967743,1.00985583988234,-0.003633495407821652,434.44,923900032,573.85,387.49784946236565,1.008517179491112,0.031146251417721205,4471.37,4535.43,4378.959268817204,1.0027205116538773
1.13,542746,4.55,0.9333053763440862,1.0181035493935768,0.3091565031822321,202.39,245424000,545.06,182.4363440860215,1.0077527667706458,-0.0376473394966661,439.56,932460032,573.85,390.96234408602146,1.008940680905617,0.009652590160898145,4544.9,4535.43,4394.383247311828,1.0035222932089045
1.18,356932,4.55,0.9524881720430106,1.0205536110528652,0.242112026455783,195.85,205343008,545.06,183.35959139784947,1.0050606545337952,-0.06578091922798124,436.19,850320000,573.85,394.083870967742,1.0079842136434338,0.0030911310067187614,4605.38,4544.9,4412.482580645161,1.0041187425662985
1.22,161600,4.55,0.9736924731182797,1.0222620098576,0.23307482918649902,198.92,177404992,545.06,184.43402150537636,1.0058596886006121,0.012148884875182064,442.0,896289984,573.85,397.45877419354844,1.008563921221944,0.07537220831878533,4697.53,4605.38,4435.267913978494,1.0051638353051586
1.22,185014,4.55,0.9941139784946237,1.0209732599769858,0.3439471577063329,192.88,155470000,545.06,185.0454623655914,1.0033152281516413,0.022386806947434446,434.6,720120000,573.85,400.1892688172043,1.0068698813586292,0.07123052361953586,4682.85,4697.53,4455.883075268817,1.004648008122655
0.9,198755,4.55,0.9929010752688171,0.998779915329585,-0.09688833325687018,177.48,197092000,545.06,184.59827956989247,0.9975833895628555,-0.013179459131164917,411.91,831660032,573.85,401.30662365591394,1.002792065969215,0.02434502257057236,4697.96,4697.53,4476.403440860216,1.0046052298152282
0.89,176623,4.55,0.9908279569892472,0.9979120595886064,-0.11637483118741021,176.75,154614000,545.06,184.06109677419354,0.9970899902374467,-0.04083649748586016,418.74,720019968,573.85,402.7502795698925,1.0035973887020024,0.02797303005609808,4594.62,4697.96,4489.143182795699,1.0028459771563922
0.669,92861,4.55,0.9743784946236559,0.9833982658144054,-0.36005123589350696,177.06,267435008,545.06,183.51694623655914,0.9970436417734597,-0.2170872213851266,415.28,1205639936,573.85,403.8693333333334,1.0027785300723713,-0.0459862081262139,4538.43,4697.96,4497.368623655913,1.0018322963927142
0.82,53101,4.55,0.9679870967741937,0.9934405388822433,-0.09264517720154242,189.97,166115008,545.06,183.8430107526882,1.0017767542606597,-0.21040041312906432,430.61,786200000,573.85,405.9545591397849,1.0051631199359485,-0.05587414259365864,4712.02,4697.96,4516.135720430108,1.0041729060578848
0.692,146567,4.55,0.9532086021505373,0.984732756590552,-0.2680164674920952,177.14,208527008,545.06,183.3583870967742,0.9973639266789102,-0.2646868911115372,408.68,1041520000,573.85,406.5618924731183,1.0014960623539253,-0.06369794691972919,4620.64,4712.02,4527.849978494624,1.002593867587177
0.747,39729,4.55,0.9421870967741934,0.9884374675685068,-0.23251395326545943,181.15,104306000,545.06,183.16843010752686,0.9989640125425673,-0.20966620511394585,418.37,601980032,573.85,407.75402150537633,1.002932220294938,-0.05084678533208442,4725.78,4712.02,4545.347935483872,1.0038645178334873
0.73,97431,4.55,0.9301505376344086,0.9872248737209468,-0.2990385821131438,182.14,109233000,545.06,183.06266666666667,0.9994225891394161,-0.3200497397841896,422.74,544929984,573.85,409.1666881720431,1.0034645070119759,-0.1102173287310515,4766.18,4725.78,4564.33047311828,1.0041762562302916
0.83,72961,4.55,0.9248709677419356,0.9943239618977158,-0.21136845754068712,207.55,206875008,538.2,184.66681720430105,1.0087628491753338,-0.09163643275323963,467.58,1073810048,573.85,413.457440860215,1.0104865640635137,0.029729451272354268,4677.02,4766.18,4576.407440860215,1.002645945076296
0.819,48981,4.55,0.9190150537634408,0.9936683989629473,-0.1800679250567987,223.81,258691008,538.2,187.32141935483872,1.0143750901798498,0.10277555732819121,491.98,1031980032,573.85,419.2060215053763,1.0139036816780977,0.13616501015799276,4662.85,4766.18,4586.646387096775,1.0022373327482037
0.732,98601,4.55,0.9076774193548387,0.9876632767198169,-0.29266912702408077,215.89,206859008,534.5,189.38529032258066,1.0110178055176509,0.03726446898281943,476.81,889699968,573.85,423.7607096774193,1.0108650351817157,0.11322620985997989,4397.93,4766.18,4578.7261935483875,0.9982732059810261
0.79,107547,4.55,0.9004645161290324,0.9920534508493853,-0.2121960311560357,232.9,348264000,524.4,192.50894623655915,1.0164936564432114,0.13860453613716284,500.72,1344579968,573.85,429.7315698924731,1.0140901694722926,0.1926041753735659,4431.85,4766.18,4572.742279569893,0.9986931050852252
0.8,76481,4.55,0.8941139784946236,0.9929474870795477,-0.1626726348023938,229.5,276993984,519.12,195.33423655913978,1.0146761507857867,0.20994073643194766,525.45,1125289984,573.85,437.11038709677416,1.0171707589604073,0.2855546068111541,4500.54,4766.18,4571.018989247312,0.9996231385419903
0.835,129837,4.55,0.8901333333333333,0.9955479443817753,0.04654932835333758,243.55,229370000,507.93,198.97389247311827,1.018632964594901,0.4700552050870971,534.65,1051340032,573.85,444.81172043010747,1.0176187378764538,0.42934744737421626,4418.64,4766.18,4563.730129032258,0.9984054189597114
0.84,31864,4.55,0.8863161290322579,0.9957116488528961,0.09115303069371405,239.76,264267008,507.9,202.20526881720428,1.0162402026915294,0.4620930328372438,514.82,990190016,573.85,450.8766021505377,1.0136347165370683,0.4163938228543742,4348.87,4766.18,4551.743247311828,0.9973734464173997
0.97,256454,4.55,0.890709677419355,1.0049570895114979,0.323931053929845,238.83,241858000,507.9,205.22204301075263,1.0149193649166262,0.39781793795866116,521.54,1012689984,573.85,457.0575053763441,1.013708636013325,0.40068883975064207,4384.62,4766.18,4542.198150537634,0.9979029799671081
1.21,290511,4.55,0.9100451612903225,1.021707953063885,0.5139374927384686,248.38,330960000,491.0,208.71154838709677,1.0170035602664833,0.4688985178502014,569.81,1665910016,573.85,466.0331397849462,1.0196378667958017,0.5470470572553673,4328.87,4766.18,4529.079161290323,0.997111753205712
1.15,1523825,4.55,0.9245419354838711,1.015929730534465,0.38134518164958187,275.24,473260992,491.0,213.7635483870968,1.0242056562707784,0.6413312067513167,580.55,2098160000,573.85,475.2809892473118,1.0198437593228522,0.6232519781414363,4204.31,4766.18,4508.155548387097,0.9953801618037373
1.04,844341,4.55,0.9311397849462365,1.0071363441820649,0.4034426595982501,258.27,363521984,490.88,217.49352688172044,1.0174490857901983,0.6403487265713168,559.78,1632099968,580.55,482.7384946236559,1.0156907293686506,0.6226814872219308,4463.09,4766.18,4504.4944946236565,0.9991879042938635
1.1,181324,4.55,0.9408602150537636,1.0104392812601046,0.4990978944677482,281.38,272796000,490.88,222.49713978494623,1.023005801482758,0.598938425599602,601.34,1137689984,580.55,492.4131397849463,1.020041171916138,0.621254107264942,4543.04,4766.18,4505.945440860215,1.0003221107803084
1.06,247794,4.55,0.9471612903225807,1.0066971428571427,0.32543083858767474,271.38,233858000,490.88,226.62668817204298,1.0185600066189082,0.5757004911155483,586.89,970540032,601.34,500.65632258064517,1.0167403794287435,0.6105672074949837,4545.86,4766.18,4507.505913978494,1.0003463142505298
0.988,293782,4.55,0.9483010752688171,1.0012033694344162,0.18888339201222892,278.27,206256000,483.47,230.98432258064514,1.0192282490811235,0.6048547921815706,605.71,905900032,601.34,509.6341075268817,1.0179320314980949,0.688153874198177,4488.28,4766.18,4505.329118279569,0.99951707313524
1.04,202140,4.55,0.952563440860215,1.0044947387518144,0.4108740535538491,281.51,36575000,483.47,235.31141935483873,1.018733292051381,0.5772124567554981,607.63,694819968,605.71,518.2017419354838,1.0168113442214035,0.654781499544626,4392.59,4766.18,4496.914903225807,0.9981323861514084
1.01,95480,4.55,0.9543376344086023,1.0018625463378954,0.38898949089938617,261.49,316399008,483.47,238.11458064516125,1.0119125595264693,0.40234139476321507,579.9,1000800000,607.63,524.4676559139784,1.012091649779276,0.5413465340105876,4271.78,4766.18,4480.793376344086,0.9964149806637086
0.989,170560,4.55,0.9542258064516129,0.9998828213905043,-0.26496531153880154,246.64,282972992,483.47,239.77806451612904,1.006986064719181,0.29111578188850573,572.41,1127609984,607.63,529.8345806451613,1.0102330900116805,0.4514087796373287,4131.93,4766.18,4456.044322580645,0.9944766357908621
0.953,281551,4.55,0.959963440860215,0.999460396216952,-0.2029660527908269,257.83,228064000,483.47,244.54673118279567,1.0086727908594635,0.31254302631173814,612.25,1187629952,607.63,537.4202795698925,1.0143171080217044,0.48666101618188695,4023.89,4766.18,4400.566344086023,0.9930811775972718
0.981,107281,4.55,0.96212688172043,1.0022536700546392,0.0017080984239031816,261.19,194463008,483.47,246.7565806451613,1.0090365119651254,0.4017586372352967,618.93,1017340032,612.25,545.0438494623655,1.014185489796876,0.5247383436370999,3901.36,4766.18,4362.964645161291,0.9914552591678875
1.05,97458,4.55,0.9690623655913978,1.0072084919387827,0.07835493256842319,296.26,202848992,483.47,251.10255913978492,1.017612411726815,0.575031420087486,669.03,961569984,618.93,555.5029247311828,1.0191894198588503,0.663640846765888,4158.24,4766.18,4343.319806451613,0.9954973646803522
1.31,137654,4.55,0.9930516129032259,1.0247551119139664,0.30391897469546714,296.74,207998000,483.47,255.2635698924731,1.01657096115206,0.582374878115975,676.93,989030016,669.03,565.9781935483871,1.0188572703235963,0.6490062435000725,4108.54,4766.18,4321.430107526882,0.9949601457179793
1.25,106825,4.55,1.0129763440860216,1.0200641446264258,0.28201202434743644,287.73,199476992,483.47,258.6329247311828,1.0131995131155183,0.6380008043263884,670.72,946700032,676.93,575.5350967741934,1.016885638589518,0.642848977347901,3900.86,4766.18,4287.408344086021,0.9921271980352978
0.981,155105,4.55,1.0154817204301076,1.0024732821834519,0.31272701672705416,229.66,338332992,483.47,258.0518494623656,0.9977532819171374,0.48591777353591514,555.65,1643440000,676.93,577.1762580645161,1.002851539896561,0.4455221710324737,3674.84,4766.18,4240.486344086022,0.9890558593363931
0.97,181985,4.55,1.0171032258064516,1.0015967844065743,0.31840205203141747,220.85,277047008,483.47,256.7901720430107,0.995110760019804,0.37147170207032765,547.02,1236310016,676.93,578.000322580645,1.0014277519295274,0.5457881775665576,3911.74,4766.18,4211.0484731182805,0.993057902188791
