82.37,7490375,142.07,98.84163440860215,0.9926081389299283,-0.11066026651556582,262.29,126834704,398.74,351.7065376344087,0.9819194795423062,-0.025483149162336072,1383.0,3586540032,1788.5,1567.0148387096774,0.9936362771068795,0.12416232648445014,2541.47,3380.16,3055.6620000000003,0.9887271771067945
74.48,5422376,142.07,97.59556989247312,0.9873933234351638,-0.1466182208475324,245.17,119126896,398.74,344.29058064516136,0.9789143612765139,-0.03873517589105435,1355.6,2762619904,1788.5,1555.2333333333333,0.9924815610641918,0.11461900487198906,2488.65,3380.16,3018.2435268817203,0.9877543808450411
96.64,4412519,142.07,97.78516129032256,1.001942622990555,0.1451982991862042,289.51,89496000,398.74,339.960129032258,0.9874221025600277,-0.1383816424476375,1499.2,2264859904,1788.5,1552.8694623655915,0.9984800538175996,0.12715410087637513,2789.82,3380.16,3001.3092688172046,0.9943893665591619
97.1,4514723,142.07,97.96030107526882,1.0017910670968397,-0.040030796899482635,282.8,93778896,398.74,335.3639139784946,0.986480134988632,-0.0819346876114837,1571.0,2398159872,1788.5,1554.9703225806454,1.0013528891294272,0.15322120086185775,2874.56,3380.16,2990.31,0.9963351764739862
100.73,5066886,142.07,98.35309677419356,1.0040097436881388,0.12420899467461388,286.97,89570096,398.74,331.1877634408603,0.9875474063738947,-0.042980891340954286,1558.5,2306160128,1788.5,1555.9191397849463,1.0006101834810108,0.15639037723482585,2836.74,3380.16,2977.123440860215,0.9955902367514455
104.96,5531462,142.07,98.97868817204302,1.0063606680253876,0.14672655723311867,291.82,110889000,398.74,327.47860215053765,0.9888004277338436,-0.006536764018177932,1561.7,2352229888,1788.5,1556.7309677419355,1.0005217674467977,0.14523374625941265,2830.71,3380.16,2963.816774193548,0.9955303611250926
118.32,9904460,142.07,100.42436559139784,1.01460594645225,0.28022835286414627,306.61,80846400,398.74,324.8537634408602,0.991984701618853,0.008482496562157937,1665.4,1886520064,1788.5,1563.9163440860218,1.0046156827948947,0.17653264217080622,2929.8,3380.16,2957.1638709677422,0.9977552919992444
120.44,4905651,142.07,101.94365591397847,1.015128702219163,0.38027836410328364,281.56,87751504,398.74,320.71965591397844,0.9872739429486882,-0.003331006797912539,1640.7,2333289984,1788.5,1569.0064516129032,1.0032547185443326,0.19660732839625938,2863.7,3380.16,2946.333483870968,0.9963375762827679
130.39,6017274,142.07,104.02903225806452,1.020456165961379,0.3640533760265605,305.54,79441400,398.74,318.3105376344086,0.9924883984029467,-0.005455243665456466,1694.5,1881289984,1788.5,1577.0924731182797,1.0051535935349816,0.1866445480462149,2955.45,3380.16,2941.685892473118,0.998422584740223
141.9,3394901,142.07,106.77701075268817,1.0264154960877339,0.6243197859022627,322.24,82433800,398.74,317.1198494623656,0.9962593504415787,-0.021357227422565295,1718.5,2068460032,1788.5,1586.212258064516,1.005782657074131,0.16453011443518284,3044.31,3380.16,2942.9155053763443,1.0004179959887534
148.28,5601325,142.07,109.81034408602149,1.028408112494917,0.8049481716752738,362.46,100828304,398.74,318.63479569892473,1.0047772040732472,-0.029782982145526216,1781.2,2028979968,1788.5,1598.8752688172044,1.007983175447238,0.1473101683968978,3193.93,3380.16,2953.846623655914,1.0037143840044336
142.05,3933511,148.28,112.29049462365592,1.0225857641944147,0.710456795782775,328.88,124871104,398.74,318.0223870967742,0.9980780234600329,-0.05113097740690964,1745.1,2312290048,1788.5,1608.6251612903225,1.006097969405913,0.1664005503287761,3041.31,3380.16,2954.71440860215,1.000293781315281
153.6,5343150,148.28,115.38012903225805,1.0275146566853866,0.9503209979436187,333.62,115081000,398.74,317.8195913978495,0.9993623225686216,-0.033250425511899606,1793.7,2262739968,1788.5,1621.0466666666666,1.0077218146745763,0.1866683422391151,3097.74,3380.16,2959.393053763441,1.001583450890438
129.53,8807232,153.6,116.7507741935484,1.0118793866221725,0.5422621457255792,322.26,119614496,398.74,316.9688817204301,0.9973232937790972,-0.025192871662941707,1785.7,2293139968,1793.7,1632.3563440860216,1.006976774729509,0.1992938059830961,3009.05,3380.16,2958.376752688172,0.9996565846250208
143.11,3531429,153.6,118.89449462365592,1.0183615093340082,0.7111451132859645,329.77,65861900,398.74,316.72187096774195,0.9992207097701596,-0.05422860084206804,1851.3,1454979968,1793.7,1647.3763440860216,1.0092014222595556,0.20970019916012295,3130.01,3380.16,2965.448043010753,1.002390260238543
159.44,4714668,153.6,121.9644946236559,1.0258212124095203,0.8174281911944103,328.7,79676896,398.74,316.5061720430108,0.9993189642253878,-0.08210750078210904,1901.3,1743670016,1851.3,1664.9458064516127,1.0106651175541426,0.2082900548520903,3185.04,3380.16,2976.103849462366,1.0035933209070136
171.58,5487920,159.44,125.66875268817206,1.0303716099996671,0.9070996943432569,352.32,94203000,398.74,317.93346236559137,1.0045095181347257,-0.007723737253977236,1879.1,1852460032,1901.3,1680.3638709677418,1.0092604002222683,0.17555405768720966,3224.73,3380.16,2989.2853763440853,1.004429121948853
171.6,5467258,171.58,129.2096129032258,1.028176138772061,0.9312411880550873,355.24,87204800,398.74,319.6276989247312,1.0053289029299837,0.00890527648086925,1850.2,2333880064,1901.3,1693.310752688172,1.0077048084311488,0.1533752571664967,3215.63,3380.16,3001.8722580645153,1.0042106658066297
175.1,3940631,171.6,132.8099569892473,1.0278643670940957,0.7632676148475129,364.01,96713504,398.74,321.961376344086,1.007301236492349,-0.009675737887170799,1942.4,2369809920,1901.3,1711.6995698924734,1.0108596825332319,0.18654317540919552,3271.12,3380.16,3018.0915913978497,1.0054030724624479
211.47,9699292,175.1,138.6003655913979,1.043599205461827,1.0337434881173673,376.79,71978304,398.74,325.17780645161287,1.0099901116837364,0.011473265142989852,1999.4,2175269888,1942.4,1733.0761290322578,1.0124884994515289,0.1804684533578016,3351.28,3380.16,3039.4045376344084,1.00706172943767
219.21,4254825,211.47,144.66012903225806,1.0437211216218918,1.0680465062867661,384.12,76399000,398.74,328.9050537634409,1.0114621823441774,0.05889819925030826,2001.5,2091820032,1999.4,1753.8513978494625,1.0119875108018512,0.16036628434043876,3372.85,3380.16,3061.9243010752693,1.0074092682175135
213.29,3480144,219.21,150.09180645161288,1.0375478541025192,0.9510793050544134,378.43,62061200,398.74,332.2966451612903,1.0103117643193429,0.0758584811038856,2071.2,1831600000,2001.5,1778.4875268817204,1.0140468736761086,0.17959190804138725,3397.16,3380.16,3085.9194838709677,1.0078366348858696
221.19,3848738,219.21,155.81131182795698,1.038106712895004,1.2397916917001646,387.73,68322704,398.74,336.3121505376344,1.012084098454846,0.1316869570203597,2164.4,2001350016,2071.2,1808.3621505376348,1.0167977695678836,0.20544858028771995,3508.01,3397.16,3116.8475913978496,1.0100223313305912
194.61,5770400,221.19,159.55075268817205,1.0239998034567868,0.903711021286109,382.62,78711800,398.74,339.94976344086024,1.0108161804365696,0.11571504640834707,2074.5,3437110016,2164.4,1831.3819354838708,1.012729632136678,0.15648451485262438,3426.96,3508.01,3141.9391612903223,1.0080503037625974
183.96,3459801,221.19,162.40096774193552,1.0178640025555628,0.6067983325382285,374.56,71997600,398.74,343.0500430107527,1.0091198168179687,0.13925395561391596,1984.0,2410500096,2164.4,1847.8623655913977,1.0089989039359901,0.12090360293740321,3340.97,3508.01,3161.2695483870975,1.0061523747292538
186.21,4714981,221.19,165.2398924731183,1.017480959446584,0.30066297518775875,381.76,104714096,398.74,346.6247741935484,1.0104204364804106,0.1762157466167169,1963.3,2988819968,2164.4,1862.5868817204303,1.0079684052249855,0.1316741849487908,3319.47,3508.01,3179.29711827957,1.0057026361139214
200.96,7218479,221.19,168.9355053763441,1.0223651374248324,0.5710807995464569,369.17,68374200,398.74,349.36830107526885,1.0079149763259234,0.17170584504703124,2005.2,2595620096,2164.4,1879.541505376344,1.0091027290175334,0.17782063297014927,3298.46,3508.01,3196.0085161290317,1.0052563183709313
251.58,7239721,221.19,175.73296774193548,1.0402370262571412,0.839838927807413,382.47,55631200,398.74,352.88640860215054,1.010069910510066,0.2208952489628072,2021.4,2334060032,2164.4,1896.5606451612905,1.0090549422485557,0.1709939530948319,3348.44,3508.01,3215.2041290322577,1.0060061206991011
305.35,10586587,251.58,185.74518279569895,1.0569740281656568,2.3596307962002943,405.72,65128800,398.74,357.78634408602153,1.0138853051985781,0.3677659689825905,2114.1,2124440064,2164.4,1918.5636559139784,1.0116015329163475,0.1488531870267411,3477.13,3508.01,3241.893569892472,1.0083010097614697
302.02,7403905,305.35,195.0818279569893,1.0502658804969371,3.3498601341986416,409.46,59724400,405.72,362.6705376344086,1.0136511458000554,0.3922636522322389,2130.5,2361230080,2164.4,1940.2544086021505,1.0113057247912052,0.1906183887571824,3483.81,3508.01,3267.366430107527,1.0078574017517483
282.88,7490908,305.35,202.68382795698923,1.0389682631109853,2.474881090142534,415.17,51165500,409.46,367.5533333333333,1.0134634473778148,0.4438785202438378,2083.5,2057490048,2164.4,1957.0230107526884,1.0086424759950003,0.14296995452449957,3465.39,3508.01,3289.1156559139777,1.006656500356385
257.69,6643606,305.35,208.2294623655914,1.027361010814237,2.4806454818597334,386.18,75686800,415.17,370.2370322580645,1.0073015224767323,0.41264506348412766,1948.7,2894279936,2164.4,1963.588387096774,1.0033547772857103,0.12356911206028531,3269.96,3508.01,3296.2695698924726,1.0021750265806653
237.51,20091178,305.35,212.0791612903226,1.0184877724842425,1.4940736361347984,416.71,53338900,415.17,374.58716129032257,1.0117495783869235,0.4382746263508339,2137.7,2440580096,2164.4,1981.0718279569894,1.008903821684373,0.16794885300969997,3509.44,3508.01,3317.1935698924735,1.0063477818049582
221.6,6757060,305.35,214.59946236559136,1.0118837751900511,1.2643087752110924,431.51,60750600,416.71,379.6185806451613,1.013431905507672,0.4428767799824618,2129.2,2489210112,2164.4,1996.6337634408603,1.0078553110817388,0.10811551451985846,3585.15,3509.44,3341.454516129033,1.007313696269267
257.99,5151631,305.35,219.1997634408602,1.0214366849970564,1.5201615032144313,439.86,51275500,431.51,384.8689032258065,1.0138305205496587,0.4185253623373839,2109.7,1958790016,2164.4,2009.7372043010753,1.0065627663421024,0.09957891516989781,3557.54,3585.15,3362.4060215053764,1.0062701752411147
288.23,5619926,305.35,225.4128387096775,1.0283443520708615,1.6834457737513626,456.1,33998600,439.86,390.83817204301084,1.0155098756152354,0.4458193842408382,2153.9,1546610048,2164.4,2024.5068817204303,1.0073490590649097,0.09388857292940855,3638.35,3585.15,3387.0209677419343,1.0073206347119072
271.97,7579325,305.35,230.18275268817203,1.0211607910436638,1.202270494404659,464.91,60339200,456.1,397.0225376344085,1.0158233407936343,0.4000209822011005,2213.9,2578439936,2164.4,2041.8739784946235,1.008578433064863,0.06676582947664422,3699.12,3638.35,3413.8196989247317,1.0079121834314075
291.51,6007850,305.35,235.88288172043016,1.0247634932056795,1.330974903753934,455.62,55560400,464.91,402.26711827956996,1.0132097806749472,0.4492285947189738,2182.2,2076589952,2213.9,2056.016344086021,1.0069261696560843,0.05076699149159003,3663.46,3699.12,3436.663333333334,1.0066915175443498
314.5,6200828,305.35,242.69834408602154,1.028893416579797,1.3555499020903128,457.48,76912000,464.91,407.2573763440861,1.0124053342611214,0.38782977881580694,2252.1,2566830080,2213.9,2073.503870967742,1.0085055388455557,0.07395626169897684,3709.41,3699.12,3460.7515698924735,1.0070091929941172
324.09,3566672,314.5,249.73658064516127,1.028999936466996,1.2066741741115317,460.61,36422800,464.91,412.1228172043011,1.0119468452699167,0.38436381085192206,2270.6,1429090048,2252.1,2090.9858064516134,1.0084311081974071,0.104881255136964,3703.06,3709.41,3482.808709677419,1.0063735114582728
319.12,2959515,324.09,256.0623655913979,1.0253298292540676,1.116639656981164,463.01,28108100,464.91,416.8455268817204,1.0114594714979785,0.28399202300834603,2291.3,1424579968,2270.6,2108.615913978495,1.0084314812049344,0.11037736361927308,3756.07,3709.41,3506.869182795699,1.0069083533216812
356.11,7905256,324.09,264.4072043010753,1.0325890869999748,1.4611113744791264,487.0,64706900,464.91,422.8997419354838,1.0145238815420496,0.47045616373469357,2301.2,2472829952,2291.3,2125.7877419354836,1.0081436490368647,0.06108718203334207,3824.68,3756.07,3534.1472043010754,1.0077784542517865
282.26,7261503,356.11,267.52718279569893,1.0117998997148012,0.7802650592435072,482.35,55489700,487.0,428.3139139784946,1.012802495499836,0.40871523040732893,2240.9,2412689920,2301.2,2137.8733333333334,1.0056852296019199,0.03286570573152936,3768.25,3824.68,3556.099913978494,1.0062116002555588
321.12,7697776,356.11,272.87756989247316,1.0199994147916556,1.4258322454873442,484.53,43736200,487.0,433.54888172043,1.0122222686937932,0.4086222620539053,2339.1,1942419968,2301.2,2155.3326881720427,1.0081666928374502,0.03326767298407529,3841.47,3824.68,3581.3345376344087,1.0070961514767123
288.33,6777369,356.11,275.7004516129032,1.0103448653604705,0.9307774272200537,453.55,104702096,487.0,436.43617204301074,1.0066596650212156,0.34022752407266976,2269.1,2957319936,2339.1,2167.085806451613,1.0054530413536937,0.03902489668033793,3714.24,3841.47,3596.570623655914,1.0042543040482248
308.24,4308912,356.11,279.4955483870968,1.0137652903794372,0.8157411615358423,476.69,65689100,487.0,440.55017204301083,1.0094263497471851,0.36325964590861015,2379.9,2065459968,2339.1,2185.088817204301,1.0083074748120686,0.03138304366924727,3886.83,3841.47,3621.6851397849455,1.006982906428653
330.89,4354744,356.11,284.431935483871,1.0176617735962554,0.7063741030349373,485.45,60434900,487.0,444.9110752688172,1.0098987663665708,0.27891101442155675,2434.5,1929389952,2379.9,2205.5851612903225,1.0093800965547228,0.07536254453241176,3934.83,3886.83,3648.3872043010747,1.007372828803587
321.99,6494859,356.11,288.45152688172044,1.0141319974882967,0.6621252076944188,490.1,60552700,487.0,449.28567741935484,1.0098325314736085,0.28206630845052816,2387.8,1625479936,2434.5,2221.8741935483868,1.0073853562963466,0.07565039699467624,3906.71,3934.83,3671.7479784946236,1.0064030413674319
298.31,5722894,356.11,290.6199569892473,1.0075174852806934,0.5443393081706227,480.27,87525904,490.1,452.7360645161291,1.0076797175387224,0.2862936888525316,2293.4,2749929984,2434.5,2230.9167741935485,1.0040697986733085,0.015614039040802385,3811.15,3934.83,3687.4573978494623,1.0042784579570407
249.43,5825572,356.11,289.3698709677419,0.9956985541032488,0.10553776686523642,478.13,78700200,490.1,455.7983655913978,1.0067639874869292,0.2566732328136665,2262.3,2716219904,2434.5,2237.198064516129,1.0028155646123782,-0.014920283179556515,3841.94,3934.83,3703.9919139784947,1.0044839883814456
291.48,5427988,356.11,290.75105376344084,1.004773070503435,0.2676898791290827,500.43,79265104,490.1,460.081440860215,1.0093968640349553,0.21293010259062295,2304.3,2544179968,2434.5,2245.6236559139784,1.003766135654901,-0.017855288581594353,3943.34,3934.83,3726.013182795699,1.0059452799381388
280.94,4758793,356.11,291.2968172043011,1.001877081557559,0.24637939934648911,499.93,109587104,500.43,464.0821290322581,1.0086956086830257,0.24246170292265345,2273.1,2710459904,2434.5,2251.3851612903227,1.0025656593709151,-0.054394196313690024,3913.1,3943.34,3744.856623655914,1.0050572662885955
275.75,3118790,356.11,291.3622580645161,1.000224653536702,0.19504818273218505,507.64,101727200,500.43,468.3189462365592,1.0091294556270376,0.20603408400310763,2330.6,2324590080,2434.5,2260.4221505376345,1.004013968557087,-0.05620190436827932,3974.54,3943.34,3766.5543870967736,1.0057940171337394
283.39,3169220,356.11,291.80326881720435,1.0015136166077854,0.4430703856994409,515.08,71661504,507.64,472.77789247311824,1.0095211741322692,0.22829862069381202,2380.0,1728429952,2434.5,2272.2888172043013,1.0052497568491108,-0.025748998570663595,4019.87,3974.54,3790.1733763440857,1.0062707150408408
263.95,3252411,356.11,290.79916129032256,0.9965589572352913,0.4427996096267043,520.39,78276000,515.08,477.29455913978495,1.009553464192329,0.24508598241187918,2491.0,1936809984,2434.5,2290.659784946237,1.0080847855267527,0.01973559271274028,4128.8,4019.87,3819.5450322580646,1.007749422782952
258.71,4037960,356.11,289.2849677419354,0.9947929920372933,0.387579271710667,525.92,83277600,520.39,481.85438709677413,1.0095534882383894,0.20177429955364867,2517.3,2057059968,2491.0,2309.6372043010747,1.008284695736815,0.021292944868531727,4185.47,4128.8,3850.8785591397855,1.0082034709938206
279.43,4478180,356.11,288.95163440860216,0.9988477336519241,0.4328597726204877,530.15,74189600,525.92,486.3770967741936,1.0093860506379724,0.2099727153389872,2505.7,2049590016,2517.3,2326.6748387096777,1.0073767578634754,-0.017708555658551894,4180.17,4185.47,3880.007784946237,1.0075643065235893
263.54,4128685,356.11,287.4243870967742,0.9947145226745168,0.12847872549205053,519.56,80429400,530.15,489.87038709677427,1.0071822673101782,0.17596710252311154,2452.6,2264250112,2517.3,2339.2103225806454,1.0053877248605652,-0.035374425460594994,4181.17,4185.47,3907.305376344086,1.0070354475843475
220.4,9564516,356.11,283.0881935483871,0.9849136199186637,-0.23560461108415642,531.1,79751504,530.15,493.813376344086,1.0080490459337212,0.1528832282332937,2440.4,2120150016,2517.3,2350.031397849463,1.0046259522559218,-0.06292362596404666,4232.6,4185.47,3936.1302150537635,1.0073771655740529
218.87,5114080,356.11,278.83597849462365,0.9849791861664601,-0.2260970803274912,513.3,145402896,531.1,496.3383440860215,1.005113202401743,0.08182371296902136,2386.0,2354180096,2517.3,2356.6410752688175,1.0028125911106565,-0.07814560301268902,4173.85,4232.6,3959.540064516129,1.0059474275959759
252.31,5122556,356.11,276.91999999999996,0.993128653967226,-0.08109454070167965,510.73,86564496,531.1,498.4741935483871,1.0043032126931453,0.03227250825527905,2389.2,2013330048,2517.3,2362.9077419354835,1.0026591519312933,-0.0525231530948147,4155.86,4232.6,3980.3053118279568,1.0052443584288786
258.01,3193931,356.11,275.43750537634406,0.9946464877088838,0.10113869757151017,518.05,81739296,531.1,500.87679569892475,1.0048199128091961,0.0647302419270559,2426.9,1951810048,2517.3,2370.9492473118275,1.0034032244397986,-0.0402819119112372,4204.11,4232.6,4002.6985806451607,1.0056260178712069
241.84,2527200,356.11,272.91109677419354,0.9908276521793988,0.10576507877257824,525.16,59329600,531.1,503.45451612903224,1.0051464161491261,3.729538738461713e-05,2455.6,1412610048,2517.3,2379.813978494624,1.0037388953782318,-0.05657793124575683,4229.89,4232.6,4024.7461505376345,1.005508176408557
243.17,3341341,356.11,270.4611827956989,0.991023032747834,0.2377491344206144,519.81,79345200,531.1,505.45384946236555,1.0039712293152236,-0.016773710195539415,2489.5,1649369984,2517.3,2390.1821505376342,1.004356715330149,-0.015512975907786997,4247.44,4232.6,4046.376623655914,1.0053743695401485
264.23,4638802,356.11,269.32359139784944,0.9957938829295561,0.16417694886869716,488.1,108819200,531.1,505.21748387096784,0.9995323695889365,-0.09867848495673193,2491.9,2223960064,2517.3,2399.930322580645,1.0040784222410908,0.010002789962085146,4166.45,4247.44,4061.3576559139788,1.0037023326426122
267.71,6537588,356.11,268.3970967741936,0.996559920284565,0.08243537452139749,506.86,103279200,531.1,506.0876989247311,1.0017224563312728,-0.11733903030638992,2550.5,1800039936,2517.3,2412.6372043010747,1.0052946877669207,0.007581301341469393,4280.7,4247.44,4082.4001720430106,1.0051811531787629
276.23,3331852,356.11,268.0644086021505,0.9987604628513437,0.19454517155092443,517.3,76804096,531.1,507.52230107526873,1.002834690812651,-0.09926992820622749,2633.3,1771680000,2550.5,2429.8331182795696,1.0071274346378474,0.012851505502002203,4352.34,4280.7,4106.683225806452,1.005948229654147
267.68,2213742,356.11,267.17094623655913,0.9966669862282337,0.077906654563631,516.95,54859200,531.1,508.8216559139786,1.0025601925983487,-0.14623093687762356,2656.4,1567229952,2633.3,2447.617419354839,1.0073191450645227,0.02456507989955825,4369.55,4352.34,4130.67182795699,1.0058413568399414
236.56,2938162,356.11,264.32098924731184,0.9893328334184815,-0.13643953384158258,499.63,87657400,531.1,508.8716989247311,1.0000983507878858,-0.19439318369811165,2640.2,1878550016,2656.4,2463.3367741935485,1.0064223087784907,0.0057921312651714185,4327.16,4369.55,4150.40711827957,1.0047777434626999
248.63,2947918,356.11,262.4173548387097,0.9927980202630786,-0.09386030225949071,517.0,82306400,531.1,509.9517419354838,1.0021224269556253,-0.16937603224467268,2713.4,2061810048,2656.4,2482.9440860215054,1.00795965538832,0.0036214694889098453,4411.8,4369.55,4174.274559139784,1.0057506264277294
259.48,3161209,356.11,261.376,0.9960316845684625,-0.09377153569076091,536.88,80140000,531.1,512.1930967741935,1.0043952293018996,-0.11312045844891605,2693.6,2224369920,2713.4,2500.3217204301077,1.0069988021504128,0.005401973531223847,4395.26,4411.8,4195.550731182796,1.0050969747537153
295.28,6723252,356.11,262.7725806451612,1.005343186234242,-0.07327349765918545,540.52,69525904,536.88,514.5104301075269,1.0045243353491642,-0.20521434087425816,2718.6,2352310016,2713.4,2518.447096774193,1.0072492176490662,0.02141207275860446,4436.52,4411.8,4218.11423655914,1.0053779603256003
284.37,2474470,356.11,263.59610752688167,1.0031339909198231,0.08292249743562463,545.83,75097296,540.52,517.055247311828,1.0049460944917468,-0.15964100382769053,2720.6,1946099968,2718.6,2535.803870967742,1.0068918557851705,0.028369499029929468,4468.0,4436.52,4241.392924731183,1.0055187429421142
269.88,2506122,356.11,263.48025806451614,0.9995605038957045,-0.06257750856142985,538.66,79588800,545.83,519.0009677419355,1.003763080328888,-0.16888349993935092,2732.6,2171470080,2720.6,2552.9032258064517,1.0067431693099294,0.011984824052936993,4441.67,4468.0,4261.46806451613,1.0047331478458152
291.25,2087924,356.11,264.853311827957,1.0052112206566333,0.06818783821669538,554.58,65949900,545.83,521.857376344086,1.005503667198499,-0.05539273212895601,2771.7,1973010048,2732.6,2571.6789247311826,1.007354645775419,0.00742141370481586,4509.37,4468.0,4284.620193548388,1.0054328998086455
285.8,2237772,356.11,265.86847311827955,1.0038329189969957,-0.02230637283130943,545.98,64958400,554.58,523.9416774193548,1.0039940052009433,-0.1431033892436928,2796.1,1830089984,2771.7,2590.947956989247,1.0074927830503095,0.008010094007757207,4535.43,4509.37,4307.743655913979,1.005396852304531
268.54,1800186,356.11,265.81834408602145,0.9998114517615792,-0.1271372576867661,532.02,56851800,554.58,524.9763225806452,1.0019747334596216,-0.12861628030751815,2746.4,1463980032,2796.1,2606.1154838709676,1.0058540453662164,-0.004989475252288322,4458.58,4535.43,4324.514215053764,1.0038931191081348
281.45,3454482,356.11,266.73520430107527,1.0034491984298763,0.0006269507452091316,525.5,91777104,554.58,525.4901720430107,1.0009788050246526,-0.15883764021443936,2727.7,2240069888,2796.1,2619.405806451613,1.0050996675561379,0.007636789074330075,4432.99,4535.43,4338.507462365591,1.0032357963498226
275.36,2732218,356.11,267.34634408602153,1.002291185321966,0.06607105300600802,528.58,147540608,554.58,526.1266021505377,1.0012111170510622,-0.13681710306789063,2753.6,1845880064,2796.1,2633.636129032258,1.0054326529114335,0.031598315820551726,4455.48,4535.43,4352.819892473119,1.0032989294663386
272.12,2366073,356.11,267.7978064516129,1.0016886797802858,0.18183374679546982,519.2,187239696,554.58,526.0539784946237,0.9998619654364233,-0.14054430639477444,2661.5,2120470016,2796.1,2640.9348387096775,1.002771343237952,0.042382094300789985,4357.05,4535.43,4359.396344086021,1.0015108485476907
261.87,2415858,356.11,267.53918279569893,0.9990342577508725,0.001660465878297046,521.27,149076608,554.58,526.0265806451613,0.9999479181783952,-0.10968328416800999,2668.5,1831629952,2796.1,2647.826666666667,1.0026096168129452,0.04443798970680346,4391.36,4535.43,4367.078580645161,1.0017622248478422
299.49,4435153,356.11,269.7713333333333,1.0083432658884173,0.2619441884793189,534.14,144973504,554.58,526.784688172043,1.0014411962337568,-0.13563332395922645,2737.9,1791309952,2796.1,2658.4126881720426,1.0039980039625112,0.06181152627633102,4471.37,4535.43,4378.959268817204,1.0027205116538773
303.25,2475417,356.11,272.2061720430108,1.0090255650205389,0.322437972786321,544.13,121796000,554.58,528.1137419354839,1.0025229544314447,-0.12049838920730149,2782.0,1857330048,2796.1,2670.844301075269,1.0046763292089815,0.05018063072805723,4544.9,4535.43,4394.383247311828,1.0035222932089045
354.68,4843652,356.11,277.89993548387093,1.0209170989699694,0.422838564447355,542.11,168298800,554.58,529.234,1.002121243920695,-0.1385549986964687,2836.9,2368130048,2796.1,2685.8470967741932,1.005617248333377,0.04632082598180931,4605.38,4544.9,4412.482580645161,1.0041187425662985
344.07,4200197,356.11,282.7558709677419,1.0174736833796523,0.44884861482545346,576.97,162000896,554.58,532.5451612903227,1.0062565165698398,-0.08594411442783745,2931.7,2399820032,2836.9,2705.983440860215,1.007497204181953,0.03916985569674547,4697.53,4605.38,4435.267913978494,1.0051638353051586
362.41,3197583,356.11,288.62273118279563,1.0207488537549165,0.5356830997280981,590.53,168310800,576.97,536.6094838709677,1.007631883408343,-0.04083978200064586,2936.4,2316699904,2931.7,2725.4752688172043,1.0072032325337485,0.047652981941293415,4682.85,4697.53,4455.883075268817,1.004648008122655
365.13,3012472,362.41,294.4420645161291,1.020162422098514,0.4428591223469216,587.39,139386592,590.53,540.3322795698925,1.006937625611962,-0.03185256079786347,3005.8,2480750080,2936.4,2748.543225806452,1.0084638291358479,0.07571677828137235,4697.96,4697.53,4476.403440860216,1.0046052298152282
341.44,2484680,365.13,298.54870967741937,1.0139472095063553,0.36169154241919066,561.86,105177200,590.53,542.2848817204301,1.0036137062773518,-0.0357870833645324,2908.6,2044780032,3005.8,2764.2647311827955,1.0057199411050668,0.08704133541636394,4594.62,4697.96,4489.143182795699,1.0028459771563922
307.0,3146388,365.13,300.2658924731183,1.0057517676011876,0.4597652935377695,551.88,157832896,590.53,543.5026451612904,1.0022456156937232,-0.08871649939675885,2895.7,3252819968,3005.8,2778.173333333333,1.0050315738552966,0.11431195193096255,4538.43,4697.96,4497.368623655913,1.0018322963927142
309.09,3728889,365.13,301.93167741935486,1.0055476995156407,0.42427030811596245,567.9,163830304,590.53,545.7092688172042,1.0040600053662279,-0.06395912678788207,3068.9,2615810048,3005.8,2802.276989247312,1.0086760806551471,0.1572727221790169,4712.02,4697.96,4516.135720430108,1.0041729060578848
288.85,13958806,365.13,302.0976344086021,1.0005496508040022,0.1566677299961503,550.29,206001504,590.53,546.6623440860214,1.001746489061626,-0.1009813268707076,2944.9,3316379904,3068.9,2816.9120430107528,1.005222557876897,0.12075105295958477,4620.64,4712.02,4527.849978494624,1.002593867587177
283.29,4637162,365.13,301.8263010752688,0.9991018356238887,0.01656709696312153,562.62,109305296,590.53,548.3258279569893,1.0030429823618985,-0.07405176570504368,3041.1,1755000064,3068.9,2836.558494623656,1.006974463992104,0.12899434486249373,4725.78,4712.02,4545.347935483872,1.0038645178334873
280.57,1694891,365.13,301.3251182795699,0.9983394992619482,0.11278647035914036,572.89,105881104,590.53,550.5560430107528,1.0040673171681025,-0.07652300396742784,3055.4,1630649984,3068.9,2855.8066666666664,1.0067857483212468,0.11747221953872922,4766.18,4725.78,4564.33047311828,1.0041762562302916
248.91,4363777,365.13,298.69806451612897,0.9912816635452092,-0.07914041411349482,555.92,148180496,590.53,551.5887741935484,1.0018757966530492,-0.018998866068768994,2912.0,2609730048,3068.9,2864.513333333334,1.0030487591363564,0.06857422556085258,4677.02,4766.18,4576.407440860215,1.002645945076296
253.83,4594427,365.13,296.3760860215054,0.9922263356530782,-0.09420212253645055,555.68,156648992,590.53,552.5283655913978,1.0017034273390049,0.04259111753251954,2910.2,2528079872,3068.9,2872.1952688172046,1.0026817593740893,0.048721683573694996,4662.85,4766.18,4586.646387096775,1.0022373327482037
220.31,3625438,365.13,291.91389247311827,0.984944151168582,-0.26020952820685095,517.26,154744096,590.53,550.8439139784946,0.9969513753178983,-0.030427135884573797,2708.3,2292640000,3068.9,2865.9518279569893,0.9978262477736111,0.03448451358022875,4397.93,4766.18,4578.7261935483875,0.9982732059810261
212.07,6575823,365.13,287.0220215053764,0.9832420755096734,-0.33521519622163265,513.97,245203392,590.53,548.9248387096775,0.9965161178691138,-0.05512881913423151,2769.6,3906190080,3068.9,2863.3238709677416,0.9990830421629519,0.03349181504681131,4431.85,4766.18,4572.742279569893,0.9986931050852252
238.26,3668321,365.13,283.9578064516129,0.9893241116563382,-0.16357310317139673,525.44,201931504,590.53,547.7529247311828,0.9978650738755976,-0.003012484911954827,2798.9,3243249920,3068.9,2862.2931182795696,0.9996400153337095,0.02366611416765374,4500.54,4766.18,4571.018989247312,0.9996231385419903
250.09,5435231,365.13,281.7200860215054,0.9921195319189479,0.06058900569277037,514.32,185096800,590.53,545.8453333333333,0.9965174236198088,0.04455851555356871,2717.5,2838710016,3068.9,2855.7043010752695,0.9976980634295552,0.008137198130121703,4418.64,4766.18,4563.730129032258,0.9984054189597114
257.91,4703703,365.13,279.9577849462366,0.993744496176484,0.07152492382727504,513.96,155248400,590.53,543.8829247311828,0.9964048266380394,0.02796490638220306,2670.9,2940369920,3068.9,2845.9427956989243,0.9965817520488134,-0.0013989866017731778,4348.87,4766.18,4551.743247311828,0.9973734464173997
277.93,3556262,365.13,279.46713978494626,0.9982474316212191,0.10982056011273744,512.58,220464992,590.53,541.8380215053763,0.9962401775587694,-0.03478019802981236,2705.5,2701250048,3068.9,2838.504946236559,0.997386507742318,0.0068386690867501265,4384.62,4766.18,4542.198150537634,0.9979029799671081
293.23,7084203,365.13,279.9239139784946,1.0016344468759364,-0.0014298838289864557,490.77,222391808,590.53,538.4382795698925,0.9937255382594998,-0.09163012308006013,2624.0,2960100096,3068.9,2825.7834408602153,0.9955182373759078,-0.010532808523308734,4328.87,4766.18,4529.079161290323,0.997111753205712
317.93,7359428,365.13,281.97864516129033,1.0073403202805802,0.1415863367849055,482.02,229020496,590.53,534.5810107526881,0.9928361913267281,-0.09845068245394106,2524.1,2983980032,3068.9,2806.8202150537636,0.993289214759968,-0.013209257219907511,4204.31,4766.18,4508.155548387097,0.9953801618037373
312.51,8042500,365.13,283.61152688172047,1.0057907992269988,0.13413068915570858,509.45,207054096,590.53,532.6306451612902,0.9963515995664496,-0.05671285499638157,2722.7,3298520064,3068.9,2801.0924731182795,0.9979593484809733,-0.008445433675453584,4463.09,4766.18,4504.4944946236565,0.9991879042938635
335.27,4979120,365.13,286.6211182795698,1.0106116681184982,0.17664889951392204,503.17,160396000,590.53,530.337935483871,0.9956954979998852,-0.10219953543578497,2786.1,2699249920,3068.9,2799.4763440860215,0.9994230361732903,-0.002271307481712892,4543.04,4766.18,4505.945440860215,1.0003221107803084
322.83,6096322,365.13,288.7334623655914,1.0073698131481057,0.1899380025306815,495.44,156717200,590.53,527.6570752688173,0.994944996320869,-0.10630122967960454,2789.4,2801019904,3068.9,2798.042150537635,0.9994876922066456,-0.0046958663957185065,4545.86,4766.18,4507.505913978494,1.0003463142505298
301.58,4027609,365.13,289.39520430107524,1.002291878225898,0.17776415325197603,467.89,175769408,590.53,523.3074838709679,0.9917567837110239,-0.1832713346339141,2677.0,2637179904,3068.9,2789.370752688172,0.996900905210525,-0.031930757327107706,4488.28,4766.18,4505.329118279569,0.99951707313524
300.66,2451259,365.13,289.92653763440853,1.00183601291741,0.05878060121306272,456.19,120134896,590.53,518.3409677419355,0.9905093730127946,-0.17740405853885022,2574.9,1943859968,3068.9,2774.261505376344,0.9945832775018283,-0.04690440279421526,4392.59,4766.18,4496.914903225807,0.9981323861514084
251.58,5272991,365.13,287.2501075268818,0.9907685921772995,-0.15348824781444081,455.42,185942208,590.53,513.4738279569893,0.9906101580082527,-0.213078016591136,2509.6,2356460032,3068.9,2755.2679569892475,0.9931536560809829,-0.047381146917839345,4271.78,4766.18,4480.793376344086,0.9964149806637086
250.41,5027526,365.13,284.5493333333333,0.9905978305219757,-0.11109439162459167,462.3,203816096,590.53,509.2078924731183,0.9916920098910507,-0.14656808436119895,2478.0,3027109888,3068.9,2734.7604301075266,0.9925569755095145,-0.01727809666895952,4131.93,4766.18,4456.044322580645,0.9944766357908621
251.81,4697986,365.13,281.9855698924731,0.9909900915569642,-0.08946450604019252,472.64,185492608,590.53,505.7314193548388,0.9931727823357274,-0.09881426500818169,2461.5,3285600000,3068.9,2713.5830107526886,0.9922562067515343,-0.01653818554514963,4123.34,4766.18,4431.225204301075,0.9944302353201917
232.25,5748757,365.13,278.1815053763441,0.9865097192115909,-0.3849526889636492,464.9,228640496,590.53,501.8601720430107,0.9923452505348261,-0.06342419000148491,2375.3,3504839936,3068.9,2687.2894623655916,0.9903103946763715,-0.032360559170075076,4023.89,4766.18,4400.566344086023,0.9930811775972718
256.81,4417839,365.13,276.10655913978496,0.9925410345531347,-0.3746475535844188,452.37,182658000,590.53,497.32944086021513,0.9909721244378658,-0.05740572241942543,2285.8,3260610048,3068.9,2656.001505376344,0.9883570573890819,-0.03676481672388765,3901.36,4766.18,4362.964645161291,0.9914552591678875
280.36,3066267,365.13,275.65083870967743,0.998349476261892,-0.41567640620447,478.36,183133504,590.53,494.67281720430105,0.9946582216180104,-0.05525292160112116,2470.3,2907089920,3068.9,2637.6838709677418,0.9931033042068977,-0.03213476930395032,4158.24,4766.18,4343.319806451613,0.9954973646803522
298.34,2916908,365.13,276.5149462365591,1.0031347901240808,-0.32608375921861277,479.27,199021504,590.53,492.212,0.995025364000778,-0.07871349573174369,2442.4,2374089984,3068.9,2618.3546236559137,0.9926718862997269,-0.041516836998229834,4108.54,4766.18,4321.430107526882,0.9949601457179793
284.36,3572423,365.13,276.57546236559136,1.0002188530126703,-0.44391066045440886,458.69,187487904,590.53,488.6335483870967,0.9927298570272499,-0.07701280238644215,2286.4,2273639936,3068.9,2590.01311827957,0.9891758338919074,-0.05436930020876851,3900.86,4766.18,4287.408344086021,0.9921271980352978
275.41,5290430,365.13,276.2264086021505,0.9987379438491928,-0.4270296241995266,425.34,227740096,590.53,483.18701075268814,0.9888535331796461,-0.08396862640087066,2174.4,3285469952,3068.9,2555.843655913979,0.9868072242088534,-0.05881894407574362,3674.84,4766.18,4240.486344086022,0.9890558593363931
286.34,3086266,365.13,276.7754623655914,1.0019876946821247,-0.29009632676822694,441.49,165547904,590.53,479.1309032258065,0.991605512075825,-0.09226811120192613,2332.8,2160740096,3068.9,2533.6815053763444,0.9913288316809389,-0.04933865482074096,3911.74,4766.18,4211.0484731182805,0.993057902188791
