30.1,2608310,35.49,30.534000000000006,1.0040328739689763,0.49241341296473506,425.85,12851344,440.47,426.08518279569904,1.00087984447409,-0.027647760306654057,704.38,16521938,732.96,712.5110322580643,0.999908766575405,-0.024732746421506135,2443.05,2476.83,2422.136322580645,1.001316227815599
30.45,2917653,35.49,30.65703225806452,1.00402935278917,0.4817447522447629,437.41,11677122,440.47,427.1714193548387,1.002549341312487,0.037860461235209364,715.39,16521938,732.96,713.0981935483871,1.0008240732616616,-0.014193119102180907,2476.55,2476.83,2427.162451612903,1.002075080987557
29.33,2609302,35.49,30.685397849462365,1.000925255620279,0.27942254802139477,437.74,14600015,440.47,428.19462365591403,1.0023953014052782,0.022433251318596303,707.77,16521938,732.96,713.1015053763441,1.0000046442803907,-0.02491614629544814,2461.43,2476.83,2430.827870967742,1.001510166471306
29.22,3841476,35.49,30.69034408602151,1.000161191866679,0.23047296704717324,436.12,16833244,440.47,429.04290322580647,1.0019810607677646,0.028115791952301183,714.22,16521938,732.96,713.4654623655913,1.0005103859499709,-0.02691931870036357,2500.23,2476.83,2436.6839784946233,1.0024091000423447
29.65,2435411,35.49,30.709376344086017,1.0006201383083604,0.2583866120069349,431.71,14395713,440.47,429.5350322580645,1.0011470392088015,0.05870494932138426,713.19,16521938,732.96,713.7089032258065,1.0003412090326111,-0.025504330053058633,2502.22,2500.23,2442.347892473119,1.002324435186706
31.05,2642194,35.49,30.80498924731183,1.003113475902425,0.30558600574490846,439.32,15674371,440.47,430.46402150537637,1.0021627787666774,0.052519630399227246,717.47,16521938,732.96,714.1816774193546,1.0006624187976516,-0.019807736838155066,2519.36,2502.22,2448.827548387097,1.0026530437919787
32.23,3917802,35.49,30.962494623655918,1.0051129826756176,0.4183386769826375,449.65,12897546,440.47,432.0004516129032,1.0035692416340716,0.03891391135512401,730.37,16521938,732.96,715.4311397849461,1.001749502129635,-0.015704452810439085,2549.33,2519.36,2456.94776344086,1.0033159603497237
30.63,3497718,35.49,30.998752688172036,1.0011710317581586,0.2579218944074746,446.98,11752049,449.65,433.27965591397844,1.0029611179717504,0.02218516970954787,725.85,16521938,732.96,716.3017849462365,1.001216951727251,-0.030392165911103053,2553.17,2549.33,2464.9356559139783,1.003251144607947
34.01,12616173,35.49,31.23982795698925,1.0077769344864382,0.4055096432740315,460.79,12332015,449.65,435.37823655913985,1.004843478378265,0.085957776848129,727.03,16521938,732.96,717.1839784946237,1.001231594792764,-0.043176776431970376,2575.21,2553.17,2473.969311827957,1.0036648647977098
33.33,5997804,35.49,31.414473118279567,1.0055904648876675,0.24040185946733605,454.83,19910260,460.79,436.97969892473117,1.003678324342181,0.08236614261317832,735.17,16521938,732.96,718.5091612903225,1.001847758504701,-0.0425317773199545,2581.07,2575.21,2482.8837634408605,1.0036032991881847
31.03,5200018,35.49,31.42236559139785,1.00025123684515,0.13098322882361257,429.83,24640556,460.79,436.8795268817204,0.9997707627076102,0.016729797874538432,729.51,16521938,735.17,719.394064516129,1.001231582384026,-0.048238457139956115,2587.84,2581.07,2491.7654193548387,1.0035771533266098
31.12,4009379,35.49,31.423870967741934,1.0000479077980207,0.16129792651316643,435.3,15349047,460.79,437.0933548387096,1.0004894437569904,0.010527021010610982,734.96,16521938,735.17,720.5553333333332,1.0016142318577306,-0.042526345068270466,2582.3,2587.84,2499.7900860215054,1.0032204743690296
34.3,3376108,35.49,31.616451612903226,1.0061284825589751,0.007619738747857152,448.24,13000816,460.79,438.0864731182796,1.0022720964951217,0.027795999176153607,744.25,16521938,735.17,722.217741935484,1.0023071213621588,-0.03832309880662321,2578.85,2587.84,2507.0473333333334,1.002903142688824
35.2,1894200,35.49,31.86217204301075,1.0077719167576429,0.07146378226269845,452.13,7521292,460.79,439.2723655913978,1.0027069826298836,0.001895090396111021,752.31,16521938,744.25,724.3100215053763,1.0028970204529801,-0.041885431763603265,2602.42,2587.84,2515.3302580645163,1.0033038565411407
35.76,3092603,35.49,32.13477419354839,1.0085556675222784,0.11857411245756166,464.47,14521790,460.79,441.196752688172,1.004380851716414,0.03949442329532915,767.92,16521938,752.31,727.33288172043,1.0041734341998625,-0.030979009687578607,2642.22,2602.42,2525.7116344086025,1.0041272418644835
37.82,3609260,35.76,32.53002150537635,1.0122996760284475,0.24530566207401283,457.33,15737588,464.47,442.57580645161283,1.0031257114995484,0.038523383203190154,771.92,16521938,767.92,730.5053763440859,1.0043618193311317,-0.029629757184901573,2651.5,2642.22,2536.1692903225808,1.0041404789729398
36.76,3769920,37.82,32.84055913978494,1.0095461859549424,0.28567009625181894,457.42,17260784,464.47,443.8753978494624,1.0029364266616134,0.05788227174500049,780.76,16521938,771.92,734.1261290322581,1.0049565038197155,-0.023144905744057587,2675.81,2651.5,2547.6349032258067,1.004520838946744
37.62,2216425,37.82,33.1898494623656,1.0106359432278211,0.2984366426756452,463.91,12779837,464.47,445.4961505376343,1.0036513685958364,0.08152983416203496,788.32,16521938,780.76,738.0815268817204,1.0053878995625403,-0.018744650499394444,2683.34,2675.81,2558.9538924731182,1.0044429400904265
37.59,1023744,37.82,33.518795698924734,1.009911049368637,0.18085020626436,467.12,7681907,464.47,447.231182795699,1.0038946066222363,0.06405551548116084,785.33,16521938,788.32,741.7012043010753,1.0049041701865207,-0.024709590900798606,2673.61,2683.34,2569.0698279569892,1.0039531526979153
37.88,1748777,37.82,33.84972043010753,1.0098728108896053,0.07528467598191546,467.72,9305590,467.12,448.92182795698926,1.0037802488429404,0.0906093805220376,810.9,16521938,788.32,746.8579354838711,1.0069525722122226,0.0011675380929463408,2743.15,2683.34,2583.167827956989,1.0054875892615232
38.82,2232865,37.88,34.228688172043015,1.0111955944427362,0.07066201053264076,469.62,14079542,467.72,450.6436129032259,1.0038353780970561,0.13860164746229842,836.2,16521938,810.9,753.4473763440859,1.008822883907561,0.019896962063848722,2786.24,2743.15,2599.3761935483876,1.0062746080281657
38.03,1795172,38.82,34.54124731182796,1.0091314963113378,0.06110303758668745,471.56,10084449,469.62,452.3986666666666,1.0038945492916984,0.12848404018438087,840.83,16521938,836.2,760.0808172043011,1.0088041196618167,0.02619036577858469,2810.3,2786.24,2616.3774838709674,1.0065405270559824
40.05,2473866,38.82,34.970451612903226,1.012425848354593,-0.04641287318725884,473.59,16436329,471.56,454.195311827957,1.003971375898449,0.1025313852879004,868.0,16521938,840.83,768.1929462365591,1.0106727190696587,0.0301352140137523,2872.87,2810.3,2636.615548387097,1.0077351470270977
36.58,3351742,40.05,35.16597849462365,1.0055912026497331,0.06023155352427634,451.75,20120960,473.59,454.4879999999999,1.0006444103768155,0.047532216503911484,841.07,16521938,868.0,774.2365806451613,1.0078673391082416,0.0465190186939024,2762.13,2872.87,2648.7425161290316,1.0045994448259068
35.17,3338603,40.05,35.25759139784946,1.0026051572328583,-0.007510760701224362,426.0,29040052,473.59,453.0836559139785,0.9969100524413815,0.03114430360662901,802.49,16521938,868.0,777.5082150537635,1.0042256262367195,0.053232387303060014,2619.55,2872.87,2650.9461505376344,1.0008319549352889
34.74,6324129,40.05,35.31197849462365,1.0015425641576159,-0.07111647354537465,428.63,19320948,473.59,451.88010752688166,0.9973436508437521,0.034465880473459554,833.96,16521938,868.0,782.6274623655914,1.006584171347275,0.0453275217272997,2732.22,2872.87,2660.074129032258,1.0034432908012003
36.11,4162063,40.05,35.449182795698924,1.003885488916917,-0.061324889749068134,428.05,18885954,473.59,450.6582580645161,0.997296076012169,0.043943532653170525,842.13,16521938,868.0,788.0393978494626,1.0069150850744655,0.04686553703159402,2747.3,2872.87,2669.616559139785,1.0035872797691539
35.02,4346932,40.05,35.51081720430107,1.001738669378004,-0.09752147056745963,403.84,20792386,473.59,447.88931182795704,0.993855773888509,0.012259809419019496,819.61,16521938,868.0,791.7510752688172,1.0047100150442778,0.04497191898639574,2691.25,2872.87,2674.9510322580645,1.0019982169724024
36.91,3572595,40.05,35.69079569892473,1.00506827239678,0.008557309833230775,425.83,21587750,473.59,446.60582795698923,0.9971343726294124,0.031044737999590066,844.2,16521938,868.0,796.8443010752687,1.0064328625063406,0.03984162316150153,2786.57,2872.87,2685.9740645161287,1.0041208351574045
35.83,2587657,40.05,35.79268817204301,1.002854866951631,-0.0074248843036872625,424.92,26288786,473.59,445.26380645161294,0.996995064951312,0.01107178669390485,838.17,16521938,868.0,801.2699139784946,1.0055539242700913,0.05992671464337018,2752.01,2872.87,2694.024946236559,1.0029973788007818
33.68,2350639,40.05,35.745505376344084,0.9986817755773991,-0.05751977853704138,390.19,17298338,473.59,441.6896989247311,0.9919730562531804,-0.005124544155718946,798.05,16521938,868.0,802.8136129032258,1.0019265654404348,0.07354419952452873,2588.26,2872.87,2690.809247311828,0.9988063588909141
35.15,2100322,40.05,35.78546236559139,1.0011178185572318,-0.012237107552156123,397.14,13848402,473.59,438.64066666666673,0.9930968907233131,-0.03896338123620857,806.97,16521938,868.0,804.7313548387098,1.0023887760554393,0.06166372377934448,2640.87,2872.87,2690.6754623655916,0.999950280776547
34.88,2291710,40.05,35.79789247311828,1.0003473507593643,0.059067841427117296,399.66,14579345,473.59,435.84081720430106,0.993616986122964,-0.020557172606913365,801.62,16521938,868.0,806.106989247312,1.001709433092585,0.07448701272301217,2604.47,2872.87,2687.839913978495,0.9989461574140928
34.95,1563587,40.05,35.802903225806446,1.0001399733990466,0.013127858499503597,403.15,12420076,473.59,433.3480215053765,0.9942804904898201,0.0022766081205004562,805.73,16521938,868.0,807.5459569892473,1.0017850828253938,0.06570353042011456,2656.3,2872.87,2688.040623655914,1.0000746732260262
30.25,11017494,40.05,35.49236559139784,0.9913264677880991,-0.2174356156069901,394.69,17456868,473.59,430.3803225806452,0.9931516961484629,-0.024888135105239018,819.52,16521938,868.0,809.6778064516128,1.0026399110092925,0.08198229740775487,2670.14,2872.87,2688.798602150537,1.0002819817855255
29.26,5566241,40.05,35.11666666666667,0.9894146552794939,-0.34724171348212274,373.43,23780308,473.59,426.1206236559141,0.9901024775036434,-0.11042355710742446,828.41,16521938,868.0,812.1545376344087,1.0030589095601496,0.09486943435208128,2669.91,2872.87,2689.180623655914,1.0001420788842539
28.4,3685661,40.05,34.68933333333333,0.987831039392501,-0.45350005171165575,374.39,27313754,473.59,422.064559139785,0.9904814170191295,-0.13225623126220754,827.84,16521938,868.0,814.3559139784948,1.0027105387485713,0.0886999723455757,2663.42,2872.87,2688.8201720430106,0.9998659622898765
28.38,2773344,40.05,34.268946236559145,0.9878813728492662,-0.31679542723866116,376.48,19049344,473.59,418.30518279569895,0.9910928878943353,-0.1118779365487027,834.81,16521938,868.0,816.7973548387095,1.0029980022473064,0.08174766776664266,2727.72,2872.87,2692.3627526881723,1.0013175223400939
29.4,2242837,40.05,33.919204301075276,0.9897942022182534,-0.3488570557425482,382.34,20050556,473.59,415.07548387096784,0.99227908460721,-0.1013179947148154,834.25,16521938,868.0,818.9683440860216,1.002657928841776,0.09398205390103254,2712.97,2872.87,2694.5783440860214,1.0008229171182959
28.08,1729058,40.05,33.49421505376344,0.9874705419520009,-0.3643102899366659,376.11,12421971,473.59,411.6125591397849,0.9916571205341064,-0.13841945022391822,844.49,16521938,868.0,821.5693978494622,1.003176012580002,0.09435849663022355,2721.33,2872.87,2697.037032258064,1.0009124574824253
28.4,1591256,40.05,33.10116129032258,0.9882650253839372,-0.27829770811763554,366.26,13778807,473.59,407.683440860215,0.9904543284884669,-0.11388577869721916,846.58,16521938,868.0,824.0701935483872,1.0030439250846868,0.10375846374041409,2734.62,2872.87,2700.0515053763443,1.00111769808209
30.01,2103883,40.05,32.817634408602146,0.9914345336940391,-0.2306608659933742,381.72,14503028,473.59,404.8884516129032,0.9931442168918749,-0.0697036705034616,873.51,16521938,868.0,828.0566451612902,1.0048375146244977,0.1123296386114847,2779.03,2872.87,2705.615483870967,1.0020606934658631
29.79,3015092,40.05,32.52230107526882,0.9910007732532997,-0.3531695159829443,386.85,20807932,473.59,402.5396559139785,0.9941989066628891,-0.08030846748728127,893.11,16521938,873.51,833.0096559139783,1.0059814878385807,0.12214539438862793,2779.66,2872.87,2710.797032258065,1.0019151089347273
30.28,2041766,40.05,32.26827956989247,0.9921893132718854,-0.3280068601322673,384.93,21736748,473.59,400.19901075268814,0.9941853054055609,-0.11235564009130905,886.81,16521938,893.11,837.2360860215052,1.0050736868144579,0.12019874925488683,2754.88,2872.87,2713.948021505376,1.0011623847930387
29.02,2198862,40.05,31.94354838709678,0.989936520101968,-0.41798143537562216,384.86,18084816,473.59,397.9983655913978,0.9945011229359328,-0.150118938512676,870.23,16521938,893.11,840.1035913978495,1.0034249662959112,0.10440956237928045,2718.37,2872.87,2714.415655913979,1.0001723077984168
31.03,1706427,40.05,31.76298924731183,0.9943475553311452,-0.42462631665970185,397.76,13230352,473.59,396.80118279569894,0.9969919906733287,-0.13568844021179738,878.01,16521938,893.11,843.253010752688,1.0037488464364237,0.09658417419166843,2759.82,2872.87,2717.393720430108,1.0010971291407196
30.11,1756891,40.05,31.537677419354836,0.9929064665103565,-0.5268689257750662,404.53,18177256,473.59,396.1688817204301,0.9984065040562281,-0.10451081102248272,896.45,16521938,893.11,847.3639569892473,1.0048751041314277,0.10127445022788484,2801.31,2872.87,2722.815612903226,1.00199525465609
31.37,1950885,40.05,31.407956989247314,0.995886810928318,-0.4699466937489124,406.87,15621233,473.59,395.80129032258066,0.9990721346001404,-0.11917961152172662,892.43,16521938,896.45,850.966752688172,1.0042517688759454,0.08790800434909296,2801.83,2872.87,2728.0011612903227,1.0019044801868047
27.14,6694569,40.05,31.018774193548385,0.9876087834738131,-0.508082448690757,359.69,37629788,473.59,392.512494623656,0.9916907908606253,-0.2122264456798988,888.25,16521938,896.45,854.0759784946235,1.003653757090544,0.0767408535721954,2818.82,2872.87,2734.0280215053763,1.002209258669158
28.88,3555527,40.05,30.76432258064516,0.9917968514385669,-0.4292903661016765,364.46,24054972,473.59,389.76247311827956,0.992993798813938,-0.2554852613705997,889.73,16521938,896.45,857.0593548387097,1.0034931041490531,0.061779256527071835,2840.35,2872.87,2741.1316344086026,1.0025982224203083
30.93,2770517,40.05,30.661483870967743,0.9966572087063567,-0.4057773951832214,364.42,22253400,473.59,387.2319354838709,0.9935074877420518,-0.27597442952739104,896.78,16521938,896.45,860.3280430107526,1.0038138410759871,0.05556381533913579,2833.28,2872.87,2747.570086021505,1.002348829779673
31.12,2510371,40.05,30.587870967741935,0.9975991734928553,-0.396535695296072,373.59,15743680,473.59,385.519247311828,0.995577099884846,-0.2811710509936719,894.78,16521938,896.78,863.3374193548387,1.0034979405455096,0.04998992742038433,2850.13,2872.87,2754.9944731182795,1.0027021647726282
32.57,2645080,40.05,30.622666666666664,1.0011375652447803,-0.3799905988576371,378.23,16011320,473.59,384.3166021505376,0.9968804536487446,-0.23968575466074848,913.06,16521938,896.78,867.410129032258,1.004717402010054,0.051278929567678544,2874.69,2872.87,2763.9177204301077,1.0032389347415744
33.7,2614468,40.05,30.74645161290323,1.0040422654102592,-0.2731309223311609,378.31,13011911,473.59,383.32419354838703,0.9974177316394938,-0.23616309500523558,929.23,16521938,913.06,872.4291612903227,1.0057862274027907,0.0543541840661077,2901.52,2874.69,2774.5680215053767,1.0038533350673013
34.45,2805247,40.05,30.92481720430108,1.0058011764623596,-0.2038479138133087,372.99,11622719,473.59,382.1464946236559,0.9969276686821426,-0.23029622549735274,917.89,16521938,929.23,876.5269892473119,1.0046970323079625,0.04755305917797803,2871.68,2901.52,2782.9933978494623,1.0030366443636565
37.3,1978872,40.05,31.288602150537635,1.0117635277787822,-0.13634984124544935,374.15,14393957,473.59,381.1576344086021,0.9974123530400885,-0.2156794874154362,928.72,16521938,929.23,881.0753548387095,1.0051890764884528,0.05039591986713554,2904.98,2901.52,2793.0249462365587,1.0036045893586554
36.57,2241142,40.05,31.599784946236557,1.0099455640172654,-0.19039790558047232,373.91,19022700,473.59,380.2704516129032,0.9976723992500491,-0.2108388895098725,932.39,16521938,929.23,885.6567096774194,1.0051997310031995,0.040799063332286556,2929.67,2904.98,2804.277870967742,1.0040289381397562
36.78,1594423,40.05,31.92352688172043,1.0102450676811467,-0.1275095347071742,357.78,15140484,473.59,378.4590537634409,0.9952365537690891,-0.20939393940371154,938.23,16521938,932.39,890.4207311827957,1.0053790836261056,0.0619665714493951,2913.98,2929.67,2814.126344086021,1.0035119462376532
35.93,2853661,40.05,32.188645161290324,1.0083047929056266,-0.2428933187341199,342.63,22788524,473.59,375.7692903225807,0.9928928548171515,-0.22301698558260108,897.19,16521938,938.23,892.2819139784946,1.002090228507176,0.027241937699391094,2885.57,2929.67,2821.662924731183,1.0026781244776022
32.4,3451096,40.05,32.22812903225806,1.001226639728696,-0.29502072025005055,317.74,19995578,473.59,371.65264516129037,0.9890447536099708,-0.23740444008859396,865.58,16521938,938.23,891.9897849462367,0.9996726045572801,0.027208030369548553,2767.13,2929.67,2821.3453118279567,0.9998874376877399
31.98,1906257,40.05,32.24789247311827,1.000613235749442,-0.23880374297988038,310.86,16637864,473.59,367.32262365591396,0.9883492783873575,-0.2605323550071962,848.51,16521938,938.23,890.5374193548388,0.9983717688073239,-0.006130216951197864,2767.78,2929.67,2821.0371182795698,0.9998907636200735
34.03,6479357,40.05,32.40356989247312,1.0048275222786922,-0.17762080060942798,266.74,32090532,473.59,360.3167526881721,0.9809271999148504,-0.3424585945721227,821.21,16521938,938.23,887.2152473118279,0.9962694750711119,0.010898480685017642,2658.69,2929.67,2813.304795698925,0.9972590496840537
39.29,4864381,40.05,32.90101075268817,1.0153514215213244,-0.00559136138023808,294.54,39114140,473.59,355.3848602150537,0.9863123420259436,-0.29755692432892733,854.04,16521938,938.23,885.9805161290324,0.9986083070748203,0.019859323739140677,2723.06,2929.67,2809.6870537634413,0.9987140597275438
39.36,2735069,40.05,33.39348387096774,1.0149683279331876,0.015883371196464546,285.55,18623944,473.59,350.0990322580645,0.98512646837631,-0.3771624974465545,871.01,16521938,938.23,885.7278924731183,0.9997148654498433,0.034070933106964185,2781.01,2929.67,2809.5529892473123,0.9999522848938107
38.49,2450633,40.05,33.82034408602151,1.012782739791486,0.16623981732466775,285.11,16966164,473.59,345.03772043010747,0.9855431996046586,-0.3835589577071158,838.11,16521938,938.23,883.2123010752688,0.997159859795286,-0.0020824814923485757,2736.27,2929.67,2806.2642795698926,0.9988294544754962
36.62,1739232,40.05,34.10883870967742,1.0085302095958022,0.1783977208701808,287.52,10352885,473.59,340.3675483870968,0.9864647493114983,-0.29267410724106013,802.04,16521938,938.23,878.3296344086023,0.9944716953548743,-0.0178428282409151,2632.56,2929.67,2796.142387096774,0.996393107895501
38.34,2461539,40.05,34.49247311827957,1.0112473605996237,0.32737397737397744,292.76,16017510,473.59,336.22019354838704,0.9878150697433911,-0.2994739656134545,853.59,16521938,938.23,876.8294838709678,0.9982920415310312,-0.005220431814321191,2760.17,2929.67,2794.333720430108,0.9993531564504681
36.97,1868657,40.05,34.76634408602151,1.0079400211983294,0.2613892253986667,280.27,23101036,473.59,331.44258064516134,0.9857902261824195,-0.3330799760346048,817.53,16521938,938.23,872.947505376344,0.9955727098985245,0.013996322444304599,2633.08,2929.67,2784.117634408602,0.9963439993058762
33.0,2556154,40.05,34.76561290322581,0.9999789686602107,0.033589636619148155,269.29,20084204,473.59,326.1634838709677,0.9840723640157588,-0.3886901339362733,807.72,16521938,938.23,868.4697849462366,0.9948705730842579,0.009858122209684517,2599.95,2929.67,2771.9676559139784,0.9956359679833698
31.79,4435458,40.05,34.67907526881721,0.997510826728426,0.08627244920380872,258.1,29852156,473.59,320.4055698924731,0.9823465401149184,-0.317099312947667,738.36,16521938,938.23,859.5742795698924,0.9897572655600276,-0.01370249862835815,2416.62,2929.67,2748.2329892473126,0.9914376105305457
32.13,2112707,40.05,34.60649462365591,0.9979070766853302,0.07129101822039718,263.99,13616057,473.59,315.28144086021507,0.9840073659331899,-0.26472471916638396,773.06,16521938,938.23,853.1457204301074,0.9925212290635294,0.004167281694363867,2485.74,2929.67,2729.6129677419353,0.9932247296432909
32.64,2077844,40.05,34.55879569892473,0.9986216770796955,0.03345105296174178,273.5,14123086,473.59,310.9907956989247,0.9863910633319115,-0.25047015873068457,798.52,16521938,938.23,848.5178494623657,0.9945755210898689,0.003063272523186833,2531.94,2929.67,2714.508817204301,0.9944665596492498
33.79,2666924,40.05,34.579634408602146,1.0006029929358349,0.07886392074416348,287.7,17603620,473.59,307.8490107526881,0.9898974986086784,-0.27383935335699594,828.34,16521938,938.23,845.9751182795699,0.9970033262300765,-0.006542569377287477,2596.26,2929.67,2704.085720430108,0.996160227328004
35.97,1956211,40.05,34.73251612903226,1.0044211491256276,0.14936820499944803,296.08,16077563,473.59,305.4610967741935,0.992243229976097,-0.2448359037192206,847.21,16521938,938.23,844.7890967741934,0.9985980420939702,-0.014101380618666504,2670.71,2929.67,2698.860258064516,0.9980675677822962
35.56,1601206,40.05,34.84670967741936,1.0032877994776672,0.15107922856304956,297.02,13094905,473.59,303.3249032258065,0.9930066592081737,-0.24671333242062998,847.09,16521938,938.23,843.6804946236559,0.9986877172601178,-0.006869294282884519,2664.76,2929.67,2693.4319354838713,0.9979886611155859
35.27,2077189,40.05,34.92812903225806,1.0023365005072906,0.0413725229482278,299.97,21106616,473.59,301.56793548387094,0.9942076376741555,-0.27564148953767265,846.16,16521938,938.23,842.5616559139785,0.9986738596935603,-0.0169659829542419,2706.53,2929.67,2690.8137419354844,0.9990279340220578
34.69,2699880,40.05,34.96301075268818,1.000998671311535,0.10749708371933298,312.13,24852902,473.59,300.80578494623654,0.9974727069825526,-0.2813289870189861,843.51,16521938,938.23,841.3403440860216,0.9985504777966283,-0.025702908974963634,2707.88,2929.67,2688.397247311828,0.9991019465279234
43.07,7836262,40.05,35.52868817204301,1.016179310853867,0.35988203407256636,324.44,26286532,473.59,301.0365376344086,1.0007671151943216,-0.28352287311351243,865.07,16521938,938.23,841.6238494623653,1.0003369687170438,-0.021296128145439575,2775.6,2929.67,2690.5507096774195,1.0008010208936737
43.62,4653471,43.07,36.10468817204301,1.0162122507088018,0.6250599100920269,329.26,13057879,473.59,301.75552688172047,1.0023883786764285,-0.16904928992490276,873.67,16521938,938.23,842.5210322580646,1.001066013987451,-0.0071373662945593,2792.67,2929.67,2693.861870967742,1.001230663030588
44.09,3645961,43.62,36.67556989247311,1.015811844647703,0.5312832700773311,324.19,15088397,473.59,302.21286021505375,1.00151557566504,-0.14723028313702635,874.97,16521938,938.23,843.533440860215,1.001201641933421,-0.0036824423025682007,2803.69,2929.67,2697.9402365591395,1.001513947554383
45.89,3025972,44.09,37.32987096774193,1.0178402428970328,0.5182106467001355,312.91,16110646,473.59,302.02905376344086,0.999391798047634,-0.2024165975757356,852.82,16521938,938.23,843.148559139785,0.999543726778588,-0.017180403630607577,2743.07,2929.67,2698.18647311828,1.0000912683519834
47.19,2746883,45.89,38.035870967741936,1.018912468264626,0.6344816000567091,306.99,17374040,473.59,301.5740860215054,0.9984936292178971,-0.23182634111169065,874.67,16521938,938.23,844.2678924731183,1.0013275635962366,-0.012773486404451306,2822.48,2929.67,2703.749935483871,1.0020619265647572
45.93,2531826,47.19,38.62602150537635,1.0155156309720084,0.581294440669056,295.27,14206133,473.59,300.5062150537634,0.996459009519585,-0.29418382849289704,884.84,16521938,938.23,846.0866021505377,1.002154185530012,-0.005172110965141585,2800.71,2929.67,2707.9683440860217,1.0015602066399665
47.0,2399171,47.19,39.25647311827957,1.0163219401929724,0.5712033300827146,302.24,14839264,473.59,300.0664301075269,0.9985365196318559,-0.27735210624675255,901.2,16521938,938.23,849.0214838709677,1.0034687722426643,-0.007032057210974552,2834.4,2929.67,2714.519397849463,1.002419176641318
48.08,2744848,47.19,39.928000000000004,1.0171061439904987,0.548573591247262,313.21,11597577,473.59,300.4979784946236,1.0014381761629985,-0.26017525883042636,930.29,16521938,938.23,853.8934193548388,1.005738294703284,0.006175557822471145,2892.74,2929.67,2724.9786666666664,1.0038530831002679
48.78,2376062,48.08,40.61537634408603,1.0172153963155186,0.5125462705499143,316.22,16611236,473.59,301.2522795698925,1.0025101702149466,-0.2563245007307351,936.24,16521938,938.23,859.1225591397848,1.0061238787727125,0.007260671420511677,2907.41,2929.67,2736.3390967741934,1.0041689978150998
39.16,7961643,48.78,40.65741935483871,1.0010351500967638,0.2808963895076714,316.05,9153612,473.59,302.12019354838714,1.002881020451476,-0.22509023065887512,943.97,16521938,938.23,864.8342365591399,1.0066482684671603,0.020830199193005883,2905.03,2929.67,2747.540752688172,1.0040936651189114
35.6,6493037,48.78,40.46421505376344,0.9952479939912301,0.1273966183758154,309.35,17128050,473.59,302.6802795698925,1.001853851657273,-0.23914731462378336,957.39,16521938,943.97,871.3868172043012,1.0075766896916936,0.01153324455483462,2939.88,2929.67,2761.043784946237,1.0049145885260677
35.59,3411165,48.78,40.27290322580645,0.9952720736655142,0.122567825874631,320.93,21274018,473.59,304.0916129032258,1.0046627858786796,-0.20909374742406783,954.28,16521938,957.39,877.6975483870966,1.00724216967505,0.042814629095840884,2945.64,2939.88,2774.8627311827954,1.0050049717834617
34.96,2820355,48.78,40.04167741935484,0.9942585265046537,0.17413429689852444,310.09,13436246,473.59,304.85025806451614,1.0024947914677667,-0.19565623004010102,930.2,16521938,957.39,882.3319569892473,1.005280188614708,0.03335965064020052,2881.4,2945.64,2784.407978494624,1.0034398989198863
33.74,2210018,48.78,39.726236559139785,0.9921221866678697,0.18009187889004696,309.48,14549108,473.59,305.58599999999996,1.0024134535432412,-0.1549703743247305,919.56,16521938,957.39,886.1409462365591,1.004316957146502,0.050585706854676005,2859.53,2945.64,2792.2965161290326,1.002833111273684
34.18,1686739,48.78,39.43539784946236,0.992678926199202,0.05966964829195287,316.2,13191122,473.59,306.7582580645162,1.0038360987234896,0.019886937130489946,899.17,16521938,957.39,888.4816559139783,1.0026414643035741,0.031981031207505506,2826.06,2945.64,2797.828387096774,1.001981118744298
34.81,1749914,48.78,39.18488172043011,0.9936474299057778,-0.06025743661659744,300.11,12045538,473.59,306.7860860215053,1.000090716244005,-0.1211965412420073,878.54,16521938,957.39,889.3237419354838,1.0009477809878238,0.01803739722907305,2752.06,2945.64,2798.2261290322585,1.0001421609478691
37.47,2816690,48.78,39.1156129032258,0.9982322565703141,-0.03849647075404061,321.84,13939345,473.59,308.203870967742,1.0046214121527575,-0.0017360862175157532,913.6,16521938,957.39,892.3750752688171,1.0034310714866248,0.01569708892296595,2873.34,2945.64,2806.386021505376,1.0029160947317504
38.33,1560961,48.78,39.10589247311828,0.9997514948792553,0.04598479734673511,326.58,12220523,473.59,309.8494193548387,1.0053391554814992,0.019719512255308436,935.89,16521938,957.39,896.7728817204303,1.0049282040405358,0.0615886343105958,2886.98,2945.64,2815.2273548387097,1.0031504337840849
39.34,2151472,48.78,39.161677419354845,1.0014265099888695,0.10137119634955993,325.44,20827148,473.59,311.3322365591398,1.004785605883621,-0.020646724701851582,948.84,1116390016,957.39,901.7958924731183,1.0056012072343798,0.06227628337662083,2950.46,2945.64,2827.840064516129,1.0044801744540246
40.39,2290955,48.78,39.27935483870967,1.0030049126367775,0.047633978421316225,333.82,20111524,473.59,313.27415053763445,1.0062374330392405,0.049146459828772526,945.58,1159369984,957.39,906.2928817204302,1.0049867040700076,0.04197894053238471,2941.76,2950.46,2839.2078279569896,1.0040199456763852
40.79,1361274,48.78,39.41843010752689,1.003540670904303,0.08516113871309838,339.46,9621048,473.59,315.4916344086021,1.0070784131635568,0.09655564630780988,965.13,676110016,957.39,911.8533333333334,1.0061353804328108,0.04483584109255445,2990.41,2950.46,2853.323784946237,1.0049717941921161
41.38,1731144,48.78,39.587354838709686,1.0042854251354505,0.2766562598768144,340.91,13309731,473.59,317.675376344086,1.0069217110608253,0.13296568277260268,985.83,910049984,965.13,918.4318494623656,1.007214445447037,0.06134498320938131,3013.77,2990.41,2868.1783870967743,1.0052060695771394
40.15,2136477,48.78,39.658903225806455,1.0018073545804784,0.2838396994183612,343.55,16935142,473.59,319.8754193548387,1.006925443942403,0.1487404480377923,969.52,968990016,985.83,923.5750752688173,1.0056000081110672,0.08134773941659379,2976.61,3013.77,2879.745634408602,1.004032959513211
49.43,5283532,48.78,40.311182795698926,1.0164472417751589,0.555789666360005,323.37,24534970,473.59,320.5897634408603,1.0022331946839251,0.03226505589637574,977.85,1242029952,985.83,928.7586021505377,1.0056124586084263,0.04762087917790847,3025.86,3013.77,2893.2860215053765,1.0047019385792229
45.22,4756971,49.43,40.654645161290325,1.0085202750644182,0.3940216011777844,309.29,27216464,473.59,320.2680215053764,0.9989964060859877,-0.09556080555243684,933.12,1298189952,985.83,930.6159139784945,1.001999778870049,0.010536767718732243,2932.05,3025.86,2899.612602150538,1.002186641969766
44.04,2638405,49.43,40.894924731182805,1.0059102611507051,0.3006720889835466,307.22,17745988,473.59,319.73576344086024,0.9983380855134573,-0.13253457265473356,933.03,1186589952,985.83,932.1779569892473,1.0016785045122159,0.0022105262386307167,2918.65,3025.86,2904.214215053764,1.0015869750668807
44.43,2060879,49.43,41.138322580645166,1.0059517862194955,0.19501575883527256,295.86,14084057,473.59,318.42862365591395,0.9959118123950871,-0.17972522318013595,915.32,1185910016,985.83,932.3722795698925,1.0002084608192976,-0.0012217103347411662,2888.68,3025.86,2906.1889677419354,1.0006799610985773
42.26,1656966,49.43,41.22352688172044,1.0020711661470456,0.20917308125738354,291.28,13730333,473.59,316.8264731182796,0.994968572488114,-0.17752205913271402,916.38,1255689984,985.83,932.4885161290323,1.0001246675407311,0.013367506258280093,2847.11,3025.86,2905.0130322580644,0.9995953685404069
41.84,1542662,49.43,41.26722580645162,1.0010600481821113,0.2574858825856299,301.97,11659076,473.59,315.9263440860216,0.9971589210226067,-0.13929598669831056,940.47,1063569984,985.83,934.009935483871,1.001631568998999,0.030197433045913824,2926.46,3025.86,2908.564301075269,1.0012224622670434
39.28,2215834,49.43,41.13163440860215,0.9967143078993144,0.160547194015359,306.46,11078869,473.59,315.31159139784944,0.9980541265403156,-0.16450583430175258,965.06,857440000,985.83,936.9149892473118,1.0031103028491188,0.044084737485690306,2978.71,3025.86,2915.0135698924737,1.0022173375416938
44.28,1899324,49.43,41.30875268817205,1.0043061327884615,-0.005961844649942316,323.51,16609077,473.59,315.80903225806446,1.0015776167885544,-0.10043082857786634,969.05,1230419968,985.83,939.816064516129,1.0030964124836426,0.03668849371075078,3007.39,3025.86,2922.730731182796,1.0026473843449746
43.15,2023001,49.43,41.410365591397856,1.0024598395403719,-0.09992921081888217,317.77,19800856,473.59,315.93815053763444,1.0004088492296968,-0.15310965109922303,948.16,1115769984,985.83,941.1457849462366,1.001414873059009,0.0138598214640957,2992.07,3025.86,2928.961032258065,1.0021316712514081
39.68,2226369,49.43,41.2891182795699,0.9970720540595,-0.19904852420986274,317.05,12499948,473.59,316.0455268817204,1.000339865077716,-0.15607550413478877,939.36,979420032,985.83,941.7475698924733,1.0006394173526167,0.017201122764632704,2961.79,3025.86,2932.808967741935,1.0013137544137634
40.76,2288117,49.43,41.24703225806452,0.9989806994370669,-0.2666261956732071,316.49,14332431,473.59,316.1321290322581,1.0002740179599825,-0.12162932851731867,937.22,1104870016,985.83,942.0728172043009,1.0003453657033219,0.0227956535573397,2952.01,3025.86,2935.6859354838707,1.0009809598148327
45.99,2599441,49.43,41.55339784946237,1.0074275790190443,-0.28755541063600487,319.45,12538716,473.59,316.40199999999993,1.0008536651069537,-0.06176097089246246,946.48,963960000,985.83,942.8139784946238,1.000786734609881,0.02973778189686649,2970.27,3025.86,2939.291634408602,1.001228230472868
48.73,6809041,49.43,42.0391182795699,1.011689066484218,-0.27113882733561945,331.5,13095473,473.59,317.42249462365595,1.0032253102814015,0.010799924104058167,958.79,930390016,985.83,944.1949032258063,1.0014646841929384,0.017344796907282856,2986.2,3025.86,2943.607247311829,1.0014682493062976
47.66,1846178,49.43,42.449784946236555,1.0097686793508758,-0.30730528086484354,353.36,18521658,473.59,319.77539784946237,1.0074125283042592,0.08030665852099417,950.76,1149260032,985.83,944.8987311827955,1.000745426558208,-0.011387549689134024,3022.55,3025.86,2949.86911827957,1.0021272780101556
48.43,1888583,49.43,42.90870967741935,1.0108110025001078,-0.2890167621864792,372.14,29446060,473.59,323.22997849462365,1.010803147047565,0.1172782125988161,956.17,1141389952,985.83,945.845010752688,1.0010014613615874,-0.03239006952800105,3066.91,3025.86,2958.588301075269,1.002955786323423
48.91,2883636,49.43,43.39784946236559,1.0113995454215126,-0.37679559357331716,388.28,19776416,473.59,327.5991182795699,1.013517124263333,0.1994399672679863,954.04,1317859968,985.83,946.5982150537635,1.0007963295175348,-0.04484874307307685,3093.08,3066.91,2968.621311827956,1.0033911479840032
48.63,1426512,49.43,43.868645161290324,1.0108483647175421,-0.0830266922078351,373.06,13848654,473.59,330.8313548387097,1.0098664385182545,0.09737548248944661,951.74,1017169984,985.83,947.164752688172,1.000598498523871,-0.06592638806147466,3120.46,3093.08,2980.0214838709676,1.003840224415822
48.8,1506512,49.43,44.33004301075269,1.0105177136828813,0.11816253562028534,369.12,11361174,473.59,333.68679569892475,1.0086311071137959,0.13760365559295762,944.15,1367719936,985.83,947.2249032258067,1.0000635058868734,-0.07179421593121216,3110.29,3120.46,2990.30223655914,1.0034498921379646
48.27,919086,49.43,44.72886021505376,1.0089965444925089,0.2031965300570504,368.72,9641569,473.59,336.3878924731183,1.008094706799938,0.08908077788955615,960.79,959009984,985.83,948.3870752688171,1.0012269230243553,-0.05949306327896409,3140.98,3120.46,3002.1965161290314,1.0039776178556379
49.37,1531042,49.43,45.17137634408603,1.0098933021522274,0.3849316859279728,370.32,13906799,473.59,339.08944086021506,1.0080310511987665,0.12958204043435684,953.2,1132000000,985.83,949.0455698924732,1.0006943310815044,-0.06707326001985137,3145.91,3140.98,3013.9887741935486,1.0039278768065862
49.06,1334611,49.43,45.56290322580645,1.008667588048193,0.4279193835210433,363.47,13300267,473.59,341.2195268817204,1.0062817822227128,0.150954651539839,963.4,1088850048,985.83,950.3126666666666,1.0013351274315911,-0.06047916223031624,3168.8,3145.91,3026.6889677419354,1.0042137494529273
48.88,1980929,49.43,45.909870967741945,1.0076151368190027,0.4551980967384297,363.74,22804362,473.59,343.25092473118286,1.005953345835822,0.10241836566941687,977.43,1388060032,985.83,952.3906451612902,1.0021866261152894,-0.05279135796535961,3221.22,3168.8,3042.106,1.0050936955935603
49.59,875450,49.43,46.27103225806452,1.0078667459243427,0.41726672189074554,357.77,8583216,473.59,344.7949247311828,1.0044981670514337,0.12979615992588744,991.94,557550016,985.83,955.2364516129032,1.0029880663633892,-0.04822939265422499,3240.02,3221.22,3057.8861290322575,1.0051872383908573
46.77,1462669,49.59,46.418473118279564,1.0031864614429333,0.29802999584665646,349.04,9674119,473.59,345.6516989247312,1.0024848805248987,0.04953266057600625,990.5,779640000,991.94,957.7454838709676,1.002626608578251,-0.04164274895059483,3234.85,3240.02,3072.2833333333333,1.004708221200386
46.66,1902926,49.59,46.53881720430108,1.0025925903619206,0.25447862735236026,342.83,13602433,473.59,346.0493333333333,1.001150390435919,0.017250025890527043,994.48,1241350016,991.94,960.3459139784947,1.0027151577859879,-0.06845732063781007,3265.35,3240.02,3087.870838709677,1.005073589797928
48.56,1490337,49.59,46.763827956989246,1.0048349048429914,0.2108682938936639,362.27,13892180,473.59,347.66621505376344,1.0046724023562057,0.06455904760759701,1005.68,1113260032,994.48,963.5429247311827,1.0033290199980582,-0.06860404913248197,3329.62,3265.35,3106.7910967741936,1.0061272828601933
51.61,1802779,49.59,47.165784946236556,1.0085954680531501,0.23117246493891597,363.03,11022880,473.59,349.25292473118276,1.0045638880302878,-0.001392492431630421,990.75,988430016,1005.68,965.6544731182795,1.0021914419512612,-0.0724679219941331,3295.47,3329.62,3122.692731182796,1.005118346845114
51.59,1378041,51.61,47.54232258064516,1.0079832792953158,0.20242891419902342,346.62,19950470,473.59,349.71810752688174,1.001331936721953,-0.022426909315291566,992.01,1454860032,1005.68,967.7501720430108,1.0021702368529024,-0.05077015586400235,3225.52,3329.62,3133.320795698925,1.0034034935330007
53.25,1416291,51.61,48.00273118279569,1.0096841840524209,0.2733178781299406,337.49,18036484,473.59,349.5788602150538,0.999601829848581,-0.07346544964292123,1016.0,1612039936,1005.68,971.3358064516128,1.0037051240208332,-0.07356487932576172,3327.71,3329.62,3150.0361505376345,1.0053347090606408
55.75,1380691,53.25,48.59890322580645,1.0124195442284423,0.3167517345691431,353.56,18861508,473.59,350.4837419354838,1.0025884909627354,-0.11159305154441568,1042.54,1368850048,1016.0,976.5688172043009,1.0053874372981315,-0.06025806943205492,3380.16,3329.62,3169.4602365591404,1.0061663057480121
56.26,3045310,55.75,49.194430107526884,1.0122539160802337,0.07079484460379826,344.45,12889412,473.59,350.77935483870965,1.0008434425562607,-0.06718561693923442,1031.02,1004609984,1042.54,980.901569892473,1.0044367100524219,-0.04870043551274117,3337.75,3380.16,3185.2803440860216,1.0049914200987282
44.05,3365901,56.26,48.987526881720434,0.9957941737437712,-0.08140772651572181,301.1,24954436,473.59,348.2328602150537,0.9927404660835103,0.0006509523375923809,915.77,2346099968,1042.54,977.6844946236558,0.9967202873687215,-0.026154798263135937,2954.22,3380.16,3175.6858494623652,0.9969878649326832
43.77,2322447,56.26,48.7650752688172,0.995459015241975,-0.04151150085063404,291.48,20896008,473.59,345.0833333333333,0.990955687295635,-0.05266113545590667,908.3,2276229888,1042.54,974.0227956989248,0.9962547233336859,-0.044910812501137376,2972.37,3380.16,3167.2146451612903,0.9973324803829355
35.68,4149258,56.26,48.02126881720431,0.9847471484968974,-0.24171895032317203,233.82,24233186,473.59,338.2476559139785,0.9801912269905197,-0.12273543202665282,813.24,3029809920,1042.54,964.2813763440861,0.9899987768275499,-0.050021699272055464,2711.02,3380.16,3141.766623655914,0.9919651730758904
23.74,5704705,56.26,46.52595698924731,0.9688614677456986,-0.4772345858161735,156.51,41267468,473.59,326.5576559139784,0.9654395239830633,-0.16788014160011144,711.34,3662960128,1042.54,948.1852903225807,0.9833076875522256,-0.03331475946740903,2304.92,3380.16,3090.5006666666673,0.9836824426730999
22.63,5194050,56.26,44.99886021505377,0.9671775311457543,-0.5429418535994993,200.09,29457292,473.59,317.96909677419364,0.9736997158564638,-0.1368812911039976,790.18,3703180032,1042.54,937.6166021505376,0.9888537733290003,-0.02824822934817639,2541.47,3380.16,3055.6620000000003,0.9887271771067945
15.55,3434799,56.26,43.05630107526883,0.9568309257056452,-0.6830189730946512,156.59,24515352,473.59,306.7931827956989,0.9648522007582663,-0.22879777159155257,753.09,3480499968,1042.54,924.9782150537634,0.98652073025607,-0.055123491241922506,2488.65,3380.16,3018.2435268817203,0.9877543808450411
26.57,3884952,56.26,41.875741935483866,0.9725810366821532,-0.42132092927276676,212.84,20169384,473.59,299.5686021505377,0.9764512999300502,-0.26883459432985213,856.78,2955419904,1042.54,919.4853548387096,0.9940616328842571,-0.043510611818294076,2789.82,3380.16,3001.3092688172046,0.9943893665591619
23.38,2563134,56.26,40.5274623655914,0.967802849392622,-0.46766592446567623,197.96,16840480,473.59,291.6220215053763,0.9734732525768235,-0.2600334565255018,924.09,2314800128,1042.54,918.5765161290323,0.9990115789176036,0.013887802981229824,2874.56,3380.16,2990.31,0.9963351764739862
28.46,8188451,56.26,39.54944086021505,0.9758676845701865,-0.26635304249245595,200.45,18626812,473.59,284.0937419354838,0.9741848042509584,-0.2109525745893026,922.03,2048600064,1042.54,917.5865376344086,0.9989222688831677,0.023772358222787893,2836.74,3380.16,2977.123440860215,0.9955902367514455
29.64,4276561,56.26,38.671677419354836,0.9778059203425249,-0.22760746843325796,220.5,29606826,473.59,278.1097634408602,0.9789366057349389,-0.13808988619315454,911.72,2805240064,1042.54,915.9686666666668,0.9982368191975518,0.013882520551554922,2830.71,3380.16,2963.816774193548,0.9955303611250926
31.73,2213743,56.26,37.95266666666667,0.9814073037253795,-0.2619069326725515,218.54,25924748,473.59,272.2057634408602,0.9787709718387665,-0.16794305540679022,952.09,2540950016,1042.54,917.0101505376344,1.0011370300195506,0.019552249074355155,2929.8,3380.16,2957.1638709677422,0.9977552919992444
29.76,2297991,56.26,37.13722580645162,0.9785142670638413,-0.33772006542727684,197.64,20155314,473.59,265.1703870967742,0.9741541977100183,-0.1800538399623971,942.3,2390299904,1042.54,917.4079569892473,1.0004338081223851,0.02382327375465476,2863.7,3380.16,2946.333483870968,0.9963375762827679
32.36,1350278,56.26,36.53032258064517,0.983657820081407,-0.2774662471291035,220.03,15176188,473.59,259.86739784946235,0.9800015782102527,-0.20608966550136898,982.39,2783869952,1042.54,920.427677419355,1.00329157863424,0.05546792052788296,2955.45,3380.16,2941.685892473118,0.998422584740223
31.17,1695413,56.26,35.87954838709677,0.9821853696443075,-0.3012836686770851,234.43,24319120,473.59,255.78017204301074,0.984271879272754,-0.2535636679947171,1002.29,2504420096,1042.54,924.663247311828,1.0046017411214192,0.05560308113544876,3044.31,3380.16,2942.9155053763443,1.0004179959887534
39.59,2350132,56.26,35.809118279569894,0.998037040300312,-0.13732849401135017,274.55,19425148,473.59,254.5774838709677,0.9952979616737423,-0.2749284979658718,1049.92,3100219904,1042.54,931.8725376344084,1.0077966658062156,0.06789388993236156,3193.93,3380.16,2953.846623655914,1.0037143840044336
38.25,2381972,56.26,35.672279569892474,0.9961786629704454,-0.19783656327589016,244.9,20439464,473.59,251.70647311827955,0.9887224482344898,-0.26668199764130573,1016.5,3217649920,1049.92,936.719505376344,1.0052013205091759,0.09340864352716605,3041.31,3380.16,2954.71440860215,1.000293781315281
39.15,2627634,56.26,35.61582795698925,0.9984174935388522,-0.180843546353757,248.19,19293012,473.59,249.32333333333332,0.9905320679463561,-0.2549554704846829,1039.83,2731930112,1049.92,942.932365591398,1.0066325726958765,0.10537482299775291,3097.74,3380.16,2959.393053763441,1.001583450890438
41.23,2143517,56.26,35.71432258064517,1.0027654733669216,-0.18672212158722656,245.21,21437528,473.59,247.00800000000004,0.9907135312913622,-0.2134245170686846,1020.03,2468349952,1049.92,947.6620430107528,1.005015924356768,0.10366040867962278,3009.05,3380.16,2958.376752688172,0.9996565846250208
42.07,1748147,56.26,35.88215053763441,1.0046991779449344,-0.27516230612260983,252.64,13434299,473.59,245.43763440860212,0.9936424504817742,-0.248053830026296,1074.07,1553379968,1049.92,955.7507741935482,1.008535459705759,0.13185862963557782,3130.01,3380.16,2965.448043010753,1.002390260238543
52.97,5029646,56.26,36.76890322580645,1.0247129192338118,-0.06625126031612938,225.49,33765952,473.59,242.36873118279567,0.9874961994593813,-0.31751518411080437,1125.92,1789459968,1074.07,966.9247311827957,1.0116912874056272,0.1635692395709738,3185.04,3380.16,2976.103849462366,1.0035933209070136
49.04,4834638,56.26,37.393698924731176,1.0169925030150535,-0.13330182247964362,240.84,22653688,473.59,240.5868817204301,0.992648187521262,-0.251658761740881,1107.71,2165929984,1125.92,976.5743440860215,1.0099796939637917,0.132198668058634,3224.73,3380.16,2989.2853763440853,1.004429121948853
44.16,2898200,56.26,37.70331182795698,1.0082798148385645,-0.22323376025263486,244.32,15865971,473.59,239.2938494623656,0.9946255080542294,-0.22028580244607343,1122.55,1699680000,1125.92,986.9012043010753,1.0105745766081113,0.13919900175004474,3215.63,3380.16,3001.8722580645153,1.0042106658066297
46.5,1398697,56.26,38.17556989247311,1.0125256387733546,-0.1720607681552615,254.41,25913796,473.59,238.8957634408602,0.9983364134832559,-0.21154842245505878,1145.81,1842119936,1125.92,998.4478279569893,1.0116998779671076,0.14558732975243727,3271.12,3380.16,3018.0915913978497,1.0054030724624479
48.07,1608912,56.26,38.74969892473118,1.0150391738453461,-0.14495487036845023,264.81,21219638,473.59,239.37215053763447,1.0019941211594243,-0.17140453995282412,1167.41,1707929984,1145.81,1011.0539999999999,1.0126257694093093,0.1475741632112968,3351.28,3380.16,3039.4045376344084,1.00706172943767
45.78,1305072,56.26,39.17305376344086,1.0109253710469344,-0.13954061668180973,270.92,12764608,473.59,240.41051612903226,1.0043378713399433,-0.15659629560311372,1185.62,1733369984,1167.41,1024.46311827957,1.0132625144448961,0.165940249729982,3372.85,3380.16,3061.9243010752693,1.0074092682175135
46.91,1051649,56.26,39.67529032258064,1.012820970307107,-0.16171870602086325,268.73,12286837,473.59,241.50404301075264,1.0045485817314808,-0.15535390767994084,1214.27,1532710016,1185.62,1039.3336559139784,1.014515444596367,0.19474935302592677,3397.16,3380.16,3085.9194838709677,1.0078366348858696
49.18,1721617,56.26,40.33408602150538,1.016604685021039,-0.10252512113941825,279.36,10191302,473.59,243.48617204301073,1.008207436229835,-0.12373092815584652,1251.82,1694870016,1214.27,1056.1460860215054,1.0161761624978287,0.17432292471296407,3508.01,3397.16,3116.8475913978496,1.0100223313305912
45.27,1852830,56.26,40.74580645161289,1.0102077540541763,-0.25279466613999424,273.17,12923930,473.59,245.21359139784948,1.0070945275468606,-0.09638696008836634,1220.14,1754759936,1251.82,1070.3559139784945,1.0134544152035987,0.171099881543471,3426.96,3508.01,3141.9391612903223,1.0080503037625974
44.79,1464593,56.26,41.14372043010753,1.0097657651951784,-0.2646052805656858,284.59,10883696,473.59,247.81610752688172,1.0106132621531967,-0.043634829512056106,1196.89,1404749952,1251.82,1082.6267311827958,1.011464240113077,0.15964599903127696,3340.97,3508.01,3161.2695483870975,1.0061523747292538
48.49,1732305,56.26,41.803913978494634,1.016046034279,-0.2208767255973022,301.09,53789240,473.59,251.63146236559137,1.0153959114150632,0.026711436501309915,1169.0,1884419968,1251.82,1092.7662580645163,1.0093656720175779,0.13930537903507423,3319.47,3508.01,3179.29711827957,1.0057026361139214
47.64,1326264,56.26,42.425978494623656,1.014880532871851,0.020226284581878806,285.65,10019397,473.59,254.543935483871,1.0115743599425104,0.0028822585376090393,1183.4,1603769984,1251.82,1103.5380860215053,1.009857394367271,0.17572103393725724,3298.46,3508.01,3196.0085161290317,1.0052563183709313
51.79,1280121,56.26,43.30806451612904,1.0207911768403213,0.11701980592705641,302.18,8873036,473.59,258.55608602150534,1.0157621140335067,0.08982844346320185,1213.1,1373849984,1251.82,1115.6504946236562,1.010975976955919,0.20905001391858602,3348.44,3508.01,3215.2041290322577,1.0060061206991011
55.5,1962713,56.26,44.41225806451613,1.0254962571226396,0.48856491240422995,308.84,8996215,473.59,262.97490322580643,1.0170903623747365,0.27100100060665855,1260.08,1357330048,1251.82,1130.138387096774,1.0129860494329859,0.26686544071809437,3477.13,3508.01,3241.893569892472,1.0083010097614697
63.15,6880184,56.26,45.96737634408602,1.0350155193034956,1.5951060285592105,315.27,7779445,473.59,267.6472258064516,1.0177671805306578,0.6826702133651388,1257.8,1368419968,1260.08,1143.5182365591397,1.0118391248497782,0.25674533130860944,3483.81,3508.01,3267.366430107527,1.0078574017517483
65.0,2661583,63.15,47.55709677419354,1.034583666864251,1.8054841431105253,306.74,7594476,473.59,271.42780645161287,1.0141252375539105,0.39402237264396467,1249.95,1403180032,1260.08,1155.2164516129033,1.0102300205451586,0.2183171296018276,3465.39,3508.01,3289.1156559139777,1.006656500356385
63.36,1831639,65.0,48.94989247311828,1.0292868108736304,3.03588886541246,298.69,17332308,473.59,274.4596774193548,1.0111700824148333,0.744958483479037,1172.03,1816210048,1260.08,1160.898817204301,1.0049188752319653,0.24234540241129565,3269.96,3508.01,3296.2695698924726,1.0021750265806653
70.02,1835990,65.0,50.66954838709677,1.0351309436465639,1.5368348667989766,323.05,17265024,473.59,278.7575698924731,1.0156594677714768,0.5167183678583256,1258.63,1460749952,1260.08,1171.2673333333332,1.0089314555027302,0.2110785962819155,3509.44,3508.01,3317.1935698924735,1.0063477818049582
67.35,2362187,70.02,52.123505376344085,1.0286948874724444,1.7998277307818225,325.81,13236565,473.59,282.9965161290323,1.015206569056382,0.5628656666262282,1244.78,2468260096,1260.08,1179.8781075268819,1.0073516727979113,0.09983372620985742,3585.15,3509.44,3341.454516129033,1.007313696269267
68.75,1959969,70.02,53.573225806451624,1.0278131798627168,1.3329770432284527,341.92,10578239,473.59,287.9998709677419,1.0176799167252941,0.5915139371172033,1243.31,1883619968,1260.08,1187.7043870967743,1.00663312550675,0.09435404329930397,3557.54,3585.15,3362.4060215053764,1.0062701752411147
71.3,1413572,70.02,55.10081720430108,1.0285140828250348,1.34364645661437,347.55,10754091,473.59,293.06221505376345,1.0175775915072842,0.4590600968784393,1280.15,1367849984,1260.08,1197.216516129032,1.0080088354775798,0.11879075170467912,3638.35,3585.15,3387.0209677419343,1.0073206347119072
73.43,1838978,71.3,56.67623655913979,1.0285915787600286,1.2475923318842297,349.64,18249612,473.59,297.98617204301075,1.016801746306135,0.48362010870678485,1274.78,1764450048,1280.15,1205.589870967742,1.0069940188143942,0.0763435657608964,3699.12,3638.35,3413.8196989247317,1.0079121834314075
82.31,2277797,73.43,58.7348817204301,1.0363228980305033,1.6694600512754363,347.34,21868578,473.59,302.4798064516129,1.0150800098467438,0.588467752596677,1259.81,1547360000,1280.15,1212.3034623655917,1.0055687191469689,0.05767707465606042,3663.46,3699.12,3436.663333333334,1.0066915175443498
82.74,2321931,82.31,60.70825806451613,1.0335980304426087,1.476389437389163,356.84,21301980,473.59,307.2644086021506,1.0158179225471802,0.512325129085677,1289.04,1660060032,1280.15,1220.2200430107525,1.006530197174982,0.057038547899721515,3709.41,3699.12,3460.7515698924735,1.0070091929941172
84.87,1502492,82.74,62.71070967741936,1.0329848306761689,1.5946121721485809,361.16,11228351,473.59,312.03350537634407,1.0155211493445977,0.4955511727075772,1277.28,1092999936,1289.04,1226.7184516129034,1.0053256038854408,0.05797441866475772,3703.06,3709.41,3482.808709677419,1.0063735114582728
81.86,1349489,84.87,64.40348387096773,1.0269933828249738,0.9679284052108865,364.36,11981063,473.59,316.7365161290322,1.015072133830679,0.33369920262385755,1302.56,935129984,1289.04,1234.2564516129032,1.0061448492847636,0.06462525241931272,3756.07,3709.41,3506.869182795699,1.0069083533216812
88.11,1960960,84.87,66.40858064516128,1.0311333588445426,1.2595939184922527,369.87,16440749,473.59,321.60187096774195,1.0153608901751248,0.4999628135728562,1352.53,1794940032,1302.56,1244.4750107526881,1.0082791215119284,0.0729989993196214,3824.68,3756.07,3534.1472043010754,1.0077784542517865
94.95,1758464,88.11,68.74774193548386,1.0352237808367166,1.3622058118863494,378.01,13228091,473.59,326.72363440860215,1.0159257886947242,0.48597562920581017,1327.14,1901990016,1352.53,1252.3328602150536,1.0063141882275426,0.05985343218675121,3768.25,3824.68,3556.099913978494,1.0062116002555588
99.54,973079,94.95,71.26303225806451,1.036587242748149,1.3500133951415185,380.56,9663276,473.59,331.7307311827957,1.015325174694683,0.4570606031910385,1368.13,1554989952,1352.53,1262.2173548387098,1.0078928653377015,0.06462566634579203,3841.47,3824.68,3581.3345376344087,1.0070961514767123
107.74,2802419,99.54,74.18195698924731,1.0409598727235252,1.4979599140210378,356.99,20889116,473.59,334.92610752688176,1.0096324399391423,0.37791332104022635,1307.64,2116349952,1368.13,1267.4506666666666,1.0041461257111504,0.0308081932589932,3714.24,3841.47,3596.570623655914,1.0042543040482248
114.69,1699953,107.74,77.40804301075268,1.0434888233263109,1.0725486363595769,379.23,14482975,473.59,339.33191397849464,1.0131545626112746,0.5948355454575531,1385.96,1778659968,1368.13,1277.2345806451617,1.0077193647341134,0.010618332529928942,3886.83,3841.47,3621.6851397849455,1.006982906428653
129.79,2454741,114.69,81.47559139784947,1.0525468443444794,1.5516858758064822,411.0,24986124,473.59,345.45677419354837,1.0180497617899915,0.6075714572992776,1368.53,1534470016,1385.96,1285.334752688172,1.0063419611132975,0.01525425696497118,3934.83,3886.83,3648.3872043010747,1.007372828803587
121.93,2429246,129.79,84.8623870967742,1.041568224799828,1.6510149583358835,418.99,15750267,473.59,351.73118279569894,1.0181626445647154,0.6173586879643604,1361.14,1180199936,1385.96,1292.3972473118279,1.005494673359516,-0.0023699142223905234,3906.71,3934.83,3671.7479784946236,1.0064030413674319
137.13,4090143,129.79,89.06258064516129,1.0494941715886137,1.8464535296034343,422.89,20697244,473.59,357.8815698924732,1.0174860444498794,0.6291449783911613,1294.47,2253669888,1385.96,1294.6453548387096,1.0017394864710194,-0.03534796593177392,3811.15,3934.83,3687.4573978494623,1.0042784579570407
131.23,3934254,137.13,92.68722580645161,1.0406977333806602,1.6397978784673146,455.18,22268646,473.59,365.7528602150537,1.0219941203592728,0.7066098413824866,1257.91,2245149952,1385.96,1294.2150537634411,0.9996676301555014,-0.06888769405366113,3841.94,3934.83,3703.9919139784947,1.0044839883814456
142.23,2751685,137.13,96.84270967741935,1.044833404331738,2.006815203145478,469.65,20780668,473.59,374.1483010752689,1.0229538624941412,0.6436716770091071,1330.13,1834659968,1385.96,1298.249483870968,1.0031172795400543,-0.047256227958200725,3943.34,3934.83,3726.013182795699,1.0059452799381388
143.83,3334889,142.23,100.89399999999999,1.0418337150630685,1.9659879471430948,464.62,24391316,473.59,381.7918494623656,1.020429194426728,0.6503456327729611,1328.16,2000370048,1385.96,1301.846043010753,1.0027703143228381,-0.058080939716668833,3913.1,3943.34,3744.856623655914,1.0050572662885955
140.82,1944095,143.83,104.54266666666668,1.0361633661730796,1.766707926269896,470.27,21316716,473.59,389.3786451612904,1.0198715496666795,0.5801559323172694,1325.34,1773970048,1385.96,1305.0157419354837,1.0024347724846174,-0.0742594403541541,3974.54,3943.34,3766.5543870967736,1.0057940171337394
142.0,1755517,143.83,108.07038709677418,1.0337443126580614,2.0339525157434326,471.07,12434251,473.59,396.6064946236558,1.0185625214741076,0.6065638740213246,1354.13,1118850048,1385.96,1309.884752688172,1.0037309977161402,-0.06319813253066342,4019.87,3974.54,3790.1733763440857,1.0062707150408408
129.0,2662548,143.83,110.55137634408602,1.0229571607353471,1.841911684968265,484.01,12770505,473.59,404.24359139784946,1.019256106185151,0.5564765227110235,1411.45,1619469952,1385.96,1318.1636774193548,1.006320345903861,-0.056544168052997,4128.8,4019.87,3819.5450322580646,1.007749422782952
121.57,2535936,143.83,112.37191397849462,1.01646779709682,1.5399661415495343,491.66,13418954,484.01,411.945376344086,1.0190523365369981,0.45708852709745695,1440.19,1301440000,1411.45,1327.835376344086,1.007337251883367,-0.028900418577390452,4185.47,4128.8,3850.8785591397855,1.0082034709938206
112.72,5116987,143.83,113.46432258064516,1.009721366874285,1.3863979964010569,496.03,17137722,491.66,419.51926881720436,1.0183856717614719,0.5104091587862098,1422.5,1446279936,1440.19,1335.7825806451613,1.0059850825205126,-0.06526463774777325,4180.17,4185.47,3880.007784946237,1.0075643065235893
111.89,2258888,143.83,114.3632258064516,1.007922342506981,1.1763195788273764,489.74,19054576,496.03,426.2349247311828,1.0160079796403931,0.43822341651843977,1435.89,1577309952,1440.19,1344.0794623655913,1.0062112516218191,-0.06503847834222642,4181.17,4185.47,3907.305376344086,1.0070354475843475
111.8,1871767,143.83,115.1270752688172,1.00667915282189,1.085790426187777,540.69,17044486,496.03,435.8343225806452,1.0225213779830842,0.5945647124737508,1419.11,1450720000,1440.19,1350.8146451612904,1.0050110004536823,-0.09106199172683338,4232.6,4185.47,3936.1302150537635,1.0073771655740529
111.27,1694069,143.83,115.73565591397848,1.0052861643860949,0.7621830825164573,520.72,15535134,540.69,443.64673118279575,1.0179251798157887,0.4798850608699883,1366.7,1605990016,1440.19,1353.8265376344086,1.0022296859779445,-0.11149076086346632,4173.85,4232.6,3959.540064516129,1.0059474275959759
100.72,1811631,143.83,115.56010752688174,0.99848319529785,0.558818013881665,493.94,14301619,540.69,449.2895698924732,1.0127192162435936,0.41239057880925456,1349.99,1737059968,1440.19,1355.5261720430108,1.0012554299693164,-0.1192122137457936,4155.86,4232.6,3980.3053118279568,1.0052443584288786
111.49,1831304,143.83,116.00258064516127,1.0038289434628347,0.8433659307943826,510.21,15730703,540.69,455.5795053763441,1.0139997362622424,0.43141631443209505,1380.08,2165120000,1440.19,1358.9519569892475,1.0025272731850492,-0.10816375637510167,4204.11,4232.6,4002.6985806451607,1.0056260178712069
111.53,1716786,143.83,116.34412903225807,1.0029443171453363,0.6848952731230153,499.17,12186852,540.69,460.70230107526885,1.0112445701320407,0.2849631265895636,1366.39,1437250048,1440.19,1361.0470967741933,1.001541732048856,-0.1196722620273003,4229.89,4232.6,4024.7461505376345,1.005508176408557
117.86,1759323,143.83,117.00479569892475,1.0056785561262271,0.8369551589966269,491.66,13449011,540.69,464.9618279569892,1.0092457252151308,0.2876350483645862,1388.59,1354919936,1440.19,1364.3427526881724,1.002421412103806,-0.06920100654322092,4247.44,4232.6,4046.376623655914,1.0053743695401485
101.39,2325044,143.83,116.49425806451613,0.9956366093256355,0.5503620955033227,457.03,17776968,540.69,466.63049462365603,1.00358882507409,0.12830795371336756,1387.66,1598700032,1440.19,1367.2691397849462,1.0021449061029628,-0.05505903404032453,4166.45,4247.44,4061.3576559139788,1.0037023326426122
108.2,2473678,143.83,116.3528817204301,0.9987864093352332,0.6032835662530327,486.98,13585324,540.69,469.98387096774195,1.0071863634775744,0.1725492726011335,1424.04,1658560000,1440.19,1372.232193548387,1.0036299025693078,-0.06414891914582777,4280.7,4247.44,4082.4001720430106,1.0051811531787629
109.26,1866990,143.83,116.20053763440862,0.9986906719991041,0.6379294953367136,496.98,18103376,540.69,473.68255913978504,1.0078698193715183,0.20944646803833078,1453.51,1362329984,1440.19,1378.7870967741937,1.0047768178422172,-0.03638336092059857,4352.34,4280.7,4106.683225806452,1.005948229654147
108.21,1187619,143.83,115.90339784946237,0.9974428708249086,0.4820386995471293,493.23,11128655,540.69,476.82245161290325,1.0066286849970163,0.13918200490002985,1474.52,1133549952,1453.51,1386.3131182795698,1.0054584362756107,-0.022308096894072316,4369.55,4352.34,4130.67182795699,1.0058413568399414
108.05,2164674,143.83,115.54023655913977,0.9968666898722479,0.46362317157555955,466.17,9867908,540.69,477.90279569892476,1.0022657156397883,0.01985545446750403,1435.67,1281880064,1474.52,1390.870946236559,1.0032877334109378,-0.0527845993000684,4327.16,4369.55,4150.40711827957,1.0047777434626999
93.57,6820445,143.83,114.1884516129032,0.9883003100348972,0.2727608112678388,477.4,10404287,540.69,479.4725376344086,1.0032846468980958,0.030051167744947316,1476.62,1599810048,1474.52,1397.755376344086,1.0049497260160298,-0.03532704883206805,4411.8,4369.55,4174.274559139784,1.0057506264277294
99.21,2145414,143.83,113.18182795698925,0.9911845406282732,0.3850228816130755,491.8,23995508,540.69,481.72133333333335,1.004690144945568,0.07710052081920815,1438.71,1455820032,1476.62,1401.765311827957,1.0028688392487957,-0.06565027421558023,4395.26,4411.8,4195.550731182796,1.0050969747537153
98.92,1318306,143.83,112.11918279569892,0.9906111680605286,0.27058322934115997,495.8,14867169,540.69,483.95412903225815,1.004635035952165,0.02535930481922577,1444.09,1632409984,1476.62,1405.8295483870966,1.0028993701904634,-0.09227619706529011,4436.52,4411.8,4218.11423655914,1.0053779603256003
100.11,1112845,143.83,111.11006451612903,0.9909995929830431,0.17743191762939536,513.96,9788779,540.69,487.08772043010754,1.0064749760563372,0.0683998858464232,1444.7,1149760000,1476.62,1409.7362365591398,1.00277892023007,-0.09711481722736792,4468.0,4436.52,4241.392924731183,1.0055187429421142
93.3,1578895,143.83,109.65049462365592,0.986863747232716,0.07426951322146469,495.42,13410133,540.69,488.73281720430106,1.0033774137700306,0.021218364203055007,1412.34,1416249984,1476.62,1411.302365591398,1.0011109376290708,-0.12392809116867975,4441.67,4468.0,4261.46806451613,1.0047331478458152
97.41,1298122,143.83,108.4695053763441,0.9892295128137341,0.05275085097175758,512.78,11128182,540.69,491.25090322580644,1.005152275298208,0.15825221565866943,1449.28,1399020032,1476.62,1415.1566451612903,1.0027310090763415,-0.10575882245376045,4509.37,4468.0,4284.620193548388,1.0054328998086455
92.76,1460694,143.83,107.0107311827957,0.9865512967124993,-0.019811430939083663,498.81,13881737,540.69,492.53266666666667,1.0026091828685577,0.02686324456054745,1466.71,1241260032,1476.62,1419.8308387096777,1.003302951347732,-0.10860833879661169,4535.43,4509.37,4307.743655913979,1.005396852304531
91.43,1525480,143.83,105.513311827957,0.9860068299852955,-0.16529830560934633,494.05,13582512,540.69,493.2501720430107,1.001456767083491,-0.022479763633370897,1461.86,1059699968,1476.62,1424.0184731182794,1.0029493896698338,-0.06490886889351777,4458.58,4535.43,4324.514215053764,1.0038931191081348
95.18,2119156,143.83,104.34032258064516,0.9888830212321984,-0.10376139727530798,487.49,19830612,540.69,493.36584946236565,1.0002345207886614,-0.06757940858087164,1469.69,1621820032,1476.62,1428.5105591397846,1.0031545138678353,-0.05496248856713848,4432.99,4535.43,4338.507462365591,1.0032357963498226
99.79,1727132,143.83,103.52227956989248,0.9921598573732564,-0.1493414776268558,497.99,15123615,540.69,494.01163440860216,1.0013089372662098,-0.059818802628472056,1474.29,1627149952,1476.62,1433.0659784946236,1.0031889294242124,-0.030150459921155726,4455.48,4535.43,4352.819892473119,1.0032989294663386
94.54,2190228,143.83,102.44582795698926,0.989601739670189,-0.049601730550852485,479.18,14458804,540.69,493.2823655913978,0.9985237821006435,-0.17371505338566573,1438.51,1625580032,1476.62,1434.9263010752688,1.0012981416128512,0.009495986566354642,4357.05,4535.43,4359.396344086021,1.0015108485476907
91.59,1650701,143.83,101.2579569892473,0.988404886841847,-0.13526991677849565,472.14,14477486,540.69,492.0472903225807,0.9974962103757016,-0.1460256496634187,1451.37,1569560064,1476.62,1437.2279139784946,1.0016039938089512,-0.022465361790978022,4391.36,4535.43,4367.078580645161,1.0017622248478422
86.6,2386682,143.83,99.85705376344087,0.9861650060157229,-0.17388939653230162,477.64,11255780,540.69,491.16169892473124,0.9982001904791126,-0.1760400036656824,1502.87,1307920000,1476.62,1442.591376344086,1.0037318106011066,-0.01112405285609297,4471.37,4535.43,4378.959268817204,1.0027205116538773
92.29,1235915,143.83,98.94632258064516,0.9908796509763524,-0.13686711181574784,502.81,9697205,540.69,491.87197849462365,1.0014461216569766,-0.12318574497916401,1525.03,1356080000,1502.87,1449.0087956989246,1.0044485357808681,0.007167372138289219,4544.9,4535.43,4394.383247311828,1.0035222932089045
88.34,2810140,143.83,97.8851182795699,0.9892749495544886,-0.1765317209959647,472.74,21141862,540.69,490.57227956989243,0.9973576479621609,-0.18748716309569669,1585.72,1743180032,1525.03,1458.912258064516,1.006834646135336,0.025370974587255013,4605.38,4544.9,4412.482580645161,1.0041187425662985
87.23,2133167,143.83,96.86769892473119,0.9896059853354536,-0.16123065769209322,467.96,17673766,540.69,488.9606021505376,0.9967146993695448,-0.22783073401583376,1664.89,2045849984,1585.72,1473.4254193548386,1.0099479329274925,0.04181298177637882,4697.53,4605.38,4435.267913978494,1.0051638353051586
82.04,1761366,143.83,95.60526881720429,0.9869674811981666,-0.20072583812490796,468.37,14187592,540.69,487.4098924731183,0.996828559048318,-0.21106130007391832,1611.82,1871360000,1664.89,1483.969677419355,1.0071562889617673,0.0003368541811705761,4682.85,4697.53,4455.883075268817,1.004648008122655
77.87,1400439,143.83,94.15881720430107,0.9848705868327319,-0.18207054315541138,458.74,13431936,540.69,485.2879784946237,0.9956465512677061,-0.21499890803114963,1673.27,1711910016,1664.89,1498.1093548387098,1.0095282792057745,0.052420056915050584,4697.96,4697.53,4476.403440860216,1.0046052298152282
80.54,1094632,143.83,92.95956989247313,0.9872635686446031,-0.15370534552552984,447.95,9830047,540.69,482.5501290322581,0.9943582994351963,-0.20253311881779223,1612.87,1441170048,1673.27,1507.8129677419354,1.0064772393763406,0.02437076160332352,4594.62,4697.96,4489.143182795699,1.0028459771563922
77.12,1830173,143.83,91.60709677419356,0.985450953356992,-0.1961417086488494,452.15,22182190,540.69,480.17311827956985,0.9950740646211094,-0.29159656304786197,1574.74,2259919872,1673.27,1514.6759784946232,1.0045516326623491,0.037411502861265156,4538.43,4697.96,4497.368623655913,1.0018322963927142
75.99,1138321,143.83,90.25630107526882,0.9852544644848381,-0.12168346065492686,462.56,17955300,540.69,478.65812903225805,0.996844910325801,-0.28202117440095653,1614.44,1766800000,1673.27,1523.7655913978492,1.0060010279639213,0.05233023953394911,4712.02,4697.96,4516.135720430108,1.0041729060578848
76.17,1997523,143.83,88.99298924731183,0.986003062247106,0.008490679215456987,447.87,59407608,540.69,476.32047311827955,0.9951162306201615,-0.2717095211202458,1545.06,2143299968,1673.27,1527.846301075269,1.0026780429355122,0.032660105526718164,4620.64,4712.02,4527.849978494624,1.002593867587177
77.49,840099,143.83,87.86763440860214,0.987354567497645,-0.1016488787458606,454.76,24304676,540.69,474.5264086021505,0.9962334927483087,-0.2687666715947047,1604.1,1289059968,1673.27,1535.3165376344082,1.0048893900871323,0.03823820713017256,4725.78,4712.02,4545.347935483872,1.0038645178334873
76.6,1045963,143.83,86.75797849462367,0.9873712781566606,0.015158409526708216,473.22,13003503,540.69,474.0425591397849,0.9989803529295852,-0.2193958881657997,1610.76,1123879936,1673.27,1542.7346881720432,1.0048316750036868,0.05205771904077694,4766.18,4725.78,4564.33047311828,1.0041762562302916
77.02,1389077,143.83,85.7505376344086,0.9883879168498895,-0.0834892417760934,461.19,19006612,540.69,472.8383870967742,0.9974597807310892,-0.15044027786389413,1569.02,2226520064,1673.27,1546.9344086021506,1.0027222570817302,0.028798994390634824,4677.02,4766.18,4576.407440860215,1.002645945076296
72.55,1425710,143.83,84.5425376344086,0.9859126247680193,0.007256642284058534,443.63,15676492,540.69,470.56683870967737,0.9951959306835383,-0.125183855360953,1545.9,1967440000,1673.27,1549.2544946236558,1.0014997959891536,-0.005108498379041704,4662.85,4766.18,4586.646387096775,1.0022373327482037
69.82,1397845,143.83,83.22043010752687,0.9843616294959232,-0.07707788077111843,409.56,18118940,540.69,466.12604301075265,0.9905628800552507,-0.20992545715243516,1414.67,1682109952,1673.27,1542.7678279569893,0.9958130399562002,-0.0339655792968907,4397.93,4766.18,4578.7261935483875,0.9982732059810261
72.72,3130325,143.83,82.16795698924732,0.9873531881904518,-0.10437512774515034,402.36,28407720,540.69,461.3872258064516,0.9898336141578948,-0.23908150402174289,1401.07,2257880064,1673.27,1535.4238924731183,0.9952397662494711,-0.054346516972467174,4431.85,4766.18,4572.742279569893,0.9986931050852252
73.81,2233360,143.83,81.2643870967742,0.989003378864691,-0.09986570916346682,403.16,26490208,540.69,456.90350537634407,0.9902820880611279,-0.20204831093253417,1456.33,2030189952,1673.27,1531.7578924731185,0.9976123857275043,-0.04231413323382893,4500.54,4766.18,4571.018989247312,0.9996231385419903
71.84,2331682,143.83,80.30769892473117,0.9882274609306565,-0.07957120469836465,400.0,22612456,540.69,452.4096129032258,0.9901644605037191,-0.12678716778240018,1423.52,1828649984,1673.27,1526.0142365591396,0.9962502847596199,-0.02960383447674908,4418.64,4766.18,4563.730129032258,0.9984054189597114
68.07,1940402,143.83,79.18565591397848,0.9860282012088987,0.02315599374453281,394.72,24689906,540.69,447.71737634408606,0.9896283447006607,-0.13934311846871816,1417.74,1549820032,1673.27,1519.9238064516128,0.9960089296930417,-0.025610830096857495,4348.87,4766.18,4551.743247311828,0.9973734464173997
65.65,5935307,143.83,77.96232258064516,0.9845510740649511,-0.024507761430962116,374.05,43344488,540.69,441.8693978494624,0.9869382364777165,-0.22894528325495223,1387.08,1654019968,1673.27,1511.981935483871,0.9947748229654467,-0.033465525154825704,4384.62,4766.18,4542.198150537634,0.9979029799671081
62.7,3358520,143.83,76.62083870967743,0.9827931771840162,-0.0869265973458031,361.58,26542220,540.69,435.4701290322581,0.9855177370319173,-0.27030312310182225,1350.6,2032390016,1673.27,1501.7975483870966,0.9932642137728219,-0.040475218660355305,4328.87,4766.18,4529.079161290323,0.997111753205712
60.61,3544084,143.83,75.22240860215055,0.9817486974682482,-0.11105974248822992,347.44,29217114,540.69,428.44724731182805,0.9838728738156233,-0.3055402368820622,1315.58,1975840000,1673.27,1489.5548602150538,0.9918479769891813,-0.030357499263042986,4204.31,4766.18,4508.155548387097,0.9953801618037373
65.05,1699410,143.83,74.19537634408601,0.9863467246376477,-0.046485817720586686,374.65,23625434,540.69,423.5379569892473,0.9885416691240689,-0.24625865903619426,1437.52,1846499968,1673.27,1485.4569462365591,0.9972489002668199,0.01300605773964536,4463.09,4766.18,4504.4944946236565,0.9991879042938635
57.43,1741139,143.83,72.73748387096774,0.9803506290424728,-0.1796089523746477,342.04,22016352,540.69,416.7845161290323,0.9840546974627201,-0.342468057436646,1452.85,1489810048,1673.27,1482.2939139784942,0.9978706671599749,-0.005003382828258962,4543.04,4766.18,4505.945440860215,1.0003221107803084
50.75,2967873,143.83,70.93460215053764,0.9752138563986031,-0.22465033627142672,326.97,34267680,540.69,409.42600000000004,0.9823445549336239,-0.35823364615012,1465.81,1485650048,1673.27,1479.9593333333332,0.9984250217698764,-0.0029132899299649795,4545.86,4766.18,4507.505913978494,1.0003463142505298
51.91,3139327,143.83,69.29690322580646,0.976912552194828,-0.18639147628777386,328.08,30292648,540.69,402.5086451612903,0.9831047494816897,-0.3986684115845236,1417.79,1734560000,1673.27,1474.5286236559139,0.9963305007407279,-0.036807839350895044,4488.28,4766.18,4505.329118279569,0.99951707313524
49.62,2676660,143.83,67.59645161290321,0.975461362142515,-0.2502587696335222,329.4,15579730,540.69,396.033376344086,0.9839127211426487,-0.36980445538321505,1406.28,1057670016,1673.27,1468.4501075268818,0.9958776547084172,-0.03403166532322055,4392.59,4766.18,4496.914903225807,0.9981323861514084
44.65,5536105,143.83,65.67333333333333,0.9715500113736328,-0.34996495319158605,327.53,22651678,540.69,389.77744086021505,0.9842035145077379,-0.4169654802843271,1381.16,1287859968,1673.27,1460.8873118279569,0.994849810926391,-0.02193926441332328,4271.78,4766.18,4480.793376344086,0.9964149806637086
40.56,3234078,143.83,63.60492473118279,0.9685045893490426,-0.48637462025320294,341.54,37916768,540.69,384.79195698924735,0.9872094088873767,-0.32421710772166357,1272.15,1632809984,1673.27,1446.4918924731182,0.9901461124083375,-0.06397945438774721,4131.93,4766.18,4456.044322580645,0.9944766357908621
42.0,2717977,143.83,61.74550537634409,0.970766110286314,-0.43094241935073074,356.37,29346948,540.69,381.05924731182796,0.9902994082656367,-0.2507255746211011,1229.22,1777069952,1673.27,1429.6845591397846,0.9883806238937174,-0.0920287951559492,4123.34,4766.18,4431.225204301075,0.9944302353201917
42.52,2936789,143.83,60.02627956989246,0.972156259860976,-0.36765903312080706,342.41,22508496,540.69,376.67486021505374,0.9884942115230013,-0.21691643289826468,1187.3,2108349952,1673.27,1410.6504516129032,0.9866864984970294,-0.10990153136100589,4023.89,4766.18,4400.566344086023,0.9930811775972718
43.56,3253719,143.83,58.46894623655914,0.974055807814642,-0.34973923884676483,330.41,21200072,540.69,371.8070967741935,0.98707701533869,-0.23164260435596096,1098.91,2051049984,1673.27,1386.5924086021507,0.982945425648682,-0.13782137936175454,3901.36,4766.18,4362.964645161291,0.9914552591678875
48.38,2785040,143.83,57.327376344086034,0.9804756205481379,-0.23300577919776955,350.44,17692736,540.69,368.60234408602156,0.9913806037701366,-0.1963614350992775,1200.5,1755660032,1673.27,1370.0049462365591,0.9880372470938927,-0.14583986229502677,4158.24,4766.18,4343.319806451613,0.9954973646803522
41.2,2037091,143.83,55.80851612903226,0.97350549925855,-0.3266069487136346,338.99,16770059,540.69,364.9218924731183,0.9900151160947465,-0.18498108014720083,1200.56,1249660032,1673.27,1354.2497849462366,0.9884999237896166,-0.15351238839286552,4108.54,4766.18,4321.430107526882,0.9949601457179793
37.32,2273900,143.83,54.13832258064515,0.970072783434601,-0.3848275578815436,317.47,15400461,540.69,360.13040860215057,0.9868698371629739,-0.1759369097772212,1127.72,1849910016,1673.27,1334.7938279569892,0.9856334058860347,-0.13335352323676564,3900.86,4766.18,4287.408344086021,0.9921271980352978
33.72,2875389,143.83,52.332043010752685,0.9666358416036661,-0.41213964185864677,294.51,33557504,540.69,354.18215053763436,0.9834830441350275,-0.1660895390439986,1065.21,2729169920,1673.27,1312.346043010753,0.983182582601094,-0.14561659214938882,3674.84,4766.18,4240.486344086022,0.9890558593363931
34.79,2115933,143.83,50.68974193548388,0.9686176770333358,-0.413297605103398,317.04,21570460,540.69,350.0406236559141,0.9883067882573032,-0.17027568619679456,1153.04,1700300032,1673.27,1296.8723655913977,0.9882091484164833,-0.13647447135469581,3911.74,4766.18,4211.0484731182805,0.993057902188791
