32.44,905349,93.73,35.75468817204301,0.990179752984071,-0.202209217390654,316.25,27598078,331.56,318.67548387096775,1.0002326026576915,-0.008493183165382279,153.11,502683584,183.85,157.2232258064516,0.997527902177078,-0.18492538694796423,2553.17,2549.33,2464.9356559139783,1.003251144607947
32.84,913330,93.73,35.43888172043011,0.991167411386912,-0.20610063215857966,316.44,30361334,331.56,318.7295913978495,1.000169788796504,0.015874982728646403,154.76,502683584,183.85,156.98131182795697,0.998461334340052,-0.18296299023317364,2575.21,2553.17,2473.969311827957,1.0036648647977098
32.96,931333,93.73,35.143354838709676,0.9916609422370665,-0.24723187148383996,313.28,33828112,331.56,318.5424516129032,0.9994128571993408,-0.0022340517866237253,149.87,502683584,183.85,156.45455913978498,0.9966444879200062,-0.19862889216956325,2581.07,2575.21,2482.8837634408605,1.0036032991881847
34.56,5134130,93.73,34.96404301075268,0.994897703170914,-0.22352073232972103,309.58,44511604,331.56,318.1065376344086,0.9986315356829603,-0.01085638482667406,145.95,502683584,183.85,155.71320430107528,0.9952615325319646,-0.21850038245252867,2587.84,2581.07,2491.7654193548387,1.0035771533266098
37.45,1812023,93.73,34.984107526881715,1.0005738614416777,-0.09889752905948324,315.25,42964352,331.56,318.0257204301075,0.9997459429633164,-0.007711622722240685,143.99,502683584,183.85,154.8881505376344,0.9947014527949369,-0.23780542974355756,2582.3,2587.84,2499.7900860215054,1.0032204743690296
37.96,1680825,93.73,35.040064516129036,1.0015994974061957,-0.0901297603123189,329.82,56214784,331.56,318.8558064516129,1.002610122289426,0.021612864281247424,145.16,502683584,183.85,154.18445161290325,0.995456728469618,-0.20596531004293317,2578.85,2587.84,2507.0473333333334,1.002903142688824
39.55,952555,93.73,35.20275268817205,1.0046429187357269,-0.05833520436883566,331.5,30208504,331.56,319.7553548387097,1.0028211761206653,0.022324745096759413,147.77,502683584,183.85,153.6869247311828,0.9967731708579181,-0.1698659834073769,2602.42,2587.84,2515.3302580645163,1.0033038565411407
39.84,1395455,93.73,35.38677419354839,1.0052274748797747,-0.0653200674128418,342.59,84450280,331.56,321.31548387096774,1.004879133401988,0.05006253376784664,157.69,502683584,183.85,153.85640860215054,1.0011027865334945,-0.10604725245313285,2642.22,2602.42,2525.7116344086025,1.0041272418644835
40.67,1588432,93.73,35.62741935483871,1.0068004266219381,-0.1049281644338469,348.52,59670540,342.59,323.1892688172043,1.005831604887703,0.09038112854711966,158.08,502683584,183.85,154.052688172043,1.0012757321692072,-0.10493157150401222,2651.5,2642.22,2536.1692903225808,1.0041404789729398
40.56,954470,93.73,35.86380645161291,1.0066349766852283,-0.15644509516043037,346.59,60333376,348.52,324.8426021505377,1.0051156814067006,0.08789989979865642,164.42,502683584,183.85,154.65662365591402,1.0039203177240021,-0.07226171426562078,2675.81,2651.5,2547.6349032258067,1.004520838946744
41.53,857688,93.73,36.1658494623656,1.008421945148522,-0.18355318566852108,346.42,38819708,348.52,326.393376344086,1.0047739249201977,0.08339540844915216,166.77,502683584,183.85,155.39494623655912,1.0047739473628219,-0.04162973303595763,2683.34,2675.81,2558.9538924731182,1.0044429400904265
40.58,406267,93.73,36.41150537634409,1.0067924828983796,-0.2244164254824743,344.5,19467510,348.52,327.74982795698924,1.0041558797182002,0.05676691943396972,166.07,502683584,183.85,156.0649247311828,1.0043114561370854,-0.05575113169891943,2673.61,2683.34,2569.0698279569892,1.0039531526979153
41.68,722800,93.73,36.73737634408602,1.008949670286185,-0.10024860330328411,350.62,35006476,348.52,329.44440860215053,1.00517034793191,0.09076626787691677,163.93,502683584,183.85,156.58296774193545,1.0033194070457854,-0.10303570686131192,2743.15,2683.34,2583.167827956989,1.0054875892615232
42.0,1096775,93.73,37.085204301075265,1.0094679585643638,-0.0400584960157051,360.16,45775340,350.62,331.68582795698927,1.0068036345323,0.1472019253641541,160.48,502683584,183.85,156.8698279569892,1.0018320013931945,-0.14249239688642024,2786.24,2743.15,2599.3761935483876,1.0062746080281657
43.12,656300,93.73,37.503741935483866,1.0112858387137553,0.004598725692690708,365.75,41751016,360.16,334.2119569892473,1.007616029445146,0.18000427905747218,161.2,502683584,183.85,157.2022365591398,1.002119009158611,-0.11730746076411624,2810.3,2786.24,2616.3774838709674,1.0065405270559824
45.37,925508,93.73,38.0671182795699,1.0150218702191154,0.09442222652388332,365.77,45412104,365.75,336.63787096774195,1.0072586091782847,0.15853221903992631,166.88,502683584,183.85,157.88929032258065,1.0043705088329475,-0.10204062760678911,2872.87,2810.3,2636.615548387097,1.0077351470270977
41.26,1178442,93.73,38.35716129032259,1.0076192531471013,0.05486107035705523,352.93,44646924,365.77,338.1276129032257,1.004425354554439,0.13716084871298728,164.75,502683584,183.85,158.41129032258064,1.0033061140431596,-0.04556144834598186,2762.13,2872.87,2648.7425161290316,1.0045994448259068
41.41,1079769,93.73,38.65539784946236,1.007775251064135,0.02720039916265027,336.5,64952496,365.77,338.47133333333335,1.0010165405515283,0.12497426194780092,155.32,502683584,183.85,158.29464516129033,0.9992636562643181,-0.023736236308402825,2619.55,2872.87,2650.9461505376344,1.0008319549352889
43.2,1457037,93.73,39.07096774193548,1.010750630328305,0.018268960644266086,353.63,45770000,365.77,339.8786236559139,1.004157782902089,0.14704465014376655,159.08,502683584,183.85,158.40729032258065,1.0007116170049564,-0.049138172556335125,2732.22,2872.87,2660.074129032258,1.0034432908012003
47.43,3073945,93.73,39.75415053763441,1.017485689123734,0.1181172307156717,359.74,29721426,365.77,341.61587096774196,1.005111375623278,0.14479958333665643,155.24,502683584,183.85,158.25408602150537,0.9990328456426261,-0.14823531737084317,2747.3,2872.87,2669.616559139785,1.0035872797691539
46.68,2115131,93.73,40.374301075268825,1.0155996425341132,0.3521877827192088,352.0,41053456,365.77,342.79316129032253,1.0034462401270923,0.15674111964979354,154.1,502683584,183.85,158.04012903225808,0.9986480160188836,-0.12984344492388156,2691.25,2872.87,2674.9510322580645,1.0019982169724024
49.02,1797282,93.73,41.11539784946237,1.018355655812145,0.5161742896636354,365.35,34791288,365.77,344.78017204301074,1.0057965297359166,0.1751318791658535,156.9,502683584,183.85,158.0218064516129,0.999884063745345,-0.15394378400576703,2786.57,2872.87,2685.9740645161287,1.0041208351574045
49.11,1738523,93.73,41.823655913978506,1.0172261026661913,0.5064958723979993,362.15,40109332,365.77,346.46189247311827,1.0048776599307971,0.16596060134256174,155.86,502683584,183.85,157.94066666666671,0.9994865279244164,-0.13536148375794899,2752.01,2872.87,2694.024946236559,1.0029973788007818
46.38,1328146,93.73,42.3176559139785,1.0118114973262031,0.5030487831934742,344.94,46640320,365.77,346.9343010752688,1.0013635225472517,0.15894835354060632,147.07,502683584,183.85,157.292688172043,0.9958973296219442,-0.13481835719771074,2588.26,2872.87,2690.809247311828,0.9988063588909141
45.41,1341373,93.73,42.71322580645162,1.0093476324226753,0.40351361223585736,350.87,40522448,365.77,347.7341290322581,1.002305416196987,0.13797542950623398,151.65,502683584,183.85,156.96597849462367,0.997922918851371,-0.09993435828015795,2640.87,2872.87,2690.6754623655916,0.999950280776547
46.4,1231210,93.73,43.14215053763441,1.0100419652949275,0.44129702487577815,348.22,49273204,365.77,348.30395698924735,1.0016386886112532,0.1472594897993682,151.38,502683584,183.85,156.6331827956989,0.9978798227353696,-0.04790235037449064,2604.47,2872.87,2687.839913978495,0.9989461574140928
47.59,864974,93.73,43.61621505376344,1.0109884303452952,0.4550098625897334,350.83,37590908,365.77,348.9861720430107,1.0019586772991627,0.16744306626636707,150.53,502683584,183.85,156.2422580645161,0.9975042023394706,-0.09550293546683342,2656.3,2872.87,2688.040623655914,1.0000746732260262
48.32,625019,93.73,44.10337634408602,1.0111692701836252,0.44718697973362453,354.98,39075800,365.77,349.8741075268817,1.0025443285579854,0.15066217355041256,150.05,502683584,183.85,155.83144086021508,0.9973706396119071,-0.1385237180872957,2670.14,2872.87,2688.798602150537,1.0002819817855255
39.93,1912734,93.73,44.0143870967742,0.9979822577161089,0.2711719066804201,354.77,34997256,365.77,350.6855913978495,1.0023193596025264,0.1643125287912156,152.3,502683584,183.85,155.59060215053765,0.9984544921849663,-0.12177608577985888,2669.91,2872.87,2689.180623655914,1.0001420788842539
40.97,1190330,93.73,43.97415053763441,0.9990858316611038,0.26087284847353875,356.5,48920676,365.77,351.524064516129,1.0023909540022369,0.16628986190636308,145.32,502683584,183.85,154.92109677419353,0.9956970063288504,-0.13967072282780468,2663.42,2872.87,2688.8201720430106,0.9998659622898765
41.45,1724999,93.73,43.94679569892474,0.9993779336638633,0.30500398534988726,361.55,54603496,365.77,352.59944086021505,1.003059182720723,0.18908834803097174,146.65,502683584,183.85,154.37017204301077,0.9964438366197099,-0.11055788026539826,2727.72,2872.87,2692.3627526881723,1.0013175223400939
43.34,830654,93.73,44.022,1.001711257894443,0.3490842943946244,365.66,61723536,365.77,353.84255913978495,1.0035255821068154,0.22447601073222267,144.75,502683584,183.85,153.71055913978495,0.9957270702332182,-0.11817546252572231,2712.97,2872.87,2694.5783440860214,1.0008229171182959
43.45,1069108,93.73,44.081720430107524,1.0013566042003437,0.3802166379168489,356.27,41781460,365.77,354.37402150537645,1.0015019741177644,0.1718816896052452,146.49,502683584,183.85,153.18473118279567,0.9965791032188551,-0.07689468314245995,2721.33,2872.87,2697.037032258064,1.0009124574824253
45.28,615851,93.73,44.23694623655914,1.0035213191530883,0.29956132286514525,355.46,35655480,365.77,354.76077419354834,1.0010913686238314,0.18221068915470917,145.23,502683584,183.85,152.5848817204301,0.9960841432580525,-0.06165231340162369,2734.62,2872.87,2700.0515053763443,1.00111769808209
45.17,1139128,93.73,44.36202150537633,1.0028273938293197,0.1731217233054363,364.71,38239796,365.77,355.64563440860206,1.002494244796554,0.21027521140739736,150.11,502683584,183.85,152.3014193548387,0.9981422644078805,-0.033681070402034496,2779.03,2872.87,2705.615483870967,1.0020606934658631
46.04,736793,93.73,44.52662365591399,1.0037104294383363,0.16971954478703632,365.84,53576800,365.77,356.49703225806456,1.0023939499521153,0.16586049705417027,147.15,502683584,183.85,151.81382795698926,0.9967985104806315,-0.06415903120992383,2779.66,2872.87,2710.797032258065,1.0019151089347273
44.52,765214,93.73,44.57578494623655,1.0011040875387829,0.07365528843862834,365.68,49606936,365.84,357.2606451612903,1.0021419895093908,0.13938126775554105,146.39,502683584,183.85,151.2729247311828,0.9964370622025307,-0.0679227707982395,2754.88,2872.87,2713.948021505376,1.0011623847930387
44.76,814656,93.73,44.62974193548388,1.0012104551678092,0.10298766370002066,360.53,47941444,365.84,357.6184946236559,1.0010016481446034,0.07364652300180208,148.12,502683584,183.85,150.84660215053762,0.9971817654652823,-0.0895091545868123,2718.37,2872.87,2714.415655913979,1.0001723077984168
48.09,622692,93.73,44.887956989247314,1.0057857169359552,0.17821038949741497,367.38,26069880,365.84,358.3796989247312,1.0021285372890916,0.04868215270687681,151.33,502683584,183.85,150.64795698924732,0.9986831313502702,-0.08355224651312654,2759.82,2872.87,2717.393720430108,1.0010971291407196
48.25,889852,93.73,45.1405376344086,1.005626913366135,0.16877588195965632,367.3,35546256,367.38,359.0951827956989,1.0019964408506241,0.07086956459810889,148.94,502683584,183.85,150.30963440860214,0.9977542172664888,-0.14105081612078207,2801.31,2872.87,2722.815612903226,1.00199525465609
46.62,936999,93.73,45.271419354838706,1.0028994275941086,0.1319821755328242,366.01,30818692,367.38,359.6829032258064,1.0016366703266022,0.06032512474846807,146.2,502683584,183.85,149.82782795698924,0.9967945737243752,-0.1675011812799494,2801.83,2872.87,2728.0011612903227,1.0019044801868047
44.7,1322657,93.73,45.26748387096774,0.999913069129993,0.08918696584875452,361.29,39008336,367.38,359.9239784946237,1.000670243891648,0.0664945848462839,147.88,502683584,183.85,149.4986451612903,0.9978029261974389,-0.16384445926719837,2818.82,2872.87,2734.0280215053763,1.002209258669158
47.67,2447667,93.73,45.44630107526881,1.0039502351138134,0.11492367021146221,361.63,32885440,367.38,360.1508817204301,1.0006304198646487,-0.0033106319400484363,151.16,502683584,183.85,149.4201935483871,0.9994752352918076,-0.113332819988327,2840.35,2872.87,2741.1316344086026,1.0025982224203083
50.52,1351480,93.73,45.79610752688172,1.007697138014237,0.17690062844622068,366.07,93913832,367.38,360.6405591397849,1.001359645204853,-0.03555415348390967,152.21,502683584,183.85,149.43694623655915,1.0001121179659471,-0.06841586902322783,2833.28,2872.87,2747.570086021505,1.002348829779673
50.86,1008104,93.73,46.14952688172043,1.0077172356762256,0.11371279111812993,368.11,66044728,367.38,361.2491397849461,1.001687499172619,-0.06696132480279449,157.77,502683584,183.85,149.83019354838711,1.0026315266855457,-0.03545077973978905,2850.13,2872.87,2754.9944731182795,1.0027021647726282
52.96,742328,93.73,46.62178494623656,1.0102332157321245,0.0922665863603902,368.09,50930956,368.11,361.85135483870977,1.00166703526027,-0.03198736799650814,156.61,502683584,183.85,150.15597849462367,1.0021743611118765,-0.06217474005778134,2874.69,2872.87,2763.9177204301077,1.0032389347415744
55.04,1098786,93.73,47.21191397849463,1.0126577957694798,0.21236152071726622,370.51,40192892,368.11,362.6047096774193,1.002081945607321,-0.023783725718309112,153.99,502683584,183.85,150.3348172043011,1.0011910195749136,-0.11577575501196491,2901.52,2874.69,2774.5680215053767,1.0038533350673013
53.37,886801,93.73,47.66466666666667,1.0095897973629764,0.1663701462231837,361.52,38980568,370.51,362.7402580645161,1.0003738186059894,-0.031505965362995436,154.1,502683584,183.85,150.5438924731183,1.0013907308546701,-0.10410410728620012,2871.68,2901.52,2782.9933978494623,1.0030366443636565
54.09,837226,93.73,48.13815053763441,1.009933644858548,0.19444535359103332,363.79,46291604,370.51,362.9684516129032,1.0006290824999813,-0.05984626398430626,158.55,502683584,183.85,151.04268817204303,1.0033132908331954,-0.06656228999304514,2904.98,2901.52,2793.0249462365587,1.0036045893586554
52.5,1600975,93.73,48.48563440860215,1.0072184715674957,0.07951846009753072,370.56,67289608,370.51,363.6115698924731,1.0017718296912916,-0.05428106013827616,158.86,502683584,183.85,151.562623655914,1.00344230819885,-0.04306280595204881,2929.67,2904.98,2804.277870967742,1.0040289381397562
54.58,1007247,93.73,48.956408602150546,1.0097095603530943,0.12245152369666212,367.08,68510176,370.56,364.00690322580635,1.0010872407977838,-0.05249795899743015,160.55,502683584,183.85,152.1838064516129,1.004098522318465,-0.04090486118248582,2913.98,2929.67,2814.126344086021,1.0035119462376532
49.71,1303347,93.73,49.096,1.0028513406484503,-0.012930102657523923,366.19,66301624,370.56,364.3123870967742,1.0008392254879253,-0.02533468628397828,156.96,502683584,183.85,152.55950537634408,1.002468718147424,-0.0351451390266031,2885.57,2929.67,2821.662924731183,1.0026781244776022
47.52,1242692,93.73,49.09281720430108,0.9999351719957039,-0.07560435402856946,354.47,82453344,370.56,363.859935483871,0.9987580668982771,-0.006375407444442316,152.11,502683584,183.85,152.62217204301078,1.000410768680143,-0.029554219976766105,2767.13,2929.67,2821.3453118279567,0.9998874376877399
44.96,1108842,93.73,48.927892473118284,0.9966405527208501,-0.07846981904065509,360.11,48926104,370.56,363.7878709677419,0.999801944349731,-0.013242484690803025,153.2,502683584,183.85,152.7632258064516,1.0009242023066025,-0.027678505676843823,2767.78,2929.67,2821.0371182795698,0.9998907636200735
44.82,1266602,93.73,48.75698924731183,0.9965070388858389,-0.026050111306623713,348.51,65472232,370.56,362.9347956989247,0.9976550200353083,-0.020837046503374146,146.55,502683584,183.85,152.46206451612903,0.9980285746865274,-0.04037784553936963,2658.69,2929.67,2813.304795698925,0.9972590496840537
39.9,3165240,93.73,48.26993548387097,0.9900105857445307,-0.19637701331970325,362.46,64608908,370.56,362.9867956989247,1.0001432764249012,0.006360333604056967,149.86,502683584,183.85,152.38541935483872,0.9994972837240952,-0.05557421281953534,2723.06,2929.67,2809.6870537634413,0.9987140597275438
37.84,1523915,93.73,47.66395698924732,0.9874460471399193,-0.24113979924582107,362.41,93374512,370.56,363.00494623655914,1.0000500032999808,-0.05245221781199638,149.57,502683584,183.85,152.29333333333335,0.9993957031985393,-0.05332622960318667,2781.01,2929.67,2809.5529892473123,0.9999522848938107
39.01,1228232,93.73,47.154430107526885,0.989310017172192,-0.19601257031901187,356.43,72240176,370.56,362.6123870967742,0.9989185845982135,-0.10183860777944398,147.98,502683584,183.85,152.1007311827957,0.9987353211967848,-0.0385618931774554,2736.27,2929.67,2806.2642795698926,0.9988294544754962
37.0,849697,93.73,46.53524731182796,0.9868690429661223,-0.10282779177964674,342.1,42374052,370.56,361.29219354838716,0.9963592155277511,-0.09833088304006465,142.03,502683584,183.85,151.52870967741936,0.9962391929287382,-0.05344346302893155,2632.56,2929.67,2796.142387096774,0.996393107895501
38.21,1218458,93.73,46.00043010752688,0.9885072663154163,-0.08519666315462948,359.01,51796044,370.56,361.0902150537635,0.9994409552760053,-0.07439862267224684,149.86,502683584,183.85,151.48393548387097,0.9997045167635644,-0.005084077973933843,2760.17,2929.67,2794.333720430108,0.9993531564504681
37.56,967777,93.73,45.42961290322581,0.987591046367028,-0.12412686647593019,345.12,49804036,370.56,359.98670967741936,0.996943962117113,-0.12297178285539334,143.7,502683584,183.85,151.03197849462364,0.9970164691866258,0.014579720983946998,2633.08,2929.67,2784.117634408602,0.9963439993058762
36.8,843665,93.73,44.818129032258064,0.9865399717961425,-0.1036436598239574,336.58,72771152,370.56,358.36756989247317,0.9955022234393123,-0.1725383254149203,144.43,502683584,183.85,150.63346236559138,0.9973613791396737,0.03944843297147349,2599.95,2929.67,2771.9676559139784,0.9956359679833698
32.67,2036902,93.73,43.954258064516125,0.9807249658476336,-0.21577174003531518,315.49,78725120,370.56,355.4503225806452,0.9918596224744798,-0.11779847220470951,133.59,502683584,183.85,149.53627956989249,0.992716208082398,0.023910366303575903,2416.62,2929.67,2748.2329892473126,0.9914376105305457
35.74,854749,93.73,43.31163440860215,0.9853797178200409,-0.09875559034299775,322.39,34592372,370.56,353.065935483871,0.9932919259167834,-0.07853122624409414,138.39,502683584,183.85,148.77651612903227,0.9949192032659533,0.043913109774067816,2485.74,2929.67,2729.6129677419353,0.9932247296432909
35.59,736570,93.73,42.67984946236559,0.9854130430572926,-0.08976993560074475,331.22,39528888,370.56,351.32234408602153,0.9950615700281028,-0.058790306399439385,144.11,502683584,183.85,148.4004946236559,0.9974725748716265,0.04894163016488373,2531.94,2929.67,2714.508817204301,0.9944665596492498
37.62,706641,93.73,42.199634408602144,0.988748436093082,-0.05137777195871407,340.09,45829716,370.56,350.22303225806456,0.9968709310794994,-0.08792442261434164,147.07,502683584,183.85,148.2283440860215,0.9988399598123243,0.06543562950246418,2596.26,2929.67,2704.085720430108,0.996160227328004
38.91,528476,93.73,41.820752688172036,0.9910216823974931,0.016928113222972052,349.27,51128908,370.56,349.77135483870967,0.9987103149200591,-0.058890016260674694,149.76,502683584,183.85,148.22991397849464,1.000010591041024,0.05357375307762069,2670.71,2929.67,2698.860258064516,0.9980675677822962
41.46,823520,93.73,41.61845161290322,0.9951626629779423,0.033028269284155365,351.02,37256176,370.56,349.46787096774193,0.9991323364055708,-0.044852324958219,148.72,502683584,183.85,148.15713978494625,0.9995090451610263,0.023772146795038807,2664.76,2929.67,2693.4319354838713,0.9979886611155859
39.87,1164065,93.73,41.32066666666667,0.992844881664357,-0.10886865551222968,352.41,51065608,370.56,349.2745161290322,0.999446716408652,-0.07053771897289363,152.23,502683584,183.85,148.30952688172042,1.0010285504768475,0.025256497873081152,2706.53,2929.67,2690.8137419354844,0.9990279340220578
39.96,710468,93.73,41.046365591397844,0.993361649329581,-0.08809772899143686,358.96,74488720,370.56,349.53593548387096,1.0007484638665771,-0.07562200142420406,151.73,502683584,183.85,148.42772043010748,1.0007969383415358,0.052084628506238295,2707.88,2929.67,2688.397247311828,0.9991019465279234
42.36,704649,93.73,40.9447311827957,0.9975239121140741,-0.0555023578142122,367.81,60711172,370.56,350.38625806451614,1.0024327186258204,-0.0760095510957608,153.28,502683584,183.85,148.63991397849463,1.0014296086187422,0.057788551163500235,2775.6,2929.67,2690.5507096774195,1.0008010208936737
42.38,1029058,93.73,40.85354838709677,0.9977730273697036,2.7787047284788535e-05,368.38,37577928,370.56,351.26948387096775,1.0025207204509972,-0.06482453694167578,154.28,502683584,183.85,148.90139784946234,1.001759176683899,0.05255526526611698,2792.67,2929.67,2693.861870967742,1.001230663030588
47.76,2682364,87.9,41.114451612903224,1.0063863051339956,0.0499906332451765,373.78,50440120,370.56,352.48584946236554,1.00346277045758,-0.003140171767111566,155.2,502683584,183.85,149.20847311827958,1.0020622725726704,0.039633507331241935,2803.69,2929.67,2697.9402365591395,1.001513947554383
45.16,1711136,80.56,41.20741935483871,1.0022611937722237,-0.029572856291610217,360.5,44692448,373.78,352.81931182795694,1.0009460305033522,-0.07628437142439481,154.99,502683584,183.85,149.49331182795694,1.001908998220574,0.05010366305419256,2743.07,2929.67,2698.18647311828,1.0000912683519834
46.19,1389130,80.56,41.37836559139785,1.0041484334431894,-0.02791616701115074,368.68,52299904,373.78,353.6924946236559,1.0024748724529136,-0.05200759460603077,158.56,502683584,183.85,150.00249462365588,1.0034060573645256,0.014708600961700569,2822.48,2929.67,2703.749935483871,1.0020619265647572
45.51,916220,80.56,41.515483870967735,1.0033137674146895,-0.0930251658247293,364.43,55197156,373.78,354.29025806451614,1.0016900653815013,-0.08478960871904939,158.47,502683584,183.85,150.50417204301075,1.0033444605078972,0.037611585041997575,2800.71,2929.67,2707.9683440860217,1.0015602066399665
46.63,699042,80.56,41.74088172043011,1.0054292477997588,-0.10752490786500024,363.22,55203932,373.78,354.8178279569893,1.001489089469621,-0.0959492079410843,157.68,502683584,183.85,150.95088172043012,1.0029680883350642,0.04709529783289068,2834.4,2929.67,2714.519397849463,1.002419176641318
47.46,803104,80.56,42.03791397849463,1.0071160992729853,0.001788157087391662,367.95,41810712,373.78,355.6662365591398,1.0023911104101944,-0.08211685086367293,162.33,502683584,183.85,151.68965591397847,1.0048941363251962,0.046073192445636346,2892.74,2929.67,2724.9786666666664,1.0038530831002679
46.46,601740,80.56,42.283139784946236,1.0058334437474004,-0.019395993484912943,371.98,29103964,373.78,356.760817204301,1.0030775500529672,-0.0789805623145945,164.85,502683584,183.85,152.573311827957,1.0058254197272334,0.03889860476635709,2907.41,2929.67,2736.3390967741934,1.0041689978150998
46.23,734131,80.56,42.52993548387097,1.0058367401328272,-0.029167053768709317,370.59,27866516,373.78,357.74810752688177,1.0027673731950653,-0.07026615210751275,165.97,502683584,183.85,153.51567741935486,1.0061764772626844,0.05316689284564868,2905.03,2929.67,2747.540752688172,1.0040936651189114
41.76,1752693,80.56,42.50182795698924,0.9993391119322907,-0.1383688593340383,377.76,42500128,373.78,359.19791397849457,1.0040525901356554,-0.07469032602873682,170.44,502683584,183.85,154.73113978494624,1.007917512960394,0.05271256014047143,2939.88,2929.67,2761.043784946237,1.0049145885260677
40.57,1199565,80.56,42.424516129032256,0.9981809764032921,-0.029485432087648422,381.37,40736812,377.76,360.8576559139785,1.004620689238143,-0.10430623217363633,167.45,502683584,183.85,155.73243010752688,1.006471162326939,0.04601493646280286,2945.64,2939.88,2774.8627311827954,1.0050049717834617
39.88,1084849,80.56,42.3223440860215,0.9975916745237589,0.03041255788027153,369.16,62361308,381.37,361.69701075268813,1.0023259998089378,-0.13013778817692168,164.33,502683584,183.85,156.50987096774193,1.004992157764945,0.03904110462706467,2881.4,2945.64,2784.407978494624,1.0034398989198863
39.97,850080,80.56,42.24240860215053,0.9981112699308786,0.09752254678738581,370.62,49648852,381.37,362.59896774193544,1.0024936810712655,-0.12134555024716609,164.76,502683584,183.85,157.2887741935484,1.0049767035202974,0.042307608059900526,2859.53,2945.64,2792.2965161290326,1.002833111273684
38.68,805053,80.56,42.08997849462366,0.9963915384427413,0.009305297090727693,373.97,41353760,381.37,363.69445161290326,1.0030211996404454,-0.09248321341520205,162.38,502683584,183.85,157.88926881720428,1.0038177843697667,0.04506568604967032,2826.06,2945.64,2797.828387096774,1.001981118744298
38.06,815647,80.56,41.910752688172046,0.9957418413393938,0.1495078323942165,362.31,38484772,381.37,363.9829247311828,1.0007931743720593,-0.14052122403839873,157.52,502683584,183.85,158.14217204301076,1.0016017759009277,0.04046458971596678,2752.06,2945.64,2798.2261290322585,1.0001421609478691
38.41,641704,80.56,41.75806451612903,0.9963568258203556,0.24367349157423202,373.81,53828392,381.37,365.0136559139784,1.0028318119141355,-0.09736807621216004,158.98,502683584,183.85,158.4727956989247,1.0020906735480022,0.029713517615394203,2873.34,2945.64,2806.386021505376,1.0029160947317504
38.98,557534,80.56,41.64092473118279,0.9971947985065018,0.1844684374282447,374.75,36521376,381.37,366.0805161290322,1.002922795346882,-0.0743345284732313,161.19,502683584,183.85,158.9257634408602,1.0028583312355774,0.034190191174353846,2886.98,2945.64,2815.2273548387097,1.0031504337840849
40.0,611695,80.56,41.58965591397849,0.9987687877362169,0.2583969995580646,388.73,60931328,381.37,368.0099139784946,1.0052704193871447,-0.01622802823853653,165.57,937150016,183.85,159.63290322580644,1.0044494974863492,0.04498265067482676,2950.46,2945.64,2827.840064516129,1.0044801744540246
39.19,1209226,80.56,41.479677419354836,0.997355628648356,0.14916643917963424,401.8,74933664,388.73,370.6822580645162,1.0072616089526811,0.028083939896804022,164.23,868274624,183.85,160.20296774193545,1.0035710965885438,0.030100070850124228,2941.76,2950.46,2839.2078279569896,1.0040199456763852
38.38,633860,74.87,41.315333333333335,0.9960379613283874,0.15120389545834,408.62,31391870,401.8,373.70258064516133,1.0081480095551794,0.06936040901435891,168.73,535211584,183.85,161.03245161290317,1.0051777060229241,0.03847433212543727,2990.41,2950.46,2853.323784946237,1.0049717941921161
38.9,778903,74.87,41.18277419354839,0.9967915267991316,0.10530249458529362,412.83,34323548,408.62,376.8579569892473,1.008443549783998,0.09355051744946596,170.73,708170624,183.85,161.93713978494623,1.0056180488030932,0.022930533270964393,3013.77,2990.41,2868.1783870967743,1.0052060695771394
38.85,792234,74.87,41.04247311827957,0.9965932097092477,0.2214293588205839,406.16,38902016,412.83,379.4190322580645,1.0067958635908283,0.10506143278444635,165.51,780385664,183.85,162.44849462365593,1.0031577366340345,0.007215565742676011,2976.61,3013.77,2879.745634408602,1.004032959513211
39.88,775318,74.87,40.95533333333334,0.9978768388372918,0.08947034645122631,412.05,36671224,412.83,382.16511827956987,1.0072376074683507,0.08544265651639749,173.05,998224000,183.85,163.37765591397846,1.0057197285359591,0.03316421485539167,3025.86,3013.77,2893.2860215053765,1.0047019385792229
38.27,995397,74.87,40.7554193548387,0.9951187315003017,0.0973203332041237,403.15,41785596,412.83,384.14419354838714,1.0051785868834044,-0.009253199976596349,167.01,934927808,183.85,163.84260215053763,1.0028458373573677,0.000881319267193259,2932.05,3025.86,2899.612602150538,1.002186641969766
34.54,2206586,74.87,40.309096774193556,0.9890487550438576,-0.08968583272596475,397.47,78316384,412.83,385.60212903225806,1.0037952818456106,-0.031662981210595076,165.94,987985152,183.85,164.1892688172043,1.0021158518121445,0.004131474241801936,2918.65,3025.86,2904.214215053764,1.0015869750668807
34.66,1044310,74.87,39.87713978494624,0.9892838831972076,-0.149548402286363,394.54,52757364,412.83,386.7476344086022,1.002970692561317,-0.04936898752757135,164.35,840600064,183.85,164.39277419354838,1.0012394560120166,0.015807541480694853,2888.68,3025.86,2906.1889677419354,1.0006799610985773
34.9,1106965,74.87,39.46980645161291,0.9897852921365464,-0.18504387609984507,385.23,36800016,412.83,387.1951397849462,1.0011570991947456,-0.0607379269185222,161.06,715996160,183.85,164.35264516129033,0.9997558954007869,0.014544540013134766,2847.11,3025.86,2905.0130322580644,0.9995953685404069
35.11,908624,74.87,39.09012903225806,0.9903805603956962,-0.09914410859684208,399.5,34080012,412.83,388.4897204301075,1.003343483716971,-0.012340551164405023,166.58,701258496,183.85,164.64210752688172,1.0017612273006455,0.013006227430832906,2926.46,3025.86,2908.564301075269,1.0012224622670434
35.17,593858,74.87,38.724559139784944,0.9906480254344661,-0.07170098314500639,406.41,35524712,412.83,390.12883870967744,1.0042192063093849,-0.014152895985969138,169.82,600590784,183.85,165.1097419354839,1.0028403086891111,0.01920942874795495,2978.71,3025.86,2915.0135698924737,1.0022173375416938
37.68,787480,74.87,38.53122580645161,0.9950074749040924,-0.05330666037934184,412.75,49838792,412.83,392.07494623655913,1.0049883713629535,0.02461829769523316,172.31,998218240,183.85,165.6991182795699,1.0035696036901098,0.04064200717496114,3007.39,3025.86,2922.730731182796,1.0026473843449746
36.74,1032199,74.87,38.287311827956984,0.9936697062346305,-0.08573258217812607,405.08,60076968,412.83,393.4295698924731,1.003455012030013,-0.018587829841686165,170.66,908409984,183.85,166.14111827956992,1.0026674855279212,0.03476939504523635,2992.07,3025.86,2928.961032258065,1.0021316712514081
35.38,808195,74.87,37.96778494623656,0.9916544968433353,-0.21589350931910456,396.94,42882928,412.83,394.1801075268818,1.0019076797776378,-0.07208980079867322,166.67,793946624,183.85,166.29047311827955,1.000898963725875,0.017514667388077276,2961.79,3025.86,2932.808967741935,1.0013137544137634
36.2,846355,74.87,37.727784946236554,0.9936788516807116,-0.18605955046682987,402.39,42018848,412.83,395.2324516129032,1.002669703686023,-0.01687059533170765,166.98,769390016,183.85,166.43516129032255,1.0008700929724343,0.0011896991192692496,2952.01,3025.86,2935.6859354838707,1.0009809598148327
35.45,884443,74.87,37.458666666666666,0.9928668412430417,-0.18259429235962688,402.94,33332074,412.83,396.2301935483871,1.0025244433533032,-0.009422497395817686,168.26,706739968,183.85,166.63664516129032,1.0012105847670991,0.008813827437212929,2970.27,3025.86,2939.291634408602,1.001228230472868
34.36,839874,74.87,37.142322580645164,0.9915548492732923,-0.16043899729484534,410.63,37995940,412.83,397.65038709677424,1.0035842638231802,0.014871984862069754,170.48,769350016,183.85,166.9604946236559,1.001943446845393,0.009557580617425732,2986.2,3025.86,2943.607247311829,1.0014682493062976
36.35,806037,74.87,36.97834408602151,0.995585130836457,-0.17034314727395028,414.2,37856240,412.83,399.20154838709675,1.003900816749224,0.0515252562240458,170.68,919190016,183.85,167.27141935483868,1.0018622652734925,0.01606456725826777,3022.55,3025.86,2949.86911827957,1.0021272780101556
41.48,2090899,74.87,37.16744086021505,1.0051137166595037,-0.13985544320558396,420.46,41998960,414.2,401.04694623655917,1.0046227221735948,0.07183929333473071,173.25,976520000,183.85,167.72019354838707,1.0026829101784351,0.007061023474379979,3066.91,3025.86,2958.588301075269,1.002955786323423
42.03,2458365,74.87,37.40488172043011,1.0063884102515441,-0.1756430809389642,412.66,60792444,420.46,402.2761935483871,1.0030650958032798,0.08092136106527237,175.28,936289984,183.85,168.2764516129032,1.003316583726429,-0.0005913230963818794,3093.08,3066.91,2968.621311827956,1.0033911479840032
42.19,1262442,73.21,37.66217204301076,1.0068785225549883,-0.1622459526763561,418.41,45162792,420.46,403.7889247311828,1.0037604292947397,0.04603011244860333,177.63,858080000,183.85,168.96189247311824,1.004073302316784,-0.003903921549358591,3120.46,3093.08,2980.0214838709676,1.003840224415822
40.93,1526166,73.21,37.846860215053766,1.0049038109600288,-0.08428373714180004,418.31,34847852,420.46,405.19236559139796,1.003475679431152,0.051735369683527654,176.92,895630016,183.85,169.57645161290324,1.0036372647748533,-0.01994570664153117,3110.29,3120.46,2990.30223655914,1.0034498921379646
41.58,671740,73.21,38.075268817204304,1.0060350740022468,-0.11815674068727611,423.63,26378656,420.46,406.85182795698927,1.0040954926758534,0.05098082383341396,178.24,642579968,183.85,170.26223655913975,1.0040441048253679,-0.001877814999530214,3140.98,3120.46,3002.1965161290314,1.0039776178556379
43.36,1152812,66.83,38.4163440860215,1.0089579214911042,-0.09796649033999216,429.12,39945176,423.63,408.77460215053765,1.00472598145424,0.09777090605301608,179.48,810209984,183.85,171.00481720430108,1.004361393695797,0.00039341397728143157,3145.91,3140.98,3013.9887741935486,1.0039278768065862
42.33,721714,66.83,38.68348387096775,1.00695380550393,-0.16777072409634486,434.8,34437400,429.12,410.9348817204301,1.0052847695491045,0.14967001273342828,178.27,810000000,183.85,171.63675268817204,1.0036954250424184,-0.02615607943733922,3168.8,3145.91,3026.6889677419354,1.0042137494529273
42.86,1017659,66.83,38.97974193548387,1.0076585155955529,-0.07653243844003765,439.25,44260516,434.8,413.2442365591398,1.0056197586075957,0.12662994122240478,182.8,1015040000,183.85,172.5318924731183,1.0052153153152026,-0.01407277663839146,3221.22,3168.8,3042.106,1.0050936955935603
43.19,356393,66.83,39.28830107526882,1.0079158846227265,-0.1347870690045614,440.18,19083044,439.25,415.4732043010752,1.005393826567298,0.1525930516337084,183.16,400929984,183.85,173.4063440860215,1.0050683476565903,-0.014534199594008923,3240.02,3221.22,3057.8861290322575,1.0051872383908573
43.13,638374,66.83,39.58195698924731,1.0074743856553101,-0.13704606529614605,442.35,26280340,440.18,417.67470967741934,1.005298790279502,0.14837379676967877,183.01,513649984,183.85,174.21597849462367,1.004669001084531,0.02533583485831481,3234.85,3240.02,3072.2833333333333,1.004708221200386
43.11,547619,66.83,39.864172043010754,1.00712989137551,-0.10795087012549365,449.32,37254888,442.35,420.1784946236559,1.0059945811614266,0.1664779174634543,186.63,819120000,183.85,175.20748387096774,1.0056912424733455,0.02676533614221932,3265.35,3240.02,3087.870838709677,1.005073589797928
45.06,592304,66.83,40.26331182795699,1.0100124940388977,-0.08927830381193358,460.19,46569584,449.32,423.22320430107527,1.0072462292011075,0.13521857841943996,191.1,811790016,186.63,176.43266666666668,1.0069927537832872,0.025685825568203535,3329.62,3265.35,3106.7910967741936,1.0061272828601933
44.27,437902,66.83,40.60060215053763,1.0083771132395136,-0.047315958641784395,454.8,31580600,460.19,425.76649462365594,1.0060093357281312,0.04301168195360794,188.48,796152000,191.1,177.4339139784946,1.0056749542516386,0.027421226364364948,3295.47,3329.62,3122.692731182796,1.005118346845114
43.33,534398,66.83,40.86632258064516,1.0065447411130086,-0.008525609672600298,445.19,63880536,460.19,427.575806451613,1.0042495401841245,0.04597712116365549,182.84,993284992,191.1,178.01913978494622,1.0032982747961168,0.0050033997207739045,3225.52,3329.62,3133.320795698925,1.0034034935330007
44.01,581005,66.83,41.1652688172043,1.0073152223562372,0.04748274821902565,462.46,61302708,460.19,430.4206666666667,1.0066534639521885,0.05678549993923432,188.88,996889984,191.1,178.96369892473118,1.0053059414899208,0.002139672839463369,3327.71,3329.62,3150.0361505376345,1.0053347090606408
41.07,1371958,66.83,41.263548387096776,1.0023874390406362,-0.01733781115018629,468.64,43623424,462.46,433.5575053763441,1.0072878440851138,0.013100998607477266,191.5,897411968,191.1,180.03825806451616,1.006004341362194,0.0214560971871125,3380.16,3329.62,3169.4602365591404,1.0061663057480121
41.07,755863,66.83,41.35705376344085,1.0022660527268983,0.0342228045830445,459.26,30128316,468.64,435.95481720430104,1.0055293975960027,-0.017800626626474525,189.12,697926016,191.5,180.903376344086,1.0048051913458296,-0.010211494016826972,3337.75,3380.16,3185.2803440860216,1.0049914200987282
38.54,1210586,66.83,41.284774193548394,0.9982523036987622,0.013360538672380962,412.33,71106952,468.64,435.22286021505386,0.9983210255733814,0.049901635812168665,171.25,1608301952,191.5,180.5810322580645,0.9982181422340709,0.017826438737408523,2954.22,3380.16,3175.6858494623652,0.9969878649326832
38.0,1272976,66.83,41.177075268817205,0.9973913161247708,0.1042129499537402,398.45,67982352,468.64,433.57567741935486,0.9962153118637079,0.0010381030747497189,168.93,1455155968,191.5,180.09989247311827,0.9973356017576716,-0.0003872088651921679,2972.37,3380.16,3167.2146451612903,0.9973324803829355
33.8,1917353,66.83,40.79096774193548,0.9906232406172345,-0.01279606172463943,336.88,99648152,468.64,427.95412903225804,0.9870344470876311,-0.05918653552326936,157.61,1904397952,191.5,178.882,0.9932376835077786,0.020492099835721977,2711.02,3380.16,3141.766623655914,0.9919651730758904
36.5,2393761,66.83,40.58090322580645,0.9948502198462659,0.044810518763072515,286.67,95364624,468.64,419.2172258064516,0.9795844866701874,0.03895465766229589,138.3,1991255040,191.5,176.4327956989247,0.9863082685732757,0.04912141715050011,2304.92,3380.16,3090.5006666666673,0.9836824426730999
31.93,1850987,66.83,40.07255913978495,0.9874733176047636,-0.08079262232229467,330.82,75021544,468.64,413.54066666666665,0.9864591462603548,0.028588323673854776,145.91,1826660992,191.5,174.5235053763441,0.9891783706367226,0.007470323884180119,2541.47,3380.16,3055.6620000000003,0.9887271771067945
32.07,1120787,66.83,39.58008602150537,0.9877104649952182,-0.14766537352253317,332.0,70629568,468.64,408.087935483871,0.9868145224344023,0.07714735069722778,143.84,1342385024,191.5,172.52511827956985,0.9885494673484531,0.01153536912739217,2488.65,3380.16,3018.2435268817203,0.9877543808450411
34.85,1102058,65.3,39.27363440860215,0.9922574293361385,-0.09339620040256968,359.8,54769952,468.64,404.5887741935484,0.9914254723404806,-0.055029047093873906,158.14,1116019968,191.5,171.50518279569894,0.9940881913657457,-0.009890382594576308,2789.82,3380.16,3001.3092688172046,0.9943893665591619
35.89,1226633,64.17,39.04036559139786,0.9940604219416679,-0.0355345835053843,363.12,50481260,468.64,401.41767741935485,0.9921621731089442,0.013415769956296786,164.69,1107810048,191.5,170.9383010752688,0.9966946671162387,0.004291978553156106,2874.56,3380.16,2990.31,0.9963351764739862
37.67,1206396,63.89,38.92376344086021,0.9970132925557609,0.061185509510703895,354.07,46597436,468.64,397.7529462365592,0.9908705286564469,0.04881155285761085,164.63,1103789952,191.5,170.3803870967742,0.9967361675236907,0.02998133406882042,2836.74,3380.16,2977.123440860215,0.9955902367514455
36.38,1608322,60.98,38.71901075268817,0.9947396482232984,-0.04297603743666634,360.81,65982360,468.64,394.61524731182794,0.9921114376287609,0.06187304878421085,167.99,1226413056,191.5,170.04363440860217,0.9980235243392143,0.047139275290174476,2830.71,3380.16,2963.816774193548,0.9955303611250926
37.25,937871,60.98,38.57,0.996151483475651,-0.02458901616651854,380.92,50263312,468.64,392.8643870967741,0.9955631207182669,0.09329529008519444,174.23,1140004992,191.5,170.10729032258064,1.00037435046716,0.04910582750608272,2929.8,3380.16,2957.1638709677422,0.9977552919992444
36.65,1630329,60.98,38.378408602150536,0.995032631634704,-0.04344413519982515,375.2,61793020,468.64,390.7918494623655,0.9947245469366047,0.13746501061077032,172.15,1095511040,191.5,170.02391397849462,0.9995098602539144,0.050817905176261946,2863.7,3380.16,2946.333483870968,0.9963375762827679
35.92,943822,60.98,38.13479569892473,0.9936523448444353,-0.11250985666217261,385.04,44112120,468.64,389.43034408602153,0.9965160343589123,0.10083014150389491,179.85,1194665984,191.5,170.43372043010754,1.0024102871297549,0.07592606956870096,2955.45,3380.16,2941.685892473118,0.998422584740223
37.92,967988,60.98,38.021139784946236,0.997019627038891,-0.1939473358180538,399.93,44343928,468.64,389.0921935483872,0.9991316790209864,0.06765776366026055,180.89,1058963968,191.5,170.89090322580643,1.0026824667943945,0.05146710460293169,3044.31,3380.16,2942.9155053763443,1.0004179959887534
38.25,1062234,60.98,37.93643010752688,0.9977720374008121,-0.12570767132513905,427.77,51618276,468.64,390.5943225806452,1.0038605992542773,0.054594782841071554,185.2,985712000,191.5,171.60972043010753,1.0042062929666378,0.023990121096395756,3193.93,3380.16,2953.846623655914,1.0037143840044336
35.39,1003645,60.98,37.67533333333334,0.9931175186106471,-0.19318129994996147,400.42,42025692,468.64,390.29944086021504,0.9992450435057993,0.033859130675821136,180.02,1121889024,191.5,171.9730107526882,1.002116956555084,0.03881978446839052,3041.31,3380.16,2954.71440860215,1.000293781315281
35.48,1027259,60.98,37.434666666666665,0.9936120892537997,-0.1635120402559629,413.28,53198824,468.64,390.8729247311828,1.0014693433065234,0.06063698954994956,183.56,1149193984,191.5,172.55954838709678,1.0034106377032155,0.041566081018678425,3097.74,3380.16,2959.393053763441,1.001583450890438
33.65,964877,60.98,37.0876559139785,0.9907302299289029,-0.22368297442446028,410.52,53195112,468.64,391.27916129032263,1.001039305957094,0.09059829078106707,173.97,1423064064,191.5,172.51309677419357,0.9997308082146865,0.018046351212550715,3009.05,3380.16,2958.376752688172,0.9996565846250208
36.58,973924,60.98,36.94673118279571,0.9962002254467186,-0.16723083171155972,425.1,35102416,468.64,392.65423655913975,1.0035143074430095,0.06035737899880256,183.78,901292992,191.5,173.1087311827957,1.0034526909535557,0.02901228264219824,3130.01,3380.16,2965.448043010753,1.002390260238543
37.26,815859,60.98,36.86425806451612,0.9977677830855578,-0.11682755615658624,424.98,33758736,468.64,394.0302150537634,1.0035043006454776,0.03951839483712094,192.39,1096802048,191.5,174.2506021505376,1.0065962644399264,0.07408073077797117,3185.04,3380.16,2976.103849462366,1.0035933209070136
37.49,817159,60.98,36.80752688172043,0.9984610789481668,-0.10765212418045422,445.45,34362404,468.64,396.7479569892473,1.0068972932319749,0.10033491152495877,190.61,1008017984,192.39,175.2472688172043,1.0057197315496544,0.041634639576940025,3224.73,3380.16,2989.2853763440853,1.004429121948853
41.7,951662,60.98,37.033956989247315,1.0061517338085362,-0.04415028880147065,445.73,29798590,468.64,399.4704301075269,1.0068619713607079,0.10942584274272316,188.43,963932032,192.39,176.0864946236559,1.004788809618066,0.03630038909584321,3215.63,3380.16,3001.8722580645153,1.0042106658066297
54.34,3132018,60.98,38.079075268817206,1.0282205404049407,0.22617809939089062,451.92,27830016,468.64,402.5803225806452,1.00778503798712,0.0812010883476958,191.69,912963008,192.39,177.12470967741936,1.0058960515738722,0.03621683582373403,3271.12,3380.16,3018.0915913978497,1.0054030724624479
57.79,1845786,60.98,39.32266666666667,1.0326581301953999,0.31513766427469037,469.3,46355352,468.64,406.79092473118277,1.0104590361584156,0.10063900471378606,197.39,1064355968,192.39,178.51199999999997,1.00783228000829,0.03133847318881622,3351.28,3380.16,3039.4045376344084,1.00706172943767
48.03,4766164,60.98,39.90501075268818,1.0148093742206745,0.019485583892998815,468.53,46714380,469.3,410.90888172043014,1.0101230306255446,0.11368664478032342,196.89,885753984,197.39,179.84389247311825,1.007461080897185,0.01731480957698972,3372.85,3380.16,3061.9243010752693,1.0074092682175135
49.24,1850950,60.98,40.55903225806452,1.0163894581918458,0.09345237679763052,457.51,36296912,469.3,414.2979354838709,1.0082477014107145,0.11036290217833422,200.3,687713984,197.39,181.38333333333333,1.0085598728933494,0.031854713647328614,3397.16,3380.16,3085.9194838709677,1.0078366348858696
50.0,1053639,60.98,41.25139784946237,1.0170705648742442,0.09832270785918573,459.16,30449122,469.3,417.78761290322586,1.008423110811014,0.10169428438748451,209.9,856681024,200.3,183.51670967741936,1.0117616999582066,0.0604185727605977,3508.01,3397.16,3116.8475913978496,1.0100223313305912
47.65,1638699,60.98,41.7778064516129,1.0127609882232729,0.02614471509063665,450.93,41001504,469.3,420.7162795698925,1.0070099413582783,0.06926457860474722,204.6,1033849024,209.9,185.2499569892473,1.0094446294011843,0.0534021306905359,3426.96,3508.01,3141.9391612903223,1.0080503037625974
48.57,1313106,60.98,42.35574193548387,1.0138335526193873,0.13682743868704028,443.41,29766918,469.3,423.18458064516125,1.0058669017462127,0.0976015088802401,197.76,768910016,209.9,186.5081075268817,1.0067916374075456,0.04428342076102376,3340.97,3508.01,3161.2695483870975,1.0061523747292538
53.52,2507467,60.98,43.236903225806444,1.0208038213960402,0.17124389823493602,450.4,57861748,469.3,426.15810752688185,1.0070265482669225,0.13330137274888776,193.19,977305024,209.9,187.4579569892473,1.0050928052134607,0.02699747089547966,3319.47,3508.01,3179.29711827957,1.0057026361139214
52.14,1535964,60.98,44.002258064516134,1.0177014259026045,0.16542911487850076,436.68,33556984,469.3,428.2655268817206,1.0049451584227007,0.11324875576409021,192.42,992832000,209.9,188.34937634408604,1.0047553028377978,0.007095602297383818,3298.46,3508.01,3196.0085161290317,1.0052563183709313
52.41,1496053,60.98,44.75578494623656,1.0171247321129657,0.22516939074220899,443.11,33184456,469.3,430.7354193548387,1.0057671988943446,0.16520356205047226,194.22,828286016,209.9,189.3113978494624,1.0051076436994348,0.023185045546342042,3348.44,3508.01,3215.2041290322577,1.0060061206991011
58.26,1874271,60.98,45.85574193548388,1.0245768673383486,0.5512635574883633,444.38,29963894,469.3,433.1912043010753,1.005701376845013,0.2692606318078654,198.57,796393984,209.9,190.49967741935484,1.0062768517024916,-0.02270906710597509,3477.13,3508.01,3241.893569892472,1.0083010097614697
60.96,1207187,60.98,47.077290322580644,1.0266389406328962,0.5346887596038117,453.89,26659270,469.3,436.0293548387096,1.0065517270652193,0.25161293377789407,200.36,930622976,209.9,191.7153548387097,1.006381519569079,-0.06273214056776566,3483.81,3508.01,3267.366430107527,1.0078574017517483
62.72,1309571,60.98,48.35978494623655,1.0272423203389163,0.8306594910492546,457.09,24411396,469.3,438.71434408602147,1.006157817627451,0.24270015417875923,204.62,960318976,209.9,193.07240860215057,1.007078482391682,0.038833687122863836,3465.39,3508.01,3289.1156559139777,1.006656500356385
65.45,2579508,62.72,49.7521935483871,1.028792696321924,0.9616675397933439,440.69,26960936,469.3,440.06972043010757,1.0030894279212816,0.1648726461646477,196.55,1165054976,209.9,193.78255913978495,1.0036781565153503,0.0524995020775858,3269.96,3508.01,3296.2695698924726,1.0021750265806653
70.87,1608703,65.45,51.422494623655915,1.033572410704753,0.9099673943855153,480.83,38619368,469.3,443.7810322580645,1.0084334632801586,0.33529288758304876,211.48,1144573056,209.9,195.34258064516126,1.0080503710566182,0.07935110975395743,3509.44,3508.01,3317.1935698924735,1.0063477818049582
68.22,1632371,70.87,52.844365591397846,1.0276507582556649,0.7679085913889845,503.25,51047964,480.83,448.6785161290323,1.0110358116164817,0.30293360947808234,213.16,1127622016,211.48,196.89627956989247,1.007953713520113,0.04711095138774435,3585.15,3509.44,3341.454516129033,1.007313696269267
69.0,1197023,70.87,54.24703225806452,1.0265433533162711,0.6620074650741092,509.11,29789952,503.25,453.6527096774193,1.0110863198695177,0.32363141704697096,211.22,903884032,213.16,198.2205806451613,1.0067258816579048,0.028903749730032402,3557.54,3585.15,3362.4060215053764,1.0062701752411147
68.6,856073,70.87,55.55651612903226,1.024139272075535,0.7580474692198065,514.01,22845160,509.11,458.6096129032258,1.0109266474553436,0.30746982578205695,216.99,632369984,213.16,199.81694623655915,1.008053480552837,0.006370450239078451,3638.35,3585.15,3387.0209677419343,1.0073206347119072
73.19,3204180,70.87,57.09283870967742,1.0276533283166458,0.8787671984430112,530.79,60688536,514.01,464.31963440860216,1.0124507235450846,0.2771721210057929,220.99,928196992,216.99,201.566,1.0087532804218227,0.005796399097664162,3699.12,3638.35,3413.8196989247317,1.0079121834314075
67.58,1787591,73.19,58.18993548387097,1.0192160137591404,0.7772174001511338,515.59,43218920,530.79,468.72670967741936,1.0094914686828405,0.20520376094939707,221.22,1065702976,220.99,203.22933333333336,1.0082520530909644,0.00576705070634298,3663.46,3699.12,3436.663333333334,1.0066915175443498
70.43,1640115,73.19,59.4043870967742,1.0208704753288453,0.9052419702184837,504.41,59669832,530.79,472.11058064516124,1.0072192834286544,0.2005660189558316,220.2,1188903040,221.22,204.72133333333332,1.0073414598942407,-0.030754731109774225,3709.41,3699.12,3460.7515698924735,1.0070091929941172
71.76,860017,73.19,60.630430107526884,1.0206389304001298,0.8316638366594566,504.16,31961298,530.79,475.2216129032258,1.0065896262138696,0.2155839725865314,217.7,636921984,221.22,205.9652688172043,1.0060762377013517,-0.012893456982546292,3703.06,3709.41,3482.808709677419,1.0063735114582728
71.7,799404,73.19,61.779827956989244,1.0189574417899383,0.8066631962519519,518.85,21488244,530.79,479.05623655913985,1.008069127227795,0.21950025886710767,221.92,588433984,221.22,207.40230107526887,1.0069770610662516,0.022269533287693655,3756.07,3709.41,3506.869182795699,1.0069083533216812
70.0,2027834,73.19,62.747612903225814,1.015665063795748,0.9257049737103091,517.27,39702668,530.79,482.5930537634409,1.0073828852113575,0.2814914898021377,221.32,1121356032,221.92,208.72165591397848,1.0063613317300217,-0.02815755141177534,3824.68,3756.07,3534.1472043010754,1.0077784542517865
69.95,1530460,73.19,63.63774193548387,1.0141858628730767,0.8919919464048192,501.72,39568592,530.79,484.87535483870965,1.0047292455982748,0.17690397832801952,213.44,1178520960,221.92,209.44380645161286,1.0034598735549127,-0.053670786188393826,3768.25,3824.68,3556.099913978494,1.0062116002555588
70.95,679107,73.19,64.51825806451613,1.013836382345636,1.0674794403660277,512.3,27948324,530.79,487.6500430107527,1.0057224772188433,0.1530142010876654,226.14,856067008,221.92,210.92105376344085,1.0070531916739647,0.023240483264919343,3841.47,3824.68,3581.3345376344087,1.0070961514767123
64.99,1495206,73.19,64.93404301075269,1.0064444539996846,0.721336470182963,512.16,58943776,530.79,490.1968172043011,1.005222544794264,0.1696738765046557,218.57,1725944064,226.14,211.79772043010755,1.004156373444113,0.002648071077787195,3714.24,3841.47,3596.570623655914,1.0042543040482248
70.91,1357016,73.19,65.67066666666666,1.0113441828316772,0.85332072706539,532.43,44750712,530.79,493.86410752688164,1.0074812609830799,0.1658669018731096,234.43,1025052992,226.14,213.6227956989247,1.0086170675733002,-0.0018249861804231493,3886.83,3841.47,3621.6851397849455,1.006982906428653
86.0,2445445,73.19,67.30847311827958,1.0249396958298924,1.2358296236717317,559.52,45245652,532.43,499.04806451612905,1.0104967275617722,0.157122425587785,237.55,1067569024,234.43,215.55875268817206,1.00906250188756,0.026057518708614502,3934.83,3886.83,3648.3872043010747,1.007372828803587
95.32,2135942,86.0,69.44324731182795,1.0317162772329864,1.2706860564691473,554.83,34133312,559.52,503.68412903225806,1.0092898156425556,0.14720264764840074,235.35,802782976,237.55,217.25182795698922,1.0078543564003006,0.03409215015583378,3906.71,3934.83,3671.7479784946236,1.0064030413674319
88.23,1741965,95.32,71.00529032258065,1.0224938071190495,0.6073164973050933,547.87,42732216,559.52,507.63653763440857,1.0078469984943628,0.17922319799546504,232.08,1319369984,237.55,218.63303225806453,1.0063576187784655,0.04561453944546634,3811.15,3934.83,3687.4573978494623,1.0042784579570407
87.43,1899218,95.32,72.44283870967742,1.0202456518460232,0.4680486030177289,554.15,39320616,559.52,511.7877634408602,1.0081775551968666,0.16851824359131418,237.73,1251053056,237.55,220.29189247311828,1.0075874180489603,0.05795725919557304,3841.94,3934.83,3703.9919139784947,1.0044839883814456
92.29,1503543,95.32,74.1301935483871,1.0232922241696234,0.8634424611483815,577.68,47429620,559.52,517.2745806451612,1.0107208839215145,0.1430967718210252,239.41,1322830976,237.73,221.9723870967742,1.0076284905667194,0.04681632554010662,3943.34,3934.83,3726.013182795699,1.0059452799381388
90.67,1424965,95.32,75.6178494623656,1.0200681509486071,0.7579495616436807,584.33,57119000,577.68,522.9556989247311,1.010982790363455,0.19859448913902789,240.71,1300617984,239.41,223.64531182795702,1.00753663441234,0.049873460717565044,3913.1,3943.34,3744.856623655914,1.0050572662885955
85.23,1302374,95.32,76.66544086021506,1.0138537581443763,0.6013926837122434,587.36,43604636,584.33,528.5595698924731,1.0107157661332773,0.17597799014247073,236.19,1568609024,240.71,224.93972043010754,1.0057877743627655,-0.007739809658695362,3974.54,3943.34,3766.5543870967736,1.0057940171337394
91.36,1051337,95.32,78.03275268817205,1.0178347872602733,0.7705268683710038,594.76,33429776,587.36,534.3651612903225,1.0109837977184493,0.2010696083240282,244.2,1426782976,240.71,226.69436559139783,1.0078005127681995,0.02053498746561422,4019.87,3974.54,3790.1733763440857,1.0062707150408408
92.9,1221990,95.32,79.40541935483871,1.017590904067578,0.7726046305928504,603.17,30759556,594.76,540.4040215053764,1.0113009991154214,0.21604775552069944,251.95,1293714944,244.2,228.86384946236564,1.009570082896891,0.0382102508190143,4128.8,4019.87,3819.5450322580646,1.007749422782952
99.98,1502036,95.32,81.13952688172043,1.0218386546028113,0.7636423938138341,613.45,40419256,603.17,546.7625376344087,1.0117662265194098,0.18616639807388013,251.93,1071345984,251.95,230.91550537634413,1.0089645259345157,0.043167984012400185,4185.47,4128.8,3850.8785591397855,1.0082034709938206
96.11,1255002,99.98,82.5240430107527,1.017063399088468,0.7604158403566894,621.9,35949316,613.45,553.3155698924731,1.0119851522498533,0.19806843488507964,250.35,1252039040,251.95,232.73890322580644,1.0078963855046916,0.03375058789281726,4180.17,4185.47,3880.007784946237,1.0075643065235893
87.18,2052297,99.98,83.23787096774194,1.00864993922918,0.563266123520908,619.23,37179568,621.9,559.2980215053764,1.0108120066349584,0.21499714515591517,257.55,1126429056,251.95,234.90223655913974,1.0092951083954984,0.07738159668722422,4181.17,4185.47,3907.305376344086,1.0070354475843475
84.91,1786528,99.98,83.73047311827958,1.0059180051677263,0.34873587910150605,626.28,46304792,621.9,565.3565591397851,1.0108323959704022,0.2531867229942488,257.83,1120376960,257.55,236.94744086021504,1.0087066191068828,0.08116553733758147,4232.6,4185.47,3936.1302150537635,1.0073771655740529
87.66,2160919,99.98,84.34318279569892,1.007317642604907,0.2898207243204629,608.24,48926592,626.28,569.8600430107526,1.007965740908392,0.16828177454280224,252.8,968390976,257.83,238.54068817204296,1.0067240536806128,0.0636583847307528,4173.85,4232.6,3959.540064516129,1.0059474275959759
86.27,1233173,99.98,84.80879569892474,1.0055204568738372,0.21669485363050645,604.44,39010544,626.28,573.7864301075267,1.0068900901983402,0.12446713333636272,251.18,1795272960,257.83,239.91664516129035,1.0057682276335809,0.028296324461045907,4155.86,4232.6,3980.3053118279568,1.0052443584288786
90.75,954437,99.98,85.51279569892473,1.0083010257862783,0.2587305078296298,611.55,52167528,626.28,577.8546451612904,1.007090120714429,0.11096753539704274,257.37,1014369024,257.83,241.59182795698928,1.0069823533693243,0.023761524700327108,4204.11,4232.6,4002.6985806451607,1.0056260178712069
91.06,959825,99.98,86.1823870967742,1.0078303064749161,0.22390913693729186,611.9,27700804,626.28,581.5780000000001,1.0064434107606255,0.0123755061718267,258.81,675211008,257.83,243.22911827956992,1.0067770931509825,0.01851450643434327,4229.89,4232.6,4024.7461505376345,1.005508176408557
91.83,762998,99.98,86.85823655913978,1.0078420833436263,0.25382649319049966,622.21,27591580,626.28,585.6846451612903,1.0070612113272686,0.014979545101542868,260.93,787097984,258.81,244.90139784946234,1.0068753263660246,0.03937249774301099,4247.44,4232.6,4046.376623655914,1.0053743695401485
92.8,963777,99.98,87.54589247311829,1.0079169914244148,0.25993537794982347,609.92,35917548,626.28,588.7425591397849,1.0052210929614733,-0.010337526594708102,258.06,934726976,260.93,246.28578494623656,1.005652834605808,0.05059889449934585,4166.45,4247.44,4061.3576559139788,1.0037023326426122
102.84,1258709,99.98,88.8301075268817,1.0146690497690425,0.4260200659740758,637.35,34515992,626.28,593.3533548387095,1.0078315991044735,0.011326007306374342,264.16,871539008,260.93,247.9629892473118,1.0068099923080878,0.040833479886044355,4280.7,4247.44,4082.4001720430106,1.0051811531787629
100.11,945325,102.84,89.86455913978497,1.0116452815571593,0.22391050202736285,639.13,29045422,637.35,597.8137419354839,1.0075172526798755,-0.00784755191266373,269.14,783276032,264.16,249.86004301075266,1.007650552081177,0.04129521689300275,4352.34,4280.7,4106.683225806452,1.005948229654147
101.56,1128281,102.84,90.93466666666667,1.0119080039686963,0.3572022203817322,636.01,23400580,639.13,601.8398494623656,1.006734718934106,-0.04728105227522472,267.97,637466688,269.14,251.57806451612905,1.0068759353623518,0.01858953105411132,4369.55,4352.34,4130.67182795699,1.0058413568399414
100.66,986087,102.84,91.87363440860214,1.0103257401863843,0.34888601047225354,630.55,26448122,639.13,605.2547311827957,1.0056740704748626,-0.03645401472290177,267.3,754379712,269.14,253.15232258064518,1.006257533094326,0.04736053965470122,4327.16,4369.55,4150.40711827957,1.0047777434626999
105.51,1746790,102.84,93.06049462365593,1.0129183984360006,0.38544356831017335,639.45,30413032,639.13,608.9725376344087,1.0061425483520758,-0.02345329303921284,275.96,934770240,269.14,255.184,1.0080255136458707,0.07622292118632967,4411.8,4369.55,4174.274559139784,1.0057506264277294
108.49,1926614,105.51,94.36703225806453,1.014039659252751,0.4322857974262331,645.18,30804052,639.45,612.7690752688172,1.0062343330770815,-0.029182674090686422,273.3,948487296,275.96,256.91877419354836,1.006798130735267,0.06134966410121856,4395.26,4411.8,4195.550731182796,1.0050969747537153
102.21,1086154,108.49,95.18929032258063,1.0087134038746444,0.3705748581366768,662.53,45652220,645.18,617.4132903225807,1.007579062392674,-0.03429121020193082,275.34,844438528,275.96,258.67466666666667,1.0068344264782905,0.0841094155573654,4436.52,4411.8,4218.11423655914,1.0053779603256003
106.11,718525,108.49,96.19389247311828,1.0105537308570451,0.42714237270364297,656.39,26043510,662.53,621.3489892473119,1.0063744966077341,0.017032834106376793,277.4,645330752,275.96,260.4472903225806,1.0068527145651962,0.11396639055248459,4468.0,4436.52,4241.392924731183,1.0055187429421142
102.48,628437,108.49,96.88653763440861,1.007200510796295,0.3196431671426254,646.34,30550328,662.53,624.3036774193549,1.004755279598382,-0.018956440499311666,276.32,716272000,277.4,262.01268817204306,1.0060104209474539,0.06565566749097362,4441.67,4468.0,4261.46806451613,1.0047331478458152
117.15,1091149,108.49,98.45782795698925,1.0162178395569232,0.671413544618471,655.9,23212096,662.53,627.58688172043,1.0052589860028482,0.0025079199554662868,284.06,673705984,277.4,263.9695268817204,1.0074684883519551,0.08555331302135905,4509.37,4468.0,4284.620193548388,1.0054328998086455
114.59,952184,117.15,99.75178494623657,1.0131422459351083,0.472750995945983,667.83,28883460,662.53,631.3306451612904,1.005965330936487,-0.0341541799224061,286.77,763848000,284.06,265.9603655913979,1.0075419262715484,0.05639373696821148,4535.43,4509.37,4307.743655913979,1.005396852304531
111.07,778368,117.15,100.72470967741936,1.0097534568600168,0.1359687129783962,657.03,28191528,667.83,634.0864516129033,1.004365076323689,-0.05027351211573383,283.32,615651968,286.77,267.6160645161291,1.0062253596360102,0.059569094618247886,4458.58,4535.43,4324.514215053764,1.0038931191081348
119.31,1491029,117.15,102.17533333333334,1.014401864850837,0.11445307125249227,659.95,47572696,667.83,636.8209462365592,1.0043124949550652,-0.041604358073570324,279.82,1031019008,286.77,268.9475268817204,1.0049752707035682,0.054240807415350645,4432.99,4535.43,4338.507462365591,1.0032357963498226
118.36,951551,119.31,103.51307526881719,1.0130926114145342,0.193293034798101,685.78,39634464,667.83,640.9958279569893,1.0065558172122047,0.014313943663942341,277.81,958289024,286.77,270.05367741935487,1.0041128860728321,0.02797966710579347,4455.48,4535.43,4352.819892473119,1.0032989294663386
116.29,1198252,119.31,104.65247311827957,1.011007284311701,0.17320128947839386,654.09,30382508,685.78,642.8296129032259,1.0028608375690702,-0.04609316618839299,272.81,883832000,286.77,270.7389032258065,1.0025373689149493,0.013486867551002701,4357.05,4535.43,4359.396344086021,1.0015108485476907
118.67,928973,119.31,105.88335483870969,1.0117616113958334,0.1766270341386511,666.15,28716848,685.78,645.2265376344086,1.003728709261475,0.0018196008747422,272.45,990300032,286.77,271.3254623655914,1.002166512210828,0.024391584019159085,4391.36,4535.43,4367.078580645161,1.0017622248478422
122.54,889129,119.31,107.30718279569892,1.013447136796507,0.24838734136238338,680.39,27899126,685.78,648.3519139784946,1.0048438434592981,-0.03966949626583238,271.29,1077810048,286.77,271.76612903225805,1.0016241257374985,-0.01562610173299217,4471.37,4535.43,4378.959268817204,1.0027205116538773
122.42,775756,122.54,108.65473118279573,1.0125578582159072,0.38398290182100636,692.64,25992344,685.78,652.0610322580645,1.0057208411043466,-0.013137324462384248,269.62,963441984,286.77,272.0332903225807,1.0009830558770292,-0.0019648073238200947,4544.9,4535.43,4394.383247311828,1.0035222932089045
121.15,1545333,122.54,109.84036559139786,1.0109119446129544,0.2719581380199043,707.37,38408488,692.64,656.4940645161289,1.0067984928384892,-0.0016954084000939673,275.13,1144641024,286.77,272.5840430107526,1.0020245782695156,-0.018995487275680567,4605.38,4544.9,4412.482580645161,1.0041187425662985
121.8,965752,122.54,111.00387096774195,1.0105926939525336,0.25133359117374554,692.04,43899200,707.37,659.6958924731182,1.0048771620796744,-0.047332032438267335,279.05,1165244032,286.77,273.3211827956989,1.0027042660927779,-0.03018602113358848,4697.53,4605.38,4435.267913978494,1.0051638353051586
123.14,945318,122.54,112.19167741935482,1.0107005858557676,0.17509647648599058,681.43,37790024,707.37,662.0220860215054,1.0035261604247172,-0.05287528882697323,277.7,979772992,286.77,273.91294623655915,1.0021650844431715,-0.016544603025726357,4682.85,4697.53,4455.883075268817,1.004648008122655
118.66,845123,123.14,113.04064516129033,1.0075671187156086,0.18588968947198414,685.34,41669252,707.37,664.4543440860214,1.0036739832641126,-0.037812033959981006,274.93,1065582976,286.77,274.27058064516126,1.0013056498917479,-0.025685623603225682,4697.96,4697.53,4476.403440860216,1.0046052298152282
112.39,1000424,123.14,113.43660215053761,1.0035027842302413,0.25777031108881965,675.86,30209522,707.37,666.1385591397848,1.0025347340547228,-0.025749839344507697,265.98,795932992,286.77,273.997935483871,0.9990059263350487,-0.0661522968057211,4594.62,4697.96,4489.143182795699,1.0028459771563922
104.04,1650989,123.14,113.23963440860216,0.998263631506927,0.2088880000780613,679.17,59654756,707.37,667.9145376344085,1.0026660797070763,-0.04339179669066873,258.65,1684669952,286.77,273.2342580645161,0.9972128351332054,-0.06907543366392477,4538.43,4697.96,4497.368623655913,1.0018322963927142
111.07,1286047,123.14,113.45507526881721,1.0019025216863353,0.26060203398796267,694.69,34192648,707.37,670.578064516129,1.0039878258843624,-0.02819827482789483,266.26,1204137984,286.77,272.95978494623654,0.9989954659411165,-0.07569483912266906,4712.02,4697.96,4516.135720430108,1.0041729060578848
105.8,1731066,123.14,113.28017204301077,0.9984583922280071,0.22003950444852016,687.36,36088668,707.37,672.5827741935484,1.0029895246854905,-0.041254251173847845,262.92,1544376064,286.77,272.44088172043007,0.9980989755472269,-0.06509787104161413,4620.64,4712.02,4527.849978494624,1.002593867587177
111.28,672407,123.14,113.41681720430107,1.001206258419509,0.1764143179501878,701.94,20271274,707.37,675.3498064516128,1.004114039734934,-0.012281173890495545,269.61,820499968,286.77,272.3283440860215,0.9995869282403658,-0.076527725678877,4725.78,4712.02,4545.347935483872,1.0038645178334873
110.88,598288,123.14,113.48350537634411,1.0005879919194252,0.14330504616422934,703.37,27672042,707.37,678.0147096774193,1.0039459598571714,-0.01792438091072457,267.48,792689984,286.77,272.052064516129,0.9989854909490977,-0.09328632455867747,4766.18,4725.78,4564.33047311828,1.0041762562302916
98.8,993131,123.14,112.72821505376342,0.9933444924874683,0.04717052751400708,668.53,38262552,707.37,678.2351612903227,1.0003251428173414,-0.014022236744323013,260.3,1354513024,286.77,271.29391397849463,0.9972132152756024,-0.10355300882741059,4677.02,4766.18,4576.407440860215,1.002645945076296
93.48,1178489,123.14,111.61470967741934,0.9901222122978438,-0.022749691827239182,653.85,32359180,707.37,677.4089032258064,0.9987817528319464,-0.02383827759620294,261.66,1135126016,286.77,270.6248602150538,0.9975338416051092,-0.10519195126488845,4662.85,4766.18,4586.646387096775,1.0022373327482037
90.09,1216684,123.14,110.28103225806451,0.9880510604452646,-0.16681990559032556,626.27,28434008,707.37,674.7088172043011,0.9960140972333733,-0.06833010487498026,243.22,1226653952,286.77,268.7583870967742,0.9931030980790294,-0.10665584725447186,4397.93,4766.18,4578.7261935483875,0.9982732059810261
90.04,1715269,123.14,108.97154838709676,0.9881259374875683,-0.10288851689718559,613.75,36488928,707.37,671.2248172043011,0.9948362909878128,-0.08840177978694375,244.55,1753789952,286.77,267.02275268817203,0.9935420269955066,-0.10963342261719966,4431.85,4766.18,4572.742279569893,0.9986931050852252
90.61,1086825,123.14,107.72049462365591,0.9885194458373964,-0.08661135628391503,631.28,50081200,707.37,668.9263655913978,0.9965757350533068,-0.02687272666155005,243.93,1739401984,286.77,265.3,0.9935482925300233,-0.11968945021928057,4500.54,4766.18,4571.018989247312,0.9996231385419903
88.3,1722890,123.14,106.34395698924733,0.9872212094901922,-0.1667682516703609,605.0,36154080,707.37,664.9426021505376,0.9940445411546334,-0.025363422541378022,234.52,1571916032,286.77,263.0218494623656,0.9914129267333796,-0.14377463171940663,4418.64,4766.18,4563.730129032258,0.9984054189597114
91.23,1590388,123.14,105.1830322580645,0.9890833032355546,-0.1286164836666328,591.76,37759880,707.37,660.1595913978493,0.9928068817711195,-0.04073473319260701,228.72,1292076032,286.77,260.44,0.9901838973923913,-0.15692021037731285,4348.87,4766.18,4551.743247311828,0.9973734464173997
89.64,1550317,123.14,103.95023655913978,0.9882795193059268,-0.21464242050053806,601.81,60799352,707.37,656.1275268817204,0.9938922882153522,-0.05674023765267766,232.93,1117132032,286.77,258.2313548387097,0.9915195624278518,-0.14529234607939134,4384.62,4766.18,4542.198150537634,0.9979029799671081
89.89,1807598,123.14,102.77410752688172,0.9886856531433775,-0.15354359056215294,616.56,29316212,707.37,653.1403440860214,0.9954472527468924,-0.06897466278084319,226.71,1244274944,286.77,255.70823655913975,0.9902292334672299,-0.15235348593637665,4328.87,4766.18,4529.079161290323,0.997111753205712
86.63,1491623,123.14,101.41415053763441,0.9867675135112062,-0.18766781133660704,609.77,28307076,707.37,649.8139569892471,0.9949070867740851,-0.052570999771669236,219.59,1265155968,286.77,252.83034408602148,0.9887454056551179,-0.1493819657401928,4204.31,4766.18,4508.155548387097,0.9953801618037373
94.99,1706845,123.14,100.63544086021504,0.9923214889313657,-0.03737415266814148,627.29,29916254,707.37,647.7181505376344,0.9967747592536745,-0.03195935035815167,232.31,1386748032,286.77,250.89741935483872,0.9923548546430601,-0.16409436916668363,4463.09,4766.18,4504.4944946236565,0.9991879042938635
94.31,947119,123.14,99.82896774193549,0.9919861918287836,-0.20200439493606626,646.47,17844680,707.37,646.9007311827955,0.9987380014684467,-0.023875944506652425,237.3,983683008,286.77,249.3810752688172,0.9939563185228423,-0.17207978485208197,4543.04,4766.18,4505.945440860215,1.0003221107803084
93.41,1179468,123.14,99.01354838709678,0.9918318362567203,-0.13938965191527997,629.86,15574740,707.37,645.0319784946237,0.9971112218643577,-0.07058952301712285,237.17,998950016,286.77,247.95690322580646,0.9942891735410332,-0.17526058113557885,4545.86,4766.18,4507.505913978494,1.0003463142505298
84.39,1540708,123.14,97.66174193548387,0.9863472577881164,-0.1606814474317264,615.17,15286053,707.37,642.2971397849461,0.9957601501927701,-0.12644169511447567,230.73,1825079040,286.77,246.22391397849455,0.9930109255892193,-0.1922818134800286,4488.28,4766.18,4505.329118279569,0.99951707313524
81.5,1076217,123.14,96.18086021505377,0.9848366239319345,-0.20244179078588032,604.73,14497095,707.37,638.9787741935484,0.9948335974335666,-0.12918362924559512,223.81,1528039040,286.77,244.15756989247313,0.9916078659759998,-0.19105090365819966,4392.59,4766.18,4496.914903225807,0.9981323861514084
77.57,1388342,123.14,94.52774193548386,0.9828123986843781,-0.2515921850389655,580.24,18496784,707.37,634.1991612903226,0.9925199191330604,-0.22856720170904765,206.48,2004147968,286.77,241.09361290322582,0.9874509031581667,-0.21552809044879884,4271.78,4766.18,4480.793376344086,0.9964149806637086
75.72,2480236,123.14,92.84298924731182,0.9821771613954144,-0.2570428236892508,550.45,21275020,707.37,627.7245806451613,0.9897909347089195,-0.19542554793855016,198.03,2066535936,286.77,237.63789247311823,0.9856664787237864,-0.22244220020981587,4131.93,4766.18,4456.044322580645,0.9944766357908621
66.21,2294931,123.14,90.63193548387096,0.9761850218162286,-0.3716802730186678,480.72,35844072,707.37,616.9741720430106,0.9828740040877456,-0.28388361007036234,200.13,1630916992,286.77,234.47847311827954,0.9867049007969296,-0.20440971665517893,4123.34,4766.18,4431.225204301075,0.9944302353201917
63.17,2120285,123.14,88.3375698924731,0.9746847997987842,-0.43961955801215835,489.83,41598448,707.37,607.2102795698926,0.9841745523304704,-0.21386991682843026,199.81,1620925952,286.77,231.45393548387096,0.9871010008117765,-0.16340517258597764,4023.89,4766.18,4400.566344086023,0.9930811775972718
58.97,2127440,123.14,85.89991397849462,0.9724052187880462,-0.49191983114514115,490.82,29710212,707.37,597.920064516129,0.9847001683496791,-0.18014746729420827,193.79,1326824960,286.77,228.1947311827957,0.9859185617463723,-0.1396516072015902,3901.36,4766.18,4362.964645161291,0.9914552591678875
59.86,1693967,123.14,83.65612903225808,0.9738790780768618,-0.4651537753127877,492.34,24985026,707.37,589.1619354838709,0.9853523413044425,-0.2416420463177471,200.75,1155680000,286.77,225.54763440860214,0.9883998339467659,-0.17325413404157097,4158.24,4766.18,4343.319806451613,0.9954973646803522
59.55,1263105,123.14,81.52415053763441,0.9745149755399085,-0.4883775091568213,483.58,20753560,707.37,580.3010752688172,0.9849602296391119,-0.21060596416960786,200.46,897353024,286.77,223.0417849462366,0.9888899324130088,-0.15625120175038087,4108.54,4766.18,4321.430107526882,0.9949601457179793
56.27,2556011,123.14,79.31443010752686,0.9728948978243267,-0.547958340191667,464.43,20605552,707.37,570.6530322580645,0.9833740735250519,-0.17220369794347112,192.17,916790976,286.77,220.17010752688174,0.9871249352669633,-0.14100405078731637,3900.86,4766.18,4287.408344086021,0.9921271980352978
52.37,2536399,123.14,76.99690322580646,0.9707805139798834,-0.5782791052812855,429.22,43505368,707.37,559.2000430107528,0.9799300299833816,-0.18179950274280654,183.37,1523049984,286.77,216.91462365591397,0.985213778984187,-0.11525059386518777,3674.84,4766.18,4240.486344086022,0.9890558593363931
57.32,1553569,123.14,75.14129032258064,0.9759001618833433,-0.5235880889347593,434.03,26925706,707.37,548.6081720430108,0.9810588874229783,-0.2358440376414236,196.2,1130633984,286.77,214.6837849462365,0.9897155909911534,-0.11372455095808409,3911.74,4766.18,4211.0484731182805,0.993057902188791
