3.8,49055,8.3,3.7917010752688167,1.0009446617809938,-0.06352185163069746,340.75,83039600,397.49,358.43395698924735,0.9981395649662587,-0.12367930816562911,1283.3,22925640,1383.6,1265.4817204301075,1.0031934491671834,0.010669629597130692,2826.06,2945.64,2797.828387096774,1.001981118744298
3.57,17010,8.19,3.780032258064516,0.9969225376756595,-0.08771318764368163,330.02,65459600,397.49,357.04417204301075,0.996122619190686,-0.1984844681277781,1258.6,22925640,1383.6,1267.7273118279568,1.0017744953258478,0.032100837676089844,2752.06,2945.64,2798.2261290322585,1.0001421609478691
3.4,34493,8.0,3.757223655913979,0.9939660297602286,-0.20296684300121337,352.45,73632496,397.49,357.1454838709677,1.0002837515240124,-0.13382105644629672,1333.7,22925640,1383.6,1274.7070967741936,1.0055057462918997,0.0565130435795298,2873.34,2945.64,2806.386021505376,1.0029160947317504
3.5,16927,8.0,3.741490322580645,0.995812510839335,-0.1951880095488363,353.48,66892400,397.49,357.3170537634408,1.0004803921657177,-0.1071468306922474,1331.1,22925640,1383.6,1281.2830107526881,1.0051587647037783,0.059932260659775194,2886.98,2945.64,2815.2273548387097,1.0031504337840849
3.55,7679,8.0,3.729541935483871,0.9968065166373241,-0.09448562698053409,368.53,98676200,397.49,358.44572043010754,1.003158725996364,-0.058290498996143025,1375.3,2229939968,1383.6,1290.4152688172042,1.0071274324156934,0.1058751980101631,2950.46,2945.64,2827.840064516129,1.0044801744540246
3.75,21705,7.69,3.730432258064516,1.0002387216972075,-0.07009411078913819,372.53,81714000,397.49,359.7641935483871,1.0036783062068575,-0.02116984959091006,1372.6,2179950080,1383.6,1298.82688172043,1.006518531752136,0.08775288846659302,2941.76,2950.46,2839.2078279569896,1.0040199456763852
3.46,7703,7.69,3.71252688172043,0.9952001872422752,-0.15125584590504404,374.19,51882900,397.49,361.1373978494624,1.0038169565668313,0.01903505165173147,1403.2,1289410048,1383.6,1308.8197849462367,1.0076937915025057,0.10650163956677439,2990.41,2950.46,2853.323784946237,1.0049717941921161
3.56,12253,7.69,3.7019118279569887,0.997140746962478,-0.016691729323308424,369.76,63538000,397.49,362.12991397849464,1.0027483061431537,0.0053606004727628775,1424.5,1726429952,1403.2,1319.598494623656,1.008235442191044,0.10223626847499112,3013.77,2990.41,2868.1783870967743,1.0052060695771394
3.43,26057,7.69,3.68278064516129,0.994832080372304,-0.05777298152941035,361.69,69524304,397.49,362.5051397849463,1.0010361635202387,0.0012077965227945686,1415.1,1659769984,1424.5,1329.1359139784947,1.0072275160919753,0.12934121734703496,2976.61,3013.77,2879.745634408602,1.004032959513211
3.35,8543,7.69,3.6586602150537635,0.9934504841771618,-0.13508639272497636,371.43,84737400,397.49,363.38812903225806,1.0024357978698883,-0.021629179688910094,1449.3,1666680064,1424.5,1340.0724731182797,1.0082283226453859,0.12702202589057277,3025.86,3013.77,2893.2860215053765,1.0047019385792229
3.2,37108,7.69,3.625270967741936,0.9908739141245078,-0.22058452842225973,344.79,132338304,397.49,362.4357419354839,0.9973791463708227,-0.1330634498097536,1386.1,2336169984,1449.3,1346.1333333333334,1.0045227853990242,0.12623324389074653,2932.05,3025.86,2899.612602150538,1.002186641969766
2.94,27834,7.69,3.576075268817204,0.9864297870800608,-0.27640066613934,336.99,101473904,397.49,360.9168172043011,0.9958091199199299,-0.18302401129288492,1374.8,2368470016,1449.3,1350.805376344086,1.0034707134093348,0.10827704084615353,2918.65,3025.86,2904.214215053764,1.0015869750668807
2.55,57335,7.69,3.5031806451612906,0.9796160264601971,-0.362309831418122,334.02,74309696,397.49,359.1939139784946,0.9952263149188995,-0.19685927573123585,1370.6,2193420032,1449.3,1354.648817204301,1.0028452957972502,0.11374519410584738,2888.68,3025.86,2906.1889677419354,1.0006799610985773
2.68,13983,7.69,3.4410387096774193,0.9822612814529836,-0.32834325743422554,330.02,71050000,397.49,357.2260215053763,0.9945213646542015,-0.19025424760794185,1351.1,1796480000,1449.3,1356.7524731182796,1.0015529160674426,0.09832284487553666,2847.11,3025.86,2905.0130322580644,0.9995953685404069
2.67,15133,7.69,3.3805311827956985,0.9824159121745558,-0.2800625457576362,338.87,71065296,397.49,355.8526021505376,0.996155321079212,-0.17870294446321988,1393.3,1537990016,1449.3,1361.1634408602151,1.0032511219469515,0.10939214165113742,2926.46,3025.86,2908.564301075269,1.0012224622670434
2.95,42765,7.69,3.3403892473118284,0.9881255538513706,-0.1785360926742796,349.73,59162800,397.49,355.20449462365593,0.9981787191579745,-0.15837456459564414,1426.8,1324349952,1449.3,1367.2559139784946,1.0044759306159656,0.09817058309410842,2978.71,3025.86,2915.0135698924737,1.0022173375416938
2.66,64295,7.69,3.2834086021505375,0.9829419145666494,-0.19530186511093417,367.23,88866800,397.49,355.69458064516124,1.001379729223372,-0.09162012260885977,1421.3,1936230016,1449.3,1372.4860215053764,1.0038252586610965,0.08158562789167334,3007.39,3025.86,2922.730731182796,1.0026473843449746
2.52,118419,7.69,3.219804301075269,0.9806285757326672,-0.22609741625326452,353.03,113452496,397.49,355.263870967742,0.998789102502945,-0.16523710653418344,1410.3,1890029952,1449.3,1376.5733333333333,1.002978035305215,0.06878797876816978,2992.07,3025.86,2928.961032258065,1.0021316712514081
2.31,70746,7.69,3.145404301075269,0.9768930055857264,-0.3622172380583898,358.62,93021696,397.49,355.2312688172043,0.9999082311678672,-0.1627342458888027,1398.8,1799879936,1449.3,1379.5458064516129,1.0021593278369572,0.06354597697182673,2961.79,3025.86,2932.808967741935,1.0013137544137634
2.3,39937,7.69,3.0738860215053756,0.9772626115042049,-0.4086975699953329,352.33,80340704,397.49,354.81563440860214,0.9988299610842647,-0.14651080179661613,1414.4,1780290048,1449.3,1383.202580645161,1.0026507087886802,0.08118196829908775,2952.01,3025.86,2935.6859354838707,1.0009809598148327
2.629,34958,7.69,3.0271634408602157,0.9848001583929002,-0.3657531479801662,356.3,89000600,397.49,354.6664516129033,0.999579548415482,-0.12807938246617379,1432.1,1607619968,1449.3,1387.5877419354838,1.0031702957698918,0.06506958304542709,2970.27,3025.86,2939.291634408602,1.001228230472868
2.5,44818,7.69,2.975045161290323,0.9827831299538018,-0.3559089325699559,364.28,73333696,397.49,355.0523440860215,1.0010880433471034,-0.08847041705025727,1419.8,1468620032,1449.3,1390.855698924731,1.0023551353838633,0.037127530432253586,2986.2,3025.86,2943.607247311829,1.0014682493062976
2.635,10260,7.69,2.934797849462365,0.9864716971857657,-0.3600770789388795,371.11,81594600,397.49,355.8609462365591,1.0022774167358874,-0.044421028833569576,1455.2,1640029952,1449.3,1396.121505376344,1.0037860192510868,0.053692999726095536,3022.55,3025.86,2949.86911827957,1.0021272780101556
2.55,20052,7.69,2.8919806451612904,0.985410509855417,-0.39289750584567407,373.76,112742896,397.49,356.80658064516126,1.0026573143768733,-0.08258400283540612,1485.1,1804630016,1455.2,1402.980860215054,1.0049131503327577,0.05456320498584444,3066.91,3025.86,2958.588301075269,1.002955786323423
2.408,19188,7.69,2.843120430107527,0.9831049301330858,-0.4392886500472707,380.64,83081200,397.49,358.2056129032258,1.0039209822182509,-0.03571578319767854,1509.6,1818480000,1485.1,1411.0920430107526,1.0057813923380645,0.05635275110583282,3093.08,3066.91,2968.621311827956,1.0033911479840032
2.205,52603,6.2,2.7845010752688175,0.9793820359426377,-0.4573973583024038,377.15,68439696,397.49,359.38548387096773,1.003293837185239,-0.10633966581856502,1529.4,1736329984,1509.6,1420.1322580645162,1.0064065381833456,0.045953740839908885,3120.46,3093.08,2980.0214838709676,1.003840224415822
2.25,45210,5.87,2.732623655913978,0.9813692227251767,-0.4544235366232151,373.14,83167000,397.49,360.32602150537645,1.0026170718535377,-0.0798233982309261,1516.7,1759160064,1529.4,1428.000430107527,1.0055404501928111,0.04196977963196935,3110.29,3120.46,2990.30223655914,1.0034498921379646
2.4,44192,5.87,2.6938451612903225,0.9858090613613292,-0.4169954745669566,377.68,49070000,397.49,361.57937634408603,1.0034783911344323,-0.06752836831131193,1543.0,1210589952,1529.4,1437.2690322580645,1.0064906157975313,0.04889174672471963,3140.98,3120.46,3002.1965161290314,1.0039776178556379
2.25,82786,5.87,2.648421505376344,0.9831379855951998,-0.3358358376991385,376.43,88570200,397.49,362.75838709677424,1.003260724559595,-0.022890669532203534,1536.8,1620630016,1543.0,1445.7948387096774,1.0059319488977079,0.060052171232032325,3145.91,3140.98,3013.9887741935486,1.0039278768065862
2.18,148539,5.87,2.60101935483871,0.982101734772427,-0.35973566992381045,384.09,87460896,397.49,364.3991397849463,1.0045229903608939,0.07767618754637473,1566.9,1800710016,1543.0,1455.82688172043,1.0069387735674211,0.0787114892018852,3168.8,3145.91,3026.6889677419354,1.0042137494529273
2.4,288288,5.87,2.5705741935483872,0.9882949116723467,-0.3278000086223454,388.85,116298600,397.49,366.27109677419355,1.005137105950228,0.09322969221172528,1597.0,2230720000,1566.9,1467.2703225806451,1.0078604406910605,0.10462072784783993,3221.22,3168.8,3042.106,1.0050936955935603
2.26,84100,5.87,2.53410752688172,0.9858138050408384,-0.3461562914811813,389.48,39587900,397.49,368.0802580645161,1.0049394050097213,0.11783750616188016,1614.7,915790016,1597.0,1479.181075268817,1.0081176266601122,0.10562623728084075,3240.02,3221.22,3057.8861290322575,1.0051872383908573
2.08,166584,5.87,2.488845161290323,0.982138735191283,-0.35183963811529884,391.09,61790200,397.49,369.86541935483876,1.0048499240348006,0.07465118832644602,1621.7,1195389952,1614.7,1490.7776344086024,1.0078398509375721,0.09012536300163054,3234.85,3240.02,3072.2833333333333,1.004708221200386
2.135,88879,5.87,2.449969892473118,0.984380197923984,-0.4078745409578056,394.42,92372096,397.49,371.78232258064514,1.005182704642002,0.0833117751678436,1656.8,1793580032,1621.7,1504.0193548387097,1.0088824249334545,0.11362401538472455,3265.35,3240.02,3087.870838709677,1.005073589797928
2.1,34055,5.87,2.4117720430107528,0.9844088494394491,-0.4494924175303292,398.74,91155504,397.49,373.88989247311827,1.005668827602786,0.0333635157153771,1705.8,1797890048,1656.8,1519.7219354838708,1.0104404112850296,0.11180242992514122,3329.62,3265.35,3106.7910967741936,1.0061272828601933
2.138,148154,5.87,2.3791440860215056,0.9864713760640016,-0.49251464291530456,389.55,82111000,398.74,375.33959139784946,1.0038773418429208,-0.043207143521537095,1711.1,1570230016,1705.8,1535.0556989247311,1.0100898480720937,0.12637472381606552,3295.47,3329.62,3122.692731182796,1.005118346845114
2.115,65541,5.87,2.348498924731183,0.987119249535841,-0.4850548543116666,365.31,125021504,398.74,375.1888172043011,0.9995982992548511,-0.06725049193725241,1673.9,2124070016,1711.1,1547.261505376344,1.007951376917569,0.11429486538947842,3225.52,3329.62,3133.320795698925,1.0034034935330007
2.08,47618,5.87,2.3184881720430113,0.9872213044800066,-0.505130723925847,374.56,101819104,398.74,375.65391397849464,1.0012396338932998,-0.05045208305863169,1748.7,1852189952,1711.1,1563.7109677419357,1.010631339504301,0.1234200944888888,3327.71,3329.62,3150.0361505376345,1.0053347090606408
1.92,46226,5.87,2.2813376344086023,0.9839763954449366,-0.49667811893743175,379.18,82009296,398.74,376.406752688172,1.002004075244962,-0.0923736767115293,1788.5,1956790016,1748.7,1582.0309677419355,1.011715720090174,0.12829458832749863,3380.16,3329.62,3169.4602365591404,1.0061663057480121
2.02,47040,5.87,2.253886021505376,0.9879668785149628,-0.4742730979846468,372.95,69041904,398.74,376.72004301075265,1.0008323185499284,-0.12828180876670103,1743.3,1608930048,1788.5,1596.6318279569894,1.0092291873628074,0.0997817231253526,3337.75,3380.16,3185.2803440860216,1.0049914200987282
2.0,48586,5.87,2.2280043010752686,0.9885168459349062,-0.41050493433256663,330.35,146163392,398.74,374.2816774193549,0.9935273802479149,-0.01474961005742137,1549.2,3533360128,1788.5,1598.0778494623655,1.0009056699735384,0.11010701530418632,2954.22,3380.16,3175.6858494623652,0.9969878649326832
2.02,73146,5.87,2.205993548387097,0.990120866159213,-0.3587479736952014,327.52,125281504,398.74,371.6917849462366,0.9930803653254539,-0.029529215899682937,1557.9,3242299904,1788.5,1599.7344086021506,1.0010365947693614,0.11477723864676315,2972.37,3380.16,3167.2146451612903,0.9973324803829355
1.41,61417,5.87,2.146606451612903,0.9730792065019344,-0.5044239726192379,286.2,171985200,398.74,366.45645161290315,0.9859148532591574,-0.056206737879649804,1476.9,3856780032,1788.5,1595.7713978494623,0.997522707062261,0.13905941357195106,2711.02,3380.16,3141.766623655914,0.9919651730758904
1.16,62316,5.87,2.073541935483871,0.9659627799617703,-0.6204487405344499,237.51,171261504,398.74,358.18266666666665,0.977422187793882,0.014485469442645504,1251.7,4051510016,1788.5,1577.050752688172,0.9882685921138082,0.1168655292901154,2304.92,3380.16,3090.5006666666673,0.9836824426730999
1.01,51395,5.87,1.9940688172043008,0.9616727701911538,-0.7056893225130683,262.29,126834704,398.74,351.7065376344087,0.9819194795423062,-0.025483149162336072,1383.0,3586540032,1788.5,1567.0148387096774,0.9936362771068795,0.12416232648445014,2541.47,3380.16,3055.6620000000003,0.9887271771067945
0.928,99601,5.87,1.9128752688172044,0.9592824742623826,-0.8029489997915156,245.17,119126896,398.74,344.29058064516136,0.9789143612765139,-0.03873517589105435,1355.6,2762619904,1788.5,1555.2333333333333,0.9924815610641918,0.11461900487198906,2488.65,3380.16,3018.2435268817203,0.9877543808450411
1.05,103849,5.87,1.8439010752688172,0.9639421374342738,-0.8273772236440399,289.51,89496000,398.74,339.960129032258,0.9874221025600277,-0.1383816424476375,1499.2,2264859904,1788.5,1552.8694623655915,0.9984800538175996,0.12715410087637513,2789.82,3380.16,3001.3092688172046,0.9943893665591619
0.946,201347,5.87,1.7716795698924732,0.9608322234066624,-0.8388765683073574,282.8,93778896,398.74,335.3639139784946,0.986480134988632,-0.0819346876114837,1571.0,2398159872,1788.5,1554.9703225806454,1.0013528891294272,0.15322120086185775,2874.56,3380.16,2990.31,0.9963351764739862
1.02,1643755,5.87,1.7076172043010753,0.9638408848416726,-0.7177573045256476,286.97,89570096,398.74,331.1877634408603,0.9875474063738947,-0.042980891340954286,1558.5,2306160128,1788.5,1555.9191397849463,1.0006101834810108,0.15639037723482585,2836.74,3380.16,2977.123440860215,0.9955902367514455
1.03,454056,5.87,1.6469741935483873,0.9644867651837057,-0.6261415133698056,291.82,110889000,398.74,327.47860215053765,0.9888004277338436,-0.006536764018177932,1561.7,2352229888,1788.5,1556.7309677419355,1.0005217674467977,0.14523374625941265,2830.71,3380.16,2963.816774193548,0.9955303611250926
0.973,1815244,5.87,1.585384946236559,0.9626046069494659,-0.691891285011474,306.61,80846400,398.74,324.8537634408602,0.991984701618853,0.008482496562157937,1665.4,1886520064,1788.5,1563.9163440860218,1.0046156827948947,0.17653264217080622,2929.8,3380.16,2957.1638709677422,0.9977552919992444
0.82,541959,5.87,1.5174860215053763,0.9571719632557609,-0.7427944015818245,281.56,87751504,398.74,320.71965591397844,0.9872739429486882,-0.003331006797912539,1640.7,2333289984,1788.5,1569.0064516129032,1.0032547185443326,0.19660732839625938,2863.7,3380.16,2946.333483870968,0.9963375762827679
0.874,379881,5.87,1.456683870967742,0.9599323158988198,-0.7199287751803929,305.54,79441400,398.74,318.3105376344086,0.9924883984029467,-0.005455243665456466,1694.5,1881289984,1788.5,1577.0924731182797,1.0051535935349816,0.1866445480462149,2955.45,3380.16,2941.685892473118,0.998422584740223
0.66,1246470,5.87,1.3858623655913977,0.9513816918084674,-0.7543005250511703,322.24,82433800,398.74,317.1198494623656,0.9962593504415787,-0.021357227422565295,1718.5,2068460032,1788.5,1586.212258064516,1.005782657074131,0.16453011443518284,3044.31,3380.16,2942.9155053763443,1.0004179959887534
0.78,1241903,5.87,1.326847311827957,0.9574163674339645,-0.6681029121550783,362.46,100828304,398.74,318.63479569892473,1.0047772040732472,-0.029782982145526216,1781.2,2028979968,1788.5,1598.8752688172044,1.007983175447238,0.1473101683968978,3193.93,3380.16,2953.846623655914,1.0037143840044336
0.726,1357954,5.87,1.2678494623655914,0.9555353137196427,-0.6725143903715333,328.88,124871104,398.74,318.0223870967742,0.9980780234600329,-0.05113097740690964,1745.1,2312290048,1788.5,1608.6251612903225,1.006097969405913,0.1664005503287761,3041.31,3380.16,2954.71440860215,1.000293781315281
0.814,90875,5.87,1.2177096774193545,0.9604528877957762,-0.595838166162244,333.62,115081000,398.74,317.8195913978495,0.9993623225686216,-0.033250425511899606,1793.7,2262739968,1788.5,1621.0466666666666,1.0077218146745763,0.1866683422391151,3097.74,3380.16,2959.393053763441,1.001583450890438
0.715,90875,5.87,1.1642709677419356,0.9561153937852662,-0.6211441578850065,322.26,119614496,398.74,316.9688817204301,0.9973232937790972,-0.025192871662941707,1785.7,2293139968,1793.7,1632.3563440860216,1.006976774729509,0.1992938059830961,3009.05,3380.16,2958.376752688172,0.9996565846250208
0.725,90875,5.87,1.115101075268817,0.9577676556098604,-0.6351770507253696,329.77,65861900,398.74,316.72187096774195,0.9992207097701596,-0.05422860084206804,1851.3,1454979968,1793.7,1647.3763440860216,1.0092014222595556,0.20970019916012295,3130.01,3380.16,2965.448043010753,1.002390260238543
0.72,90875,5.87,1.0688881720430106,0.9585572068301826,-0.6205089577838114,328.7,79676896,398.74,316.5061720430108,0.9993189642253878,-0.08210750078210904,1901.3,1743670016,1851.3,1664.9458064516127,1.0106651175541426,0.2082900548520903,3185.04,3380.16,2976.103849462366,1.0035933209070136
0.745,90875,5.87,1.0274279569892473,0.9612118310051849,-0.6626108491481352,352.32,94203000,398.74,317.93346236559137,1.0045095181347257,-0.007723737253977236,1879.1,1852460032,1901.3,1680.3638709677418,1.0092604002222683,0.17555405768720966,3224.73,3380.16,2989.2853763440853,1.004429121948853
0.8,90875,5.87,0.9930752688172043,0.9665643825064782,-0.5461208037089267,355.24,87204800,398.74,319.6276989247312,1.0053289029299837,0.00890527648086925,1850.2,2333880064,1901.3,1693.310752688172,1.0077048084311488,0.1533752571664967,3215.63,3380.16,3001.8722580645153,1.0042106658066297
0.81,90875,5.87,0.9625075268817204,0.9692191086664644,-0.5230426556386045,364.01,96713504,398.74,321.961376344086,1.007301236492349,-0.009675737887170799,1942.4,2369809920,1901.3,1711.6995698924734,1.0108596825332319,0.18654317540919552,3271.12,3380.16,3018.0915913978497,1.0054030724624479
0.81,90875,5.87,0.9346709677419355,0.9710791257602231,-0.48019731000316324,376.79,71978304,398.74,325.17780645161287,1.0099901116837364,0.011473265142989852,1999.4,2175269888,1942.4,1733.0761290322578,1.0124884994515289,0.1804684533578016,3351.28,3380.16,3039.4045376344084,1.00706172943767
0.79,90875,5.87,0.9083935483870968,0.9718859146568744,-0.4838195589324542,384.12,76399000,398.74,328.9050537634409,1.0114621823441774,0.05889819925030826,2001.5,2091820032,1999.4,1753.8513978494625,1.0119875108018512,0.16036628434043876,3372.85,3380.16,3061.9243010752693,1.0074092682175135
0.786,90875,5.87,0.8846752688172044,0.9738898634716135,-0.4787381789631827,378.43,62061200,398.74,332.2966451612903,1.0103117643193429,0.0758584811038856,2071.2,1831600000,2001.5,1778.4875268817204,1.0140468736761086,0.17959190804138725,3397.16,3380.16,3085.9194838709677,1.0078366348858696
0.88,90875,5.87,0.8699290322580645,0.9833314696602118,-0.40504267062781685,387.73,68322704,398.74,336.3121505376344,1.012084098454846,0.1316869570203597,2164.4,2001350016,2071.2,1808.3621505376348,1.0167977695678836,0.20544858028771995,3508.01,3397.16,3116.8475913978496,1.0100223313305912
0.76,90875,5.87,0.8500967741935483,0.97720244143015,-0.47496196321699674,382.62,78711800,398.74,339.94976344086024,1.0108161804365696,0.11571504640834707,2074.5,3437110016,2164.4,1831.3819354838708,1.012729632136678,0.15648451485262438,3426.96,3508.01,3141.9391612903223,1.0080503037625974
0.7,90875,5.87,0.8292322580645162,0.9754563047850341,-0.5240342609216038,374.56,71997600,398.74,343.0500430107527,1.0091198168179687,0.13925395561391596,1984.0,2410500096,2164.4,1847.8623655913977,1.0089989039359901,0.12090360293740321,3340.97,3508.01,3161.2695483870975,1.0061523747292538
0.751,90875,5.87,0.8142817204301077,0.9819706270601387,-0.48924156629536397,381.76,104714096,398.74,346.6247741935484,1.0104204364804106,0.1762157466167169,1963.3,2988819968,2164.4,1862.5868817204303,1.0079684052249855,0.1316741849487908,3319.47,3508.01,3179.29711827957,1.0057026361139214
0.83,90875,5.87,0.8071569892473117,0.9912502872113688,-0.49188259109311744,369.17,68374200,398.74,349.36830107526885,1.0079149763259234,0.17170584504703124,2005.2,2595620096,2164.4,1879.541505376344,1.0091027290175334,0.17782063297014927,3298.46,3508.01,3196.0085161290317,1.0052563183709313
1.01,90875,5.87,0.8141612903225806,1.008677743200614,-0.40245549198678077,382.47,55631200,398.74,352.88640860215054,1.010069910510066,0.2208952489628072,2021.4,2334060032,2164.4,1896.5606451612905,1.0090549422485557,0.1709939530948319,3348.44,3508.01,3215.2041290322577,1.0060061206991011
1.23,90875,5.87,0.8375311827956989,1.0287042539984417,-0.05221245434415889,405.72,65128800,398.74,357.78634408602153,1.0138853051985781,0.3677659689825905,2114.1,2124440064,2164.4,1918.5636559139784,1.0116015329163475,0.1488531870267411,3477.13,3508.01,3241.893569892472,1.0083010097614697
1.07,90875,5.87,0.8509655913978494,1.0160404876595832,0.019402801731854158,409.46,59724400,405.72,362.6705376344086,1.0136511458000554,0.3922636522322389,2130.5,2361230080,2164.4,1940.2544086021505,1.0113057247912052,0.1906183887571824,3483.81,3508.01,3267.366430107527,1.0078574017517483
1.21,90875,5.87,0.873625806451613,1.0266288264564734,0.25608035548839947,415.17,51165500,409.46,367.5533333333333,1.0134634473778148,0.4438785202438378,2083.5,2057490048,2164.4,1957.0230107526884,1.0086424759950003,0.14296995452449957,3465.39,3508.01,3289.1156559139777,1.006656500356385
1.07,90875,5.87,0.8868236559139784,1.0151069821483076,0.20351128380883654,386.18,75686800,415.17,370.2370322580645,1.0073015224767323,0.41264506348412766,1948.7,2894279936,2164.4,1963.588387096774,1.0033547772857103,0.12356911206028531,3269.96,3508.01,3296.2695698924726,1.0021750265806653
1.14,90875,5.87,0.9042322580645161,1.0196302861729551,0.14700822872865882,416.71,53338900,415.17,374.58716129032257,1.0117495783869235,0.4382746263508339,2137.7,2440580096,2164.4,1981.0718279569894,1.008903821684373,0.16794885300969997,3509.44,3508.01,3317.1935698924735,1.0063477818049582
1.06,90875,5.87,0.9162860215053763,1.013330384238515,0.24703888151899722,431.51,60750600,416.71,379.6185806451613,1.013431905507672,0.4428767799824618,2129.2,2489210112,2164.4,1996.6337634408603,1.0078553110817388,0.10811551451985846,3585.15,3509.44,3341.454516129033,1.007313696269267
1.19,90875,5.87,0.9364817204301076,1.0220408239902552,0.309671111111111,439.86,51275500,431.51,384.8689032258065,1.0138305205496587,0.4185253623373839,2109.7,1958790016,2164.4,2009.7372043010753,1.0065627663421024,0.09957891516989781,3557.54,3585.15,3362.4060215053764,1.0062701752411147
1.36,90875,5.87,0.9672795698924729,1.0328867598699316,0.41125469062507136,456.1,33998600,439.86,390.83817204301084,1.0155098756152354,0.4458193842408382,2153.9,1546610048,2164.4,2024.5068817204303,1.0073490590649097,0.09388857292940855,3638.35,3585.15,3387.0209677419343,1.0073206347119072
1.45,90875,5.87,1.003174193548387,1.037108840890648,0.5934818626102322,464.91,60339200,456.1,397.0225376344085,1.0158233407936343,0.4000209822011005,2213.9,2578439936,2164.4,2041.8739784946235,1.008578433064863,0.06676582947664422,3699.12,3638.35,3413.8196989247317,1.0079121834314075
1.3,90875,5.87,1.0283655913978496,1.0251116884898688,0.7812817086858729,455.62,55560400,464.91,402.26711827956996,1.0132097806749472,0.4492285947189738,2182.2,2076589952,2213.9,2056.016344086021,1.0069261696560843,0.05076699149159003,3663.46,3699.12,3436.663333333334,1.0066915175443498
1.1,90875,5.87,1.0396215053763442,1.0109454400970326,0.4812911939783687,457.48,76912000,464.91,407.2573763440861,1.0124053342611214,0.38782977881580694,2252.1,2566830080,2213.9,2073.503870967742,1.0085055388455557,0.07395626169897684,3709.41,3699.12,3460.7515698924735,1.0070091929941172
1.174,90875,5.87,1.0551655913978493,1.014951678030052,0.9500649908198343,460.61,36422800,464.91,412.1228172043011,1.0119468452699167,0.38436381085192206,2270.6,1429090048,2252.1,2090.9858064516134,1.0084311081974071,0.104881255136964,3703.06,3709.41,3482.808709677419,1.0063735114582728
1.2,90875,5.87,1.0712817204301075,1.0152735543725493,0.6837678157230592,463.01,28108100,464.91,416.8455268817204,1.0114594714979785,0.28399202300834603,2291.3,1424579968,2270.6,2108.615913978495,1.0084314812049344,0.11037736361927308,3756.07,3709.41,3506.869182795699,1.0069083533216812
1.57,90875,5.87,1.1103655913978496,1.0364832800022485,1.2973826233126384,487.0,64706900,464.91,422.8997419354838,1.0145238815420496,0.47045616373469357,2301.2,2472829952,2291.3,2125.7877419354836,1.0081436490368647,0.06108718203334207,3824.68,3756.07,3534.1472043010754,1.0077784542517865
1.82,90875,5.87,1.1637634408602153,1.0480903315773165,1.3720355846801675,482.35,55489700,487.0,428.3139139784946,1.012802495499836,0.40871523040732893,2240.9,2412689920,2301.2,2137.8733333333334,1.0056852296019199,0.03286570573152936,3768.25,3824.68,3556.099913978494,1.0062116002555588
1.61,90875,5.87,1.2014494623655911,1.0323828882934487,1.3178489920121723,484.53,43736200,487.0,433.54888172043,1.0122222686937932,0.4086222620539053,2339.1,1942419968,2301.2,2155.3326881720427,1.0081666928374502,0.03326767298407529,3841.47,3824.68,3581.3345376344087,1.0070961514767123
1.53,90875,5.87,1.2320494623655915,1.0254692360840136,1.1771881610513812,453.55,104702096,487.0,436.43617204301074,1.0066596650212156,0.34022752407266976,2269.1,2957319936,2339.1,2167.085806451613,1.0054530413536937,0.03902489668033793,3714.24,3841.47,3596.570623655914,1.0042543040482248
1.635,90875,5.87,1.2676924731182795,1.0289298537448746,1.2828954813542626,476.69,65689100,487.0,440.55017204301083,1.0094263497471851,0.36325964590861015,2379.9,2065459968,2339.1,2185.088817204301,1.0083074748120686,0.03138304366924727,3886.83,3841.47,3621.6851397849455,1.006982906428653
2.02,90875,5.87,1.3262064516129033,1.0461578653620074,1.7232552798276535,485.45,60434900,487.0,444.9110752688172,1.0098987663665708,0.27891101442155675,2434.5,1929389952,2379.9,2205.5851612903225,1.0093800965547228,0.07536254453241176,3934.83,3886.83,3648.3872043010747,1.007372828803587
1.88,90875,5.87,1.3729462365591398,1.03524321940177,1.2685863985405792,490.1,60552700,487.0,449.28567741935484,1.0098325314736085,0.28206630845052816,2387.8,1625479936,2434.5,2221.8741935483868,1.0073853562963466,0.07565039699467624,3906.71,3934.83,3671.7479784946236,1.0064030413674319
2.0,90875,5.87,1.425105376344086,1.037990664452868,1.421775068064796,480.27,87525904,490.1,452.7360645161291,1.0076797175387224,0.2862936888525316,2293.4,2749929984,2434.5,2230.9167741935485,1.0040697986733085,0.015614039040802385,3811.15,3934.83,3687.4573978494623,1.0042784579570407
2.11,90875,5.87,1.4818021505376342,1.0397842679809377,1.5021929720203733,478.13,78700200,490.1,455.7983655913978,1.0067639874869292,0.2566732328136665,2262.3,2716219904,2434.5,2237.198064516129,1.0028155646123782,-0.014920283179556515,3841.94,3934.83,3703.9919139784947,1.0044839883814456
1.75,90875,5.87,1.5124774193548385,1.020701325616294,1.160347399672097,500.43,79265104,490.1,460.081440860215,1.0093968640349553,0.21293010259062295,2304.3,2544179968,2434.5,2245.6236559139784,1.003766135654901,-0.017855288581594353,3943.34,3934.83,3726.013182795699,1.0059452799381388
1.72,90875,5.87,1.539152688172043,1.017636804672815,1.1051429006442763,499.93,109587104,500.43,464.0821290322581,1.0086956086830257,0.24246170292265345,2273.1,2710459904,2434.5,2251.3851612903227,1.0025656593709151,-0.054394196313690024,3913.1,3943.34,3744.856623655914,1.0050572662885955
1.72,90875,5.1,1.5638193548387098,1.0160261336358785,0.8516004679317575,507.64,101727200,500.43,468.3189462365592,1.0091294556270376,0.20603408400310763,2330.6,2324590080,2434.5,2260.4221505376345,1.004013968557087,-0.05620190436827932,3974.54,3943.34,3766.5543870967736,1.0057940171337394
1.75,90875,5.1,1.588615053763441,1.0158558588292241,1.2489658278381357,515.08,71661504,507.64,472.77789247311824,1.0095211741322692,0.22829862069381202,2380.0,1728429952,2434.5,2272.2888172043013,1.0052497568491108,-0.025748998570663595,4019.87,3974.54,3790.1733763440857,1.0062707150408408
1.76,90875,5.1,1.61192688172043,1.0146743088590047,1.5176799279595468,520.39,78276000,515.08,477.29455913978495,1.009553464192329,0.24508598241187918,2491.0,1936809984,2434.5,2290.659784946237,1.0080847855267527,0.01973559271274028,4128.8,4019.87,3819.5450322580646,1.007749422782952
1.67,90875,5.1,1.6271526881720433,1.0094457178078466,1.2579021163817543,525.92,83277600,520.39,481.85438709677413,1.0095534882383894,0.20177429955364867,2517.3,2057059968,2491.0,2309.6372043010747,1.008284695736815,0.021292944868531727,4185.47,4128.8,3850.8785591397855,1.0082034709938206
1.79,90875,5.1,1.6481440860215053,1.012900693341228,1.1953433201833885,530.15,74189600,525.92,486.3770967741936,1.0093860506379724,0.2099727153389872,2505.7,2049590016,2517.3,2326.6748387096777,1.0073767578634754,-0.017708555658551894,4180.17,4185.47,3880.007784946237,1.0075643065235893
1.66,90875,5.1,1.6586838709677416,1.0063949414590798,0.6490770355977162,519.56,80429400,530.15,489.87038709677427,1.0071822673101782,0.17596710252311154,2452.6,2264250112,2517.3,2339.2103225806454,1.0053877248605652,-0.035374425460594994,4181.17,4185.47,3907.305376344086,1.0070354475843475
1.72,90875,5.1,1.6716967741935485,1.0078453184802567,0.42194505871794186,531.1,79751504,530.15,493.813376344086,1.0080490459337212,0.1528832282332937,2440.4,2120150016,2517.3,2350.031397849463,1.0046259522559218,-0.06292362596404666,4232.6,4185.47,3936.1302150537635,1.0073771655740529
1.59,90875,5.1,1.6752688172043013,1.0021367768759835,0.4621529046367323,513.3,145402896,531.1,496.3383440860215,1.005113202401743,0.08182371296902136,2386.0,2354180096,2517.3,2356.6410752688175,1.0028125911106565,-0.07814560301268902,4173.85,4232.6,3959.540064516129,1.0059474275959759
1.6,36068,5.1,1.6783677419354839,1.0018498074454427,0.34782131819941153,510.73,86564496,531.1,498.4741935483871,1.0043032126931453,0.03227250825527905,2389.2,2013330048,2517.3,2362.9077419354835,1.0026591519312933,-0.0525231530948147,4155.86,4232.6,3980.3053118279568,1.0052443584288786
1.65,22792,5.1,1.68385376344086,1.00326866476774,0.6024279471360848,518.05,81739296,531.1,500.87679569892475,1.0048199128091961,0.0647302419270559,2426.9,1951810048,2517.3,2370.9492473118275,1.0034032244397986,-0.0402819119112372,4204.11,4232.6,4002.6985806451607,1.0056260178712069
1.694,21275,5.1,1.690931182795699,1.0042031080777327,0.5406933911452498,525.16,59329600,531.1,503.45451612903224,1.0051464161491261,3.729538738461713e-05,2455.6,1412610048,2517.3,2379.813978494624,1.0037388953782318,-0.05657793124575683,4229.89,4232.6,4024.7461505376345,1.005508176408557
1.71,36122,5.1,1.6978494623655913,1.0040914022050584,0.6037344621153309,519.81,79345200,531.1,505.45384946236555,1.0039712293152236,-0.016773710195539415,2489.5,1649369984,2517.3,2390.1821505376342,1.004356715330149,-0.015512975907786997,4247.44,4232.6,4046.376623655914,1.0053743695401485
1.76,36122,5.1,1.7065956989247313,1.0051513616212795,0.4118630234320009,488.1,108819200,531.1,505.21748387096784,0.9995323695889365,-0.09867848495673193,2491.9,2223960064,2517.3,2399.930322580645,1.0040784222410908,0.010002789962085146,4166.45,4247.44,4061.3576559139788,1.0037023326426122
1.87,36122,5.1,1.7212129032258066,1.0085651243058242,0.34368658735527013,506.86,103279200,531.1,506.0876989247311,1.0017224563312728,-0.11733903030638992,2550.5,1800039936,2517.3,2412.6372043010747,1.0052946877669207,0.007581301341469393,4280.7,4247.44,4082.4001720430106,1.0051811531787629
1.88,36122,5.08,1.7353784946236557,1.0082300053475666,0.24550322604061092,517.3,76804096,531.1,507.52230107526873,1.002834690812651,-0.09926992820622749,2633.3,1771680000,2550.5,2429.8331182795696,1.0071274346378474,0.012851505502002203,4352.34,4280.7,4106.683225806452,1.005948229654147
1.83,36122,5.08,1.7453935483870968,1.0057711063001349,0.2472546275770342,516.95,54859200,531.1,508.8216559139786,1.0025601925983487,-0.14623093687762356,2656.4,1567229952,2633.3,2447.617419354839,1.0073191450645227,0.02456507989955825,4369.55,4352.34,4130.67182795699,1.0058413568399414
1.84,36122,5.08,1.754913978494624,1.0054546037003087,0.45122069193757763,499.63,87657400,531.1,508.8716989247311,1.0000983507878858,-0.19439318369811165,2640.2,1878550016,2656.4,2463.3367741935485,1.0064223087784907,0.0057921312651714185,4327.16,4369.55,4150.40711827957,1.0047777434626999
2.0,36122,5.05,1.7731655913978495,1.0104002892032815,0.49744210127180866,517.0,82306400,531.1,509.9517419354838,1.0021224269556253,-0.16937603224467268,2713.4,2061810048,2656.4,2482.9440860215054,1.00795965538832,0.0036214694889098453,4411.8,4369.55,4174.274559139784,1.0057506264277294
2.05,36122,5.03,1.7928666666666666,1.0111106798848302,0.5151585751900831,536.88,80140000,531.1,512.1930967741935,1.0043952293018996,-0.11312045844891605,2693.6,2224369920,2713.4,2500.3217204301077,1.0069988021504128,0.005401973531223847,4395.26,4411.8,4195.550731182796,1.0050969747537153
1.873,36122,5.01,1.7993204301075267,1.0035996895702564,-0.035553215416879835,540.52,69525904,536.88,514.5104301075269,1.0045243353491642,-0.20521434087425816,2718.6,2352310016,2713.4,2518.447096774193,1.0072492176490662,0.02141207275860446,4436.52,4411.8,4218.11423655914,1.0053779603256003
1.8,36122,4.998,1.8004129032258065,1.0006071587361538,-0.19229793297288844,545.83,75097296,540.52,517.055247311828,1.0049460944917468,-0.15964100382769053,2720.6,1946099968,2718.6,2535.803870967742,1.0068918557851705,0.028369499029929468,4468.0,4436.52,4241.392924731183,1.0055187429421142
1.845,36122,4.75,1.804451612903226,1.0022432130264025,0.017241757603698726,538.66,79588800,545.83,519.0009677419355,1.003763080328888,-0.16888349993935092,2732.6,2171470080,2720.6,2552.9032258064517,1.0067431693099294,0.011984824052936993,4441.67,4468.0,4261.46806451613,1.0047331478458152
1.8,36122,4.75,1.8050817204301075,1.0003491961338147,0.03969273039610455,554.58,65949900,545.83,521.857376344086,1.005503667198499,-0.05539273212895601,2771.7,1973010048,2732.6,2571.6789247311826,1.007354645775419,0.00742141370481586,4509.37,4468.0,4284.620193548388,1.0054328998086455
1.87,36122,4.75,1.8096473118279572,1.002529299004126,0.04827909788714524,545.98,64958400,554.58,523.9416774193548,1.0039940052009433,-0.1431033892436928,2796.1,1830089984,2771.7,2590.947956989247,1.0074927830503095,0.008010094007757207,4535.43,4509.37,4307.743655913979,1.005396852304531
1.855,36122,4.38,1.8127397849462366,1.001708881668857,-0.1726619776003836,532.02,56851800,554.58,524.9763225806452,1.0019747334596216,-0.12861628030751815,2746.4,1463980032,2796.1,2606.1154838709676,1.0058540453662164,-0.004989475252288322,4458.58,4535.43,4324.514215053764,1.0038931191081348
1.9,36122,4.38,1.8190903225806454,1.0035032814346254,-0.017333455756533445,525.5,91777104,554.58,525.4901720430107,1.0009788050246526,-0.15883764021443936,2727.7,2240069888,2796.1,2619.405806451613,1.0050996675561379,0.007636789074330075,4432.99,4535.43,4338.507462365591,1.0032357963498226
1.81,36122,4.38,1.8195913978494624,1.0002754537598255,-0.15332669322709158,528.58,147540608,554.58,526.1266021505377,1.0012111170510622,-0.13681710306789063,2753.6,1845880064,2796.1,2633.636129032258,1.0054326529114335,0.031598315820551726,4455.48,4535.43,4352.819892473119,1.0032989294663386
1.795,36122,4.38,1.8195333333333334,0.9999680892555342,-0.18032063595608028,519.2,187239696,554.58,526.0539784946237,0.9998619654364233,-0.14054430639477444,2661.5,2120470016,2796.1,2640.9348387096775,1.002771343237952,0.042382094300789985,4357.05,4535.43,4359.396344086021,1.0015108485476907
1.75,36122,4.354,1.8172494623655913,0.9987448039967709,-0.040573640960809065,521.27,149076608,554.58,526.0265806451613,0.9999479181783952,-0.10968328416800999,2668.5,1831629952,2796.1,2647.826666666667,1.0026096168129452,0.04443798970680346,4391.36,4535.43,4367.078580645161,1.0017622248478422
1.761,36122,4.354,1.8156752688172042,0.9991337493387739,-0.06685795310798226,534.14,144973504,554.58,526.784688172043,1.0014411962337568,-0.13563332395922645,2737.9,1791309952,2796.1,2658.4126881720426,1.0039980039625112,0.06181152627633102,4471.37,4535.43,4378.959268817204,1.0027205116538773
1.79,36122,4.354,1.815883870967742,1.0001148895698038,-0.0772257458303971,544.13,121796000,554.58,528.1137419354839,1.0025229544314447,-0.12049838920730149,2782.0,1857330048,2796.1,2670.844301075269,1.0046763292089815,0.05018063072805723,4544.9,4535.43,4394.383247311828,1.0035222932089045
1.7,36122,4.354,1.8101354838709676,0.9968343861693584,-0.19929531066487172,542.11,168298800,554.58,529.234,1.002121243920695,-0.1385549986964687,2836.9,2368130048,2796.1,2685.8470967741932,1.005617248333377,0.04632082598180931,4605.38,4544.9,4412.482580645161,1.0041187425662985
1.74,36122,4.354,1.8070752688172045,0.9983093999973864,-0.17893580632795703,576.97,162000896,554.58,532.5451612903227,1.0062565165698398,-0.08594411442783745,2931.7,2399820032,2836.9,2705.983440860215,1.007497204181953,0.03916985569674547,4697.53,4605.38,4435.267913978494,1.0051638353051586
1.7,36122,4.354,1.8014774193548386,0.9969022599340702,-0.23049810603232435,590.53,168310800,576.97,536.6094838709677,1.007631883408343,-0.04083978200064586,2936.4,2316699904,2931.7,2725.4752688172043,1.0072032325337485,0.047652981941293415,4682.85,4697.53,4455.883075268817,1.004648008122655
1.49,36122,4.25,1.7822666666666664,0.9893361124143026,-0.38788380843398185,587.39,139386592,590.53,540.3322795698925,1.006937625611962,-0.03185256079786347,3005.8,2480750080,2936.4,2748.543225806452,1.0084638291358479,0.07571677828137235,4697.96,4697.53,4476.403440860216,1.0046052298152282
1.42,36122,4.25,1.7591849462365592,0.9870492329448789,-0.33118743583774446,561.86,105177200,590.53,542.2848817204301,1.0036137062773518,-0.0357870833645324,2908.6,2044780032,3005.8,2764.2647311827955,1.0057199411050668,0.08704133541636394,4594.62,4697.96,4489.143182795699,1.0028459771563922
1.37,36122,4.25,1.7333935483870968,0.985339007189302,-0.35269670217647997,551.88,157832896,590.53,543.5026451612904,1.0022456156937232,-0.08871649939675885,2895.7,3252819968,3005.8,2778.173333333333,1.0050315738552966,0.11431195193096255,4538.43,4697.96,4497.368623655913,1.0018322963927142
1.4,36122,4.25,1.7102903225806454,0.9866716788994925,-0.2651034850945856,567.9,163830304,590.53,545.7092688172042,1.0040600053662279,-0.06395912678788207,3068.9,2615810048,3005.8,2802.276989247312,1.0086760806551471,0.1572727221790169,4712.02,4697.96,4516.135720430108,1.0041729060578848
1.15,36122,4.25,1.6714666666666669,0.9772999616489686,-0.458924565063371,550.29,206001504,590.53,546.6623440860214,1.001746489061626,-0.1009813268707076,2944.9,3316379904,3068.9,2816.9120430107528,1.005222557876897,0.12075105295958477,4620.64,4712.02,4527.849978494624,1.002593867587177
1.16,36122,4.25,1.6342559139784945,0.9777376639150213,-0.5115055275885897,562.62,109305296,590.53,548.3258279569893,1.0030429823618985,-0.07405176570504368,3041.1,1755000064,3068.9,2836.558494623656,1.006974463992104,0.12899434486249373,4725.78,4712.02,4545.347935483872,1.0038645178334873
1.2,36122,4.25,1.600679569892473,0.9794546595800397,-0.5362622977858941,572.89,105881104,590.53,550.5560430107528,1.0040673171681025,-0.07652300396742784,3055.4,1630649984,3068.9,2855.8066666666664,1.0067857483212468,0.11747221953872922,4766.18,4725.78,4564.33047311828,1.0041762562302916
1.22,36122,4.25,1.5694559139784945,0.9804935000725499,-0.5315052031921738,555.92,148180496,590.53,551.5887741935484,1.0018757966530492,-0.018998866068768994,2912.0,2609730048,3068.9,2864.513333333334,1.0030487591363564,0.06857422556085258,4677.02,4766.18,4576.407440860215,1.002645945076296
1.35,36122,4.25,1.54767311827957,0.9861207979753276,-0.43220807369994807,555.68,156648992,590.53,552.5283655913978,1.0017034273390049,0.04259111753251954,2910.2,2528079872,3068.9,2872.1952688172046,1.0026817593740893,0.048721683573694996,4662.85,4766.18,4586.646387096775,1.0022373327482037
1.11,36122,4.25,1.5112881720430102,0.9764905484195486,-0.6064942727932924,517.26,154744096,590.53,550.8439139784946,0.9969513753178983,-0.030427135884573797,2708.3,2292640000,3068.9,2865.9518279569893,0.9978262477736111,0.03448451358022875,4397.93,4766.18,4578.7261935483875,0.9982732059810261
1.03,36122,4.09,1.4713763440860215,0.9735908553409541,-0.6505253794065368,513.97,245203392,590.53,548.9248387096775,0.9965161178691138,-0.05512881913423151,2769.6,3906190080,3068.9,2863.3238709677416,0.9990830421629519,0.03349181504681131,4431.85,4766.18,4572.742279569893,0.9986931050852252
1.15,36122,4.04,1.441034408602151,0.9793785352022102,-0.5897368860198476,525.44,201931504,590.53,547.7529247311828,0.9978650738755976,-0.003012484911954827,2798.9,3243249920,3068.9,2862.2931182795696,0.9996400153337095,0.02366611416765374,4500.54,4766.18,4571.018989247312,0.9996231385419903
1.07,36122,4.04,1.406993548387097,0.9763774827222379,-0.6044021489942786,514.32,185096800,590.53,545.8453333333333,0.9965174236198088,0.04455851555356871,2717.5,2838710016,3068.9,2855.7043010752695,0.9976980634295552,0.008137198130121703,4418.64,4766.18,4563.730129032258,0.9984054189597114
1.12,36122,4.04,1.3778344086021508,0.9792755696581745,-0.6228944911297853,513.96,155248400,590.53,543.8829247311828,0.9964048266380394,0.02796490638220306,2670.9,2940369920,3068.9,2845.9427956989243,0.9965817520488134,-0.0013989866017731778,4348.87,4766.18,4551.743247311828,0.9973734464173997
1.25,36122,4.04,1.3589548387096775,0.986297649576318,-0.5435521926908187,512.58,220464992,590.53,541.8380215053763,0.9962401775587694,-0.03478019802981236,2705.5,2701250048,3068.9,2838.504946236559,0.997386507742318,0.0068386690867501265,4384.62,4766.18,4542.198150537634,0.9979029799671081
1.39,36122,4.04,1.3508279569892476,0.9940197558528536,-0.4145282182306662,490.77,222391808,590.53,538.4382795698925,0.9937255382594998,-0.09163012308006013,2624.0,2960100096,3068.9,2825.7834408602153,0.9955182373759078,-0.010532808523308734,4328.87,4766.18,4529.079161290323,0.997111753205712
1.45,36122,4.04,1.3476107526881718,0.9976183463745847,-0.37992520626108417,482.02,229020496,590.53,534.5810107526881,0.9928361913267281,-0.09845068245394106,2524.1,2983980032,3068.9,2806.8202150537636,0.993289214759968,-0.013209257219907511,4204.31,4766.18,4508.155548387097,0.9953801618037373
1.63,36122,4.04,1.356759139784946,1.006788597581702,-0.26721243701884,509.45,207054096,590.53,532.6306451612902,0.9963515995664496,-0.05671285499638157,2722.7,3298520064,3068.9,2801.0924731182795,0.9979593484809733,-0.008445433675453584,4463.09,4766.18,4504.4944946236565,0.9991879042938635
1.73,36122,4.04,1.372821505376344,1.011838774562406,-0.1901938851603282,503.17,160396000,590.53,530.337935483871,0.9956954979998852,-0.10219953543578497,2786.1,2699249920,3068.9,2799.4763440860215,0.9994230361732903,-0.002271307481712892,4543.04,4766.18,4505.945440860215,1.0003221107803084
1.69,36122,4.04,1.3864537634408602,1.0099301023557168,-0.2531064040077743,495.44,156717200,590.53,527.6570752688173,0.994944996320869,-0.10630122967960454,2789.4,2801019904,3068.9,2798.042150537635,0.9994876922066456,-0.0046958663957185065,4545.86,4766.18,4507.505913978494,1.0003463142505298
1.64,36122,4.04,1.3972473118279571,1.0077850042112546,-0.2923800821300152,467.89,175769408,590.53,523.3074838709679,0.9917567837110239,-0.1832713346339141,2677.0,2637179904,3068.9,2789.370752688172,0.996900905210525,-0.031930757327107706,4488.28,4766.18,4505.329118279569,0.99951707313524
1.5,36122,4.04,1.3994709677419352,1.0015914547805205,-0.42034961846473995,456.19,120134896,590.53,518.3409677419355,0.9905093730127946,-0.17740405853885022,2574.9,1943859968,3068.9,2774.261505376344,0.9945832775018283,-0.04690440279421526,4392.59,4766.18,4496.914903225807,0.9981323861514084
1.74,36122,4.04,1.4180387096774194,1.0132676864068453,-0.2208002189645606,455.42,185942208,590.53,513.4738279569893,0.9906101580082527,-0.213078016591136,2509.6,2356460032,3068.9,2755.2679569892475,0.9931536560809829,-0.047381146917839345,4271.78,4766.18,4480.793376344086,0.9964149806637086
1.54,36122,4.04,1.4238537634408603,1.0041007722312205,-0.35526804669659817,462.3,203816096,590.53,509.2078924731183,0.9916920098910507,-0.14656808436119895,2478.0,3027109888,3068.9,2734.7604301075266,0.9925569755095145,-0.01727809666895952,4131.93,4766.18,4456.044322580645,0.9944766357908621
1.5,36122,4.04,1.427636559139785,1.0026567304845853,-0.3858807959950753,472.64,185492608,590.53,505.7314193548388,0.9931727823357274,-0.09881426500818169,2461.5,3285600000,3068.9,2713.5830107526886,0.9922562067515343,-0.01653818554514963,4123.34,4766.18,4431.225204301075,0.9944302353201917
1.2,36122,4.04,1.4126021505376345,0.9894690224161747,-0.48614937192743113,464.9,228640496,590.53,501.8601720430107,0.9923452505348261,-0.06342419000148491,2375.3,3504839936,3068.9,2687.2894623655916,0.9903103946763715,-0.032360559170075076,4023.89,4766.18,4400.566344086023,0.9930811775972718
1.21,36122,4.04,1.3994193548387095,0.9906677221934657,-0.4619364739865619,452.37,182658000,590.53,497.32944086021513,0.9909721244378658,-0.05740572241942543,2285.8,3260610048,3068.9,2656.001505376344,0.9883570573890819,-0.03676481672388765,3901.36,4766.18,4362.964645161291,0.9914552591678875
1.33,36122,4.04,1.395225806451613,0.9970033654511089,-0.3279512517530989,478.36,183133504,590.53,494.67281720430105,0.9946582216180104,-0.05525292160112116,2470.3,2907089920,3068.9,2637.6838709677418,0.9931033042068977,-0.03213476930395032,4158.24,4766.18,4343.319806451613,0.9954973646803522
1.44,36122,4.04,1.398924731182796,1.0026511298128797,-0.28919679133243037,479.27,199021504,590.53,492.212,0.995025364000778,-0.07871349573174369,2442.4,2374089984,3068.9,2618.3546236559137,0.9926718862997269,-0.041516836998229834,4108.54,4766.18,4321.430107526882,0.9949601457179793
1.35,36122,4.04,1.3974623655913978,0.9989546502690236,-0.28145329641277894,458.69,187487904,590.53,488.6335483870967,0.9927298570272499,-0.07701280238644215,2286.4,2273639936,3068.9,2590.01311827957,0.9891758338919074,-0.05436930020876851,3900.86,4766.18,4287.408344086021,0.9921271980352978
1.26,36122,4.04,1.3909462365591396,0.9953371702933119,-0.26678327020949755,425.34,227740096,590.53,483.18701075268814,0.9888535331796461,-0.08396862640087066,2174.4,3285469952,3068.9,2555.843655913979,0.9868072242088534,-0.05881894407574362,3674.84,4766.18,4240.486344086022,0.9890558593363931
1.16,36122,4.04,1.3784731182795695,0.9910326381051036,-0.2989516396990506,441.49,165547904,590.53,479.1309032258065,0.991605512075825,-0.09226811120192613,2332.8,2160740096,3068.9,2533.6815053763444,0.9913288316809389,-0.04933865482074096,3911.74,4766.18,4211.0484731182805,0.993057902188791
