9.71,137173,17.5,9.675806451612903,0.9995134890168478,-0.18569224047116306,246.75,22929400,277.12,232.8072258064516,1.0026222483318163,-0.12984061290119497,165.25,502683584,172.21,159.9703870967742,1.0044924247385845,0.08248765419043247,2091.58,2126.64,2006.630924731183,1.0027696322115935
9.44,599276,17.5,9.655827956989247,0.9979352114241262,-0.18954332994298284,241.6,27933400,277.12,233.10116129032258,1.0012625702782754,-0.1062566109769092,167.13,502683584,172.21,160.75666666666666,1.0049151570122588,0.1329279382589421,2065.3,2126.64,2010.13311827957,1.001745310263698
9.02,2784211,17.5,9.610666666666667,0.9953228981995386,-0.26367195414790023,238.43,27462500,277.12,233.20724731182796,1.0004551072200505,-0.14463950879569365,167.13,502683584,172.21,161.48522580645158,1.0045320617483045,0.14199819985466022,2057.14,2126.64,2012.8638279569889,1.0013584720596793
9.08,1888934,17.5,9.57305376344086,0.9960863377609108,-0.22090703625530017,240.23,19315700,277.12,233.46266666666668,1.0010952462146134,-0.1077151046388447,167.09,502683584,172.21,162.16083870967745,1.0041837443633117,0.13468506303016947,2046.61,2126.64,2014.8243225806452,1.0009739827386368
9.16,121339,17.5,9.543075268817205,0.9968684501973506,-0.17067583300939737,240.64,20925100,277.12,233.7766021505376,1.0013446924442062,-0.10593290090500551,163.6,502683584,172.21,162.56679569892472,1.002503421864844,0.1111293797906644,2052.32,2126.64,2017.1241720430105,1.0011414640157905
9.44,438075,17.5,9.533870967741935,0.9990354994783133,-0.0691637037819316,245.66,15329000,277.12,234.46888172043012,1.0029612868162348,-0.09904002032470538,166.24,502683584,172.21,163.11105376344082,1.0033479042394615,0.1034669500019505,2099.06,2126.64,2022.4886021505379,1.002659444659817
9.51,71027,17.5,9.530817204301075,0.9996796932273163,-0.06642075049794327,251.9,18003200,277.12,235.60066666666663,1.004827015584891,-0.07252837519333111,167.18,502683584,172.21,163.67967741935485,1.0034861135575686,0.1376992187824172,2099.13,2126.64,2027.8151827956988,1.0026336764714012
8.85,91461,17.5,9.485612903225807,0.9952570382889236,-0.057881530542163384,246.02,20638200,277.12,236.35668817204302,1.0032089107219975,-0.09004813630920361,171.84,502683584,172.21,164.50544086021506,1.0050449967514572,0.16810548715656193,2096.07,2126.64,2032.944494623656,1.0025294769816673
8.72,255727,17.5,9.433569892473118,0.9945134793836052,-0.06209673564976326,244.39,20106300,277.12,237.00733333333332,1.0027528104506893,-0.042113411570340986,174.23,502683584,172.21,165.42273118279567,1.0055760485354406,0.19125551831723786,2071.22,2126.64,2036.3135268817207,1.0016572180238932
8.82,174341,17.5,9.390215053763443,0.9954041959508598,-0.07653754959152659,249.36,36290800,277.12,237.97245161290323,1.004072103027346,-0.011336641888711751,176.6,502683584,174.23,166.43505376344083,1.0061196098831575,0.2276378962563952,2037.41,2126.64,2037.5398709677422,1.0006022373616992
9.45,229918,17.5,9.389483870967743,0.999922133540977,-0.0358479345399868,264.5,22906600,277.12,239.8959784946236,1.0080829813227679,0.007914410841613817,183.85,502683584,176.6,167.85118279569892,1.0085085984006161,0.2303339594052305,2102.95,2126.64,2043.1079354838712,1.0027327389247527
9.25,105140,16.93,9.37647311827957,0.9986143271699521,-0.05184884800208889,271.3,20511300,277.12,242.20135483870968,1.009609899918092,0.03442638896061645,181.81,502683584,183.85,169.06027956989243,1.0072033854874003,0.19589081167336708,2129.9,2126.64,2050.390494623656,1.003564451497302
9.59,87882,16.93,9.385720430107526,1.0009862249602068,-0.03290206372732252,276.55,21378000,277.12,244.75883870967743,1.0105593293343502,0.05322555111045868,183.0,502683584,183.85,170.26688172043012,1.0071371120029342,0.1678665189463433,2161.74,2129.9,2059.4744946236556,1.004430375591293
9.12,115384,16.93,9.36483870967742,0.9977751606191975,-0.09980405696987293,275.57,27572200,277.12,247.161376344086,1.0098159381988994,0.011890864034588944,183.78,502683584,183.85,171.44617204301073,1.0069261286203441,0.15901915926471877,2175.03,2161.74,2069.0800215053764,1.0046640669291105
9.1,100746,16.93,9.344623655913978,0.9978413879416255,-0.06315219418874374,289.23,56901200,277.12,250.376623655914,1.0130086964208838,0.07868620051374386,182.67,502683584,183.85,172.4840860215054,1.0060538766548504,0.15509481427870586,2173.6,2175.03,2078.3480430107525,1.0044792958266704
9.03,122851,16.93,9.321440860215054,0.9975191300845752,-0.017646425301615976,291.44,24640100,289.23,253.6322795698925,1.0130030346541163,0.09708844623827262,179.35,502683584,183.85,173.23735483870968,1.0043671786457469,0.09735910253605318,2182.87,2175.03,2087.9352903225804,1.004612917140644
9.21,120925,16.93,9.310602150537635,0.9988372280809419,0.10003230878408298,290.1,17931000,291.44,256.68415053763437,1.0120326599316034,0.1755826618275853,179.68,502683584,183.85,173.93901075268815,1.0040502576054209,0.07577029968556981,2184.05,2182.87,2097.0377204301076,1.0043595364998696
9.09,73065,16.93,9.29141935483871,0.9979396825910108,0.06683789156950182,283.54,18363700,291.44,259.15584946236555,1.0096293398698521,0.16827835251499668,172.78,502683584,183.85,174.12139784946237,1.0010485692426614,-0.0053860712678688305,2183.87,2184.05,2105.475376344086,1.0040236071253157
9.06,54958,16.93,9.270645161290322,0.997764152843067,0.01881320654665175,284.36,18170600,291.44,261.54221505376347,1.0092082258469124,0.10786833925605532,171.58,502683584,183.85,174.18077419354836,1.0003410054411424,-0.03279833449788816,2169.04,2184.05,2112.360623655914,1.0032701628283982
8.97,91699,16.93,9.244774193548388,0.9972093670621804,0.0063889859869408205,291.53,20524100,291.44,264.278688172043,1.0104628352930216,0.18275429206909966,173.2,502683584,183.85,174.31572043010752,1.0007747481728908,-0.08628971440571909,2179.98,2184.05,2119.459634408602,1.0033607001916187
8.93,72561,16.93,9.216709677419354,0.9969642832219073,0.00024313268065367932,280.38,29324500,291.53,266.1317419354839,1.007011741189795,0.17607122186761748,168.88,502683584,183.85,174.1465376344086,0.9990294461378384,-0.08191069484080837,2127.81,2184.05,2122.5478279569893,1.0014570664608335
8.71,194986,16.93,9.174516129032257,0.9954220595132264,-0.0323470804097713,282.91,40047300,291.53,267.9912688172043,1.0069872419884855,0.2317920603799024,169.74,502683584,183.85,174.01255913978494,0.9992306565697854,-0.0621965385687675,2139.16,2184.05,2125.802623655914,1.001533438095507
8.95,202158,16.93,9.148989247311828,0.9972176318226036,-0.05370864153417254,288.33,27033200,291.53,270.0418709677419,1.007651749848374,0.135882241934961,173.0,502683584,183.85,174.0704516129032,1.0003326913494317,-0.05076975769632375,2164.69,2184.05,2130.228430107527,1.0020819460858514
8.9,192377,16.93,9.120752688172042,0.9969136963246423,-0.05512149464784344,287.14,18355600,291.53,271.8809247311828,1.0068102541167054,0.14803130186924673,170.58,502683584,183.85,173.95101075268815,0.9993138360984972,-0.059328164769390845,2168.27,2184.05,2134.419311827957,1.0019673391178139
8.66,100228,16.93,9.078516129032257,0.995369180528866,-0.07394712505747236,279.32,27568600,291.53,273.10133333333334,1.0044887614066975,0.21301477491587684,164.03,502683584,183.85,173.40010752688173,0.9968329978456425,-0.0914080749891667,2153.74,2184.05,2137.3108817204293,1.0013547337566
8.65,149041,16.93,9.038881720430107,0.9956342635691968,0.005214461588938568,287.47,28272700,291.53,274.7412043010753,1.0060046245389085,0.2560811247123196,165.11,502683584,183.85,172.92843010752688,0.9972798320250077,-0.06876990732448052,2132.98,2184.05,2138.5801935483873,1.000593882639542
8.45,270955,16.93,8.98989247311828,0.9945801650218412,-0.010232257845694148,287.69,29778700,291.53,276.27191397849464,1.0055714601721768,0.24530241758750648,158.84,502683584,183.85,172.0624946236559,0.9949925209907212,-0.12170470647154474,2141.16,2184.05,2140.1978924731184,1.0007564359426928
8.02,306110,16.93,8.916623655913979,0.991849867234409,-0.05121616930600159,292.32,33211000,291.53,277.975311827957,1.0061656569606816,0.25780280796848787,157.87,502683584,183.85,171.1596989247312,0.9947530942120806,-0.1091438902655012,2126.41,2184.05,2140.637698924731,1.0002054980304202
7.69,316525,16.93,8.826602150537633,0.989904081539133,-0.10206359259348408,282.91,23847300,292.32,278.9649462365592,1.0035601521663717,0.2624156900424044,154.25,502683584,183.85,170.0541935483871,0.9935410883327724,-0.10129017376916882,2085.18,2184.05,2138.3021720430106,0.998908957418206
7.66,434612,16.93,8.739763440860216,0.9901617056941749,-0.09570535283139525,288.79,39724100,292.32,280.2350967741936,1.0045530829402392,0.2755709461703565,154.1,502683584,183.85,168.96901075268818,0.9936186060863583,-0.11924615845765307,2164.45,2184.05,2141.000021505376,1.0012616783061057
7.46,588600,16.93,8.644193548387097,0.9890649337227699,-0.1197355935084039,294.79,27843800,292.32,281.79066666666665,1.0055509460106151,0.25723940486172536,158.76,502683584,183.85,168.21290322580643,0.9955251704231823,-0.08245649326999027,2181.9,2184.05,2144.6436344086023,1.0017018275883363
7.5,809167,16.93,8.556043010752688,0.9898023410580786,-0.1295517679662983,301.27,14844800,294.79,283.6609892473119,1.0066372765385365,0.2931243371897361,166.1,502683584,183.85,167.9443010752688,0.9984032012682341,-0.07784736827011385,2213.35,2184.05,2150.122043010753,1.0025544610369084
7.38,1160638,16.93,8.464322580645161,0.9892800410198664,-0.09336893044217631,297.17,25662200,301.27,285.1384731182796,1.0052086255317947,0.3340484625414647,163.3,502683584,183.85,167.4972688172043,0.9973382112092974,-0.08844902261284582,2191.95,2213.35,2153.9014193548387,1.0017577496851267
7.84,735436,16.93,8.405806451612904,0.9930867321661319,-0.08197663282896006,308.65,214267696,301.27,287.2302795698925,1.0073361073612301,0.32190207621362954,169.57,502683584,183.85,167.46298924731184,0.9997953425143317,-0.08919315319376198,2259.53,2213.35,2161.7508817204302,1.003644299732131
7.78,896632,16.93,8.346086021505377,0.9928953360452324,-0.1489258019480324,311.35,104543800,308.65,289.34913978494626,1.0073768692431264,0.31005538460530546,173.41,502683584,183.85,167.6711182795699,1.0012428360033074,-0.04028907210359889,2258.07,2259.53,2169.048258064516,1.0033756786712993
7.95,755934,16.93,8.300301075268816,0.994514201492941,-0.1632539282997344,318.69,58911000,311.35,291.7894838709678,1.008433908211496,0.33460416137687,177.57,502683584,183.85,168.12653763440863,1.0027161467014216,-0.010323509926763341,2263.79,2259.53,2176.272193548387,1.0033304632375109
8.02,600853,16.93,8.262236559139785,0.9954140800696439,-0.17051163872518738,314.81,68337000,318.69,293.82245161290325,1.0069672412965864,0.2803677254658319,176.61,502683584,183.85,168.49565591397848,1.0021954789812688,-0.010145112117717625,2238.83,2263.79,2181.531548387097,1.0024166806221673
8.28,483585,16.93,8.24415053763441,0.9978110017334993,-0.12892425227545312,316.23,122065000,318.69,295.81174193548384,1.0067703822892384,0.29592409043819956,174.57,502683584,183.85,168.71288172043012,1.0012892071624835,-0.07042226893063219,2276.98,2263.79,2188.9517634408603,1.0034013787512033
8.33,627800,16.93,8.230516129032258,0.9983461718050987,-0.10782333831742863,318.17,84057000,318.69,297.7752043010753,1.0066375403246153,0.34226231966915954,172.67,502683584,183.85,168.8016559139785,1.000526185034854,-0.10716632953302252,2274.64,2276.98,2195.831956989247,1.0031431453462325
8.14,555185,16.93,8.205462365591396,0.996955991210261,-0.16675003831045165,325.76,115924000,318.69,300.06967741935483,1.0077053867653791,0.3379776809666615,174.03,502683584,183.85,168.9815268817204,1.001065575848578,-0.12935527842976835,2271.31,2276.98,2202.059849462366,1.002836233644062
8.06,975105,16.93,8.176709677419353,0.9964959088359708,-0.18826739733559594,333.25,125080000,325.76,302.6830752688172,1.0087093033589332,0.3431205912280819,171.0,502683584,183.85,168.971440860215,0.9999403128750727,-0.16107061565088554,2294.69,2276.98,2209.2931182795696,1.0032847739442547
7.95,1508460,16.93,8.14384946236559,0.9959812422905868,-0.1657352825074344,327.38,176291008,333.25,304.76991397849457,1.00689446777896,0.29146961629746715,167.75,502683584,183.85,168.779311827957,0.9988629496719689,-0.15598505989297995,2297.42,2294.69,2216.2901720430104,1.0031671006918672
7.79,97506,16.93,8.103462365591398,0.9950407854466331,-0.17178238684381453,334.77,95029000,333.25,307.2129247311828,1.0080159183719841,0.289935255571367,168.24,502683584,183.85,168.64903225806452,0.9992281069967551,-0.15206117961745136,2316.1,2297.42,2224.132129032258,1.0035383259323027
7.93,165319,16.93,8.075978494623655,0.9966083792670596,-0.1375182346732311,342.89,171416000,334.77,310.0546021505376,1.0092498628494921,0.3330874787452016,168.65,502683584,183.85,168.57694623655917,0.999572567831904,-0.16330488836559565,2351.16,2316.1,2233.9040645161294,1.0043935948572098
7.97,118172,16.93,8.05363440860215,0.9972332657848978,-0.19308041781539997,338.0,70582000,342.89,312.43602150537635,1.007680645080967,0.23742185993338416,172.62,502683584,183.85,168.79352688172045,1.0012847583847992,-0.14415047939673886,2367.34,2351.16,2244.3410967741934,1.0046721040638442
8.07,1045089,16.93,8.040172043010752,0.9983284111360929,-0.1607275865738168,344.48,80259000,342.89,315.13062365591395,1.0086244925842882,0.2401084228427689,170.67,502683584,183.85,168.90591397849465,1.0006658258693353,-0.14013401423654992,2383.12,2367.34,2255.3795483870967,1.004918348475982
8.11,177573,16.93,8.031354838709678,0.9989033562647781,-0.21116817473641813,331.17,100919000,344.48,316.8524516129033,1.0054638547565258,0.230989861186345,170.17,502683584,183.85,169.00470967741936,1.0005849155698436,-0.13925786768896797,2372.6,2383.12,2265.3086451612903,1.0044024061410393
8.28,115601,16.93,8.035870967741936,1.000562312227881,-0.2025064970680448,341.49,78532000,344.48,319.1517634408603,1.0072567272755903,0.2595486861653087,172.3,502683584,183.85,169.261376344086,1.0015186953497126,-0.09178522886230733,2378.25,2383.12,2275.196774193548,1.004365025072137
8.35,132038,16.93,8.046645161290321,1.001340762388002,-0.14362011747819747,342.19,86610000,344.48,321.37161290322587,1.0069554666984535,0.24711526995821698,169.01,502683584,183.85,169.30681720430107,1.0002684656192486,-0.0956316279107442,2343.98,2383.12,2282.4559139784947,1.0031905547103808
8.35,79008,16.93,8.05894623655914,1.0015287209790231,-0.13364472561341945,346.68,75376000,344.48,323.7567741935484,1.0074218169700033,0.2394756779124072,167.68,502683584,183.85,169.2719784946236,0.999794227366312,-0.11569712686941802,2362.72,2383.12,2290.547870967742,1.0035452851201592
7.81,140231,16.93,8.037741935483872,0.9973688494186652,-0.250382829812828,340.08,71448000,346.68,325.5975268817204,1.0056856036225255,0.21868900440386252,165.83,502683584,183.85,169.12965591397847,0.999159207673291,-0.12508569435590444,2355.54,2383.12,2297.783612903226,1.0031589568710595
7.87,81350,16.93,8.022817204301074,0.9981431686532618,-0.214496134270596,341.02,45775000,346.68,327.37053763440866,1.0054454060805331,0.19592185487286895,165.32,502683584,183.85,168.96098924731186,0.9990027374811642,-0.11476156685987426,2328.95,2383.12,2302.8141290322583,1.002189290628057
7.98,154873,16.93,8.01679569892473,0.9992494525024058,-0.2223356069021888,346.4,58829000,346.68,329.36567741935477,1.0060944390395148,0.22643050351544325,162.73,502683584,183.85,168.6347311827957,0.9980690331776016,-0.14436478549559106,2348.69,2383.12,2308.710043010752,1.0025603082351122
8.09,239839,16.93,8.019956989247312,1.0003943334021854,-0.16052930336896798,360.8,102153000,346.68,332.16496774193547,1.0084990347036573,0.2836202000689435,160.33,502683584,183.85,168.1757204301075,0.9972780770042523,-0.1596754138834905,2384.2,2383.12,2316.501225806451,1.0033746909098809
8.49,122487,16.93,8.050666666666668,1.00382915737086,-0.1323478624279696,349.66,158892992,360.8,334.0871397849462,1.0057867994210157,0.22228733658241273,158.45,502683584,183.85,167.61746236559142,0.9966805073699798,-0.14802914366365938,2399.29,2384.2,2324.8015913978493,1.0035831475066492
8.63,95024,16.93,8.090774193548388,1.0049818888971993,-0.1833790747305274,345.06,123334000,360.8,335.5612688172043,1.0044124087901347,0.19576346902867914,157.44,502683584,183.85,167.00604301075268,0.996352293214503,-0.16737390661156204,2390.9,2399.29,2332.032602150538,1.003110377582089
8.78,125588,16.93,8.140602150537633,1.0061586142187702,-0.08836073002383937,349.14,151083008,360.8,337.17477419354844,1.0048083778620562,0.20218150139373803,156.41,502683584,183.85,166.34466666666668,0.9960398059126315,-0.12765339864609704,2381.73,2399.29,2338.1173333333336,1.0026091964482762
9.09,126203,16.93,8.209720430107526,1.0084905610533157,0.024850063785702092,358.05,87321000,360.8,339.23096774193556,1.006098301847477,0.17052477103694152,155.99,502683584,183.85,165.6614193548387,0.9958925805947412,-0.14801116541313863,2415.82,2399.29,2345.884064516129,1.0033217884629095
9.22,78941,16.93,8.284924731182798,1.0091603973260133,0.03374769021021318,365.41,67064000,360.8,341.6206451612903,1.007044396433679,0.20864678781906454,159.62,502683584,183.85,165.21640860215055,0.9973137333096552,-0.13490314879866183,2439.07,2415.82,2354.528408602151,1.0036848982508457
8.89,126420,16.93,8.335548387096773,1.0061103338360382,0.0067012965144106484,341.4,98437000,365.41,342.28387096774196,1.0019414102041124,0.08738061919089879,159.93,502683584,183.85,164.77984946236558,0.9973576526479507,-0.08567224021688813,2431.77,2439.07,2361.9407311827954,1.0031481134623663
8.96,113425,16.93,8.388043010752687,1.006297680874503,-0.025122304206505408,335.8,98155000,365.41,342.47266666666667,1.0005515763812969,0.03305537480713028,160.06,502683584,183.85,164.33913978494624,0.9973254637696463,-0.10696347123314442,2433.15,2439.07,2368.867204301075,1.0029325346850728
8.89,108944,16.93,8.432795698924734,1.005335295505123,0.05619716935090291,338.38,113105000,365.41,342.7397204301075,1.0007797812480632,0.029088426618419483,155.71,502683584,183.85,163.61498924731183,0.9955935601307027,-0.16418594994277458,2438.3,2439.07,2375.585612903226,1.0028361271539208
9.19,416958,16.93,8.493913978494623,1.0072476888747206,0.10055450109033859,329.36,117506000,365.41,342.34503225806446,0.9988484317733942,0.017796327739108664,154.03,502683584,183.85,162.80479569892472,0.9950481703900462,-0.1623621614283195,2423.41,2439.07,2380.8596129032258,1.0022200841642388
9.08,100286,16.93,8.544043010752688,1.0059017588811217,0.09361707405814834,326.3,50443000,365.41,341.6836989247312,0.9980682257050111,0.02151740620133591,150.68,502683584,183.85,161.79840860215052,0.9938184431702164,-0.18471112848440363,2425.18,2439.07,2385.7500430107525,1.002054060676666
9.29,68920,16.93,8.60505376344086,1.0071407356694473,0.176922725043009,334.3,97708000,365.41,341.5005376344086,0.9994639448972866,0.019551215031996083,149.14,502683584,183.85,160.73329032258064,0.9934170039818567,-0.22905996731782496,2459.27,2439.07,2392.4835913978495,1.0028224031292898
9.37,178438,16.93,8.667978494623656,1.007312532020443,0.1402775665952578,340.16,84291000,365.41,341.64608602150537,1.0004262025123152,0.0014758037104602995,150.66,502683584,183.85,159.8184301075269,0.9943082094989925,-0.2437584861293446,2472.54,2459.27,2399.640580645161,1.0029914475790114
9.31,101406,16.93,8.723978494623655,1.006460560560312,0.17588518363529115,334.47,76432000,365.41,341.37836559139794,0.9992163808073289,0.0033114298117933316,161.19,502683584,183.85,159.64079569892473,0.998888523629705,-0.19150383928792936,2472.1,2472.54,2406.320258064516,1.0027836157936447
9.38,139612,16.93,8.781720430107528,1.0066187617862032,0.15722617080483436,349.35,127256000,365.41,342.02836559139786,1.0019040456734096,0.06973827066797367,161.07,502683584,183.85,159.4885806451613,0.9990465153152299,-0.16510264027977317,2476.83,2472.54,2412.803440860215,1.0026942310666966
9.21,155835,16.93,8.826129032258065,1.0050569364515733,0.09368387208193774,342.58,71528000,365.41,342.17036559139785,1.0004151702440074,0.03833945123331839,158.89,502683584,183.85,159.22475268817203,0.9983457877929439,-0.1530829387930479,2441.32,2476.83,2416.5658709677423,1.0015593603870965
9.1,70287,16.93,8.861548387096773,1.00401301122035,0.12211237959647447,338.15,46856000,365.41,341.97406451612903,0.9994263060305367,0.005305532015194014,155.98,502683584,183.85,158.80281720430108,0.9973500634998801,-0.17162569720924692,2425.55,2476.83,2418.9524301075267,1.00098758290368
9.12,122690,16.93,8.896193548387098,1.003909605836015,0.06793145065783524,345.12,47894000,365.41,342.20079569892476,1.0006630069538067,-0.030738060907561815,159.06,502683584,183.85,158.61840860215054,0.9988387573633956,-0.13447817474561596,2443.05,2476.83,2422.136322580645,1.001316227815599
9.45,306877,16.93,8.949849462365592,1.0060313339280058,0.14855102493397454,345.71,37943000,365.41,342.4400645161291,1.0006992059054558,-0.004617664182184011,156.92,502683584,183.85,158.32161290322583,0.9981288697728071,-0.14253042845015507,2476.55,2476.83,2427.162451612903,1.002075080987557
9.53,130202,16.93,9.005440860215053,1.0062114338440244,0.2059088283557664,332.67,53565000,365.41,341.798623655914,0.9981268521803328,-0.06467921838144086,149.85,502683584,183.85,157.59197849462365,0.9953914415396452,-0.17205585370557197,2461.43,2476.83,2430.827870967742,1.001510166471306
9.58,80631,16.93,9.060516129032257,1.0061157770809999,0.23184895143850048,326.08,74923000,365.41,340.7365376344086,0.9968926556516079,-0.1036027506653775,155.68,502683584,183.85,157.2780215053763,0.9980077857245884,-0.1403075783719595,2500.23,2476.83,2436.6839784946233,1.0024091000423447
9.52,149521,16.93,9.108172043010754,1.005259735019487,0.2660918285971007,345.1,137816992,365.41,340.9376989247312,1.0005903719387395,0.017824259667717612,161.59,502683584,183.85,157.37324731182795,1.000605461624836,-0.12087291790659616,2502.22,2500.23,2442.347892473119,1.002324435186706
9.4,297976,16.93,9.144752688172042,1.0040162444218825,0.21971158430994597,329.87,113669000,365.41,340.14101075268815,0.9976632441218566,-0.05651346666893975,162.37,502683584,183.85,157.54251612903226,1.0010755882597309,-0.10580061622568526,2519.36,2502.22,2448.827548387097,1.0026530437919787
9.52,77804,16.93,9.18621505376344,1.0045340062225003,0.22853917707094307,329.91,111219000,365.41,339.3783225806452,0.9977577294476923,-0.06122374057615432,160.56,502683584,183.85,157.61286021505376,1.0004465085854277,-0.13096084239158834,2549.33,2519.36,2456.94776344086,1.0033159603497237
9.7,112052,16.93,9.236258064516129,1.0054476202069955,0.2706553479349644,324.08,106442000,365.41,338.24221505376346,0.9966523862860693,-0.10926817350853202,153.11,502683584,183.85,157.2232258064516,0.997527902177078,-0.18492538694796423,2553.17,2549.33,2464.9356559139783,1.003251144607947
9.49,112787,16.93,9.269698924731182,1.0036206069580849,0.22042166645871664,318.76,71373000,365.41,336.8003225806452,0.9957371007847465,-0.11071117824740928,154.76,502683584,183.85,156.98131182795697,0.998461334340052,-0.18296299023317364,2575.21,2553.17,2473.969311827957,1.0036648647977098
9.05,151797,16.93,9.272301075268818,1.000280715755578,0.14003125860289978,328.5,94402000,365.41,336.03720430107523,0.9977342115538289,-0.06983960502036812,149.87,502683584,183.85,156.45455913978498,0.9966444879200062,-0.19862889216956325,2581.07,2575.21,2482.8837634408605,1.0036032991881847
9.08,449829,16.93,9.275333333333332,1.0003270232534405,0.25149254847868696,309.84,165719008,365.41,334.109311827957,0.9942628600391792,-0.1161259494557837,145.95,502683584,183.85,155.71320430107528,0.9952615325319646,-0.21850038245252867,2587.84,2581.07,2491.7654193548387,1.0035771533266098
8.97,161099,16.93,9.268537634408602,0.9992673364201039,0.24327959051115478,295.15,202952000,365.41,331.29870967741937,0.9915877766615948,-0.1870627634108034,143.99,502683584,183.85,154.8881505376344,0.9947014527949369,-0.23780542974355756,2582.3,2587.84,2499.7900860215054,1.0032204743690296
8.84,215332,16.93,9.250989247311828,0.9981066714309249,0.2950729121050867,308.19,102621000,365.41,329.42804301075273,0.994353534704412,-0.14675807040313338,145.16,502683584,183.85,154.18445161290325,0.995456728469618,-0.20596531004293317,2578.85,2587.84,2507.0473333333334,1.002903142688824
8.95,226069,16.93,9.23868817204301,0.9986702962310336,0.276747876166499,314.42,53246000,365.41,328.04148387096774,0.9957910106039766,-0.1896624796409382,147.77,502683584,183.85,153.6869247311828,0.9967731708579181,-0.1698659834073769,2602.42,2587.84,2515.3302580645163,1.0033038565411407
8.76,449036,16.93,9.212279569892473,0.9971415203480455,0.14506157753530524,310.65,89715000,365.41,326.51144086021503,0.9953358246259045,-0.16471030331153635,157.69,502683584,183.85,153.85640860215054,1.0011027865334945,-0.10604725245313285,2642.22,2602.42,2525.7116344086025,1.0041272418644835
8.83,270656,16.93,9.189806451612903,0.9975605258059018,0.18651167320029793,311.29,106725000,365.41,325.10658064516133,0.9956973629734,-0.15427278676358058,158.08,502683584,183.85,154.052688172043,1.0012757321692072,-0.10493157150401222,2651.5,2642.22,2536.1692903225808,1.0041404789729398
8.73,466133,16.93,9.160451612903227,0.9968057174148076,0.1772546386680427,311.42,130330000,365.41,323.7827311827957,0.9959279524279746,-0.16023567505745606,164.42,502683584,183.85,154.65662365591402,1.0039203177240021,-0.07226171426562078,2675.81,2651.5,2547.6349032258067,1.004520838946744
8.88,257781,16.93,9.140881720430105,0.9978636541843029,0.145908416824996,318.45,122166000,365.41,322.9935483870967,0.9975626161629557,-0.13164797264006045,166.77,502683584,183.85,155.39494623655912,1.0047739473628219,-0.04162973303595763,2683.34,2675.81,2558.9538924731182,1.0044429400904265
8.88,336620,16.93,9.121763440860216,0.9979084862757649,0.10510083056341402,320.23,52273000,365.41,322.4043655913978,0.9981758682220091,-0.14976565921127083,166.07,502683584,183.85,156.0649247311828,1.0043114561370854,-0.05575113169891943,2673.61,2683.34,2569.0698279569892,1.0039531526979153
9.21,333578,16.93,9.124666666666668,1.0003182746214891,0.14721208622464121,323.88,90004000,365.41,322.1478279569893,0.9992042985089923,-0.06070872141117856,163.93,502683584,183.85,156.58296774193545,1.0033194070457854,-0.10303570686131192,2743.15,2683.34,2583.167827956989,1.0054875892615232
9.33,245499,16.93,9.134623655913979,1.0010912167656145,0.21179839574397885,318.37,113159000,365.41,321.5734838709678,0.9982171412122691,-0.013400292381829049,160.48,502683584,183.85,156.8698279569892,1.0018320013931945,-0.14249239688642024,2786.24,2743.15,2599.3761935483876,1.0062746080281657
9.23,269238,16.93,9.137333333333334,1.0002966381015161,0.1857333639830291,316.21,100701000,365.41,320.89726881720424,0.9978971678708595,-0.03368517922904868,161.2,502683584,183.85,157.2022365591398,1.002119009158611,-0.11730746076411624,2810.3,2786.24,2616.3774838709674,1.0065405270559824
9.78,164903,16.93,9.174795698924731,1.0040999232735368,0.21916148653231982,321.68,91713000,365.41,320.6216344086021,0.999141050936276,-0.023569193619663475,166.88,502683584,183.85,157.88929032258065,1.0043705088329475,-0.10204062760678911,2872.87,2810.3,2636.615548387097,1.0077351470270977
9.85,527397,16.93,9.215505376344083,1.004437120864078,0.1609636012649961,314.19,128217000,365.41,319.8792903225807,0.9976846725038043,-0.02777635142319257,164.75,502683584,183.85,158.41129032258064,1.0033061140431596,-0.04556144834598186,2762.13,2872.87,2648.7425161290316,1.0045994448259068
8.91,379007,16.93,9.193913978494624,0.9976570576471169,0.042000163899095444,294.95,151882000,365.41,317.9216989247312,0.9938802183915207,-0.053713068818704524,155.32,502683584,183.85,158.29464516129033,0.9992636562643181,-0.023736236308402825,2619.55,2872.87,2650.9461505376344,1.0008319549352889
9.43,253033,16.93,9.20668817204301,1.0013894184324834,0.07848241004467116,300.55,79393000,365.41,316.4100215053763,0.9952451266319108,-0.06166025065612457,159.08,502683584,183.85,158.40729032258065,1.0007116170049564,-0.049138172556335125,2732.22,2872.87,2660.074129032258,1.0034432908012003
9.49,93948,16.93,9.223204301075267,1.0017939272758698,0.05092745600264392,302.19,62501000,365.41,315.0893333333334,0.9958260229377076,-0.03670347278377528,155.24,502683584,183.85,158.25408602150537,0.9990328456426261,-0.14823531737084317,2747.3,2872.87,2669.616559139785,1.0035872797691539
9.46,250506,16.93,9.237397849462367,1.0015388955859348,0.039609594754463906,312.48,81773000,365.41,314.50193548387097,0.9981357736129994,-0.021903036686535704,154.1,502683584,183.85,158.04012903225808,0.9986480160188836,-0.12984344492388156,2691.25,2872.87,2674.9510322580645,1.0019982169724024
9.66,123145,16.93,9.264322580645162,1.0029147527931108,0.1096784640218923,322.94,63393000,365.41,314.6686666666667,1.000530143582548,-0.02609710371060825,156.9,502683584,183.85,158.0218064516129,0.999884063745345,-0.15394378400576703,2786.57,2872.87,2685.9740645161287,1.0041208351574045
9.65,140057,16.93,9.28963440860215,1.0027321833557339,0.11887806479011309,321.37,81841000,365.41,314.7763440860216,1.0003421930136722,-0.02927160935857398,155.86,502683584,183.85,157.94066666666671,0.9994865279244164,-0.13536148375794899,2752.01,2872.87,2694.024946236559,1.0029973788007818
9.31,204993,16.93,9.291827956989247,1.0002361286021186,0.11606963817974492,305.37,151802000,365.41,313.8878494623657,0.9971773780325338,-0.03656346823833989,147.07,502683584,183.85,157.292688172043,0.9958973296219442,-0.13481835719771074,2588.26,2872.87,2690.809247311828,0.9988063588909141
9.39,296974,16.93,9.298774193548388,1.0007475640521213,0.058978191588624274,314.89,118141000,365.41,313.69903225806456,0.9993984564721937,-0.03604859343030142,151.65,502683584,183.85,156.96597849462367,0.997922918851371,-0.09993435828015795,2640.87,2872.87,2690.6754623655916,0.999950280776547
9.45,106059,16.93,9.309720430107525,1.0011771698431748,-0.001808590949778699,312.58,146606000,365.41,313.42746236559145,0.9991342979590396,0.006044929463445481,151.38,502683584,183.85,156.6331827956989,0.9978798227353696,-0.04790235037449064,2604.47,2872.87,2687.839913978495,0.9989461574140928
8.86,104356,16.93,9.282774193548388,0.997105580477799,-0.07556321250490705,315.25,247019008,365.41,313.37135483870964,0.999820987202403,0.04466235872240476,150.53,502683584,183.85,156.2422580645161,0.9975042023394706,-0.09550293546683342,2656.3,2872.87,2688.040623655914,1.0000746732260262
9.7,581010,16.93,9.311569892473118,1.0031020574587222,0.0070244891596917824,317.45,117427000,365.41,313.4804731182795,1.0003482075750862,-0.01925782950840582,150.05,502683584,183.85,155.83144086021508,0.9973706396119071,-0.1385237180872957,2670.14,2872.87,2688.798602150537,1.0002819817855255
9.94,162697,16.93,9.355462365591398,1.0047137565013349,0.02198463759460112,340.04,207788992,365.41,315.1064731182796,1.0051869259473352,0.07038856003028082,152.3,502683584,183.85,155.59060215053765,0.9984544921849663,-0.12177608577985888,2669.91,2872.87,2689.180623655914,1.0001420788842539
9.73,109996,16.93,9.384645161290322,1.0031193322744,-0.08900561400734341,315.65,415504992,365.41,315.13705376344086,1.0000970486098195,-0.008105516105191057,145.32,502683584,183.85,154.92109677419353,0.9956970063288504,-0.13967072282780468,2663.42,2872.87,2688.8201720430106,0.9998659622898765
10.1,145024,16.93,9.437247311827958,1.0056051294037849,-0.13306925373640488,317.63,205200000,365.41,315.32604301075264,1.0005997049380733,0.02594474810005154,146.65,502683584,183.85,154.37017204301077,0.9964438366197099,-0.11055788026539826,2727.72,2872.87,2692.3627526881723,1.0013175223400939
9.86,101792,16.93,9.473505376344086,1.0038420169905566,-0.14335447272189938,312.61,132506000,365.41,315.20503225806453,0.9996162360979363,0.049639583443245705,144.75,502683584,183.85,153.71055913978495,0.9957270702332182,-0.11817546252572231,2712.97,2872.87,2694.5783440860214,1.0008229171182959
9.58,91823,16.93,9.490903225806452,1.0018364743324903,-0.07230481602536432,317.05,121132000,365.41,315.3836989247312,1.0005668268218524,-0.00019919893227704488,146.49,502683584,183.85,153.18473118279567,0.9965791032188551,-0.07689468314245995,2721.33,2872.87,2697.037032258064,1.0009124574824253
9.44,154591,16.93,9.498129032258065,1.0007613402307134,-0.15690214986429885,313.06,140000992,365.41,315.3295698924731,0.9998283708624045,0.04440236161493771,145.23,502683584,183.85,152.5848817204301,0.9960841432580525,-0.06165231340162369,2734.62,2872.87,2700.0515053763443,1.00111769808209
9.68,153618,16.93,9.520064516129032,1.0023094531350827,-0.1511748607030754,321.59,131332000,365.41,315.81883870967744,1.001551610961735,0.14296542403466828,150.11,502683584,183.85,152.3014193548387,0.9981422644078805,-0.033681070402034496,2779.03,2872.87,2705.615483870967,1.0020606934658631
9.63,177521,16.93,9.537247311827956,1.001804903282936,-0.24676097126680152,316.32,190934000,365.41,315.911247311828,1.0002926000314867,0.08302924284398416,147.15,502683584,183.85,151.81382795698926,0.9967985104806315,-0.06415903120992383,2779.66,2872.87,2710.797032258065,1.0019151089347273
9.37,177536,16.93,9.535956989247314,0.9998647070230587,-0.24624055418505209,326.65,192852992,365.41,316.652623655914,1.002346786796591,0.0751711954953147,146.39,502683584,183.85,151.2729247311828,0.9964370622025307,-0.0679227707982395,2754.88,2872.87,2713.948021505376,1.0011623847930387
9.08,154048,16.93,9.515053763440859,0.997807957205551,-0.18884306806183426,329.42,149995008,365.41,317.5464086021505,1.002822603949771,0.08170241775759635,148.12,502683584,183.85,150.84660215053762,0.9971817654652823,-0.0895091545868123,2718.37,2872.87,2714.415655913979,1.0001723077984168
9.52,114321,16.93,9.521849462365592,1.000714204994915,-0.2762988582578312,337.22,88999000,365.41,318.9030537634408,1.0042722736725707,0.0778661431327261,151.33,502683584,183.85,150.64795698924732,0.9986831313502702,-0.08355224651312654,2759.82,2872.87,2717.393720430108,1.0010971291407196
9.28,141627,16.93,9.511677419354838,0.998931715624054,-0.28829289279153225,336.68,111684000,365.41,320.1690967741936,1.00396999337514,0.0922282894368146,148.94,502683584,183.85,150.30963440860214,0.9977542172664888,-0.14105081612078207,2801.31,2872.87,2722.815612903226,1.00199525465609
8.77,177007,16.93,9.46741935483871,0.9953469758734597,-0.3649882670967012,330.65,96085000,365.41,320.9917849462365,1.0025695427208052,0.042085838776581785,146.2,502683584,183.85,149.82782795698924,0.9967945737243752,-0.1675011812799494,2801.83,2872.87,2728.0011612903227,1.0019044801868047
9.51,208982,16.93,9.471139784946237,1.0003929719354434,-0.20677274589133154,339.04,118745000,365.41,322.3295268817204,1.004167527015397,0.07649631573210813,147.88,502683584,183.85,149.4986451612903,0.9978029261974389,-0.16384445926719837,2818.82,2872.87,2734.0280215053763,1.002209258669158
9.66,103935,16.93,9.483182795698925,1.0012715482007593,-0.1778671126110134,341.79,139384992,365.41,323.8042365591398,1.0045751616108087,0.0205861093620634,151.16,502683584,183.85,149.4201935483871,0.9994752352918076,-0.113332819988327,2840.35,2872.87,2741.1316344086026,1.0025982224203083
9.23,373553,16.93,9.466516129032257,0.9982425028573501,-0.2258397040761797,345.22,173660000,365.41,325.4617204301075,1.0051187837706534,0.03237230856727025,152.21,502683584,183.85,149.43694623655915,1.0001121179659471,-0.06841586902322783,2833.28,2872.87,2747.570086021505,1.002348829779673
9.19,154189,16.93,9.447483870967742,0.9979895182340475,-0.2536057817371532,359.41,135276992,365.41,327.9769462365591,1.0077281770744888,0.06320425059341561,157.77,502683584,183.85,149.83019354838711,1.0026315266855457,-0.03545077973978905,2850.13,2872.87,2754.9944731182795,1.0027021647726282
9.23,267114,16.93,9.431118279569892,0.9982677301574293,-0.3120318846657545,359.09,99061000,365.41,330.37862365591405,1.0073227019365645,0.07796554587461335,156.61,502683584,183.85,150.15597849462367,1.0021743611118765,-0.06217474005778134,2874.69,2872.87,2763.9177204301077,1.0032389347415744
8.81,199363,16.93,9.388838709677419,0.9955170141398755,-0.3099344485007478,356.9,115613000,365.41,332.55855913978496,1.0065982945862177,0.06234155041136624,153.99,502683584,183.85,150.3348172043011,1.0011910195749136,-0.11577575501196491,2901.52,2874.69,2774.5680215053767,1.0038533350673013
8.77,130712,16.93,9.346215053763443,0.995460178065468,-0.20967765389232673,353.79,105381000,365.41,334.446,1.005675514306705,0.0936318334479449,154.1,502683584,183.85,150.5438924731183,1.0013907308546701,-0.10410410728620012,2871.68,2901.52,2782.9933978494623,1.0030366443636565
8.98,661374,16.93,9.317440860215052,0.9969212998649326,-0.24348833358588295,359.22,127638000,365.41,336.55722580645164,1.0063126059407248,0.10663192578808234,158.55,502683584,183.85,151.04268817204303,1.0033132908331954,-0.06656228999304514,2904.98,2901.52,2793.0249462365587,1.0036045893586554
9.32,132927,16.93,9.311569892473118,0.9993698948209049,-0.21260457603214822,358.8,168640000,365.41,338.515182795699,1.0058176049691274,0.10297413477507145,158.86,502683584,183.85,151.562623655914,1.00344230819885,-0.04306280595204881,2929.67,2904.98,2804.277870967742,1.0040289381397562
9.13,80414,16.93,9.293806451612904,0.9980923258843202,-0.2818621977514245,353.37,132278000,365.41,340.0010752688172,1.0043894411495717,0.035517506719648484,160.55,502683584,183.85,152.1838064516129,1.004098522318465,-0.04090486118248582,2913.98,2929.67,2814.126344086021,1.0035119462376532
8.98,206189,16.93,9.267075268817203,0.9971237637737699,-0.31675499030971144,361.82,138143008,365.41,341.94419354838715,1.0057150356893243,0.09276002974827668,156.96,502683584,183.85,152.55950537634408,1.002468718147424,-0.0351451390266031,2885.57,2929.67,2821.662924731183,1.0026781244776022
8.96,333570,16.93,9.240516129032256,0.9971340321498935,-0.3563129807164507,354.63,179040000,365.41,343.33982795698927,1.0040814683651138,0.11832568940727595,152.11,502683584,183.85,152.62217204301078,1.000410768680143,-0.029554219976766105,2767.13,2929.67,2821.3453118279567,0.9998874376877399
8.88,259038,16.93,9.210279569892474,0.9967278278921257,-0.3400283186832964,362.19,142412000,365.41,345.1516774193548,1.0052771316195583,0.12884821083647213,153.2,502683584,183.85,152.7632258064516,1.0009242023066025,-0.027678505676843823,2767.78,2929.67,2821.0371182795698,0.9998907636200735
8.63,250453,16.5,9.16483870967742,0.9950662887190096,-0.37821796179330247,362.91,240080000,365.41,346.88778494623654,1.005029984324174,0.13838678899114143,146.55,502683584,183.85,152.46206451612903,0.9980285746865274,-0.04037784553936963,2658.69,2929.67,2813.304795698925,0.9972590496840537
9.06,253055,16.5,9.148774193548386,0.9982471577909962,-0.29101180236551394,371.91,239476000,365.41,349.1012688172043,1.0063809795761787,0.15527405500882052,149.86,502683584,183.85,152.38541935483872,0.9994972837240952,-0.05557421281953534,2723.06,2929.67,2809.6870537634413,0.9987140597275438
9.21,275602,16.5,9.143225806451614,0.9993935376500291,-0.24587991616604032,382.78,145080000,371.91,351.8884516129033,1.007983880451487,0.12875128638287037,149.57,502683584,183.85,152.29333333333335,0.9993957031985393,-0.05332622960318667,2781.01,2929.67,2809.5529892473123,0.9999522848938107
9.12,249123,16.5,9.131118279569893,0.9986757926427697,-0.36168832730176526,393.31,211835008,382.78,355.20976344086023,1.0094385360267821,0.13304342147217363,147.98,502683584,183.85,152.1007311827957,0.9987353211967848,-0.0385618931774554,2736.27,2929.67,2806.2642795698926,0.9988294544754962
8.84,194841,16.49,9.102193548387097,0.9968322903835872,-0.4170483278238566,382.96,119422000,393.31,357.700193548387,1.0070111533067176,0.06360284063935295,142.03,502683584,183.85,151.52870967741936,0.9962391929287382,-0.05344346302893155,2632.56,2929.67,2796.142387096774,0.996393107895501
9.21,264008,16.49,9.099505376344087,0.999704667668434,-0.3133673455510503,393.59,162392000,393.31,360.78412903225814,1.008621565041043,0.165479760032335,149.86,502683584,183.85,151.48393548387097,0.9997045167635644,-0.005084077973933843,2760.17,2929.67,2794.333720430108,0.9993531564504681
9.15,496697,16.49,9.094064516129032,0.9994020707730775,-0.3007678467809921,376.66,175231008,393.59,362.608193548387,1.0050558335839817,0.10831661343870436,143.7,502683584,183.85,151.03197849462364,0.9970164691866258,0.014579720983946998,2633.08,2929.67,2784.117634408602,0.9963439993058762
9.5,416928,16.49,9.113247311827957,1.0021093753694954,-0.24703366567856677,373.03,159008992,393.59,364.07111827956993,1.004034450288801,0.10026507129761386,144.43,502683584,183.85,150.63346236559138,0.9973613791396737,0.03944843297147349,2599.95,2929.67,2771.9676559139784,0.9956359679833698
9.28,382053,16.49,9.119010752688173,1.0006324244984262,-0.27560888598110156,358.22,257052992,393.59,364.448623655914,1.001036900092839,0.12651861263488384,133.59,502683584,183.85,149.53627956989249,0.992716208082398,0.023910366303575903,2416.62,2929.67,2748.2329892473126,0.9914376105305457
9.33,200531,16.32,9.128645161290322,1.0010565190527174,-0.18027267168173577,360.99,128270000,393.59,364.91630107526885,1.0012832464962096,0.16760479360278124,138.39,502683584,183.85,148.77651612903227,0.9949192032659533,0.043913109774067816,2485.74,2929.67,2729.6129677419353,0.9932247296432909
9.58,319020,16.32,9.154645161290324,1.002848177307872,-0.19232344153737602,369.91,128176000,393.59,365.8563870967742,1.0025761688878663,0.18328950448416081,144.11,502683584,183.85,148.4004946236559,0.9974725748716265,0.04894163016488373,2531.94,2929.67,2714.508817204301,0.9944665596492498
9.51,389736,16.24,9.176344086021505,1.0023702638768495,-0.15403293095838688,380.68,163103008,393.59,367.3873978494624,1.0041847315140167,0.18592638418738572,147.07,502683584,183.85,148.2283440860215,0.9988399598123243,0.06543562950246418,2596.26,2929.67,2704.085720430108,0.996160227328004
9.29,255427,15.95,9.18410752688172,1.0008460276540896,-0.21291822121735937,374.02,144572992,393.59,368.3503225806452,1.0026210064276002,0.1310028874877016,149.76,502683584,183.85,148.22991397849464,1.000010591041024,0.05357375307762069,2670.71,2929.67,2698.860258064516,0.9980675677822962
8.72,488722,15.38,9.1552688172043,0.9968599333584663,-0.24301654600515687,370.77,131256000,393.59,369.0016989247312,1.0017683609980914,0.1070491553001629,148.72,502683584,183.85,148.15713978494625,0.9995090451610263,0.023772146795038807,2664.76,2929.67,2693.4319354838713,0.9979886611155859
8.68,447079,15.38,9.124623655913979,0.996652729493564,-0.277409650101594,360.47,212052000,393.59,368.8996344086022,0.9997234036688003,0.03915636898067598,152.23,502683584,183.85,148.30952688172042,1.0010285504768475,0.025256497873081152,2706.53,2929.67,2690.8137419354844,0.9990279340220578
8.38,175568,15.38,9.076430107526882,0.9947182974109994,-0.3099080742637452,355.95,181282000,393.59,368.45595698924734,0.998797295041872,0.004319590276902874,151.73,502683584,183.85,148.42772043010748,1.0007969383415358,0.052084628506238295,2707.88,2929.67,2688.397247311828,0.9991019465279234
8.52,277381,15.38,9.03920430107527,0.9958986290853777,-0.23390728230190483,365.16,144580000,393.59,368.5650322580645,1.0002960333976099,0.023442730434749537,153.28,502683584,183.85,148.63991397849463,1.0014296086187422,0.057788551163500235,2775.6,2929.67,2690.5507096774195,1.0008010208936737
8.66,215735,15.38,9.011548387096775,0.9969404481791385,-0.29078077268849734,375.63,132322000,393.59,369.27537634408606,1.0019273236032988,0.023473707435928137,154.28,502683584,183.85,148.90139784946234,1.001759176683899,0.05255526526611698,2792.67,2929.67,2693.861870967742,1.001230663030588
8.56,259381,15.29,8.9792688172043,0.9964179774101091,-0.37040155133132047,375.37,150632992,393.59,369.8902580645161,1.001665103496793,0.06150941384230513,155.2,502683584,183.85,149.20847311827958,1.0020622725726704,0.039633507331241935,2803.69,2929.67,2697.9402365591395,1.001513947554383
8.72,129804,15.29,8.959677419354838,0.9978181522072349,-0.30708046736006,371.71,159372000,393.59,370.1967956989247,1.0008287258929516,0.015664974785411845,154.99,502683584,183.85,149.49331182795694,1.001908998220574,0.05010366305419256,2743.07,2929.67,2698.18647311828,1.0000912683519834
9.15,181362,15.29,8.968924731182794,1.0010321032103209,-0.2046865050175266,384.18,152808000,393.59,371.2508817204301,1.0028473666810522,0.015362460530627065,158.56,502683584,183.85,150.00249462365588,1.0034060573645256,0.014708600961700569,2822.48,2929.67,2703.749935483871,1.0020619265647572
9.03,227556,15.29,8.970516129032257,1.000177434630924,-0.2352664424098907,391.36,134572992,393.59,372.7149247311828,1.0039435408313864,0.015019661982801136,158.47,502683584,183.85,150.50417204301075,1.0033444605078972,0.037611585041997575,2800.71,2929.67,2707.9683440860217,1.0015602066399665
8.99,347053,15.29,8.969956989247311,0.9999376691622976,-0.20442499380275803,385.85,205784992,393.59,373.75408602150543,1.0027880860716059,0.004841532672035687,157.68,502683584,183.85,150.95088172043012,1.0029680883350642,0.04709529783289068,2834.4,2929.67,2714.519397849463,1.002419176641318
9.04,176136,15.29,8.972236559139786,1.0002541338710105,-0.26082540039265334,386.33,148288992,393.59,374.76195698924727,1.0026966152490004,-0.00792739979694801,162.33,502683584,183.85,151.68965591397847,1.0048941363251962,0.046073192445636346,2892.74,2929.67,2724.9786666666664,1.0038530831002679
8.85,249100,15.29,8.961677419354839,0.9988231318116338,-0.19665051268748923,386.12,132841000,393.59,375.68630107526883,1.0024664832403147,-0.026609078665690067,164.85,502683584,183.85,152.573311827957,1.0058254197272334,0.03889860476635709,2907.41,2929.67,2736.3390967741934,1.0041689978150998
8.83,131138,15.29,8.95010752688172,0.9987089590562441,-0.1916910881638736,381.72,154307008,393.59,376.26892473118284,1.0015508248617169,-0.006467511994528108,165.97,502683584,183.85,153.51567741935486,1.0061764772626844,0.05316689284564868,2905.03,2929.67,2747.540752688172,1.0040936651189114
8.54,201332,15.29,8.92088172043011,0.9967345859964442,-0.18780066902613202,372.67,189606000,393.59,376.2183870967742,0.9998656874615816,-0.049167827637193184,170.44,502683584,183.85,154.73113978494624,1.007917512960394,0.05271256014047143,2939.88,2929.67,2761.043784946237,1.0049145885260677
8.5,222891,15.29,8.890344086021504,0.9965768367560943,-0.1617739517990534,377.8,167116992,393.59,376.4573118279569,1.0006350692559884,-0.10159451502270644,167.45,502683584,183.85,155.73243010752688,1.006471162326939,0.04601493646280286,2945.64,2939.88,2774.8627311827954,1.0050049717834617
8.37,359545,15.29,8.852451612903225,0.9957377945384749,-0.12303272748837135,376.14,175304992,393.59,376.55477419354844,1.0002588935386014,-0.11092517431033344,164.33,502683584,183.85,156.50987096774193,1.004992157764945,0.03904110462706467,2881.4,2945.64,2784.407978494624,1.0034398989198863
8.39,443839,15.29,8.817118279569893,0.9960086386372526,-0.12889143760751287,383.0,190174000,393.59,377.0485591397849,1.00131132302676,-0.09307504552704904,164.76,502683584,183.85,157.2887741935484,1.0049767035202974,0.042307608059900526,2859.53,2945.64,2792.2965161290326,1.002833111273684
8.42,551453,15.29,8.784774193548387,0.9963316715285025,-0.09170326365389148,391.83,436278016,393.59,378.06726881720436,1.0027017996826286,-0.08584789213187793,162.38,502683584,183.85,157.88926881720428,1.0038177843697667,0.04506568604967032,2826.06,2945.64,2797.828387096774,1.001981118744298
8.3,414412,15.29,8.745139784946234,0.9954882837362786,-0.14633557660098861,360.51,214384992,393.59,377.0031397849462,0.99718534472559,-0.17075996250641123,157.52,502683584,183.85,158.14217204301076,1.0016017759009277,0.04046458971596678,2752.06,2945.64,2798.2261290322585,1.0001421609478691
8.6,289087,15.29,8.726494623655913,0.9978679401646139,-0.17096625234941676,379.41,172975008,393.59,377.18288172043015,1.0004767650889763,-0.137628174609848,158.98,502683584,183.85,158.4727956989247,1.0020906735480022,0.029713517615394203,2873.34,2945.64,2806.386021505376,1.0029160947317504
8.64,450071,15.29,8.711741935483872,0.9983094370869089,-0.12935157140423093,384.37,225284000,393.59,377.68987096774197,1.0013441470222597,-0.14846328202080283,161.19,502683584,183.85,158.9257634408602,1.0028583312355774,0.034190191174353846,2886.98,2945.64,2815.2273548387097,1.0031504337840849
8.87,156574,15.29,8.712860215053764,1.0001283646345558,-0.03464047040155038,382.04,225688000,393.59,378.0657634408602,1.0009952410747873,-0.15493554183422842,165.57,937150016,183.85,159.63290322580644,1.0044494974863492,0.04498265067482676,2950.46,2945.64,2827.840064516129,1.0044801744540246
8.82,211913,15.29,8.710688172043012,0.9997507083831094,-0.07796418159914564,377.08,153732992,393.59,378.12363440860213,1.0001530711673419,-0.13305214457896142,164.23,868274624,183.85,160.20296774193545,1.0035710965885438,0.030100070850124228,2941.76,2950.46,2839.2078279569896,1.0040199456763852
9.12,141366,15.29,8.728709677419355,1.0020688957083992,-0.05926866958635324,385.46,122834000,393.59,378.7576559139785,1.0016767571441758,-0.0912703187292685,168.73,535211584,183.85,161.03245161290317,1.0051777060229241,0.03847433212543727,2990.41,2950.46,2853.323784946237,1.0049717941921161
9.23,117963,15.29,8.75389247311828,1.0028850536482008,-0.022148089104381263,380.42,250808992,393.59,379.04759139784943,1.000765490754692,-0.11318221010286167,170.73,708170624,183.85,161.93713978494623,1.0056180488030932,0.022930533270964393,3013.77,2990.41,2868.1783870967743,1.0052060695771394
9.02,237695,15.29,8.766107526881719,1.001395385401517,0.02100722710912628,376.0,179640992,393.59,379.0364731182796,0.9999706678532666,-0.13269847645110988,165.51,780385664,183.85,162.44849462365593,1.0031577366340345,0.007215565742676011,2976.61,3013.77,2879.745634408602,1.004032959513211
8.98,253687,14.91,8.776301075268817,1.0011628363393719,-0.05851931480177841,382.86,343143008,393.59,379.42969892473116,1.0010374352716416,-0.13208431104633855,173.05,998224000,183.85,163.37765591397846,1.0057197285359591,0.03316421485539167,3025.86,3013.77,2893.2860215053765,1.0047019385792229
8.88,350968,14.8,8.78079569892473,1.000512131889889,-0.03065714248313023,369.42,247456000,393.59,378.90879569892473,0.9986271416621245,-0.22774468426358352,167.01,934927808,183.85,163.84260215053763,1.0028458373573677,0.000881319267193259,2932.05,3025.86,2899.612602150538,1.002186641969766
8.57,221528,14.8,8.766795698924732,0.998405611463923,-0.09503863036405957,370.23,166435008,393.59,378.44120430107523,0.9987659526430708,-0.22783390328197162,165.94,987985152,183.85,164.1892688172043,1.0021158518121445,0.004131474241801936,2918.65,3025.86,2904.214215053764,1.0015869750668807
8.44,444821,14.8,8.746430107526882,0.9976769629295288,-0.040513773285255406,375.41,134564992,393.59,378.3302795698925,0.999706890449766,-0.17526580195589614,164.35,840600064,183.85,164.39277419354838,1.0012394560120166,0.015807541480694853,2888.68,3025.86,2906.1889677419354,1.0006799610985773
8.4,261482,14.51,8.72531182795699,0.9975854972474177,0.03177348492749488,370.35,99083000,393.59,377.8899139784947,0.9988360286892752,-0.1593295389058068,161.06,715996160,183.85,164.35264516129033,0.9997558954007869,0.014544540013134766,2847.11,3025.86,2905.0130322580644,0.9995953685404069
8.7,156121,14.2,8.724236559139785,0.9998767644253401,0.054744438223485514,384.34,103645000,393.59,378.3530322580645,1.0012255375505899,-0.07974421726035574,166.58,701258496,183.85,164.64210752688172,1.0017612273006455,0.013006227430832906,2926.46,3025.86,2908.564301075269,1.0012224622670434
8.84,115499,14.2,8.732150537634409,1.0009071256196433,0.14381285548984957,390.21,83716000,393.59,379.14352688172033,1.0020893043170238,-0.050090853099702626,169.82,600590784,183.85,165.1097419354839,1.0028403086891111,0.01920942874795495,2978.71,3025.86,2915.0135698924737,1.0022173375416938
8.84,267156,14.2,8.739075268817205,1.0007930155524634,0.17206692543193414,395.74,103793000,393.59,380.2171182795699,1.0028316226487615,-0.013820238784877592,172.31,998218240,183.85,165.6991182795699,1.0035696036901098,0.04064200717496114,3007.39,3025.86,2922.730731182796,1.0026473843449746
9.09,182745,14.2,8.761440860215053,1.0025592629322755,0.15995958429561197,397.85,121235000,395.74,381.3610752688172,1.0030086940704395,-0.05905926198104905,170.66,908409984,183.85,166.14111827956992,1.0026674855279212,0.03476939504523635,2992.07,3025.86,2928.961032258065,1.0021316712514081
8.98,142054,14.2,8.77578494623656,1.0016371834553652,0.17761309240110246,396.05,146883008,397.85,382.34111827956986,1.002569855903783,-0.07895907355587206,166.67,793946624,183.85,166.29047311827955,1.000898963725875,0.017514667388077276,2961.79,3025.86,2932.808967741935,1.0013137544137634
8.76,158696,14.2,8.775032258064517,0.9999142312423728,0.11615267675492891,393.84,156776000,397.85,383.13410752688173,1.0020740360097289,-0.07353465841967921,166.98,769390016,183.85,166.43516129032255,1.0008700929724343,0.0011896991192692496,2952.01,3025.86,2935.6859354838707,1.0009809598148327
8.98,141446,14.2,8.788387096774194,1.0015219133465183,0.07928780264396873,395.05,152626000,397.85,383.9575698924731,1.0021492797154155,-0.07405458334306192,168.26,706739968,183.85,166.63664516129032,1.0012105847670991,0.008813827437212929,2970.27,3025.86,2939.291634408602,1.001228230472868
8.69,190086,14.2,8.783397849462366,0.9994322909019723,0.07038462043517646,402.57,145987008,397.85,385.2428172043011,1.003347368075561,-0.08325762836652317,170.48,769350016,183.85,166.9604946236559,1.001943446845393,0.009557580617425732,2986.2,3025.86,2943.607247311829,1.0014682493062976
8.95,450075,14.2,8.795913978494623,1.0014249757607214,0.10614969013189257,398.63,125456000,402.57,386.24976344086014,1.002613796264565,-0.05570877165169841,170.68,919190016,183.85,167.27141935483868,1.0018622652734925,0.01606456725826777,3022.55,3025.86,2949.86911827957,1.0021272780101556
8.79,171025,14.2,8.798193548387097,1.0002591623676684,0.09598706919830391,398.26,185038000,402.57,387.20535483870964,1.002474024551722,-0.03998997848436825,173.25,976520000,183.85,167.72019354838707,1.0026829101784351,0.007061023474379979,3066.91,3025.86,2958.588301075269,1.002955786323423
8.68,173077,14.2,8.793913978494622,0.9995135853889848,0.03210906238519351,391.8,163320992,402.57,387.7185161290323,1.0013252949214415,-0.013728904543914178,175.28,936289984,183.85,168.2764516129032,1.003316583726429,-0.0005913230963818794,3093.08,3066.91,2968.621311827956,1.0033911479840032
8.74,160922,14.2,8.793870967741935,0.9999951090319064,0.041713370885571366,391.18,152172000,402.57,388.1794623655914,1.0011888682572119,-0.058224805190015605,177.63,858080000,183.85,168.96189247311824,1.004073302316784,-0.003903921549358591,3120.46,3093.08,2980.0214838709676,1.003840224415822
8.58,220458,14.2,8.783698924731182,0.9988432803883447,0.07020189737214644,392.69,127836000,402.57,388.7174838709677,1.0013860122895157,-0.0018874673317368362,176.92,895630016,183.85,169.57645161290324,1.0036372647748533,-0.01994570664153117,3110.29,3120.46,2990.30223655914,1.0034498921379646
8.6,166560,14.0,8.7747311827957,0.9989790472086614,0.03508265584591863,395.72,106920000,402.57,389.40793548387103,1.0017762298881634,-0.01239769561181192,178.24,642579968,183.85,170.26223655913975,1.0040441048253679,-0.001877814999530214,3140.98,3120.46,3002.1965161290314,1.0039776178556379
8.56,537920,13.46,8.762967741935483,0.998659395870351,0.05981320559138348,400.71,157579008,402.57,390.3817849462365,1.0025008464739051,0.0006695312245847962,179.48,810209984,183.85,171.00481720430108,1.004361393695797,0.00039341397728143157,3145.91,3140.98,3013.9887741935486,1.0039278768065862
8.58,834979,13.05,8.752086021505376,0.9987582151674446,0.14035465208107445,397.11,136080000,402.57,391.0705376344086,1.0017643053921355,0.013341459901274666,178.27,810000000,183.85,171.63675268817204,1.0036954250424184,-0.02615607943733922,3168.8,3145.91,3026.6889677419354,1.0042137494529273
8.65,429179,13.03,8.74531182795699,0.9992259909772664,0.14376111674707226,405.63,179652992,402.57,392.278623655914,1.0030891767731036,-0.012710160085832367,182.8,1015040000,183.85,172.5318924731183,1.0052153153152026,-0.01407277663839146,3221.22,3168.8,3042.106,1.0050936955935603
8.69,337534,12.9,8.740623655913978,0.9994639216833843,0.1434988496455999,402.22,67143000,405.63,393.2370322580645,1.0024431833506973,0.05336381416337321,183.16,400929984,183.85,173.4063440860215,1.0050683476565903,-0.014534199594008923,3240.02,3221.22,3057.8861290322575,1.0051872383908573
8.55,306563,12.9,8.726064516129032,0.9983343133902012,0.09972490439054604,396.07,84730000,405.63,393.7089677419355,1.001200129807615,0.008928898083666592,183.01,513649984,183.85,174.21597849462367,1.004669001084531,0.02533583485831481,3234.85,3240.02,3072.2833333333333,1.004708221200386
8.56,703280,12.9,8.71225806451613,0.9984177917104117,0.0480704155612206,387.83,172286000,405.63,393.6134623655914,0.9997574213844,-0.023506330084880567,186.63,819120000,183.85,175.20748387096774,1.0056912424733455,0.02676533614221932,3265.35,3240.02,3087.870838709677,1.005073589797928
8.46,500471,12.82,8.692172043010753,0.9976945102685624,0.0033997240439349596,396.01,156378000,405.63,394.03825806451607,1.0010792204523995,-0.012043963094047427,191.1,811790016,186.63,176.43266666666668,1.0069927537832872,0.025685825568203535,3329.62,3265.35,3106.7910967741936,1.0061272828601933
8.54,428659,12.71,8.678129032258065,0.998384407178873,0.08343129787844661,396.54,132423000,405.63,394.46720430107536,1.0010885903279194,-0.0372876531219295,188.48,796152000,191.1,177.4339139784946,1.0056749542516386,0.027421226364364948,3295.47,3329.62,3122.692731182796,1.005118346845114
8.52,331553,12.71,8.663397849462365,0.9983024932285587,0.023360391809989833,389.81,156380992,405.63,394.42010752688174,0.9998806066165195,-0.0322340147546738,182.84,993284992,191.1,178.01913978494622,1.0032982747961168,0.0050033997207739045,3225.52,3329.62,3133.320795698925,1.0034034935330007
8.44,202745,12.71,8.64479569892473,0.9978527881483834,-0.025200289421018263,396.25,148587008,405.63,394.77913978494615,1.000910278789577,-0.02182157376091909,188.88,996889984,191.1,178.96369892473118,1.0053059414899208,0.002139672839463369,3327.71,3329.62,3150.0361505376345,1.0053347090606408
8.48,187141,12.71,8.63047311827957,0.9983432135189798,-0.026654253768204517,396.11,513484992,405.63,395.0950967741935,1.0008003386131787,-0.08724596139989838,191.5,897411968,191.1,180.03825806451616,1.006004341362194,0.0214560971871125,3380.16,3329.62,3169.4602365591404,1.0061663057480121
8.56,148000,12.71,8.62247311827957,0.9990730519763679,0.03335110251765261,396.11,352580992,405.63,395.3678064516129,1.0006902380709,-0.09776615003248912,189.12,697926016,191.5,180.903376344086,1.0048051913458296,-0.010211494016826972,3337.75,3380.16,3185.2803440860216,1.0049914200987282
7.88,422590,12.71,8.571505376344087,0.9940889648206114,-0.14344293971116662,367.73,321040000,405.63,393.7810537634408,0.9959866416479048,0.022556216144452912,171.25,1608301952,191.5,180.5810322580645,0.9982181422340709,0.017826438737408523,2954.22,3380.16,3175.6858494623652,0.9969878649326832
8.23,767450,12.71,8.5452688172043,0.9969390955278178,0.003550630671276478,382.17,265884000,405.63,393.1295483870968,0.9983455136550694,0.03082273102153965,168.93,1455155968,191.5,180.09989247311827,0.9973356017576716,-0.0003872088651921679,2972.37,3380.16,3167.2146451612903,0.9973324803829355
6.76,1103695,12.71,8.424924731182797,0.9859168753381738,-0.17914963948986906,364.7,396628992,405.63,391.32526881720423,0.9954104707283006,0.05842953355297964,157.61,1904397952,191.5,178.882,0.9932376835077786,0.020492099835721977,2711.02,3380.16,3141.766623655914,0.9919651730758904
6.7,884677,12.66,8.304322580645161,0.9856850767946619,-0.183087440020556,344.91,398862016,405.63,388.26724731182793,0.9921854739546483,0.22611003585882483,138.3,1991255040,191.5,176.4327956989247,0.9863082685732757,0.04912141715050011,2304.92,3380.16,3090.5006666666673,0.9836824426730999
6.97,676148,12.63,8.204795698924732,0.9880150511069505,-0.1639951713640897,354.6,344311008,405.63,385.88909677419355,0.9938749648493415,0.12312381363786062,145.91,1826660992,191.5,174.5235053763441,0.9891783706367226,0.007470323884180119,2541.47,3380.16,3055.6620000000003,0.9887271771067945
6.78,839757,12.51,8.096731182795699,0.9868291033568093,-0.24342413483298342,365.98,218230000,405.63,384.3090967741935,0.9959055593609462,0.19814354846395066,143.84,1342385024,191.5,172.52511827956985,0.9885494673484531,0.01153536912739217,2488.65,3380.16,3018.2435268817203,0.9877543808450411
7.06,584370,12.51,8.011161290322582,0.98943155076521,-0.29093903475723304,384.35,103473000,405.63,383.9663655913979,0.9991081887322668,0.04447531702481389,158.14,1116019968,191.5,171.50518279569894,0.9940881913657457,-0.009890382594576308,2789.82,3380.16,3001.3092688172046,0.9943893665591619
7.08,635598,12.51,7.930709677419355,0.9899575592117448,-0.2475019428351869,393.13,107720000,405.63,384.2145806451613,1.0006464499914753,0.10513647934494941,164.69,1107810048,191.5,170.9383010752688,0.9966946671162387,0.004291978553156106,2874.56,3380.16,2990.31,0.9963351764739862
6.72,532067,12.51,7.831354838709676,0.9874721377088653,-0.2905673953483693,389.98,94674000,405.63,384.26972043010744,1.0001435129943625,0.14148641442500598,164.63,1103789952,191.5,170.3803870967742,0.9967361675236907,0.02998133406882042,2836.74,3380.16,2977.123440860215,0.9955902367514455
6.61,752632,12.51,7.729763440860217,0.9870276088950405,-0.3058554863972801,380.93,101907000,405.63,383.7540430107527,0.9986580326475436,0.1324258275126612,167.99,1226413056,191.5,170.04363440860217,0.9980235243392143,0.047139275290174476,2830.71,3380.16,2963.816774193548,0.9955303611250926
6.62,809378,12.37,7.633440860215053,0.9875387414657486,-0.3461047679957554,388.67,90549000,405.63,383.7654838709678,1.0000298130024254,0.131793770376054,174.23,1140004992,191.5,170.10729032258064,1.00037435046716,0.04910582750608272,2929.8,3380.16,2957.1638709677422,0.9977552919992444
6.29,514438,12.23,7.520903225806451,0.9852572861348622,-0.3572918408782547,374.42,97660000,405.63,382.87129032258065,0.9976699479604899,0.15382133781225604,172.15,1095511040,191.5,170.02391397849462,0.9995098602539144,0.050817905176261946,2863.7,3380.16,2946.333483870968,0.9963375762827679
6.34,712959,12.16,7.416752688172042,0.9861518577613074,-0.3299306785398197,370.39,139026000,405.63,381.77763440860224,0.9971435415983868,0.10038827804913353,179.85,1194665984,191.5,170.43372043010754,1.0024102871297549,0.07592606956870096,2955.45,3380.16,2941.685892473118,0.998422584740223
6.82,616462,12.16,7.349182795698924,0.9908895583668477,-0.2828573475897247,391.92,115186000,405.63,382.1337419354839,1.0009327616255816,0.1005659895988753,180.89,1058963968,191.5,170.89090322580643,1.0026824667943945,0.05146710460293169,3044.31,3380.16,2942.9155053763443,1.0004179959887534
7.33,524393,12.16,7.318752688172043,0.9958593889453,-0.2108282125313522,394.73,105408000,405.63,382.68477419354844,1.00144198796807,0.025456987677201726,185.2,985712000,191.5,171.60972043010753,1.0042062929666378,0.023990121096395756,3193.93,3380.16,2953.846623655914,1.0037143840044336
6.76,377422,12.16,7.254451612903226,0.9912142030194934,-0.31088045808853737,388.13,115025000,405.63,382.80369892473124,1.0003107642090894,0.06905831284239816,180.02,1121889024,191.5,171.9730107526882,1.002116956555084,0.03881978446839052,3041.31,3380.16,2954.71440860215,1.000293781315281
7.08,379484,12.16,7.215053763440861,0.994569148494658,-0.3114432450949325,388.41,106898000,405.63,382.9472473118279,1.000374992163085,0.06176238206454243,183.56,1149193984,191.5,172.55954838709678,1.0034106377032155,0.041566081018678425,3097.74,3380.16,2959.393053763441,1.001583450890438
7.42,272411,12.16,7.200817204301075,0.998026825633383,-0.25350499991324593,369.26,283526016,405.63,381.86451612903227,0.9971726362040828,0.0546796471521801,173.97,1423064064,191.5,172.51309677419357,0.9997308082146865,0.018046351212550715,3009.05,3380.16,2958.376752688172,0.9996565846250208
7.45,178893,12.16,7.191053763440859,0.9986441204403321,-0.26560975069255366,378.87,100811000,405.63,381.4586881720431,0.9989372462225528,0.015222131228025293,183.78,901292992,191.5,173.1087311827957,1.0034526909535557,0.02901228264219824,3130.01,3380.16,2965.448043010753,1.002390260238543
7.46,282937,12.16,7.184322580645163,0.9990639504282506,-0.3300275697631183,378.02,99178000,405.63,381.04498924731195,0.9989154817086128,0.014031168902975732,192.39,1096802048,191.5,174.2506021505376,1.0065962644399264,0.07408073077797117,3185.04,3380.16,2976.103849462366,1.0035933209070136
8.03,400531,12.16,7.216774193548387,1.0045170038704345,-0.2668850844742252,386.62,102545000,405.63,381.2271827956988,1.000478141829779,0.039354572909918284,190.61,1008017984,192.39,175.2472688172043,1.0057197315496544,0.041634639576940025,3224.73,3380.16,2989.2853763440853,1.004429121948853
7.96,308655,12.16,7.246043010752689,1.0040556648191192,-0.27133707593942813,389.13,95067000,405.63,381.61219354838704,1.001009924711729,0.06427298569473228,188.43,963932032,192.39,176.0864946236559,1.004788809618066,0.03630038909584321,3215.63,3380.16,3001.8722580645153,1.0042106658066297
7.67,270810,11.82,7.258172043010752,1.001673883558249,-0.23378035141617481,394.37,88513000,405.63,382.3634193548387,1.0019685581832867,0.05527446541505643,191.69,912963008,192.39,177.12470967741936,1.0058960515738722,0.03621683582373403,3271.12,3380.16,3018.0915913978497,1.0054030724624479
7.69,637614,11.82,7.273483870967741,1.0021095983763202,-0.22202939523501664,406.44,91369000,405.63,383.89701075268823,1.0040108214338002,0.10415675169750249,197.39,1064355968,192.39,178.51199999999997,1.00783228000829,0.03133847318881622,3351.28,3380.16,3039.4045376344084,1.00706172943767
7.79,237390,11.4,7.297118279569894,1.0032493931410902,-0.18269063203185,408.34,73881000,406.44,385.51316129032267,1.0042098544462894,0.126699272948105,196.89,885753984,197.39,179.84389247311825,1.007461080897185,0.01731480957698972,3372.85,3380.16,3061.9243010752693,1.0074092682175135
7.56,301091,11.4,7.307354838709679,1.0014028221480862,-0.3008234568438073,408.89,64354000,408.34,387.1382795698925,1.0042154677005852,0.1355486380814953,200.3,687713984,197.39,181.38333333333333,1.0085598728933494,0.031854713647328614,3397.16,3380.16,3085.9194838709677,1.0078366348858696
7.71,287056,11.4,7.329376344086021,1.0030136083250927,-0.24756812014390017,411.37,75439000,408.89,388.8968387096774,1.0045424573920685,0.12562342079380684,209.9,856681024,200.3,183.51670967741936,1.0117616999582066,0.0604185727605977,3508.01,3397.16,3116.8475913978496,1.0100223313305912
7.82,253209,11.4,7.360236559139785,1.004210483075912,-0.26326712494302884,416.29,116638000,411.37,390.92645161290324,1.0052188979215153,0.14477059709781226,204.6,1033849024,209.9,185.2499569892473,1.0094446294011843,0.0534021306905359,3426.96,3508.01,3141.9391612903223,1.0080503037625974
7.85,441700,11.4,7.39436559139785,1.0046369477371873,-0.2885033965256686,410.37,82006000,416.29,392.5310322580645,1.0041045588973092,0.18743824352565663,197.76,768910016,209.9,186.5081075268817,1.0067916374075456,0.04428342076102376,3340.97,3508.01,3161.2695483870975,1.0061523747292538
7.92,360097,10.73,7.4343655913978495,1.0054095242527004,-0.3137331215600956,412.52,105058000,416.29,394.24365591397844,1.0043630274173787,0.19402116331001307,193.19,977305024,209.9,187.4579569892473,1.0050928052134607,0.02699747089547966,3319.47,3508.01,3179.29711827957,1.0057026361139214
7.7,298604,10.73,7.461548387096774,1.0036563705893582,-0.1490630842474786,408.26,84841000,416.29,395.6461505376344,1.0035574310521358,0.16441085016824064,192.42,992832000,209.9,188.34937634408604,1.0047553028377978,0.007095602297383818,3298.46,3508.01,3196.0085161290317,1.0052563183709313
8.05,316784,10.73,7.511698924731182,1.00672119713398,-0.2687902588325234,408.5,86423000,416.29,396.9769677419355,1.0033636551309615,0.12201527631311448,194.22,828286016,209.9,189.3113978494624,1.0051076436994348,0.023185045546342042,3348.44,3508.01,3215.2041290322577,1.0060061206991011
8.6,209059,10.42,7.597720430107526,1.0114516710851031,0.08634418335352412,411.94,75843000,416.29,398.4730967741936,1.0037688056331537,0.07968702755920987,198.57,796393984,209.9,190.49967741935484,1.0062768517024916,-0.02270906710597509,3477.13,3508.01,3241.893569892472,1.0083010097614697
8.68,391051,10.42,7.68494623655914,1.0114805233035378,0.10224642120003602,403.24,109947000,416.29,399.3063440860215,1.002091100550008,-0.16258928370361825,200.36,930622976,209.9,191.7153548387097,1.006381519569079,-0.06273214056776566,3483.81,3508.01,3267.366430107527,1.0078574017517483
8.23,676133,10.3,7.738881720430108,1.0070183293689658,0.050921413487908795,400.77,99731000,416.29,399.85479569892476,1.0013735108921413,-0.008784727105310752,204.62,960318976,209.9,193.07240860215057,1.007078482391682,0.038833687122863836,3465.39,3508.01,3289.1156559139777,1.006656500356385
7.61,353692,10.3,7.750107526881721,1.001450572170134,-0.030682762801743646,393.36,98730000,416.29,399.82589247311824,0.9999277156955039,-0.08769404060538455,196.55,1165054976,209.9,193.78255913978495,1.0036781565153503,0.0524995020775858,3269.96,3508.01,3296.2695698924726,1.0021750265806653
7.95,422462,10.3,7.781483870967743,1.0040485043565126,-0.02419110533206692,412.38,106891000,416.29,400.9652043010753,1.002849519877039,0.07183988516702366,211.48,1144573056,209.9,195.34258064516126,1.0080503710566182,0.07935110975395743,3509.44,3508.01,3317.1935698924735,1.0063477818049582
8.26,226148,10.3,7.83094623655914,1.0063564181859888,-0.0367981790591807,429.72,103593000,416.29,403.1629462365591,1.0054811288159398,0.010101661703675768,213.16,1127622016,211.48,196.89627956989247,1.007953713520113,0.04711095138774435,3585.15,3509.44,3341.454516129033,1.007313696269267
8.49,181285,10.3,7.8927096774193535,1.007887098058708,0.1183752542039318,425.28,81019000,429.72,404.9955483870967,1.0045455619561383,-0.023730635869130268,211.22,903884032,213.16,198.2205806451613,1.0067258816579048,0.028903749730032402,3557.54,3585.15,3362.4060215053764,1.0062701752411147
8.59,143136,10.3,7.957118279569893,1.0081605183495865,0.17402249458567942,429.93,57889000,429.72,407.0522365591398,1.0050782982189161,0.011502177850696516,216.99,632369984,213.16,199.81694623655915,1.008053480552837,0.006370450239078451,3638.35,3585.15,3387.0209677419343,1.0073206347119072
8.26,325902,10.3,7.995978494623655,1.0048837045885741,0.17878805036596535,435.09,89829000,429.93,409.33645161290326,1.0056116017764014,0.003162866387365071,220.99,928196992,216.99,201.566,1.0087532804218227,0.005796399097664162,3699.12,3638.35,3413.8196989247317,1.0079121834314075
8.1,302445,10.3,8.020989247311828,1.0031279164526254,0.23052298956631212,428.13,84791000,435.09,411.0718064516129,1.0042394339225638,-0.02552147930563753,221.22,1065702976,220.99,203.22933333333336,1.0082520530909644,0.00576705070634298,3663.46,3699.12,3436.663333333334,1.0066915175443498
8.28,432959,10.3,8.053720430107528,1.0040806915190255,0.20162351090314856,429.26,113638000,435.09,412.76455913978486,1.0041179002344722,0.0494868568962783,220.2,1188903040,221.22,204.72133333333332,1.0073414598942407,-0.030754731109774225,3709.41,3699.12,3460.7515698924735,1.0070091929941172
8.15,241627,10.3,8.07389247311828,1.0025046862733578,0.08709229371459748,421.23,62243000,435.09,413.81264516129033,1.0025391860766577,0.029749034525034412,217.7,636921984,221.22,205.9652688172043,1.0060762377013517,-0.012893456982546292,3703.06,3709.41,3482.808709677419,1.0063735114582728
8.19,218405,10.3,8.093784946236559,1.0024638020861079,0.019078595406967214,422.23,69996000,435.09,414.86221505376346,1.0025363407927375,0.07624997615675799,221.92,588433984,221.22,207.40230107526887,1.0069770610662516,0.022269533287693655,3756.07,3709.41,3506.869182795699,1.0069083533216812
8.26,262616,10.3,8.116344086021506,1.002787217591621,0.1451598140487722,417.25,122757000,435.09,415.5313548387097,1.0016129205328075,0.06469930799964674,221.32,1121356032,221.92,208.72165591397848,1.0063613317300217,-0.02815755141177534,3824.68,3756.07,3534.1472043010754,1.0077784542517865
8.31,269745,10.3,8.138903225806454,1.002779470602263,0.10481030823114534,409.05,111425000,435.09,415.60883870967746,1.0001864693724445,0.01604834757682938,213.44,1178520960,221.92,209.44380645161286,1.0034598735549127,-0.053670786188393826,3768.25,3824.68,3556.099913978494,1.0062116002555588
8.73,260451,10.3,8.185913978494625,1.005776055001995,0.08668381493531241,411.92,82350000,435.09,415.82709677419354,1.0005251526054972,0.020613099768019838,226.14,856067008,221.92,210.92105376344085,1.0070531916739647,0.023240483264919343,3841.47,3824.68,3581.3345376344087,1.0070961514767123
8.76,234845,10.3,8.232043010752689,1.00563517187931,0.09472376786684733,393.85,168294000,435.09,414.7878064516129,0.9975006671507388,0.004413633676183304,218.57,1725944064,226.14,211.79772043010755,1.004156373444113,0.002648071077787195,3714.24,3841.47,3596.570623655914,1.0042543040482248
8.6,224568,10.3,8.265032258064517,1.0040074192115782,0.06083954773309963,396.37,108412000,435.09,413.8788817204302,0.9978086994915345,-0.03842612051267391,234.43,1025052992,226.14,213.6227956989247,1.0086170675733002,-0.0018249861804231493,3886.83,3841.47,3621.6851397849455,1.006982906428653
8.47,157049,10.3,8.287182795698925,1.0026800303910242,-0.020089951363418068,389.06,106882000,435.09,412.45888172043004,0.9965690445617872,-0.0926445911455156,237.55,1067569024,234.43,215.55875268817206,1.00906250188756,0.026057518708614502,3934.83,3886.83,3648.3872043010747,1.007372828803587
8.28,104931,10.3,8.296129032258065,1.0010795268765862,-0.023678593637081802,398.5,122280000,435.09,411.64266666666674,0.9980210995812268,-0.07348500725782103,235.35,802782976,237.55,217.25182795698922,1.0078543564003006,0.03409215015583378,3906.71,3934.83,3671.7479784946236,1.0064030413674319
8.05,313121,10.3,8.289548387096772,0.9992067812427091,-0.005073297047954561,392.13,136688992,435.09,410.3953333333333,0.9969698638301179,-0.03877308640870991,232.08,1319369984,237.55,218.63303225806453,1.0063576187784655,0.04561453944546634,3811.15,3934.83,3687.4573978494623,1.0042784579570407
8.15,202423,10.3,8.288602150537635,0.9998858518564642,0.01565233817561107,399.58,135962000,435.09,409.63346236559136,0.998143568150364,-0.029161209689031242,237.73,1251053056,237.55,220.29189247311828,1.0075874180489603,0.05795725919557304,3841.94,3934.83,3703.9919139784947,1.0044839883814456
8.57,98029,10.3,8.313763440860214,1.0030356494214103,0.03947360276455858,399.51,148864000,435.09,408.88182795698924,0.9981651049592933,-0.11149003540777436,239.41,1322830976,237.73,221.9723870967742,1.0076284905667194,0.04681632554010662,3943.34,3934.83,3726.013182795699,1.0059452799381388
8.52,176212,10.13,8.334021505376345,1.002436690033369,0.06952809561937356,400.57,140608000,435.09,408.21756989247314,0.9983754277664157,-0.09894940851568834,240.71,1300617984,239.41,223.64531182795702,1.00753663441234,0.049873460717565044,3913.1,3943.34,3744.856623655914,1.0050572662885955
8.82,77150,10.13,8.371569892473119,1.0045054343899342,0.06427969246000798,410.16,112821000,435.09,408.18991397849464,0.9999322520243659,-0.10616890652550881,236.19,1568609024,240.71,224.93972043010754,1.0057877743627655,-0.007739809658695362,3974.54,3943.34,3766.5543870967736,1.0057940171337394
8.69,63592,10.1,8.398344086021504,1.003198228515354,0.1419057741673745,414.4,80389000,435.09,408.4384086021505,1.0006087720816859,-0.12243352788639705,244.2,1426782976,240.71,226.69436559139783,1.0078005127681995,0.02053498746561422,4019.87,3974.54,3790.1733763440857,1.0062707150408408
8.92,98814,10.1,8.438086021505375,1.0047321156500386,0.14510974523291376,411.06,87537000,435.09,408.4754838709678,1.0000907732182784,-0.14256942999936006,251.95,1293714944,244.2,228.86384946236564,1.009570082896891,0.0382102508190143,4128.8,4019.87,3819.5450322580646,1.007749422782952
8.64,177099,10.1,8.457462365591397,1.0022962961075104,0.11363925286785126,418.42,98053000,435.09,408.98591397849464,1.0012495979016651,-0.16154281036279805,251.93,1071345984,251.95,230.91550537634413,1.0089645259345157,0.043167984012400185,4185.47,4128.8,3850.8785591397855,1.0082034709938206
8.34,152004,10.1,8.455935483870967,0.9998194633739498,0.08551922278682245,413.3,100901000,435.09,409.15333333333325,1.0004093523740463,-0.21374147853147507,250.35,1252039040,251.95,232.73890322580644,1.0078963855046916,0.03375058789281726,4180.17,4185.47,3880.007784946237,1.0075643065235893
8.23,119695,10.1,8.445935483870969,0.9988173987349984,0.06430745239039459,415.02,99656000,435.09,409.42088172043015,1.0006539073870355,-0.16650540634063238,257.55,1126429056,251.95,234.90223655913974,1.0092951083954984,0.07738159668722422,4181.17,4185.47,3907.305376344086,1.0070354475843475
8.63,140081,10.1,8.46135483870968,1.0018256538743584,-0.01987487327415116,425.45,112710000,435.09,410.3473118279569,1.0022627817702747,-0.12335159222900716,257.83,1120376960,257.55,236.94744086021504,1.0087066191068828,0.08116553733758147,4232.6,4185.47,3936.1302150537635,1.0073771655740529
8.74,149588,10.1,8.483806451612901,1.0026534300157828,-0.012898296686334243,427.16,104210000,435.09,411.35501075268814,1.0024557220083696,-0.11245908055330367,252.8,968390976,257.83,238.54068817204296,1.0067240536806128,0.0636583847307528,4173.85,4232.6,3959.540064516129,1.0059474275959759
8.99,202309,10.1,8.522258064516128,1.0045323538582045,0.042710776037018006,413.31,132880000,435.09,411.4177204301075,1.000152446611273,-0.16660849796469535,251.18,1795272960,257.83,239.91664516129035,1.0057682276335809,0.028296324461045907,4155.86,4232.6,3980.3053118279568,1.0052443584288786
8.85,171405,10.1,8.550043010752688,1.0032602798490986,0.10236009973885873,415.17,115563000,435.09,411.57346236559135,1.000378549410368,-0.22129725283073665,257.37,1014369024,257.83,241.59182795698928,1.0069823533693243,0.023761524700327108,4204.11,4232.6,4002.6985806451607,1.0056260178712069
8.76,136589,10.1,8.569354838709678,1.0022586819660093,0.10321143898847396,421.93,70106000,435.09,412.1184301075269,1.0013241080676174,-0.23705738620993122,258.81,675211008,257.83,243.22911827956992,1.0067770931509825,0.01851450643434327,4229.89,4232.6,4024.7461505376345,1.005508176408557
8.74,84860,10.1,8.58563440860215,1.001899742769308,0.08556225752260338,422.75,86057000,435.09,412.6957634408602,1.0014008918096255,-0.23762382619918854,260.93,787097984,258.81,244.90139784946234,1.0068753263660246,0.03937249774301099,4247.44,4232.6,4046.376623655914,1.0053743695401485
8.55,144441,10.1,8.58862365591398,1.0003481684834885,0.0033507590059147496,414.0,113113000,435.09,412.72356989247317,1.0000673776037368,-0.2348734460253009,258.06,934726976,260.93,246.28578494623656,1.005652834605808,0.05059889449934585,4166.45,4247.44,4061.3576559139788,1.0037023326426122
8.6,145143,10.1,8.594709677419354,1.0007086142959802,0.00229692208672605,417.53,89651000,435.09,413.0033763440861,1.0006779512294048,-0.25747231827100836,264.16,871539008,260.93,247.9629892473118,1.0068099923080878,0.040833479886044355,4280.7,4247.44,4082.4001720430106,1.0051811531787629
8.82,179645,10.1,8.614967741935484,1.0023570388385954,0.0015775073315300592,418.59,81302000,435.09,413.3782365591398,1.000907644432285,-0.2498815938517951,269.14,783276032,264.16,249.86004301075266,1.007650552081177,0.04129521689300275,4352.34,4280.7,4106.683225806452,1.005948229654147
8.94,137947,10.1,8.641763440860215,1.0031103655553226,0.007454230463080025,416.38,70259000,435.09,413.6459999999999,1.0006477444073711,-0.30828365901836885,267.97,637466688,269.14,251.57806451612905,1.0068759353623518,0.01858953105411132,4369.55,4352.34,4130.67182795699,1.0058413568399414
9.13,221934,10.1,8.679010752688173,1.0043101517511859,0.018912892660910563,421.08,77863000,435.09,414.24225806451614,1.0014414694316305,-0.3055844089527413,267.3,754379712,269.14,253.15232258064518,1.006257533094326,0.04736053965470122,4327.16,4369.55,4150.40711827957,1.0047777434626999
8.91,174826,10.1,8.700236559139785,1.0024456481339235,0.03409757905287614,413.8,126483000,435.09,414.3864301075269,1.0003480379903402,-0.3094394627340403,275.96,934770240,269.14,255.184,1.0080255136458707,0.07622292118632967,4411.8,4369.55,4174.274559139784,1.0057506264277294
8.72,227758,10.1,8.707569892473119,1.000842888958649,0.009620755791201141,413.26,92368000,435.09,414.5117419354838,1.0003024033096943,-0.29390779437998693,273.3,948487296,275.96,256.91877419354836,1.006798130735267,0.06134966410121856,4395.26,4411.8,4195.550731182796,1.0050969747537153
8.59,153078,10.1,8.705376344086021,0.9997480871914685,-0.019584085669638984,408.75,89478000,435.09,414.36537634408603,0.9996468963925741,-0.33548315139784124,275.34,844438528,275.96,258.67466666666667,1.0068344264782905,0.0841094155573654,4436.52,4411.8,4218.11423655914,1.0053779603256003
8.79,111788,10.1,8.715376344086021,1.0011487154150198,0.029467704011337803,414.36,70236000,435.09,414.59922580645156,1.000564355700828,-0.2782653862203197,277.4,645330752,275.96,260.4472903225806,1.0068527145651962,0.11396639055248459,4468.0,4436.52,4241.392924731183,1.0055187429421142
8.68,779886,10.1,8.717247311827958,1.000214674348883,-0.03437108086793883,410.06,86907000,435.09,414.54423655913973,0.9998673677038232,-0.285115448612298,276.32,716272000,277.4,262.01268817204306,1.0060104209474539,0.06565566749097362,4441.67,4468.0,4261.46806451613,1.0047331478458152
8.65,222128,10.1,8.717290322580645,1.0000049339833033,-0.045678757034667394,403.38,87527000,435.09,414.0622795698924,0.9988373810398433,-0.2539495336927189,284.06,673705984,277.4,263.9695268817204,1.0074684883519551,0.08555331302135905,4509.37,4468.0,4284.620193548388,1.0054328998086455
8.57,122850,10.1,8.712408602150537,0.9994399956581161,-0.034368707557522526,405.14,83078000,435.09,413.673376344086,0.9990607615206816,-0.26633411869476165,286.77,763848000,284.06,265.9603655913979,1.0075419262715484,0.05639373696821148,4535.43,4509.37,4307.743655913979,1.005396852304531
8.5,196724,10.1,8.703075268817203,0.9989287309905288,-0.011168540076180955,394.64,87980000,435.09,412.5881935483871,0.997376715888053,-0.2102056293202479,283.32,615651968,286.77,267.6160645161291,1.0062253596360102,0.059569094618247886,4458.58,4535.43,4324.514215053764,1.0038931191081348
8.39,223283,10.1,8.686580645161289,0.998104736182736,-0.011497538980692834,392.76,136084992,435.09,411.3697204301076,0.9970467571846875,-0.2454718123816948,279.82,1031019008,286.77,268.9475268817204,1.0049752707035682,0.054240807415350645,4432.99,4535.43,4338.507462365591,1.0032357963498226
8.37,469987,10.1,8.668559139784946,0.9979253625664108,-0.013968896932610164,394.33,111692000,435.09,410.26488172043014,0.9973142439639887,-0.23179597063571666,277.81,958289024,286.77,270.05367741935487,1.0041128860728321,0.02797966710579347,4455.48,4535.43,4352.819892473119,1.0032989294663386
8.17,238430,10.1,8.63694623655914,0.9963531536537927,-0.044978516240293365,391.93,105353000,435.09,409.00047311827956,0.9969180676716751,-0.24558654969718108,272.81,883832000,286.77,270.7389032258065,1.0025373689149493,0.013486867551002701,4357.05,4535.43,4359.396344086021,1.0015108485476907
8.15,230539,10.1,8.604000000000001,0.9961854299359093,-0.1143295909024663,381.92,114151000,435.09,407.1067096774193,0.9953697768943348,-0.19535640561397105,272.45,990300032,286.77,271.3254623655914,1.002166512210828,0.024391584019159085,4391.36,4535.43,4367.078580645161,1.0017622248478422
8.46,227718,10.1,8.591956989247311,0.9986003009352987,-0.043882984591622765,373.87,190090000,435.09,404.73141935483875,0.9941654355820795,-0.27071792070178935,271.29,1077810048,286.77,271.76612903225805,1.0016241257374985,-0.01562610173299217,4471.37,4535.43,4378.959268817204,1.0027205116538773
8.33,254879,10.1,8.571655913978494,0.9976372000820973,-0.09077491088822542,376.91,126845000,435.09,402.6096774193549,0.9947576544987142,-0.2734459631120528,269.62,963441984,286.77,272.0332903225807,1.0009830558770292,-0.0019648073238200947,4544.9,4535.43,4394.383247311828,1.0035222932089045
7.88,368895,10.1,8.523376344086023,0.9943675329041454,-0.20890779361637624,375.8,104374000,435.09,400.4878279569893,0.9947297604072355,-0.2841790019251158,275.13,1144641024,286.77,272.5840430107526,1.0020245782695156,-0.018995487275680567,4605.38,4544.9,4412.482580645161,1.0041187425662985
7.95,345178,10.1,8.481354838709679,0.9950698521712583,-0.1526546763720824,377.64,122341000,435.09,398.56769892473125,0.9952055246171819,-0.27597226183282897,279.05,1165244032,286.77,273.3211827956989,1.0027042660927779,-0.03018602113358848,4697.53,4605.38,4435.267913978494,1.0051638353051586
7.88,501697,10.1,8.436903225806452,0.9947589018796448,-0.09696470607506846,374.79,92003000,435.09,396.5355698924731,0.9949014206677047,-0.26796438453899973,277.7,979772992,286.77,273.91294623655915,1.0021650844431715,-0.016544603025726357,4682.85,4697.53,4455.883075268817,1.004648008122655
7.79,564506,10.1,8.388279569892472,0.9942367887111409,-0.10251409384480681,364.72,111335000,435.09,393.9475913978495,0.9934735274938251,-0.2573637406453193,274.93,1065582976,286.77,274.27058064516126,1.0013056498917479,-0.025685623603225682,4697.96,4697.53,4476.403440860216,1.0046052298152282
7.72,342216,10.1,8.336322580645161,0.9938060017177066,-0.11357549429194447,368.21,94506000,435.09,391.6892473118279,0.9942673996863179,-0.22999187193540394,265.98,795932992,286.77,273.997935483871,0.9990059263350487,-0.0661522968057211,4594.62,4697.96,4489.143182795699,1.0028459771563922
7.51,1270895,10.1,8.271913978494625,0.9922737392264455,-0.14106505543721704,365.56,175120992,435.09,389.36060215053755,0.9940548657455575,-0.2686114389071277,258.65,1684669952,286.77,273.2342580645161,0.9972128351332054,-0.06907543366392477,4538.43,4697.96,4497.368623655913,1.0018322963927142
7.65,1852066,10.1,8.21894623655914,0.993596676407275,-0.1663258614439994,360.46,136260992,435.09,386.8317204301075,0.9935050395277222,-0.3264772496910341,266.26,1204137984,286.77,272.95978494623654,0.9989954659411165,-0.07569483912266906,4712.02,4697.96,4516.135720430108,1.0041729060578848
7.59,339246,10.1,8.164451612903225,0.9933696337599199,-0.20921262987243516,380.47,206956000,435.09,385.73724731182796,0.997170673808594,-0.25789518174339277,262.92,1544376064,286.77,272.44088172043007,0.9980989755472269,-0.06509787104161413,4620.64,4712.02,4527.849978494624,1.002593867587177
7.66,339246,10.1,8.117483870967742,0.9942472876119134,-0.16907122752309334,377.9,90520000,435.09,384.5475913978495,0.9969158904869335,-0.24985638776735075,269.61,820499968,286.77,272.3283440860215,0.9995869282403658,-0.076527725678877,4725.78,4712.02,4545.347935483872,1.0038645178334873
7.76,629219,10.1,8.079526881720431,0.9953240450057358,-0.10958051236184385,370.97,93747000,435.09,382.99098924731186,0.9959521209198599,-0.28818791907105823,267.48,792689984,286.77,272.052064516129,0.9989854909490977,-0.09328632455867747,4766.18,4725.78,4564.33047311828,1.0041762562302916
7.71,839476,10.1,8.040494623655915,0.9951689921160081,-0.1500991930861706,378.55,157588000,435.09,382.0330107526882,0.9974986918190781,-0.1930200748143428,260.3,1354513024,286.77,271.29391397849463,0.9972132152756024,-0.10355300882741059,4677.02,4766.18,4576.407440860215,1.002645945076296
7.9,1130130,10.1,8.015935483870969,0.9969455685334717,-0.047494583310161764,372.39,122801000,435.09,380.7726666666667,0.9967009550207759,-0.19637136342736927,261.66,1135126016,286.77,270.6248602150538,0.9975338416051092,-0.10519195126488845,4662.85,4766.18,4586.646387096775,1.0022373327482037
7.89,632003,10.1,7.992129032258064,0.9970301093788982,-0.013866361487091083,366.41,109620000,435.09,379.21599999999995,0.9959118214017461,-0.1733799383486646,243.22,1226653952,286.77,268.7583870967742,0.9931030980790294,-0.10665584725447186,4397.93,4766.18,4578.7261935483875,0.9982732059810261
7.67,632003,10.1,7.955655913978495,0.9954363701921785,-0.053006083875329235,370.42,200000000,435.09,378.02797849462377,0.9968671640822745,-0.16376835415751745,244.55,1753789952,286.77,267.02275268817203,0.9935420269955066,-0.10963342261719966,4431.85,4766.18,4572.742279569893,0.9986931050852252
8.03,463320,10.1,7.944881720430108,0.9986457190123751,-0.03969493968916071,382.08,156362000,435.09,377.6958064516129,0.9991213030201266,-0.10181241182962075,243.93,1739401984,286.77,265.3,0.9935482925300233,-0.11968945021928057,4500.54,4766.18,4571.018989247312,0.9996231385419903
8.04,178316,10.1,7.936709677419354,0.9989714078449098,-0.09060511423660911,384.85,112618000,435.09,377.61610752688176,0.9997889864717326,-0.07088389910410542,234.52,1571916032,286.77,263.0218494623656,0.9914129267333796,-0.14377463171940663,4418.64,4766.18,4563.730129032258,0.9984054189597114
7.88,401860,10.1,7.920559139784947,0.997965083984317,-0.10373668118211699,387.18,102442000,435.09,377.7646451612903,1.000393356192831,-0.030485610738449798,228.72,1292076032,286.77,260.44,0.9901838973923913,-0.15692021037731285,4348.87,4766.18,4551.743247311828,0.9973734464173997
7.53,233013,10.1,7.884043010752688,0.9953897031272907,-0.1211415422248836,389.88,117117000,435.09,378.14462365591396,1.001005860393477,-0.04609324062746767,232.93,1117132032,286.77,258.2313548387097,0.9915195624278518,-0.14529234607939134,4384.62,4766.18,4542.198150537634,0.9979029799671081
6.99,233013,10.1,7.815247311827957,0.9912740583947978,-0.15348328756446483,393.53,152426000,435.09,378.81036559139784,1.0017605484617167,-0.03682459952826922,226.71,1244274944,286.77,255.70823655913975,0.9902292334672299,-0.15235348593637665,4328.87,4766.18,4529.079161290323,0.997111753205712
7.17,233013,10.1,7.761505376344086,0.993123450437386,-0.1681504868481244,383.39,144174000,435.09,378.8546451612904,1.0001168911252558,-0.0562879221804119,219.59,1265155968,286.77,252.83034408602148,0.9887454056551179,-0.1493819657401928,4204.31,4766.18,4508.155548387097,0.9953801618037373
7.77,233013,10.1,7.749956989247311,0.9985120944279736,-0.034912982474696874,373.26,191076992,435.09,378.3119784946236,0.9985676124772449,-0.09222866316392275,232.31,1386748032,286.77,250.89741935483872,0.9923548546430601,-0.16409436916668363,4463.09,4766.18,4504.4944946236565,0.9991879042938635
7.83,233013,10.1,7.744236559139785,0.9992618758897033,-0.023955051832874497,373.69,159710000,435.09,377.8761935483872,0.9988480804970267,-0.08310180705366155,237.3,983683008,286.77,249.3810752688172,0.9939563185228423,-0.17207978485208197,4543.04,4766.18,4505.945440860215,1.0003221107803084
8.15,233013,10.1,7.760924731182795,1.0021549150669107,-0.03308891929602065,383.18,157924000,435.09,378.1165161290322,1.0006359823263495,-0.06793722157981852,237.17,998950016,286.77,247.95690322580646,0.9942891735410332,-0.17526058113557885,4545.86,4766.18,4507.505913978494,1.0003463142505298
8.05,233013,10.1,7.772064516129031,1.0014353682495434,-0.06041948172837286,392.44,152995008,435.09,379.0014838709678,1.0023404630694142,-0.06830545444606584,230.73,1825079040,286.77,246.22391397849455,0.9930109255892193,-0.1922818134800286,4488.28,4766.18,4505.329118279569,0.99951707313524
8.26,233013,10.1,7.797720430107526,1.0033010423324782,-0.007697714338957162,394.16,109179000,435.09,380.00215053763446,1.002640271105132,-0.0419461059432058,223.81,1528039040,286.77,244.15756989247313,0.9916078659759998,-0.19105090365819966,4392.59,4766.18,4496.914903225807,0.9981323861514084
7.98,233013,10.1,7.805591397849463,1.0010093934262567,-0.03569579951754509,380.4,144532992,435.09,380.1120645161291,1.0002892456748973,-0.10999519264206192,206.48,2004147968,286.77,241.09361290322582,0.9874509031581667,-0.21552809044879884,4271.78,4766.18,4480.793376344086,0.9964149806637086
8.22,233013,10.1,7.82978494623656,1.0030995150980824,0.07298541146695603,345.72,209272992,435.09,378.0145161290323,0.9944817631880036,-0.15488011214893505,198.03,2066535936,286.77,237.63789247311823,0.9856664787237864,-0.22244220020981587,4131.93,4766.18,4456.044322580645,0.9944766357908621
7.98,233013,10.1,7.838387096774194,1.0010986445472896,0.03364436101380164,359.22,162195008,435.09,376.8873118279571,0.9970180925520584,-0.06495941171567388,200.13,1630916992,286.77,234.47847311827954,0.9867049007969296,-0.20440971665517893,4123.34,4766.18,4431.225204301075,0.9944302353201917
8.05,233013,10.1,7.851870967741935,1.0017202354006336,-0.00039103444371391127,358.36,137574000,435.09,375.753440860215,0.996991485433026,0.024719738074545528,199.81,1620925952,286.77,231.45393548387096,0.9871010008117765,-0.16340517258597764,4023.89,4766.18,4400.566344086023,0.9930811775972718
8.11,233013,10.1,7.87010752688172,1.0023225749906879,0.02045480569270819,365.48,133336000,435.09,375.11227956989245,0.9982936648860627,0.08090490717715204,193.79,1326824960,286.77,228.1947311827957,0.9859185617463723,-0.1396516072015902,3901.36,4766.18,4362.964645161291,0.9914552591678875
8.22,233013,10.1,7.895913978494623,1.0032790468903705,0.0756915868200525,381.81,108801000,435.09,375.54924731182797,1.0011648985270132,0.07833568746744546,200.75,1155680000,286.77,225.54763440860214,0.9883998339467659,-0.17325413404157097,4158.24,4766.18,4343.319806451613,0.9954973646803522
8.21,280035,10.1,7.9203440860215055,1.0030940189563133,0.03699657309163151,380.48,80291000,435.09,375.88748387096774,1.0009006450194238,0.09813978831540737,200.46,897353024,286.77,223.0417849462366,0.9888899324130088,-0.15625120175038087,4108.54,4766.18,4321.430107526882,0.9949601457179793
7.72,306329,10.1,7.9126021505376345,0.9990225253600364,-0.06828951038388675,375.88,90085000,435.09,375.92283870967736,1.0000940569724364,0.14915256707932556,192.17,916790976,286.77,220.17010752688174,0.9871249352669633,-0.14100405078731637,3900.86,4766.18,4287.408344086021,0.9921271980352978
7.52,400390,10.1,7.8923010752688185,0.9974343364063317,-0.06579539766682296,363.94,154524992,435.09,375.1855268817205,0.9980386617889787,0.1897741883388917,183.37,1523049984,286.77,216.91462365591397,0.985213778984187,-0.11525059386518777,3674.84,4766.18,4240.486344086022,0.9890558593363931
7.76,376610,10.1,7.888064516129032,0.9994632035575706,-0.025963051901538803,381.66,128477000,435.09,375.59311827956986,1.001086372923916,0.1584948197972168,196.2,1130633984,286.77,214.6837849462365,0.9897155909911534,-0.11372455095808409,3911.74,4766.18,4211.0484731182805,0.993057902188791
