6.6,12355341,24.15,7.571075268817204,0.9831576772060342,-0.44653216028318177,1648.4,70029000,1657.5,1558.7819354838712,1.0049162081810366,-0.0865667058855415,919.56,16521938,957.39,886.1409462365591,1.004316957146502,0.050585706854676005,2859.53,2945.64,2792.2965161290326,1.002833111273684
6.45,11811545,24.15,7.442215053763441,0.9829799321128802,-0.45502757895045043,1683.0,68065000,1657.5,1568.4268817204302,1.0061874891009466,-0.05089371740270643,899.17,16521938,957.39,888.4816559139783,1.0026414643035741,0.031981031207505506,2826.06,2945.64,2797.828387096774,1.001981118744298
6.52,5139774,24.15,7.32789247311828,0.9846386351618058,-0.46580951236800505,1679.0,68386000,1683.0,1577.4415053763441,1.005747557480031,-0.06678385397803122,878.54,16521938,957.39,889.3237419354838,1.0009477809878238,0.01803739722907305,2752.06,2945.64,2798.2261290322585,1.0001421609478691
5.45,17272012,24.15,7.155419354838709,0.9764634758339764,-0.48895807569200656,1734.3,95413000,1683.0,1589.7772043010752,1.0078200674210027,-0.028100627969159797,913.6,16521938,957.39,892.3750752688171,1.0034310714866248,0.01569708892296595,2873.34,2945.64,2806.386021505376,1.0029160947317504
5.49,17606782,24.15,6.99541935483871,0.9776393259338738,-0.4657818672319105,1747.1,86394000,1734.3,1602.5974193548386,1.008064158310409,-0.01575853302265262,935.89,16521938,957.39,896.7728817204303,1.0049282040405358,0.0615886343105958,2886.98,2945.64,2815.2273548387097,1.0031504337840849
5.31,10887915,24.15,6.835010752688173,0.9770694801821163,-0.4687956538931537,1774.3,116975000,1747.1,1616.8002150537636,1.008862360270518,0.0018584699241948055,948.84,1116390016,957.39,901.7958924731183,1.0056012072343798,0.06227628337662083,2950.46,2945.64,2827.840064516129,1.0044801744540246
5.46,13873457,24.15,6.694817204301074,0.9794889059491295,-0.4598874027127905,1783.0,138716000,1774.3,1631.0539784946236,1.0088160326230449,0.036020667809768314,945.58,1159369984,957.39,906.2928817204302,1.0049867040700076,0.04197894053238471,2941.76,2950.46,2839.2078279569896,1.0040199456763852
5.49,7738967,24.15,6.567204301075269,0.9809385530132443,-0.4453191943896201,1808.9,88176000,1783.0,1646.5462365591397,1.009498311072951,0.10339889163044402,965.13,676110016,957.39,911.8533333333334,1.0061353804328108,0.04483584109255445,2990.41,2950.46,2853.323784946237,1.0049717941921161
5.34,7504999,24.15,6.43905376344086,0.9804862873516168,-0.44940078654038584,1834.1,96104000,1808.9,1662.9679569892473,1.009973434128655,0.13382567217103158,985.83,910049984,965.13,918.4318494623656,1.007214445447037,0.06134498320938131,3013.77,2990.41,2868.1783870967743,1.0052060695771394
5.17,5915976,24.15,6.30952688172043,0.9798841745264114,-0.41170133751484816,1845.8,86214000,1834.1,1679.3137634408602,1.0098292973011977,0.18837864196405718,969.52,968990016,985.83,923.5750752688173,1.0056000081110672,0.08134773941659379,2976.61,3013.77,2879.745634408602,1.004032959513211
5.27,5435669,24.15,6.193118279569893,0.981550343736899,-0.4864583993496162,1862.8,94945000,1845.8,1695.6827956989248,1.0097474531647528,0.14718700090879278,977.85,1242029952,985.83,928.7586021505377,1.0056124586084263,0.04762087917790847,3025.86,3013.77,2893.2860215053765,1.0047019385792229
5.33,4952496,24.15,6.089182795698925,0.9832175845544829,-0.43479527184460764,1798.9,112307000,1862.8,1706.9131182795697,1.006622891149884,0.05284322496584504,933.12,1298189952,985.83,930.6159139784945,1.001999778870049,0.010536767718732243,2932.05,3025.86,2899.612602150538,1.002186641969766
3.52,10149415,24.15,5.8767526881720435,0.9651135276022703,-0.6227840666439328,1840.0,151680992,1862.8,1719.9505376344086,1.0076380099345534,0.07774978876609517,933.03,1186589952,985.83,932.1779569892473,1.0016785045122159,0.0022105262386307167,2918.65,3025.86,2904.214215053764,1.0015869750668807
3.81,8969683,24.15,5.696000000000001,0.9692427607961386,-0.5977650866537974,1848.0,115973000,1862.8,1732.6430107526883,1.007379557051528,0.07687918519394032,915.32,1185910016,985.83,932.3722795698925,1.0002084608192976,-0.0012217103347411662,2888.68,3025.86,2906.1889677419354,1.0006799610985773
3.6,4254080,24.15,5.514236559139784,0.968089283556844,-0.5468492672134146,1824.9,97125000,1862.8,1743.035483870968,1.005998046368343,0.0840768943750112,916.38,1255689984,985.83,932.4885161290323,1.0001246675407311,0.013367506258280093,2847.11,3025.86,2905.0130322580644,0.9995953685404069
3.96,6479568,24.15,5.368172043010753,0.9735113801226154,-0.5237207481306796,1842.7,99074000,1862.8,1753.8109677419357,1.0061820220934559,0.10680709257419618,940.47,1063569984,985.83,934.009935483871,1.001631568998999,0.030197433045913824,2926.46,3025.86,2908.564301075269,1.0012224622670434
4.1,7145369,23.95,5.243139784946237,0.9767085970675428,-0.5093054796461611,1847.7,92285000,1862.8,1764.1094623655913,1.0058720664958067,0.11111169489283013,965.06,857440000,985.83,936.9149892473118,1.0031103028491188,0.044084737485690306,2978.71,3025.86,2915.0135698924737,1.0022173375416938
4.33,5355427,23.95,5.145419354838709,0.9813622306259893,-0.3266176210006506,1844.6,122856000,1862.8,1773.3944086021506,1.0052632483610788,0.11686714552282895,969.05,1230419968,985.83,939.816064516129,1.0030964124836426,0.03668849371075078,3007.39,3025.86,2922.730731182796,1.0026473843449746
3.66,9247117,23.95,5.011720430107528,0.9740159323252338,-0.4799723240629548,1833.1,126244000,1862.8,1781.236989247312,1.0044223555725222,0.07746873493082651,948.16,1115769984,985.83,941.1457849462366,1.001414873059009,0.0138598214640957,2992.07,3025.86,2928.961032258065,1.0021316712514081
3.445,7003754,23.95,4.872838709677419,0.9722886137870366,-0.5349227417154347,1771.3,74829000,1862.8,1784.447311827957,1.0018022995255682,0.004682143719628273,939.36,979420032,985.83,941.7475698924733,1.0006394173526167,0.017201122764632704,2961.79,3025.86,2932.808967741935,1.0013137544137634
3.22,4435196,23.95,4.727860215053763,0.970247631152714,-0.5899694564044902,1772.2,82759000,1862.8,1787.2516129032256,1.0015715236065983,0.016663690105437556,937.22,1104870016,985.83,942.0728172043009,1.0003453657033219,0.0227956535573397,2952.01,3025.86,2935.6859354838707,1.0009809598148327
3.2,4874991,23.95,4.589677419354838,0.9707726562517768,-0.5871469263768951,1789.3,67850000,1862.8,1790.6627956989246,1.0019086192291402,0.05285830885702891,946.48,963960000,985.83,942.8139784946238,1.000786734609881,0.02973778189686649,2970.27,3025.86,2939.291634408602,1.001228230472868
3.395,4794688,23.95,4.472096774193549,0.9743815012651114,-0.541136029307211,1789.3,70348000,1862.8,1793.5569892473115,1.001616269436847,0.058876656241736436,958.79,930390016,985.83,944.1949032258063,1.0014646841929384,0.017344796907282856,2986.2,3025.86,2943.607247311829,1.0014682493062976
3.33,3049562,23.95,4.357043010752688,0.9742729709909712,-0.5822708547624607,1777.6,80139000,1862.8,1795.135053763441,1.000879851895195,0.04839685365419433,950.76,1149260032,985.83,944.8987311827955,1.000745426558208,-0.011387549689134024,3022.55,3025.86,2949.86911827957,1.0021272780101556
3.45,6178152,23.95,4.256849462365591,0.9770042324255624,-0.600626049778592,1735.8,77981000,1862.8,1793.5550537634408,0.9991198433807598,0.012041907649485317,956.17,1141389952,985.83,945.845010752688,1.0010014613615874,-0.03239006952800105,3066.91,3025.86,2958.588301075269,1.002955786323423
4.78,13587618,23.95,4.249365591397849,0.9982419225688138,-0.3545486104595522,1669.1,125381000,1862.8,1787.3860215053764,0.9965604444395951,-0.0016168411040393682,954.04,1317859968,985.83,946.5982150537635,1.0007963295175348,-0.04484874307307685,3093.08,3066.91,2968.621311827956,1.0033911479840032
4.62,8790974,23.95,4.235129032258064,0.996649721274017,-0.38117235180826003,1714.2,94961000,1862.8,1784.0329032258066,0.9981240100128199,-0.036998093245971475,951.74,1017169984,985.83,947.164752688172,1.000598498523871,-0.06592638806147466,3120.46,3093.08,2980.0214838709676,1.003840224415822
4.88,7532566,23.95,4.241172043010753,1.0014268776008146,-0.343703273848604,1735.1,92405000,1862.8,1781.8660215053765,0.9987854026029945,-0.00815847546565629,944.15,1367719936,985.83,947.2249032258067,1.0000635058868734,-0.07179421593121216,3110.29,3120.46,2990.30223655914,1.0034498921379646
5.25,9829258,23.95,4.273795698924731,1.007692132170809,-0.36840277519506703,1749.9,70022000,1862.8,1780.4849462365592,0.9992249275466567,0.0023245803874845095,960.79,959009984,985.83,948.3870752688171,1.0012269230243553,-0.05949306327896409,3140.98,3120.46,3002.1965161290314,1.0039776178556379
4.83,5365858,23.95,4.283064516129032,1.0021687553306848,-0.3177958833619211,1748.7,85534000,1862.8,1778.8062365591397,0.9990571615441244,-0.009438278326198368,953.2,1132000000,985.83,949.0455698924732,1.0006943310815044,-0.06707326001985137,3145.91,3140.98,3013.9887741935486,1.0039278768065862
5.05,6827964,23.95,4.309387096774194,1.0061457352664283,-0.30600993372122764,1745.2,93391000,1862.8,1776.7049462365587,0.9988187075807393,0.035224339604862376,963.4,1088850048,985.83,950.3126666666666,1.0013351274315911,-0.06047916223031624,3168.8,3145.91,3026.6889677419354,1.0042137494529273
4.8,14025229,23.95,4.322913978494624,1.0031389340100256,-0.34340750255551655,1778.8,106811000,1862.8,1776.563225806452,0.9999202341219307,0.008992647386013575,977.43,1388060032,985.83,952.3906451612902,1.0021866261152894,-0.05279135796535961,3221.22,3168.8,3042.106,1.0050936955935603
4.61,5517756,21.76,4.3277311827956995,1.0011143419288564,-0.35546425770311674,1769.3,32545000,1862.8,1775.6025806451614,0.9994592676762998,-0.008551379468492604,991.94,557550016,985.83,955.2364516129032,1.0029880663633892,-0.04822939265422499,3240.02,3221.22,3057.8861290322575,1.0051872383908573
4.77,7982269,21.56,4.346978494623656,1.0044474370091356,-0.2014606432466578,1794.3,51338000,1862.8,1776.0606451612903,1.0002579769375883,-0.0003852930278243072,990.5,779640000,991.94,957.7454838709676,1.002626608578251,-0.04164274895059483,3234.85,3240.02,3072.2833333333333,1.004708221200386
4.19,5559658,21.56,4.330268817204301,0.9961560248250546,-0.3422180785400426,1812.4,75926000,1862.8,1777.5574193548387,1.000842749484724,0.004868150259026871,994.48,1241350016,991.94,960.3459139784947,1.0027151577859879,-0.06845732063781007,3265.35,3240.02,3087.870838709677,1.005073589797928
4.36,4774186,21.56,4.327322580645161,0.9993196180921992,-0.28183510955021407,1864.3,71185000,1862.8,1782.2621505376344,1.002646739357935,0.002113414540897196,1005.68,1113260032,994.48,963.5429247311827,1.0033290199980582,-0.06860404913248197,3329.62,3265.35,3106.7910967741936,1.0061272828601933
3.93,2469347,21.56,4.2986774193548385,0.9933803961326009,-0.38696489473963747,1856.0,58508000,1864.3,1786.2378494623656,1.002230703784812,-0.047952506958486074,990.75,988430016,1005.68,965.6544731182795,1.0021914419512612,-0.0724679219941331,3295.47,3329.62,3122.692731182796,1.005118346845114
3.7,4707776,21.56,4.2584838709677415,0.9906497872563954,-0.3976162904714351,1824.2,78304000,1864.3,1788.0049462365596,1.000989284139694,-0.035061053412873466,992.01,1454860032,1005.68,967.7501720430108,1.0021702368529024,-0.05077015586400235,3225.52,3329.62,3133.320795698925,1.0034034935330007
3.81,3127668,21.56,4.229236559139785,0.9931319895262842,-0.36877290063817214,1828.8,82783000,1864.3,1790.0359139784948,1.0011358848565883,-0.06632317706547852,1016.0,1612039936,1005.68,971.3358064516128,1.0037051240208332,-0.07356487932576172,3327.71,3329.62,3150.0361505376345,1.0053347090606408
3.74,6383421,21.56,4.198763440860215,0.992794652686496,-0.33877035421228896,1878.6,75693000,1864.3,1795.2911827956987,1.0029358454633033,-0.12295993135584204,1042.54,1368850048,1016.0,976.5688172043009,1.0053874372981315,-0.06025806943205492,3380.16,3329.62,3169.4602365591404,1.0061663057480121
3.48,9536921,21.56,4.154591397849463,0.9894797495422362,-0.3653071466175808,1836.0,78442000,1878.6,1797.7275268817205,1.0013570746123912,-0.1467610451042214,1031.02,1004609984,1042.54,980.901569892473,1.0044367100524219,-0.04870043551274117,3337.75,3380.16,3185.2803440860216,1.0049914200987282
2.63,8102587,21.56,4.059430107526882,0.977094909893705,-0.5574779166212158,1666.3,117864000,1878.6,1789.2731182795696,0.9952971690783333,-0.04658075778916326,915.77,2346099968,1042.54,977.6844946236558,0.9967202873687215,-0.026154798263135937,2954.22,3380.16,3175.6858494623652,0.9969878649326832
2.43,7809810,21.56,3.9571720430107526,0.9748097487067149,-0.3789855157795572,1655.5,99692000,1878.6,1780.4070967741934,0.9950449031985116,-0.10169923094334943,908.3,2276229888,1042.54,974.0227956989248,0.9962547233336859,-0.044910812501137376,2972.37,3380.16,3167.2146451612903,0.9973324803829355
2.68,10238483,21.56,3.873387096774194,0.9788270650540601,-0.3558387307013623,1469.6,142528992,1878.6,1759.9443010752689,0.9885066759529325,-0.11780356270622139,813.24,3029809920,1042.54,964.2813763440861,0.9899987768275499,-0.050021699272055464,2711.02,3380.16,3141.766623655914,0.9919651730758904
2.29,8966988,21.56,3.7668709677419354,0.9725005205080156,-0.4677358512601313,1154.0,153664000,1878.6,1719.9339784946237,0.9772661427090618,-0.07283476891983887,711.34,3662960128,1042.54,948.1852903225807,0.9833076875522256,-0.03331475946740903,2304.92,3380.16,3090.5006666666673,0.9836824426730999
2.41,5358977,21.56,3.670913978494624,0.9745260748061054,-0.43303777289524026,1310.6,129778000,1878.6,1691.469677419355,0.983450352495401,-0.08825783985353164,790.18,3703180032,1042.54,937.6166021505376,0.9888537733290003,-0.02824822934817639,2541.47,3380.16,3055.6620000000003,0.9887271771067945
2.13,4945507,21.56,3.5602258064516135,0.9698472443943233,-0.5821588118224932,1174.7,103986000,1878.6,1655.3819354838708,0.9786648602589538,-0.10399830055162462,753.09,3480499968,1042.54,924.9782150537634,0.98652073025607,-0.055123491241922506,2488.65,3380.16,3018.2435268817203,0.9877543808450411
2.2,3605993,21.56,3.458290322580645,0.9713682531916241,-0.6367745781454804,1385.6,86724000,1878.6,1634.3479569892475,0.9872935797813481,-0.17557759540287388,856.78,2955419904,1042.54,919.4853548387096,0.9940616328842571,-0.043510611818294076,2789.82,3380.16,3001.3092688172046,0.9943893665591619
2.21,3678938,21.56,3.36158064516129,0.9720354081356627,-0.5035466582597731,1386.6,83101000,1878.6,1614.3655913978494,0.9877734937006871,-0.1265762080885907,924.09,2314800128,1042.54,918.5765161290323,0.9990115789176036,0.013887802981229824,2874.56,3380.16,2990.31,0.9963351764739862
2.29,5234609,21.56,3.2731505376344083,0.9736938908027777,-0.3955751840959828,1376.2,80975000,1878.6,1594.6724731182796,0.9878013267970375,-0.06624375005782634,922.03,2048600064,1042.54,917.5865376344086,0.9989222688831677,0.023772358222787893,2836.74,3380.16,2977.123440860215,0.9955902367514455
2.47,5257464,21.56,3.198817204301075,0.9772899741461155,-0.28251439635878983,1466.3,106474000,1878.6,1581.641935483871,0.9918287059856697,-0.00740467829070468,911.72,2805240064,1042.54,915.9686666666668,0.9982368191975518,0.013882520551554922,2830.71,3380.16,2963.816774193548,0.9955303611250926
2.76,7402853,21.56,3.144806451612904,0.983115398836936,-0.1560515873015874,1577.0,155223008,1878.6,1576.4111827956986,0.9966928338387966,0.029293873525467085,952.09,2540950016,1042.54,917.0101505376344,1.0011370300195506,0.019552249074355155,2929.8,3380.16,2957.1638709677422,0.9977552919992444
2.37,3672503,21.56,3.06658064516129,0.975125398762937,-0.3313817893136123,1497.3,116208000,1878.6,1566.495053763441,0.9937096811158929,0.060554755173140906,942.3,2390299904,1042.54,917.4079569892473,1.0004338081223851,0.02382327375465476,2863.7,3380.16,2946.333483870968,0.9963375762827679
2.55,3080106,21.56,3.0021720430107526,0.9789966057953942,-0.2528964481621392,1565.6,94734000,1878.6,1561.613333333333,0.9968836668724999,0.051968987884911555,982.39,2783869952,1042.54,920.427677419355,1.00329157863424,0.05546792052788296,2955.45,3380.16,2941.685892473118,0.998422584740223
2.7,3805098,21.56,2.9491182795698925,0.9823282068180028,-0.1996004930086276,1632.2,84182000,1878.6,1561.484301075269,0.9999173724664681,0.056800942905119056,1002.29,2504420096,1042.54,924.663247311828,1.0046017411214192,0.05560308113544876,3044.31,3380.16,2942.9155053763443,1.0004179959887534
2.9,3042504,21.56,2.9105806451612906,0.9869324893899398,-0.3938957000290191,1722.9,104481000,1878.6,1567.4296774193551,1.0038075159257074,0.05021162232715182,1049.92,3100219904,1042.54,931.8725376344084,1.0077966658062156,0.06789388993236156,3193.93,3380.16,2953.846623655914,1.0037143840044336
2.96,7668496,21.56,2.8799569892473116,0.9894785063025519,-0.3423080278203954,1628.9,92833000,1878.6,1567.1948387096775,0.9998501759198127,0.027094413601029488,1016.5,3217649920,1049.92,936.719505376344,1.0052013205091759,0.09340864352716605,3041.31,3380.16,2954.71440860215,1.000293781315281
2.9,6685856,21.56,2.849032258064516,0.989262085753969,-0.3746126335302544,1636.3,110478000,1878.6,1567.6208602150537,1.0002718369757566,0.015719601626599577,1039.83,2731930112,1049.92,942.932365591398,1.0066325726958765,0.10537482299775291,3097.74,3380.16,2959.393053763441,1.001583450890438
2.52,9450386,21.56,2.7978494623655914,0.9820350241545893,-0.5249346879535559,1563.6,132207000,1878.6,1563.5690322580645,0.9974153010719484,0.015081881108660267,1020.03,2468349952,1049.92,947.6620430107528,1.005015924356768,0.10366040867962278,3009.05,3380.16,2958.376752688172,0.9996565846250208
2.56,3640548,21.56,2.755118279569892,0.9847271329746348,-0.483090842054511,1619.4,68792000,1878.6,1563.5178494623658,0.9999672654071278,-0.004215253672140373,1074.07,1553379968,1049.92,955.7507741935482,1.008535459705759,0.13185862963557782,3130.01,3380.16,2965.448043010753,1.002390260238543
2.89,4556661,21.56,2.7385591397849463,0.9939896809847558,-0.46213673736450955,1623.3,82323000,1878.6,1563.9963440860215,1.0003060371992685,-0.007745236506234154,1125.92,1789459968,1074.07,966.9247311827957,1.0116912874056272,0.1635692395709738,3185.04,3380.16,2976.103849462366,1.0035933209070136
2.92,3341978,21.56,2.72858064516129,0.9963562975585623,-0.33884635265232277,1679.1,77190000,1878.6,1568.3369892473117,1.0027753550561058,0.030170921015858942,1107.71,2165929984,1125.92,976.5743440860215,1.0099796939637917,0.132198668058634,3224.73,3380.16,2989.2853763440853,1.004429121948853
2.87,2700251,21.56,2.71941935483871,0.9966424703851702,-0.35251609724263233,1688.3,68567000,1878.6,1573.4855913978495,1.0032828417526571,0.05103654712058958,1122.55,1699680000,1125.92,986.9012043010753,1.0105745766081113,0.13919900175004474,3215.63,3380.16,3001.8722580645153,1.0042106658066297
3.76,10303452,21.56,2.77141935483871,1.01912172902185,-0.1637051074309046,1776.2,113362000,1878.6,1584.4793548387095,1.006986885358825,0.04947913668761528,1145.81,1842119936,1125.92,998.4478279569893,1.0116998779671076,0.14558732975243727,3271.12,3380.16,3018.0915913978497,1.0054030724624479
5.48,24053266,21.56,2.936559139784946,1.0595867185014471,0.3556083645002619,1905.0,116856000,1878.6,1603.8217204301075,1.0122073951499146,0.10726428390906928,1167.41,1707929984,1145.81,1011.0539999999999,1.0126257694093093,0.1475741632112968,3351.28,3380.16,3039.4045376344084,1.00706172943767
5.12,10388722,21.56,3.075698924731183,1.04738191138777,0.2443034256137221,1893.9,78960000,1905.0,1622.248817204301,1.0114894919675061,0.1114409685347838,1185.62,1733369984,1167.41,1024.46311827957,1.0132625144448961,0.165940249729982,3372.85,3380.16,3061.9243010752693,1.0074092682175135
4.98,3233599,21.56,3.2041720430107534,1.0417703817647883,0.3523284109470317,1870.9,68392000,1905.0,1639.128387096774,1.010405043735253,0.11243225627107678,1214.27,1532710016,1185.62,1039.3336559139784,1.014515444596367,0.19474935302592677,3397.16,3380.16,3085.9194838709677,1.0078366348858696
4.95,4113209,21.56,3.3284516129032258,1.038786796783763,0.4139887885182738,1910.7,65670000,1905.0,1658.5436559139785,1.0118448737573222,0.11773247036996815,1251.82,1694870016,1214.27,1056.1460860215054,1.0161761624978287,0.17432292471296407,3508.01,3397.16,3116.8475913978496,1.0100223313305912
4.58,3141366,21.56,3.426172043010753,1.02935912594574,0.2534435387080324,1885.9,91913000,1910.7,1676.1729032258065,1.010629353800225,0.1254191242732402,1220.14,1754759936,1251.82,1070.3559139784945,1.0134544152035987,0.171099881543471,3426.96,3508.01,3141.9391612903223,1.0080503037625974
4.54,1928502,21.56,3.5196559139784944,1.0272852237990922,0.29892589431937266,1842.1,66509000,1910.7,1690.853548387097,1.0087584312650786,0.13200878025253848,1196.89,1404749952,1251.82,1082.6267311827958,1.011464240113077,0.15964599903127696,3340.97,3508.01,3161.2695483870975,1.0061523747292538
4.935,4580906,21.56,3.636903225806452,1.0333121517254866,0.4737617143068048,1815.0,131991000,1910.7,1703.864301075269,1.0076947839158412,0.14115536862005196,1169.0,1884419968,1251.82,1092.7662580645163,1.0093656720175779,0.13930537903507423,3319.47,3508.01,3179.29711827957,1.0057026361139214
4.85,7768090,21.56,3.745537634408602,1.0298700300385533,0.9111542305676011,1858.3,78949000,1910.7,1719.7137634408602,1.0093020684543887,0.1694194646405871,1183.4,1603769984,1251.82,1103.5380860215053,1.009857394367271,0.17572103393725724,3298.46,3508.01,3196.0085161290317,1.0052563183709313
5.08,4608840,21.56,3.8642365591397847,1.0316907574604905,1.168449506025283,1917.0,59373000,1910.7,1738.9374193548388,1.0111784044081356,0.2110775560332715,1213.1,1373849984,1251.82,1115.6504946236562,1.010975976955919,0.20905001391858602,3348.44,3508.01,3215.2041290322577,1.0060061206991011
5.23,6076116,21.56,3.9869139784946235,1.0317468709478148,1.0521978664670377,2033.0,52210000,1917.0,1765.0825806451614,1.0150351363995738,0.3335255304770972,1260.08,1357330048,1251.82,1130.138387096774,1.0129860494329859,0.26686544071809437,3477.13,3508.01,3241.893569892472,1.0083010097614697
4.94,5108499,21.56,4.085397849462366,1.0247017797471838,1.2561387766439165,2072.4,46963000,2033.0,1792.558064516129,1.0155661180798266,0.46413468975199446,1257.8,1368419968,1260.08,1143.5182365591397,1.0118391248497782,0.25674533130860944,3483.81,3508.01,3267.366430107527,1.0078574017517483
4.905,3331513,21.56,4.175924731182796,1.0221586452669094,1.0820718910011786,2074.4,50091000,2072.4,1818.1875268817205,1.0142977027483402,0.4437987372048324,1249.95,1403180032,1260.08,1155.2164516129033,1.0102300205451586,0.2183171296018276,3465.39,3508.01,3289.1156559139777,1.006656500356385
4.36,5182743,21.56,4.225924731182796,1.0119733958868167,1.0993466627269446,1985.5,70202000,2074.4,1836.4389247311829,1.010038237299298,0.5277119073551491,1172.03,1816210048,1260.08,1160.898817204301,1.0049188752319653,0.24234540241129565,3269.96,3508.01,3296.2695698924726,1.0021750265806653
3.71,8921908,21.56,4.229193548387097,1.0007735152451203,0.787939132987572,2132.3,53700000,2074.4,1862.417634408602,1.0141462421252163,0.5378116800992918,1258.63,1460749952,1260.08,1171.2673333333332,1.0089314555027302,0.2110785962819155,3509.44,3508.01,3317.1935698924735,1.0063477818049582
3.9,6187724,21.56,4.241473118279569,1.0029035251643084,0.8817343435203313,2098.5,59673000,2132.3,1884.6098924731182,1.0119158332988847,0.4304422301356863,1244.78,2468260096,1260.08,1179.8781075268819,1.0073516727979113,0.09983372620985742,3585.15,3509.44,3341.454516129033,1.007313696269267
3.98,5019732,21.56,4.255279569892473,1.0032551076543197,0.8270915284351401,2080.1,59190000,2132.3,1904.0840860215055,1.0103332756694978,0.3972327911025084,1243.31,1883619968,1260.08,1187.7043870967743,1.00663312550675,0.09435404329930397,3557.54,3585.15,3362.4060215053764,1.0062701752411147
4.14,4022700,21.56,4.275774193548387,1.0048162813557353,0.7782348646633271,2112.3,37875000,2132.3,1924.1219354838709,1.0105236158473618,0.3234343073141652,1280.15,1367849984,1260.08,1197.216516129032,1.0080088354775798,0.11879075170467912,3638.35,3585.15,3387.0209677419343,1.0073206347119072
4.22,3974151,21.56,4.2978387096774195,1.005160355792952,0.6870647903865348,2085.4,66963000,2132.3,1941.035053763441,1.0087900449382472,0.20611420235728017,1274.78,1764450048,1280.15,1205.589870967742,1.0069940188143942,0.0763435657608964,3699.12,3638.35,3413.8196989247317,1.0079121834314075
4.34,4632105,21.56,4.324505376344087,1.0062046690134328,1.0175189255308419,2121.8,66096000,2132.3,1959.2032258064517,1.0093600432448577,0.24811407164795818,1259.81,1547360000,1280.15,1212.3034623655917,1.0055687191469689,0.05767707465606042,3663.46,3699.12,3436.663333333334,1.0066915175443498
4.42,5914300,21.56,4.352096774193548,1.0063802436228642,0.8931057757207598,2211.5,72730000,2132.3,1981.8154838709677,1.0115415582042073,0.30310376669469385,1289.04,1660060032,1280.15,1220.2200430107525,1.006530197174982,0.057038547899721515,3709.41,3699.12,3460.7515698924735,1.0070091929941172
4.51,3658056,21.56,4.381473118279569,1.0067499289676214,0.7902947334276952,2224.3,36213000,2211.5,2003.8645161290326,1.0111256736247705,0.3177252804118351,1277.28,1092999936,1289.04,1226.7184516129034,1.0053256038854408,0.05797441866475772,3703.06,3709.41,3482.808709677419,1.0063735114582728
4.2,3377634,21.56,4.386956989247312,1.001251604385033,0.6204319922429897,2243.4,34537000,2224.3,2025.8724731182795,1.01098275697389,0.3086890146769684,1302.56,935129984,1289.04,1234.2564516129032,1.0061448492847636,0.06462525241931272,3756.07,3709.41,3506.869182795699,1.0069083533216812
4.75,3567313,21.56,4.425129032258063,1.0087012576381107,0.7895155064712046,2251.1,56096000,2243.4,2047.2578494623658,1.0105561315570715,0.3716484656552499,1352.53,1794940032,1302.56,1244.4750107526881,1.0082791215119284,0.0729989993196214,3824.68,3756.07,3534.1472043010754,1.0077784542517865
4.59,2273279,21.56,4.449129032258064,1.0054235706631482,0.7170547205029962,2177.1,48980000,2251.1,2062.5309677419355,1.0074602807279898,0.2934103658231635,1327.14,1901990016,1352.53,1252.3328602150536,1.0063141882275426,0.05985343218675121,3768.25,3824.68,3556.099913978494,1.0062116002555588
5.07,2545903,21.56,4.500462365591397,1.0115378387457736,1.1496863910208797,2166.1,40687000,2251.1,2075.931397849463,1.0064970806824773,0.2904134743377951,1368.13,1554989952,1352.53,1262.2173548387098,1.0078928653377015,0.06462566634579203,3841.47,3824.68,3581.3345376344087,1.0070961514767123
4.48,3022834,21.56,4.508247311827957,1.0017298103181755,0.8803843925053123,2099.2,82175000,2251.1,2083.7200000000003,1.0037518591214556,0.2611575794435017,1307.64,2116349952,1368.13,1267.4506666666666,1.0041461257111504,0.0308081932589932,3714.24,3841.47,3596.570623655914,1.0042543040482248
5.0,1697069,21.56,4.545451612903226,1.008252497811657,0.8644336037211411,2254.2,52418000,2251.1,2100.4767741935484,1.008041759062421,0.30168421873311413,1385.96,1778659968,1368.13,1277.2345806451617,1.0077193647341134,0.010618332529928942,3886.83,3841.47,3621.6851397849455,1.006982906428653
5.42,5058291,21.56,4.605215053763441,1.0131479654718056,0.9391481142482293,2333.7,52139000,2254.2,2121.005806451613,1.0097735107144645,0.29089600861284626,1368.53,1534470016,1385.96,1285.334752688172,1.0063419611132975,0.01525425696497118,3934.83,3886.83,3648.3872043010747,1.007372828803587
5.18,2668549,21.56,4.644118279569892,1.0084476458433052,0.9267705908815301,2255.1,51068000,2333.7,2135.0561290322576,1.0066243678060225,0.23815796046040694,1361.14,1180199936,1385.96,1292.3972473118279,1.005494673359516,-0.0023699142223905234,3906.71,3934.83,3671.7479784946236,1.0064030413674319
5.42,8285973,21.56,4.693537634408602,1.0106412782499774,0.5238542954432083,2109.8,62843000,2333.7,2138.5133333333333,1.0016192568682691,0.15472354613037753,1294.47,2253669888,1385.96,1294.6453548387096,1.0017394864710194,-0.03534796593177392,3811.15,3934.83,3687.4573978494623,1.0042784579570407
4.95,8665712,21.56,4.7090645161290325,1.0033081404539301,0.014140099246703564,2074.0,57568000,2333.7,2138.943440860215,1.0002011245476834,0.07643096108590175,1257.91,2245149952,1385.96,1294.2150537634411,0.9996676301555014,-0.06888769405366113,3841.94,3934.83,3703.9919139784947,1.0044839883814456
5.175,4949202,21.56,4.740247311827957,1.006621866315936,0.09077468800782051,2139.3,53499000,2333.7,2143.223010752688,1.0020007868421017,0.03970799647803225,1330.13,1834659968,1385.96,1298.249483870968,1.0031172795400543,-0.047256227958200725,3943.34,3934.83,3726.013182795699,1.0059452799381388
5.05,5503713,21.56,4.763247311827957,1.0048520675160997,0.07299572889461758,2132.3,60861000,2333.7,2146.523225806451,1.0015398374491156,0.06111721416787774,1328.16,2000370048,1385.96,1301.846043010753,1.0027703143228381,-0.058080939716668833,3913.1,3943.34,3744.856623655914,1.0050572662885955
4.855,4380520,21.56,4.7735161290322585,1.0021558438040372,0.05383357182354276,2122.0,47217000,2333.7,2148.5967741935488,1.0009660032382452,0.007360227148493825,1325.34,1773970048,1385.96,1305.0157419354837,1.0024347724846174,-0.0742594403541541,3974.54,3943.34,3766.5543870967736,1.0057940171337394
5.06,3141342,21.56,4.79721505376344,1.0049646684101572,0.199949716033047,2183.7,42014000,2333.7,2154.196559139785,1.0026062521425587,0.040015267178602265,1354.13,1118850048,1385.96,1309.884752688172,1.0037309977161402,-0.06319813253066342,4019.87,3974.54,3790.1733763440857,1.0062707150408408
5.01,3368691,21.56,4.8166559139784955,1.004052530478033,0.193665364338102,2205.3,42695000,2333.7,2160.5494623655914,1.0029490824311516,0.05291543815882016,1411.45,1619469952,1385.96,1318.1636774193548,1.006320345903861,-0.056544168052997,4128.8,4019.87,3819.5450322580646,1.007749422782952
4.77,3029626,21.56,4.819602150537634,1.000611676775704,0.04415422125968338,2265.4,38774000,2333.7,2169.9987096774194,1.0043735389892356,0.07230912275325907,1440.19,1301440000,1411.45,1327.835376344086,1.007337251883367,-0.028900418577390452,4185.47,4128.8,3850.8785591397855,1.0082034709938206
4.27,4536459,21.56,4.790645161290323,0.9939918299596409,-0.07752718645243695,2261.3,41499000,2333.7,2178.2148387096777,1.0037862368284447,-0.009221676248858612,1422.5,1446279936,1440.19,1335.7825806451613,1.0059850825205126,-0.06526463774777325,4180.17,4185.47,3880.007784946237,1.0075643065235893
4.6,4529035,21.56,4.784225806451613,0.9986600228940812,-0.06958014903943632,2246.7,44490000,2333.7,2184.6223655913977,1.0029416413697354,-0.010478758215789474,1435.89,1577309952,1440.19,1344.0794623655913,1.0062112516218191,-0.06503847834222642,4181.17,4185.47,3907.305376344086,1.0070354475843475
4.62,6504543,21.56,4.780129032258064,0.9991436912973413,-0.13602477744868935,2199.9,55780000,2333.7,2187.3015053763443,1.0012263628841047,-0.07405220500741905,1419.11,1450720000,1440.19,1350.8146451612904,1.0050110004536823,-0.09106199172683338,4232.6,4185.47,3936.1302150537635,1.0073771655740529
4.66,4335084,21.56,4.7799247311827955,0.999957260342997,-0.022018849463134038,2163.8,51948000,2333.7,2187.2926881720427,0.9999959689122511,-0.12767513757500248,1366.7,1605990016,1440.19,1353.8265376344086,1.0022296859779445,-0.11149076086346632,4173.85,4232.6,3959.540064516129,1.0059474275959759
4.75,2525479,21.56,4.786129032258064,1.0012979913752182,0.02915065851723686,2152.7,55968000,2333.7,2186.371182795699,0.9995787004723571,-0.16015241093993127,1349.99,1737059968,1440.19,1355.5261720430108,1.0012554299693164,-0.1192122137457936,4155.86,4232.6,3980.3053118279568,1.0052443584288786
5.91,8876122,21.56,4.867505376344087,1.0170025386982997,0.38221698711438756,2169.1,50305000,2333.7,2186.33935483871,0.9999854425647211,-0.1842722358874278,1380.08,2165120000,1440.19,1358.9519569892475,1.0025272731850492,-0.10816375637510167,4204.11,4232.6,4002.6985806451607,1.0056260178712069
5.65,4471652,21.56,4.928774193548388,1.012587313719686,0.49088839572878595,2133.6,32157000,2333.7,2183.6223655913977,0.9987572884139423,-0.25960596799845526,1366.39,1437250048,1440.19,1361.0470967741933,1.001541732048856,-0.1196722620273003,4229.89,4232.6,4024.7461505376345,1.005508176408557
5.3,5047955,21.56,4.9632903225806455,1.0070029844494475,0.30772872960372966,2165.8,40617000,2333.7,2182.9800000000005,0.9997058256951754,-0.18933343553504134,1388.59,1354919936,1440.19,1364.3427526881724,1.002421412103806,-0.06920100654322092,4247.44,4232.6,4046.376623655914,1.0053743695401485
5.2,3661697,21.56,4.988344086021505,1.005047813408552,0.27094395793565607,2154.9,55251000,2333.7,2181.489677419355,0.9993172990221415,-0.17238993436916106,1387.66,1598700032,1440.19,1367.2691397849462,1.0021449061029628,-0.05505903404032453,4166.45,4247.44,4061.3576559139788,1.0037023326426122
5.7,6551169,21.56,5.043032258064517,1.0109631916122748,0.32751506321804214,2204.4,51555000,2333.7,2183.0320430107527,1.0007070240154528,-0.1850286526614493,1424.04,1658560000,1440.19,1372.232193548387,1.0036299025693078,-0.06414891914582777,4280.7,4247.44,4082.4001720430106,1.0051811531787629
5.64,3885610,21.56,5.090494623655914,1.0094114737250586,0.21004680122200758,2230.6,42630000,2333.7,2186.0666666666666,1.0013900957915984,-0.14233147546057223,1453.51,1362329984,1440.19,1378.7870967741937,1.0047768178422172,-0.03638336092059857,4352.34,4280.7,4106.683225806452,1.005948229654147
5.62,2889862,21.56,5.133612903225806,1.0084703516568938,0.11797955495540435,2262.2,32524000,2333.7,2190.827741935484,1.0021779186066988,-0.21466849124751475,1474.52,1133549952,1453.51,1386.3131182795698,1.0054584362756107,-0.022308096894072316,4369.55,4352.34,4130.67182795699,1.0058413568399414
5.37,2731109,21.56,5.157849462365592,1.0047211505029052,0.07561608354787697,2257.4,35850000,2333.7,2194.9772043010753,1.0018940158033263,-0.26577321543860766,1435.67,1281880064,1474.52,1390.870946236559,1.0032877334109378,-0.0527845993000684,4327.16,4369.55,4150.40711827957,1.0047777434626999
5.46,4721054,21.56,5.185849462365591,1.0054286190793862,0.09563679591233432,2363.8,43194000,2333.7,2205.892473118279,1.0049728392603874,-0.22908428288360683,1476.62,1599810048,1474.52,1397.755376344086,1.0049497260160298,-0.03532704883206805,4411.8,4369.55,4174.274559139784,1.0057506264277294
5.26,4334094,21.56,5.198903225806452,1.0025171890421414,0.0844474606944916,2379.7,41631000,2363.8,2217.5335483870963,1.005277263244097,-0.21190745351690898,1438.71,1455820032,1476.62,1401.765311827957,1.0028688392487957,-0.06565027421558023,4395.26,4411.8,4195.550731182796,1.0050969747537153
4.16,6889687,21.56,5.138709677419355,0.9884218755816983,-0.2669825439537349,2305.3,42650000,2379.7,2224.081505376344,1.0029528107901728,-0.29103455361624664,1444.09,1632409984,1476.62,1405.8295483870966,1.0028993701904634,-0.09227619706529011,4436.52,4411.8,4218.11423655914,1.0053779603256003
3.91,5210107,21.56,5.063655913978495,0.9853944339820048,-0.23995477547452126,2267.8,44992000,2379.7,2228.0935483870967,1.0018039100640217,-0.24958575926630555,1444.7,1149760000,1476.62,1409.7362365591398,1.00277892023007,-0.09711481722736792,4468.0,4436.52,4241.392924731183,1.0055187429421142
3.88,4956939,21.56,4.9881290322580645,0.9850845154166311,-0.31712606424628076,2232.3,39452000,2379.7,2229.620215053764,1.000685189662603,-0.2500381694707914,1412.34,1416249984,1476.62,1411.302365591398,1.0011109376290708,-0.12392809116867975,4441.67,4468.0,4261.46806451613,1.0047331478458152
4.17,3095190,21.56,4.933870967741934,0.9891225619535411,-0.14871664180998934,2274.4,32828000,2379.7,2233.72064516129,1.0018390711027112,-0.19468619716494584,1449.28,1399020032,1476.62,1415.1566451612903,1.0027310090763415,-0.10575882245376045,4509.37,4468.0,4284.620193548388,1.0054328998086455
4.17,4109014,21.56,4.880279569892473,0.9891380625476737,-0.23874145037317585,2314.0,37239000,2379.7,2239.9991397849462,1.0028107787951268,-0.26193165189098555,1466.71,1241260032,1476.62,1419.8308387096777,1.003302951347732,-0.10860833879661169,4535.43,4509.37,4307.743655913979,1.005396852304531
4.24,2813554,21.56,4.832989247311827,0.9903099152613326,-0.2842151898421459,2256.4,35461000,2379.7,2242.4329032258065,1.0010865019533417,-0.2576712564822006,1461.86,1059699968,1476.62,1424.0184731182794,1.0029493896698338,-0.06490886889351777,4458.58,4535.43,4324.514215053764,1.0038931191081348
4.2,4476083,21.56,4.785655913978495,0.9902061993289847,-0.27560471430334454,2254.2,61220000,2379.7,2244.890967741936,1.0010961596721997,-0.23146689270902987,1469.69,1621820032,1476.62,1428.5105591397846,1.0031545138678353,-0.05496248856713848,4432.99,4535.43,4338.507462365591,1.0032357963498226
4.27,2615210,21.56,4.74494623655914,0.9914933964850157,-0.25216823485719875,2260.7,40060000,2379.7,2247.7703225806454,1.00128262569545,-0.16588298780323707,1474.29,1627149952,1476.62,1433.0659784946236,1.0031889294242124,-0.030150459921155726,4455.48,4535.43,4352.819892473119,1.0032989294663386
4.21,2920002,21.56,4.70283870967742,0.991125815808557,-0.17470030563312888,2182.2,43771000,2379.7,2245.26064516129,0.9988834813796839,-0.17427172699255067,1438.51,1625580032,1476.62,1434.9263010752688,1.0012981416128512,0.009495986566354642,4357.05,4535.43,4359.396344086021,1.0015108485476907
4.22,1864787,21.56,4.662967741935483,0.9915219359618073,-0.24459847061822737,2198.0,43512000,2379.7,2243.5376344086026,0.9992326010094192,-0.1238885882908003,1451.37,1569560064,1476.62,1437.2279139784946,1.0016039938089512,-0.022465361790978022,4391.36,4535.43,4367.078580645161,1.0017622248478422
4.47,2509330,21.56,4.641279569892474,0.9953488479347689,-0.20251274879390013,2229.1,34464000,2379.7,2243.6948387096772,1.000070069830193,-0.15866591493381876,1502.87,1307920000,1476.62,1442.591376344086,1.0037318106011066,-0.01112405285609297,4471.37,4535.43,4378.959268817204,1.0027205116538773
4.27,1493606,21.56,4.607935483870968,0.9928157557588632,-0.25156612656245614,2289.6,32067000,2379.7,2247.5470967741935,1.0017169260266836,-0.11339794525386937,1525.03,1356080000,1502.87,1449.0087956989246,1.0044485357808681,0.007167372138289219,4544.9,4535.43,4394.383247311828,1.0035222932089045
4.19,2003291,21.56,4.5706881720430115,0.9919167028361547,-0.2710277700031447,2270.2,50312000,2379.7,2249.787311827957,1.0009967377577889,-0.1514206155089468,1585.72,1743180032,1525.03,1458.912258064516,1.006834646135336,0.025370974587255013,4605.38,4544.9,4412.482580645161,1.0041187425662985
4.06,7217465,21.56,4.526924731182795,0.9904251965540115,-0.34168144688883106,2129.1,192056992,2379.7,2242.7382795698927,0.996866800598881,-0.2292233841489717,1664.89,2045849984,1585.72,1473.4254193548386,1.0099479329274925,0.04181298177637882,4697.53,4605.38,4435.267913978494,1.0051638353051586
3.98,2711269,21.56,4.480043010752688,0.9896438038593458,-0.30569887759173997,2115.1,67560000,2379.7,2234.9498924731183,0.996527286679983,-0.23003706542054825,1611.82,1871360000,1664.89,1483.969677419355,1.0071562889617673,0.0003368541811705761,4682.85,4697.53,4455.883075268817,1.004648008122655
3.54,3201729,21.56,4.40647311827957,0.9835783066598824,-0.2769879410396664,2056.1,61219000,2379.7,2223.6782795698923,0.9949566596811916,-0.2305662655585362,1673.27,1711910016,1664.89,1498.1093548387098,1.0095282792057745,0.052420056915050584,4697.96,4697.53,4476.403440860216,1.0046052298152282
3.35,2430539,21.56,4.322215053763442,0.9808785706267906,-0.36766497652230146,2007.0,43445000,2379.7,2209.6802150537637,0.9937049956170656,-0.22389193858673895,1612.87,1441170048,1673.27,1507.8129677419354,1.0064772393763406,0.02437076160332352,4594.62,4697.96,4489.143182795699,1.0028459771563922
3.37,6650562,21.56,4.241935483870968,0.9814262897857031,-0.37945355919281976,1967.4,88787000,2379.7,2193.6427956989246,0.992742198963641,-0.2335294630712086,1574.74,2259919872,1673.27,1514.6759784946232,1.0045516326623491,0.037411502861265156,4538.43,4697.96,4497.368623655913,1.0018322963927142
3.66,3067706,21.56,4.18305376344086,0.9861191381495563,-0.3912753617060264,1992.3,69444000,2379.7,2179.711827956989,0.9936493909722904,-0.24958838185568977,1614.44,1766800000,1673.27,1523.7655913978492,1.0060010279639213,0.05233023953394911,4712.02,4697.96,4516.135720430108,1.0041729060578848
3.22,3717860,21.56,4.097935483870968,0.9796516410298595,-0.5047389988982867,1998.9,94091000,2379.7,2166.5754838709677,0.9939733574330631,-0.2498842453049811,1545.06,2143299968,1673.27,1527.846301075269,1.0026780429355122,0.032660105526718164,4620.64,4712.02,4527.849978494624,1.002593867587177
3.39,2346879,21.56,4.027075268817204,0.9827083136538723,-0.567788506365235,2040.0,47089000,2379.7,2156.421505376344,0.9953133511524456,-0.21960370463925905,1604.1,1289059968,1673.27,1535.3165376344082,1.0048893900871323,0.03823820713017256,4725.78,4712.02,4545.347935483872,1.0038645178334873
3.4,2173728,21.56,3.9622795698924733,0.9839099856348694,-0.5263567375720924,2093.4,44758000,2379.7,2149.990322580645,0.997017659683107,-0.1862509857380057,1610.76,1123879936,1673.27,1542.7346881720432,1.0048316750036868,0.05205771904077694,4766.18,4725.78,4564.33047311828,1.0041762562302916
3.76,3303116,21.56,3.9255483870967742,0.9907297851785113,-0.3969998803717497,1982.1,65822000,2379.7,2136.464946236559,0.9937090989656868,-0.17328509898804823,1569.02,2226520064,1673.27,1546.9344086021506,1.0027222570817302,0.028798994390634824,4677.02,4766.18,4576.407440860215,1.002645945076296
3.73,3874617,21.56,3.890193548387097,0.990993656115439,-0.39803339216601896,1961.7,61174000,2379.7,2122.018494623656,0.9932381518178657,-0.18552024958571012,1545.9,1967440000,1673.27,1549.2544946236558,1.0014997959891536,-0.005108498379041704,4662.85,4766.18,4586.646387096775,1.0022373327482037
3.15,3664198,21.56,3.8205806451612907,0.9821055424723871,-0.5494155039594895,1863.0,48453000,2379.7,2101.619784946237,0.9903871197498508,-0.2058176962853685,1414.67,1682109952,1673.27,1542.7678279569893,0.9958130399562002,-0.0339655792968907,4397.93,4766.18,4578.7261935483875,0.9982732059810261
3.39,3545655,21.56,3.7719354838709678,0.9872675999256995,-0.5260800543659959,1826.5,90443000,2379.7,2079.600430107527,0.9895226743693444,-0.22985356787921096,1401.07,2257880064,1673.27,1535.4238924731183,0.9952397662494711,-0.054346516972467174,4431.85,4766.18,4572.742279569893,0.9986931050852252
3.36,2431192,21.56,3.726193548387097,0.9878730864619858,-0.5142415008145623,1881.6,68622000,2379.7,2062.004946236559,0.9915390073899639,-0.18767903965651644,1456.33,2030189952,1673.27,1531.7578924731185,0.9976123857275043,-0.04231413323382893,4500.54,4766.18,4571.018989247312,0.9996231385419903
3.45,2993139,21.56,3.691118279569893,0.9905868365768636,-0.49080136761217064,1833.4,101140000,2379.7,2042.1182795698924,0.9903556649061571,-0.17266994503380095,1423.52,1828649984,1673.27,1526.0142365591396,0.9962502847596199,-0.02960383447674908,4418.64,4766.18,4563.730129032258,0.9984054189597114
3.54,3389598,21.56,3.665978494623656,0.9931891142352756,-0.4654414550966276,1819.8,75490000,2379.7,2022.2660215053763,0.9902785953864057,-0.1962929297774214,1417.74,1549820032,1673.27,1519.9238064516128,0.9960089296930417,-0.025610830096857495,4348.87,4766.18,4551.743247311828,0.9973734464173997
3.34,4807867,21.56,3.6320645161290326,0.9907489968791797,-0.5040265363204093,1852.3,60502000,2379.7,2005.6804301075267,0.991798511560065,-0.2111432616038451,1387.08,1654019968,1673.27,1511.981935483871,0.9947748229654467,-0.033465525154825704,4384.62,4766.18,4542.198150537634,0.9979029799671081
3.17,5027060,21.56,3.591311827956989,0.9887797455163387,-0.39242857400707554,1827.5,73466000,2379.7,1988.6290322580646,0.9914984473131904,-0.20685065330595553,1350.6,2032390016,1673.27,1501.7975483870966,0.9932642137728219,-0.040475218660355305,4328.87,4766.18,4529.079161290323,0.997111753205712
3.38,3439102,21.56,3.5662365591397855,0.9930177968334574,-0.276179744277424,1781.2,77335000,2379.7,1969.6180645161292,0.9904401638347053,-0.1961153377344872,1315.58,1975840000,1673.27,1489.5548602150538,0.9918479769891813,-0.030357499263042986,4204.31,4766.18,4508.155548387097,0.9953801618037373
3.79,4678169,21.56,3.5687526881720433,1.000705541819936,-0.18846978529515934,1958.9,76904000,2379.7,1963.1180645161292,0.996699867798178,-0.12496027650941866,1437.52,1846499968,1673.27,1485.4569462365591,0.9972489002668199,0.01300605773964536,4463.09,4766.18,4504.4944946236565,0.9991879042938635
3.91,4471370,21.56,3.5792043010752685,1.0029286458929656,-0.24763818574769803,1936.6,59593000,2379.7,1955.7673118279572,0.9962555727946073,-0.15802144016373032,1452.85,1489810048,1673.27,1482.2939139784942,0.9978706671599749,-0.005003382828258962,4543.04,4766.18,4505.945440860215,1.0003221107803084
3.98,3784316,21.56,3.5947311827957,1.0043380819909515,-0.24992491987718224,1955.7,57568000,2379.7,1950.3752688172044,0.9972430038184281,-0.16857384008133924,1465.81,1485650048,1673.27,1479.9593333333332,0.9984250217698764,-0.0029132899299649795,4545.86,4766.18,4507.505913978494,1.0003463142505298
3.8,3176337,21.56,3.59905376344086,1.0012024767431422,-0.3065356690236767,1958.2,60000000,2379.7,1945.915053763441,0.9977131503228769,-0.19488817235011413,1417.79,1734560000,1673.27,1474.5286236559139,0.9963305007407279,-0.036807839350895044,4488.28,4766.18,4505.329118279569,0.99951707313524
3.86,2306308,21.56,3.6081935483870966,1.0025394966418892,-0.27586674472247663,1907.7,46743000,2379.7,1938.838064516129,0.9963631561235805,-0.19922369265285533,1406.28,1057670016,1673.27,1468.4501075268818,0.9958776547084172,-0.03403166532322055,4392.59,4766.18,4496.914903225807,0.9981323861514084
3.55,2267183,21.56,3.5980645161290323,0.9971927691454933,-0.4058539003905868,1862.9,56179000,2379.7,1929.6159139784947,0.9952434652968629,-0.2506326474833561,1381.16,1287859968,1673.27,1460.8873118279569,0.994849810926391,-0.02193926441332328,4271.78,4766.18,4480.793376344086,0.9964149806637086
3.58,2669235,21.56,3.5914193548387097,0.9981531289223596,-0.4493912633602303,1800.9,63566000,2379.7,1917.249247311828,0.9935911252715733,-0.21170832676793017,1272.15,1632809984,1673.27,1446.4918924731182,0.9901461124083375,-0.06397945438774721,4131.93,4766.18,4456.044322580645,0.9944766357908621
3.69,3549175,21.56,3.5932258064516125,1.0005029910000538,-0.34533830333530424,1714.4,164398000,2379.7,1900.1219354838709,0.9910667265343975,-0.2255410788670965,1229.22,1777069952,1673.27,1429.6845591397846,0.9883806238937174,-0.0920287951559492,4123.34,4766.18,4431.225204301075,0.9944302353201917
3.17,2915230,21.56,3.5626236559139777,0.9914833767244216,-0.49662660505015865,1737.4,104435000,2379.7,1885.518494623656,0.9923144717254705,-0.15437755155588373,1187.3,2108349952,1673.27,1410.6504516129032,0.9866864984970294,-0.10990153136100589,4023.89,4766.18,4400.566344086023,0.9930811775972718
3.12,1667955,21.56,3.5315913978494624,0.9912894930641912,-0.46033319861146227,1754.7,88788000,2379.7,1873.0886021505376,0.9934077058864388,-0.12239114420769648,1098.91,2051049984,1673.27,1386.5924086021507,0.982945425648682,-0.13782137936175454,3901.36,4766.18,4362.964645161291,0.9914552591678875
3.43,2987279,21.56,3.5230322580645166,0.9975764071148894,-0.399272751375227,1824.2,76757000,2379.7,1866.2929032258066,0.9963719287400881,-0.13411532357039946,1200.5,1755660032,1673.27,1370.0049462365591,0.9880372470938927,-0.14583986229502677,4158.24,4766.18,4343.319806451613,0.9954973646803522
3.25,2009198,21.56,3.504494623655914,0.9947381593324419,-0.3651093547645271,1806.2,61095000,2379.7,1859.295053763441,0.9962504012900278,-0.061040927433135383,1200.56,1249660032,1673.27,1354.2497849462366,0.9884999237896166,-0.15351238839286552,4108.54,4766.18,4321.430107526882,0.9949601457179793
2.89,3439874,21.56,3.46447311827957,0.9885799495578643,-0.43808647391375843,1723.4,58347000,2379.7,1847.649677419355,0.9937366711536642,-0.03894791772730233,1127.72,1849910016,1673.27,1334.7938279569892,0.9856334058860347,-0.13335352323676564,3900.86,4766.18,4287.408344086021,0.9921271980352978
2.81,3295017,21.56,3.4216344086021504,0.9876348558020583,-0.37618136246686973,1631.0,94347000,2379.7,1830.885376344086,0.9909266884950376,-0.01483782919315535,1065.21,2729169920,1673.27,1312.346043010753,0.983182582601094,-0.14561659214938882,3674.84,4766.18,4240.486344086022,0.9890558593363931
2.81,3511787,21.56,3.3803655913978496,0.9879388583711489,-0.35021842009464865,1753.9,85659000,2379.7,1822.9643010752686,0.9956736367163334,-0.004141868255314707,1153.04,1700300032,1673.27,1296.8723655913977,0.9882091484164833,-0.13647447135469581,3911.74,4766.18,4211.0484731182805,0.993057902188791
