6.34,4154101,22.44,7.402537634408603,0.983690790883761,-0.6438453280331651,1372.12,237688000,1354.17,1249.0061505376343,1.0069637820949324,-0.021729568455427062,1299.2,22925640,1327.2,1197.731182795699,1.0050285261398184,0.002035656445688927,2834.4,2929.67,2714.519397849463,1.002419176641318
6.08,2712088,22.44,7.276967741935485,0.9830369126541901,-0.6090517673717458,1404.56,260279008,1372.12,1259.5840860215055,1.008469081981156,-0.0026332275639047165,1332.2,22925640,1327.2,1205.9131182795697,1.0068311951808526,0.02674222779059665,2892.74,2929.67,2724.9786666666664,1.0038530831002679
5.66,2845446,22.44,7.136129032258065,0.9806459620721144,-0.6169827116341626,1432.61,222496000,1404.56,1271.703935483871,1.0096221043095637,0.006437310565206911,1347.6,22925640,1332.2,1214.9941935483869,1.007530455661493,0.02637594540116761,2907.41,2929.67,2736.3390967741934,1.0041689978150998
5.08,2581815,22.44,6.968537634408602,0.9765150830244401,-0.684558892182874,1434.03,199722000,1432.61,1283.6152688172042,1.0093664358511252,0.020867048958531864,1365.4,22925640,1347.6,1225.14688172043,1.008356161886167,0.049746684170000166,2905.03,2929.67,2747.540752688172,1.0040936651189114
5.11,2922199,22.44,6.814387096774195,0.9778790693655357,-0.6414974925673764,1422.2,260640992,1434.03,1294.5055913978497,1.0084841017750439,-0.018053066100503168,1378.9,22925640,1365.4,1236.0539784946236,1.0089026850061253,0.034073767176143965,2939.88,2929.67,2761.043784946237,1.0049145885260677
5.2,3073660,22.44,6.676817204301077,0.9798118465359503,-0.5478685636103888,1394.21,272612000,1434.03,1303.3486021505378,1.0068311877611429,-0.058707664645880175,1383.6,22925640,1378.9,1247.1421505376345,1.0089706212155194,0.0496661814916588,2945.64,2939.88,2774.8627311827954,1.0050049717834617
5.17,1594856,22.44,6.546279569892473,0.9804491226261947,-0.49834662264768104,1350.82,444207008,1434.03,1309.1521505376343,1.0044527982594378,-0.059922025290223724,1334.2,22925640,1383.6,1254.847311827957,1.0061782542487243,0.03198903672179321,2881.4,2945.64,2784.407978494624,1.0034398989198863
4.62,2090169,22.44,6.388946236559138,0.9759659923390778,-0.543164214658117,1385.53,386308992,1434.03,1316.9032688172047,1.0059207161492933,-0.011461550349713967,1320.2,22925640,1383.6,1261.4533333333334,1.005264402643341,0.04140709466483283,2859.53,2945.64,2792.2965161290326,1.002833111273684
4.55,1662344,22.44,6.236559139784947,0.9761483206882858,-0.45345339914789096,1352.07,291430016,1434.03,1322.1318924731181,1.0039703931030635,-0.01753578068168249,1283.3,22925640,1383.6,1265.4817204301075,1.0031934491671834,0.010669629597130692,2826.06,2945.64,2797.828387096774,1.001981118744298
4.12,2464102,22.44,6.0637204301075265,0.9722862068965515,-0.5858961150284561,1302.92,262690000,1434.03,1323.8146881720431,1.0012727895821174,-0.07789527221041226,1258.6,22925640,1383.6,1267.7273118279568,1.0017744953258478,0.032100837676089844,2752.06,2945.64,2798.2261290322585,1.0001421609478691
4.27,1696364,22.44,5.9102365591397845,0.9746881683057707,-0.6131935221925362,1394.95,299049984,1434.03,1331.2707956989248,1.0056322894688359,-0.006281572114738454,1333.7,22925640,1383.6,1274.7070967741936,1.0055057462918997,0.0565130435795298,2873.34,2945.64,2806.386021505376,1.0029160947317504
4.13,1832501,22.44,5.758451612903225,0.9743182959399765,-0.5777970536121015,1370.22,261543008,1434.03,1336.803935483871,1.0041562842081588,-0.0016898390389172846,1331.1,22925640,1383.6,1281.2830107526881,1.0051587647037783,0.059932260659775194,2886.98,2945.64,2815.2273548387097,1.0031504337840849
4.14,1401957,22.44,5.617182795698924,0.9754675689402766,-0.5204762448043218,1419.31,356127008,1434.03,1345.178989247312,1.0062649828753008,0.059061074964714466,1375.3,2229939968,1383.6,1290.4152688172042,1.0071274324156934,0.1058751980101631,2950.46,2945.64,2827.840064516129,1.0044801744540246
4.37,1685695,22.44,5.499053763440859,0.9789700573126235,-0.506857328360653,1384.13,401547008,1434.03,1350.751311827957,1.0041424395007559,0.020842552093867317,1372.6,2179950080,1383.6,1298.82688172043,1.006518531752136,0.08775288846659302,2941.76,2950.46,2839.2078279569896,1.0040199456763852
4.37,815403,22.44,5.389096774193548,0.9800043800301911,-0.43955267545002374,1424.96,197704992,1434.03,1358.6581505376348,1.005853659841335,0.06856373232563406,1403.2,1289410048,1383.6,1308.8197849462367,1.0076937915025057,0.10650163956677439,2990.41,2950.46,2853.323784946237,1.0049717941921161
4.59,1578875,22.44,5.29967741935484,0.9834073577474234,-0.34366170063073187,1451.44,228344992,1434.03,1367.7989032258065,1.0067277796733156,0.08120492765803133,1424.5,1726429952,1403.2,1319.598494623656,1.008235442191044,0.10223626847499112,3013.77,2990.41,2868.1783870967743,1.0052060695771394
4.2,1494203,22.44,5.189741935483871,0.979256193316696,-0.1057516968898794,1437.15,198828000,1451.44,1375.467075268817,1.0056062130368186,0.13710975234975442,1415.1,1659769984,1424.5,1329.1359139784947,1.0072275160919753,0.12934121734703496,2976.61,3013.77,2879.745634408602,1.004032959513211
4.13,1138388,22.44,5.0765806451612905,0.9781951989657015,-0.25643427012323494,1427.23,217162000,1451.44,1381.7469892473118,1.0045656592523433,0.0848156895789447,1449.3,1666680064,1424.5,1340.0724731182797,1.0082283226453859,0.12702202589057277,3025.86,3013.77,2893.2860215053765,1.0047019385792229
3.92,3465950,22.44,4.953612903225806,0.9757774473547091,-0.40531458740747106,1353.13,253976000,1451.44,1382.5795698924733,1.0006025565111707,-0.026613336125691056,1386.1,2336169984,1449.3,1346.1333333333334,1.0045227853990242,0.12623324389074653,2932.05,3025.86,2899.612602150538,1.002186641969766
3.79,2136612,22.44,4.828301075268817,0.9747029430023921,-0.5283571385367792,1333.93,331743008,1451.44,1381.6888387096774,0.9993557468935657,-0.043211045856934804,1374.8,2368470016,1449.3,1350.805376344086,1.0034707134093348,0.10827704084615353,2918.65,3025.86,2904.214215053764,1.0015869750668807
3.58,1218307,22.44,4.697849462365592,0.9729818810240697,-0.5178994165423603,1233.5,335398016,1451.44,1373.92911827957,0.9943838871584474,-0.13613542470161133,1370.6,2193420032,1449.3,1354.648817204301,1.0028452957972502,0.11374519410584738,2888.68,3025.86,2906.1889677419354,1.0006799610985773
3.29,1402145,22.44,4.55658064516129,0.9699290455481803,-0.5634182590972985,1225.4,264279008,1451.44,1365.537827956989,0.9938924867295276,-0.13644258585550628,1351.1,1796480000,1449.3,1356.7524731182796,1.0015529160674426,0.09832284487553666,2847.11,3025.86,2905.0130322580644,0.9995953685404069
3.64,1420870,22.44,4.447118279569892,0.9759770814749789,-0.5557781863190856,1240.42,246888992,1451.44,1358.0594623655911,0.9945235017014603,-0.13028292182438928,1393.3,1537990016,1449.3,1361.1634408602151,1.0032511219469515,0.10939214165113742,2926.46,3025.86,2908.564301075269,1.0012224622670434
3.6,652996,22.44,4.3434193548387094,0.9766817704832416,-0.57553393576279,1279.01,217296992,1451.44,1353.0295913978498,0.9962962807541726,-0.10581803541940205,1426.8,1324349952,1449.3,1367.2559139784946,1.0044759306159656,0.09817058309410842,2978.71,3025.86,2915.0135698924737,1.0022173375416938
4.07,1348773,22.44,4.2785161290322575,0.9850571127252201,-0.6007745288946709,1305.63,325529984,1451.44,1349.6100215053764,0.9974726569808865,-0.08184976517425135,1421.3,1936230016,1449.3,1372.4860215053764,1.0038252586610965,0.08158562789167334,3007.39,3025.86,2922.730731182796,1.0026473843449746
3.87,1078289,22.44,4.2112688172043,0.9842825620378887,-0.6471638205130861,1294.43,322067008,1451.44,1345.424430107527,0.9968986660360001,-0.13005345362792198,1410.3,1890029952,1449.3,1376.5733333333333,1.002978035305215,0.06878797876816978,2992.07,3025.86,2928.961032258065,1.0021316712514081
3.32,1100305,22.44,4.123720430107527,0.979210924095106,-0.5286004863979324,1281.54,260882000,1451.44,1340.440580645161,0.9962957046484077,-0.17199204670210677,1398.8,1799879936,1449.3,1379.5458064516129,1.0021593278369572,0.06354597697182673,2961.79,3025.86,2932.808967741935,1.0013137544137634
3.24,1373390,22.44,4.038021505376344,0.9792180565623484,-0.4994838494874787,1246.85,271179008,1451.44,1333.3273548387099,0.9946933673083611,-0.18073846635891533,1414.4,1780290048,1449.3,1383.202580645161,1.0026507087886802,0.08118196829908775,2952.01,3025.86,2935.6859354838707,1.0009809598148327
3.41,881668,22.44,3.968989247311828,0.9829044352605343,-0.4445761197916094,1236.11,225932000,1451.44,1325.6554408602153,0.9942460387161092,-0.18953116681126758,1432.1,1607619968,1449.3,1387.5877419354838,1.0031702957698918,0.06506958304542709,2970.27,3025.86,2939.291634408602,1.001228230472868
3.25,1338477,22.44,3.895032258064517,0.9813662913555632,-0.49490564294977146,1250.68,212028992,1451.44,1319.1774193548388,0.9951133444591206,-0.18013648625417622,1419.8,1468620032,1449.3,1390.855698924731,1.0023551353838633,0.037127530432253586,2986.2,3025.86,2943.607247311829,1.0014682493062976
2.99,1589541,22.44,3.810279569892473,0.9782408250928946,-0.5343261615483658,1253.58,236464992,1451.44,1313.0834623655912,0.9953804871885785,-0.17522231183099013,1455.2,1640029952,1449.3,1396.121505376344,1.0037860192510868,0.053692999726095536,3022.55,3025.86,2949.86911827957,1.0021272780101556
2.76,1980394,22.44,3.7178924731182796,0.9757531973495581,-0.5709790093660738,1253.97,250206000,1451.44,1307.2695913978491,0.9955723523032816,-0.17808538486075454,1485.1,1804630016,1455.2,1402.980860215054,1.0049131503327577,0.05456320498584444,3066.91,3025.86,2958.588301075269,1.002955786323423
2.32,3108290,22.44,3.604258064516129,0.9694358001411367,-0.5219041396214141,1300.06,331824992,1451.44,1304.7531182795701,0.9980750159455724,-0.12096279349865002,1509.6,1818480000,1485.1,1411.0920430107526,1.0057813923380645,0.05635275110583282,3093.08,3066.91,2968.621311827956,1.0033911479840032
2.1,2174065,22.44,3.4836129032258065,0.9665270468621344,-0.5675371004644296,1238.09,317700000,1451.44,1298.5236344086022,0.9952255459031345,-0.21964328249724685,1529.4,1736329984,1509.6,1420.1322580645162,1.0064065381833456,0.045953740839908885,3120.46,3093.08,2980.0214838709676,1.003840224415822
2.09,2161413,22.44,3.3687311827956994,0.967022248561622,-0.6307041967570539,1235.22,238767008,1451.44,1292.5303655913979,0.995384551610465,-0.18708028381510855,1516.7,1759160064,1529.4,1428.000430107527,1.0055404501928111,0.04196977963196935,3110.29,3120.46,2990.30223655914,1.0034498921379646
2.1,1639472,22.44,3.260989247311828,0.9680170575692962,-0.6567336918400749,1244.5,187360992,1451.44,1287.5379139784945,0.996137458936511,-0.16721000606755976,1543.0,1210589952,1529.4,1437.2690322580645,1.0064906157975313,0.04889174672471963,3140.98,3120.46,3002.1965161290314,1.0039776178556379
1.95,2198154,22.44,3.150236559139785,0.9660370888179589,-0.7341157464419344,1205.76,255088000,1451.44,1280.3680645161292,0.9944313488678477,-0.17203851607059906,1536.8,1620630016,1543.0,1445.7948387096774,1.0059319488977079,0.060052171232032325,3145.91,3140.98,3013.9887741935486,1.0039278768065862
2.0,3072768,22.44,3.04963440860215,0.9680652075966302,-0.6521486758663915,1233.57,298891008,1451.44,1275.3043655913978,0.9960451224416902,-0.13317571267535988,1566.9,1800710016,1543.0,1455.82688172043,1.0069387735674211,0.0787114892018852,3168.8,3145.91,3026.6889677419354,1.0042137494529273
1.73,2823418,22.44,2.9372473118279574,0.9631473541690175,-0.6751094880729027,1275.38,337980000,1451.44,1273.2648817204301,0.9984007865682936,-0.10464995149059897,1597.0,2230720000,1566.9,1467.2703225806451,1.0078604406910605,0.10462072784783993,3221.22,3168.8,3042.106,1.0050936955935603
1.78,2233084,22.44,2.8341505376344087,0.9649002064693736,-0.6203027628446869,1281.98,130092000,1451.44,1271.816129032258,0.9988621749417808,-0.07840498560870823,1614.7,915790016,1597.0,1479.181075268817,1.0081176266601122,0.10562623728084075,3240.02,3221.22,3057.8861290322575,1.0051872383908573
1.92,7226790,22.44,2.745118279569892,0.9685859107050715,-0.5597453753771646,1278.07,162003008,1451.44,1270.1601505376343,0.9986979418983436,-0.11876933305844883,1621.7,1195389952,1614.7,1490.7776344086024,1.0078398509375721,0.09012536300163054,3234.85,3240.02,3072.2833333333333,1.004708221200386
1.68,3100560,22.44,2.6456559139784948,0.9637675482577089,-0.6058462704286545,1271.48,245848000,1451.44,1268.3303655913978,0.9985594061146841,-0.10456949399072712,1656.8,1793580032,1621.7,1504.0193548387097,1.0088824249334545,0.11362401538472455,3265.35,3240.02,3087.870838709677,1.005073589797928
1.98,4486931,22.44,2.5708172043010755,0.9717126065857604,-0.5540362928474448,1319.11,238566000,1451.44,1269.7858279569896,1.0011475420009464,-0.11920849952311596,1705.8,1797890048,1656.8,1519.7219354838708,1.0104404112850296,0.11180242992514122,3329.62,3265.35,3106.7910967741936,1.0061272828601933
1.78,5238192,22.44,2.4877204301075273,0.9676769028717701,-0.6131340817422535,1323.89,219951008,1451.44,1271.7651612903223,1.0015587930576586,-0.13241666267016405,1711.1,1570230016,1705.8,1535.0556989247311,1.0100898480720937,0.12637472381606552,3295.47,3329.62,3122.692731182796,1.005118346845114
1.57,2718706,22.44,2.3966451612903223,0.963390070799367,-0.6997291027539674,1253.68,245299008,1451.44,1269.3443655913982,0.9980965073013417,-0.16371909767606363,1673.9,2124070016,1711.1,1547.261505376344,1.007951376917569,0.11429486538947842,3225.52,3329.62,3133.320795698925,1.0034034935330007
1.77,2206912,22.44,2.3244946236559136,0.9698951939987797,-0.6752829362225352,1299.84,229451008,1451.44,1270.2699784946235,1.0007292055082264,-0.1678814728673187,1748.7,1852189952,1711.1,1563.7109677419357,1.010631339504301,0.1234200944888888,3327.71,3329.62,3150.0361505376345,1.0053347090606408
1.74,3198085,22.44,2.25647311827957,0.9707370777784975,-0.7285197810143581,1288.13,328032000,1451.44,1270.766129032258,1.000390586683173,-0.2444213374951697,1788.5,1956790016,1748.7,1582.0309677419355,1.011715720090174,0.12829458832749863,3380.16,3329.62,3169.4602365591404,1.0061663057480121
1.84,1977807,22.44,2.200193548387097,0.9750586127365954,-0.7014825895929593,1271.35,234768992,1451.44,1270.500172043011,0.9997907113014968,-0.241592656943719,1743.3,1608930048,1788.5,1596.6318279569894,1.0092291873628074,0.0997817231253526,3337.75,3380.16,3185.2803440860216,1.0049914200987282
1.37,4034236,22.44,2.1185161290322583,0.9628771662317097,-0.7470576839265461,1119.07,485111008,1451.44,1260.744924731183,0.9923217268863953,-0.14584577310640467,1549.2,3533360128,1788.5,1598.0778494623655,1.0009056699735384,0.11010701530418632,2954.22,3380.16,3175.6858494623652,0.9969878649326832
1.2,5444883,22.44,2.0313548387096776,0.958857386484758,-0.7393009737340903,1121.78,427436992,1451.44,1251.6678709677417,0.9928002456441563,-0.16046882081818492,1557.9,3242299904,1788.5,1599.7344086021506,1.0010365947693614,0.11477723864676315,2972.37,3380.16,3167.2146451612903,0.9973324803829355
1.04,2871301,22.44,1.939440860215054,0.9547523767176946,-0.7775871326587039,1032.85,515222016,1451.44,1237.309634408602,0.9885287168487928,-0.07570886507848773,1476.9,3856780032,1788.5,1595.7713978494623,0.997522707062261,0.13905941357195106,2711.02,3380.16,3141.766623655914,0.9919651730758904
0.82,2647829,22.44,1.8387956989247314,0.9481060942073982,-0.7887789296718521,953.04,497356992,1451.44,1218.2338709677417,0.984582870034809,0.07253969541469629,1251.7,4051510016,1788.5,1577.050752688172,0.9882685921138082,0.1168655292901154,2304.92,3380.16,3090.5006666666673,0.9836824426730999
0.79,4353708,22.44,1.7415268817204301,0.9471018899700598,-0.8148860493258224,1038.2,413566016,1451.44,1205.2380215053763,0.9893322211998244,0.037477790419332524,1383.0,3586540032,1788.5,1567.0148387096774,0.9936362771068795,0.12416232648445014,2541.47,3380.16,3055.6620000000003,0.9887271771067945
0.624,2530609,22.44,1.639677419354839,0.9415171459972094,-0.8091601635935329,1031.09,298934016,1451.44,1192.2183440860215,0.9891974222626225,0.06640089681664385,1355.6,2762619904,1788.5,1555.2333333333333,0.9924815610641918,0.11461900487198906,2488.65,3380.16,3018.2435268817203,0.9877543808450411
0.941,3003074,22.44,1.5646795698924731,0.9542606072529345,-0.7238616819716084,1124.03,249940992,1451.44,1185.7279569892473,0.9945560415766377,-0.06583310100728212,1499.2,2264859904,1788.5,1552.8694623655915,0.9984800538175996,0.12715410087637513,2789.82,3380.16,3001.3092688172046,0.9943893665591619
0.988,1563397,22.44,1.4994430107526884,0.9583067610806295,-0.7254269058632992,1146.79,252132992,1451.44,1181.0964946236559,0.996093992438745,0.0029423219867207306,1571.0,2398159872,1788.5,1554.9703225806454,1.0013528891294272,0.15322120086185775,2874.56,3380.16,2990.31,0.9963351764739862
2.26,147634368,22.44,1.5224688172043008,1.0153562398080431,-0.28273308950183973,1148.16,237632992,1451.44,1176.870924731183,0.996422333050934,0.05273485583935922,1558.5,2306160128,1788.5,1555.9191397849463,1.0006101834810108,0.15639037723482585,2836.74,3380.16,2977.123440860215,0.9955902367514455
2.19,10121183,22.44,1.5432580645161293,1.0136549577087586,-0.258119845041314,1109.12,258308000,1451.44,1170.4134838709679,0.9945130424037877,0.05474327141197399,1561.7,2352229888,1788.5,1556.7309677419355,1.0005217674467977,0.14523374625941265,2830.71,3380.16,2963.816774193548,0.9955303611250926
2.13,11041300,22.44,1.5624344086021507,1.0124258829595256,-0.3439919707529032,1153.23,258464000,1451.44,1167.0980430107527,0.9971672909566541,0.08089457579200487,1665.4,1886520064,1788.5,1563.9163440860218,1.0046156827948947,0.17653264217080622,2929.8,3380.16,2957.1638709677422,0.9977552919992444
1.84,6463907,22.44,1.5656537634408603,1.0020604735923537,-0.383737344851277,1152.94,348700992,1451.44,1163.942129032258,0.9972959307083119,0.14559757833573206,1640.7,2333289984,1788.5,1569.0064516129032,1.0032547185443326,0.19660732839625938,2863.7,3380.16,2946.333483870968,0.9963375762827679
1.91,6756124,22.44,1.576421505376344,1.006877473287465,-0.33835605928206924,1184.17,236634000,1451.44,1163.0112473118281,0.9992002336738135,0.11586149210206864,1694.5,1881289984,1788.5,1577.0924731182797,1.0051535935349816,0.1866445480462149,2955.45,3380.16,2941.685892473118,0.998422584740223
1.93,4736673,22.44,1.5908021505376344,1.00912233505585,-0.19341034545152602,1249.08,264012992,1451.44,1166.4173763440858,1.0029287154704054,0.11258562350753809,1718.5,2068460032,1788.5,1586.212258064516,1.005782657074131,0.16453011443518284,3044.31,3380.16,2942.9155053763443,1.0004179959887534
2.34,8578044,22.44,1.6334193548387097,1.0267897577877125,0.04834675073814099,1281.43,289332992,1451.44,1171.9211182795698,1.004718501324744,0.0036485745782405266,1781.2,2028979968,1788.5,1598.8752688172044,1.007983175447238,0.1473101683968978,3193.93,3380.16,2953.846623655914,1.0037143840044336
2.12,20457018,22.44,1.6618000000000002,1.0173749901256024,0.11338862938990468,1205.79,299721984,1451.44,1172.5849247311828,1.0005664258807687,0.050766663062242756,1745.1,2312290048,1788.5,1608.6251612903225,1.006097969405913,0.1664005503287761,3041.31,3380.16,2954.71440860215,1.000293781315281
2.37,33591440,22.44,1.7062666666666666,1.0267581337505514,0.2799753959090657,1212.57,328604992,1451.44,1173.7556129032255,1.0009983824176412,0.05432475013126625,1793.7,2262739968,1788.5,1621.0466666666666,1.0077218146745763,0.1866683422391151,3097.74,3380.16,2959.393053763441,1.001583450890438
2.84,12036351,22.44,1.78045376344086,1.0434791924518598,0.5105454549271924,1214.1,379219008,1451.44,1175.0737204301076,1.001122982938179,0.09711762666271373,1785.7,2293139968,1793.7,1632.3563440860216,1.006976774729509,0.1992938059830961,3009.05,3380.16,2958.376752688172,0.9996565846250208
2.84,6257724,22.44,1.8530494623655918,1.0407737063524949,0.6206660342931477,1210.28,220470000,1451.44,1176.210752688172,1.0009676263184988,0.07347406098344178,1851.3,1454979968,1793.7,1647.3763440860216,1.0092014222595556,0.20970019916012295,3130.01,3380.16,2965.448043010753,1.002390260238543
3.54,24799506,22.44,1.9688924731182798,1.0625147968823259,0.9132770104152699,1227.97,238672000,1451.44,1178.4793548387097,1.0019287378094044,0.05756382201846921,1901.3,1743670016,1851.3,1664.9458064516127,1.0106651175541426,0.2082900548520903,3185.04,3380.16,2976.103849462366,1.0035933209070136
3.32,7670849,22.44,2.0672301075268815,1.0499456601877588,0.9824931044564384,1244.01,267743008,1451.44,1181.7948387096776,1.0028133576183196,0.061623352008325805,1879.1,1852460032,1901.3,1680.3638709677418,1.0092604002222683,0.17555405768720966,3224.73,3380.16,2989.2853763440853,1.004429121948853
3.06,4540680,22.44,2.145374193548387,1.037801348643762,0.7897590869236258,1245.01,237555008,1451.44,1185.2423010752686,1.0029171411590823,0.06797916098884793,1850.2,2333880064,1901.3,1693.310752688172,1.0077048084311488,0.1533752571664967,3215.63,3380.16,3001.8722580645153,1.0042106658066297
3.08,3909653,22.44,2.2220559139784952,1.0357428185072362,0.6135205084652465,1264.83,273664992,1451.44,1190.0479784946235,1.0040545949254385,0.0492072660034053,1942.4,2369809920,1901.3,1711.6995698924734,1.0108596825332319,0.18654317540919552,3271.12,3380.16,3018.0915913978497,1.0054030724624479
3.31,5297316,22.44,2.3110817204301077,1.040064611287038,0.9933266110268254,1276.96,274630016,1451.44,1195.6647096774193,1.0047197518791644,0.06048174786651328,1999.4,2175269888,1942.4,1733.0761290322578,1.0124884994515289,0.1804684533578016,3351.28,3380.16,3039.4045376344084,1.00706172943767
3.3,7225776,22.44,2.3959569892473116,1.036725342971173,0.7388516702350529,1191.81,365604000,1451.44,1195.7761075268818,1.0000931681336422,-0.0009407657776634437,2001.5,2091820032,1999.4,1753.8513978494625,1.0119875108018512,0.16036628434043876,3372.85,3380.16,3061.9243010752693,1.0074092682175135
3.7,16152349,22.44,2.5038,1.0450104118048327,1.1933222393291185,1186.31,268776000,1451.44,1195.806430107527,1.0000253580753573,0.0004832184010952201,2071.2,1831600000,2001.5,1778.4875268817204,1.0140468736761086,0.17959190804138725,3397.16,3380.16,3085.9194838709677,1.0078366348858696
3.7,8201951,22.44,2.6075139784946235,1.0414226290017667,1.4710719186199284,1188.98,224710000,1451.44,1196.3048817204299,1.0004168330261096,0.01870635824898592,2164.4,2001350016,2071.2,1808.3621505376348,1.0167977695678836,0.20544858028771995,3508.01,3397.16,3116.8475913978496,1.0100223313305912
3.12,3850048,22.44,2.6692279569892468,1.0236677459847223,0.8819026355609536,1144.08,354972000,1451.44,1194.0456989247311,0.9981115325781754,-0.025633668333740034,2074.5,3437110016,2164.4,1831.3819354838708,1.012729632136678,0.15648451485262438,3426.96,3508.01,3141.9391612903223,1.0080503037625974
3.02,2363983,22.44,2.721587096774193,1.0196158367245653,0.8426168632590652,1116.67,261488992,1451.44,1190.3530967741938,0.9969074867453879,0.018330459312876468,1984.0,2410500096,2164.4,1847.8623655913977,1.0089989039359901,0.12090360293740321,3340.97,3508.01,3161.2695483870975,1.0061523747292538
3.18,5392028,22.44,2.781516129032258,1.02201988403351,0.8951021652381334,1116.71,319820992,1451.44,1187.031806451613,0.9972098276288092,0.030958794086933916,1963.3,2988819968,2164.4,1862.5868817204303,1.0079684052249855,0.1316741849487908,3319.47,3508.01,3179.29711827957,1.0057026361139214
2.88,2910814,22.44,2.8192086021505376,1.0135510532277205,1.2656555287573081,1082.68,250952000,1451.44,1181.8475913978496,0.9956326232999092,0.02167604202088591,2005.2,2595620096,2164.4,1879.541505376344,1.0091027290175334,0.17782063297014927,3298.46,3508.01,3196.0085161290317,1.0052563183709313
2.77,9274166,22.44,2.8465569892473117,1.0097007319983036,1.4416584346433479,1083.68,228464000,1451.44,1176.8061505376343,0.9957342715787469,0.019155356448830818,2021.4,2334060032,2164.4,1896.5606451612905,1.0090549422485557,0.1709939530948319,3348.44,3508.01,3215.2041290322577,1.0060061206991011
2.87,2002304,22.44,2.87698064516129,1.0106878787352236,1.8830775238808601,1137.85,226724992,1451.44,1175.3414838709675,0.9987553883313768,0.05181636017287028,2114.1,2124440064,2164.4,1918.5636559139784,1.0116015329163475,0.1488531870267411,3477.13,3508.01,3241.893569892472,1.0083010097614697
2.56,5575320,22.44,2.8834688172043013,1.0022552018394437,2.3104475671944664,1144.55,206246000,1451.44,1174.0832688172043,0.9989294897942177,-0.13075941978070804,2130.5,2361230080,2164.4,1940.2544086021505,1.0113057247912052,0.1906183887571824,3483.81,3508.01,3267.366430107527,1.0078574017517483
2.55,1648166,22.44,2.8855698924731183,1.000728662386179,2.4464526465651817,1117.36,213398000,1451.44,1170.6590107526881,0.997083462344229,-0.06274042160584714,2083.5,2057490048,2164.4,1957.0230107526884,1.0086424759950003,0.14296995452449957,3465.39,3508.01,3289.1156559139777,1.006656500356385
2.31,3572219,22.44,2.8684021505376345,0.994050484800155,2.8909672540062883,1045.68,331079008,1451.44,1162.44,0.9929791590230843,-0.14835679771431187,1948.7,2894279936,2164.4,1963.588387096774,1.0033547772857103,0.12356911206028531,3269.96,3508.01,3296.2695698924726,1.0021750265806653
2.15,3904847,22.44,2.8372860215053763,0.9891521037151552,1.4524896317014186,1111.05,298292992,1451.44,1158.4070322580646,0.9965306013713091,-0.012636169865221869,2137.7,2440580096,2164.4,1981.0718279569894,1.008903821684373,0.16794885300969997,3509.44,3508.01,3317.1935698924735,1.0063477818049582
2.04,3719205,22.44,2.7964731182795695,0.9856155132346676,1.262764676290872,1194.82,325023008,1451.44,1159.806494623656,1.0012080920838882,-0.04108975316800745,2129.2,2489210112,2164.4,1996.6337634408603,1.0078553110817388,0.10811551451985846,3585.15,3509.44,3341.454516129033,1.007313696269267
1.95,8996816,22.44,2.7475913978494626,0.9825202251684151,0.050864734342933815,1186.96,254766000,1451.44,1160.5955698924733,1.0006803507934083,-0.08045489874903211,2109.7,1958790016,2164.4,2009.7372043010753,1.0065627663421024,0.09957891516989781,3557.54,3585.15,3362.4060215053764,1.0062701752411147
2.03,31462188,22.44,2.704537634408602,0.9843303616853077,0.05007892131000402,1227.38,168028000,1451.44,1163.9089462365591,1.002854893151447,-0.010505307182780976,2153.9,1546610048,2164.4,2024.5068817204303,1.0073490590649097,0.09388857292940855,3638.35,3585.15,3387.0209677419343,1.0073206347119072
1.84,18247268,22.44,2.6495698924731177,0.9796757341306127,-0.019967710788740156,1264.63,261288000,1451.44,1169.3712258064515,1.0046930471559261,-0.019671821448339344,2213.9,2578439936,2164.4,2041.8739784946235,1.008578433064863,0.06676582947664422,3699.12,3638.35,3413.8196989247317,1.0079121834314075
1.74,9203612,22.44,2.588774193548387,0.9770545026581715,0.035155437363590614,1259.0,251358000,1451.44,1174.2307096774193,1.0041556383154686,-0.07697910284300358,2182.2,2076589952,2213.9,2056.016344086021,1.0069261696560843,0.05076699149159003,3663.46,3699.12,3436.663333333334,1.0066915175443498
1.79,10880201,22.44,2.53141935483871,0.9778447889149182,0.00850325103703553,1289.29,297937984,1451.44,1180.816301075269,1.0056084305610256,-0.020682681310998374,2252.1,2566830080,2213.9,2073.503870967742,1.0085055388455557,0.07395626169897684,3709.41,3699.12,3460.7515698924735,1.0070091929941172
2.06,62347344,22.44,2.4917419354838706,0.9843260188087771,0.05187720181444111,1274.66,151842000,1451.44,1186.2319569892472,1.0045863661511505,-0.024557563422543005,2270.6,1429090048,2252.1,2090.9858064516134,1.0084311081974071,0.104881255136964,3703.06,3709.41,3482.808709677419,1.0063735114582728
1.8,16550456,22.44,2.435010752688172,0.9772323200939017,-0.2392582385924341,1277.98,139106000,1451.44,1191.8067956989248,1.0046996193930122,0.003889797222751179,2291.3,1424579968,2270.6,2108.615913978495,1.0084314812049344,0.11037736361927308,3756.07,3709.41,3506.869182795699,1.0069083533216812
2.42,33855824,22.44,2.4194408602150537,0.9936058218815135,0.07782599323806738,1306.69,259432992,1451.44,1199.241311827957,1.0062380212597062,0.07335247868504924,2301.2,2472829952,2291.3,2125.7877419354836,1.0081436490368647,0.06108718203334207,3824.68,3756.07,3534.1472043010754,1.0077784542517865
2.88,46215624,22.44,2.432903225806452,1.0055642466045653,0.20031819843850274,1318.72,253000000,1451.44,1207.2349677419354,1.0066655941845384,0.05044996190843509,2240.9,2412689920,2301.2,2137.8733333333334,1.0056852296019199,0.03286570573152936,3768.25,3824.68,3556.099913978494,1.0062116002555588
3.39,19941138,22.44,2.478172043010753,1.018606912401662,0.1680639201635119,1310.08,202582000,1451.44,1214.442924731183,1.0059706330431513,-0.01586081061649902,2339.1,1942419968,2301.2,2155.3326881720427,1.0081666928374502,0.03326767298407529,3841.47,3824.68,3581.3345376344087,1.0070961514767123
3.34,39254904,22.44,2.5190322580645166,1.0164880461665293,0.13179177731740888,1294.39,448185984,1451.44,1220.4322150537632,1.004931718239378,0.03437132055307579,2269.1,2957319936,2339.1,2167.085806451613,1.0054530413536937,0.03902489668033793,3714.24,3841.47,3596.570623655914,1.0042543040482248
3.79,14707263,22.44,2.587849462365591,1.0273189055363465,0.0591296149683207,1374.37,255147008,1451.44,1231.4006236559142,1.0089873148765314,0.03225262793482253,2379.9,2065459968,2339.1,2185.088817204301,1.0083074748120686,0.03138304366924727,3886.83,3841.47,3621.6851397849455,1.006982906428653
4.35,29517212,22.44,2.692258064516129,1.0403457015830808,0.3893165847760992,1372.63,280636992,1451.44,1241.9419354838708,1.0085604243050166,0.004435754178833351,2434.5,1929389952,2379.9,2205.5851612903225,1.0093800965547228,0.07536254453241176,3934.83,3886.83,3648.3872043010747,1.007372828803587
7.23,186998528,22.44,2.9802580645161294,1.1069734004313445,1.452725221687197,1337.88,185496992,1451.44,1249.9647096774193,1.0064598625461687,-0.02297058540784258,2387.8,1625479936,2434.5,2221.8741935483868,1.0073853562963466,0.07565039699467624,3906.71,3934.83,3671.7479784946236,1.0064030413674319
4.36,73498040,22.44,3.0741290322580648,1.0314975970905311,0.4922647751724374,1300.82,251624992,1451.44,1255.3967956989247,1.0043457915087117,-0.004638724380514825,2293.4,2749929984,2434.5,2230.9167741935485,1.0040697986733085,0.015614039040802385,3811.15,3934.83,3687.4573978494623,1.0042784579570407
3.71,25840624,22.44,3.123311827956989,1.0159989366688351,0.1599068207788482,1326.03,303302016,1451.44,1262.3779354838712,1.0055609029821204,0.026144252429746384,2262.3,2716219904,2434.5,2237.198064516129,1.0028155646123782,-0.014920283179556515,3841.94,3934.83,3703.9919139784947,1.0044839883814456
4.4,14487925,22.44,3.216150537634408,1.02972444468926,0.32854442969451103,1389.83,275236000,1451.44,1273.3696774193552,1.0087071720968181,0.07628474615855985,2304.3,2544179968,2434.5,2245.6236559139784,1.003766135654901,-0.017855288581594353,3943.34,3934.83,3726.013182795699,1.0059452799381388
4.1,12625420,22.44,3.2872688172043008,1.0221128578210779,0.04820057751548701,1396.4,257038000,1451.44,1284.359440860215,1.0086304579382885,0.09849372521053024,2273.1,2710459904,2434.5,2251.3851612903227,1.0025656593709151,-0.054394196313690024,3913.1,3943.34,3744.856623655914,1.0050572662885955
3.93,31578802,22.44,3.346559139784947,1.018036347459734,0.03385084019780771,1473.75,291036000,1451.44,1299.8877204301077,1.0120902911411562,0.1362802978563049,2330.6,2324590080,2434.5,2260.4221505376345,1.004013968557087,-0.05620190436827932,3974.54,3943.34,3766.5543870967736,1.0057940171337394
4.15,7241650,22.44,3.419548387096774,1.0218102368023645,0.336476756058552,1460.9,184228000,1473.75,1313.974559139785,1.0108369657534855,0.15902777068992435,2380.0,1728429952,2434.5,2272.2888172043013,1.0052497568491108,-0.025748998570663595,4019.87,3974.54,3790.1733763440857,1.0062707150408408
3.94,8947746,22.44,3.4767741935483873,1.0167349017980116,0.304218246185616,1467.61,191200000,1473.75,1327.8129677419356,1.0105317173044888,0.1700228492761413,2491.0,1936809984,2434.5,2290.659784946237,1.0080847855267527,0.01973559271274028,4128.8,4019.87,3819.5450322580646,1.007749422782952
3.28,10612449,22.44,3.4894408602150535,1.0036432238510544,-0.05029696378864301,1483.11,197868000,1473.75,1341.8966666666665,1.0106066887934386,0.15226152326822096,2517.3,2057059968,2491.0,2309.6372043010747,1.008284695736815,0.021292944868531727,4185.47,4128.8,3850.8785591397855,1.0082034709938206
3.32,8801023,22.44,3.504473118279569,1.0043079274493247,0.0496728211183568,1466.12,186128992,1483.11,1354.0962795698922,1.0090913206704135,0.12807164727328146,2505.7,2049590016,2517.3,2326.6748387096777,1.0073767578634754,-0.017708555658551894,4180.17,4185.47,3880.007784946237,1.0075643065235893
3.12,7469492,22.44,3.505655913978495,1.0003375102787224,0.03468993029198164,1436.16,205776000,1483.11,1363.5383870967742,1.0069729956941327,0.14279583132978502,2452.6,2264250112,2517.3,2339.2103225806454,1.0053877248605652,-0.035374425460594994,4181.17,4185.47,3907.305376344086,1.0070354475843475
2.7,9161768,22.44,3.478989247311828,0.9923932447105444,-0.16054076655052252,1503.68,237988992,1483.11,1376.5786021505378,1.00956351150592,0.1653622346094481,2440.4,2120150016,2517.3,2350.031397849463,1.0046259522559218,-0.06292362596404666,4232.6,4185.47,3936.1302150537635,1.0073771655740529
2.5,9976373,22.44,3.4397849462365593,0.9887311232405903,-0.24265455163043503,1490.11,217719008,1503.68,1387.9566021505377,1.0082654197749585,0.13013919177554922,2386.0,2354180096,2517.3,2356.6410752688175,1.0028125911106565,-0.07814560301268902,4173.85,4232.6,3959.540064516129,1.0059474275959759
2.69,5943454,22.44,3.412967741935484,0.9922038136917786,-0.19873178131466385,1485.75,256832000,1503.68,1398.3101720430107,1.007459577537533,0.13179852011674886,2389.2,2013330048,2517.3,2362.9077419354835,1.0026591519312933,-0.0525231530948147,4155.86,4232.6,3980.3053118279568,1.0052443584288786
2.73,5345535,22.44,3.388430107526882,0.9928104698713951,-0.06189787041803685,1498.51,237244000,1503.68,1408.6947311827957,1.0074265061839696,0.15630570494868645,2426.9,1951810048,2517.3,2370.9492473118275,1.0034032244397986,-0.0402819119112372,4204.11,4232.6,4002.6985806451607,1.0056260178712069
2.8,5855267,22.44,3.3675053763440856,0.9938246531524096,0.04016142496494801,1536.18,158636992,1503.68,1420.5357849462368,1.008405691809111,0.12242240678496907,2455.6,1412610048,2517.3,2379.813978494624,1.0037388953782318,-0.05657793124575683,4229.89,4232.6,4024.7461505376345,1.005508176408557
3.0,20303358,22.44,3.3580860215053763,0.9972028686561637,0.1353345705779445,1558.22,179867008,1536.18,1432.8845161290321,1.0086930095768496,0.08274226912984606,2489.5,1649369984,2517.3,2390.1821505376342,1.004356715330149,-0.015512975907786997,4247.44,4232.6,4046.376623655914,1.0053743695401485
2.72,7094046,22.44,3.3285376344086024,0.9912008248426204,0.1399669824108809,1490.62,215500000,1558.22,1440.0904516129033,1.0050289715624383,0.047480275552031825,2491.9,2223960064,2517.3,2399.930322580645,1.0040784222410908,0.010002789962085146,4166.45,4247.44,4061.3576559139788,1.0037023326426122
2.83,4565053,22.44,3.304430107526882,0.9927573218243021,0.21914433714239712,1524.96,182112992,1558.22,1448.8588387096777,1.0060887752480783,0.013820986769321086,2550.5,1800039936,2517.3,2412.6372043010747,1.0052946877669207,0.007581301341469393,4280.7,4247.44,4082.4001720430106,1.0051811531787629
2.71,4769749,22.44,3.270860215053763,0.9898409434060497,0.3029439150972786,1533.96,151180000,1558.22,1457.5679139784947,1.0060109895016227,0.001012977388211489,2633.3,1771680000,2550.5,2429.8331182795696,1.0071274346378474,0.012851505502002203,4352.34,4280.7,4106.683225806452,1.005948229654147
2.62,4648371,22.44,3.2296129032258065,0.9873894605345345,0.33540665517633017,1542.14,137144000,1558.22,1466.2255268817203,1.0059397663876903,-0.05594595202740127,2656.4,1567229952,2633.3,2447.617419354839,1.0073191450645227,0.02456507989955825,4369.55,4352.34,4130.67182795699,1.0058413568399414
2.38,27670588,22.44,3.1709892473118284,0.981848085925275,0.1910207002537363,1524.8,171136000,1558.22,1473.1555268817206,1.0047264215995055,-0.10386193019666701,2640.2,1878550016,2656.4,2463.3367741935485,1.0064223087784907,0.0057921312651714185,4327.16,4369.55,4150.40711827957,1.0047777434626999
2.35,5991911,22.44,3.1091612903225805,0.9805019972736704,0.06002706064160335,1563.79,180888992,1558.22,1482.0945376344084,1.0060679341655183,-0.06497152787177907,2713.4,2061810048,2656.4,2482.9440860215054,1.00795965538832,0.0036214694889098453,4411.8,4369.55,4174.274559139784,1.0057506264277294
2.52,11819905,22.44,3.0576774193548393,0.9834412350597612,0.30472804834696054,1576.6,194868000,1563.79,1491.2382150537635,1.0061694292686278,-0.038997820311001075,2693.6,2224369920,2713.4,2500.3217204301077,1.0069988021504128,0.005401973531223847,4395.26,4411.8,4195.550731182796,1.0050969747537153
2.49,5216974,22.44,3.0027096774193547,0.9820230408912518,-0.04583529389602603,1587.4,210676992,1576.6,1500.4364731182795,1.0061682016807654,-0.10028642600218518,2718.6,2352310016,2713.4,2518.447096774193,1.0072492176490662,0.02141207275860446,4436.52,4411.8,4218.11423655914,1.0053779603256003
2.39,5382039,22.44,2.9411397849462366,0.9794952229527453,-0.2770536667790049,1605.13,164896000,1587.4,1510.174924731183,1.0064904124815524,-0.07405880519458785,2720.6,1946099968,2718.6,2535.803870967742,1.0068918557851705,0.028369499029929468,4468.0,4436.52,4241.392924731183,1.0055187429421142
2.23,4162103,22.44,2.870301075268817,0.9759145382888645,-0.501449053658031,1638.89,222434000,1605.13,1521.4755053763438,1.007482961384207,-0.029615336029312767,2732.6,2171470080,2720.6,2552.9032258064517,1.0067431693099294,0.011984824052936993,4441.67,4468.0,4261.46806451613,1.0047331478458152
2.39,3456137,22.44,2.812279569892474,0.9797855681843728,-0.41583097134778313,1666.6,188800000,1638.89,1533.8567096774195,1.0081376297267521,0.009409737632667392,2771.7,1973010048,2732.6,2571.6789247311826,1.007354645775419,0.00742141370481586,4509.37,4468.0,4284.620193548388,1.0054328998086455
2.45,3057999,22.44,2.7601720430107526,0.9814714271512794,-0.5068814110337764,1674.15,199535008,1666.6,1545.924559139785,1.007867651121664,-0.07033815264785104,2796.1,1830089984,2771.7,2590.947956989247,1.0074927830503095,0.008010094007757207,4535.43,4509.37,4307.743655913979,1.005396852304531
2.32,2188981,22.44,2.7025591397849458,0.9791270608034405,-0.6283226152197213,1633.97,148750000,1674.15,1554.7554623655915,1.0057123765668878,-0.0341542662350065,2746.4,1463980032,2796.1,2606.1154838709676,1.0058540453662164,-0.004989475252288322,4458.58,4535.43,4324.514215053764,1.0038931191081348
2.27,4247714,22.44,2.646086021505376,0.9791038362682922,-0.8861563868544551,1614.71,272404000,1674.15,1561.78176344086,1.0045192322814405,-0.024150883999673356,2727.7,2240069888,2796.1,2619.405806451613,1.0050996675561379,0.007636789074330075,4432.99,4535.43,4338.507462365591,1.0032357963498226
2.15,3624894,22.44,2.592537634408602,0.9797631722243444,-0.6683482689246432,1620.73,196154000,1674.15,1568.6011182795698,1.0043663942033012,0.00852313568194596,2753.6,1845880064,2796.1,2633.636129032258,1.0054326529114335,0.031598315820551726,4455.48,4535.43,4352.819892473119,1.0032989294663386
2.1,2604268,22.44,2.5405161290322584,0.9799341368526707,-0.5658917278543497,1571.36,201068992,1674.15,1571.5473333333339,1.0018782436270322,-0.04143055015035113,2661.5,2120470016,2796.1,2640.9348387096775,1.002771343237952,0.042382094300789985,4357.05,4535.43,4359.396344086021,1.0015108485476907
2.0,3672254,22.44,2.4855053763440864,0.9783466233260535,-0.6466164316366196,1577.51,174668992,1674.15,1574.3627311827956,1.0017914814207283,-0.016289371983379652,2668.5,1831629952,2796.1,2647.826666666667,1.0026096168129452,0.04443798970680346,4391.36,4535.43,4367.078580645161,1.0017622248478422
2.04,4403211,22.44,2.438236559139785,0.9809822108396206,-0.6167868774940779,1586.94,144767008,1674.15,1577.3829032258063,1.0019183457428147,-0.06761203042528163,2737.9,1791309952,2796.1,2658.4126881720426,1.0039980039625112,0.06181152627633102,4471.37,4535.43,4378.959268817204,1.0027205116538773
1.89,102353440,22.44,2.385720430107527,0.9784614299070367,-0.6334010347291217,1599.31,141820000,1674.15,1580.7913763440863,1.0021608406629168,-0.1071824125135401,2782.0,1857330048,2796.1,2670.844301075269,1.0046763292089815,0.05018063072805723,4544.9,4535.43,4394.383247311828,1.0035222932089045
1.92,13186031,22.44,2.3395268817204298,0.980637484675849,-0.6934800887053395,1603.06,181342000,1674.15,1584.1717634408606,1.0021384144342893,-0.09372240630560702,2836.9,2368130048,2796.1,2685.8470967741932,1.005617248333377,0.04632082598180931,4605.38,4544.9,4412.482580645161,1.0041187425662985
2.02,9082621,22.44,2.3045806451612902,0.9850626907379492,-0.6413970586724788,1668.98,267512000,1674.15,1591.4993333333334,1.0046254895217657,-0.057460785492681854,2931.7,2399820032,2836.9,2705.983440860215,1.007497204181953,0.03916985569674547,4697.53,4605.38,4435.267913978494,1.0051638353051586
1.88,9974385,22.44,2.264731182795699,0.9827085841195189,-0.5678701310610613,1670.5,185079008,1674.15,1598.491913978495,1.0043937062986485,-0.03734180577608681,2936.4,2316699904,2931.7,2725.4752688172043,1.0072032325337485,0.047652981941293415,4682.85,4697.53,4455.883075268817,1.004648008122655
1.7,8954958,22.44,2.216279569892473,0.9786060203209571,-0.6201984925470035,1602.76,273744000,1674.15,1600.7111827956994,1.0013883516067847,-0.04662362946906784,3005.8,2480750080,2936.4,2748.543225806452,1.0084638291358479,0.07571677828137235,4697.96,4697.53,4476.403440860216,1.0046052298152282
1.49,9595652,22.44,2.1577634408602147,0.9735971355657548,-0.6830376795271852,1617.41,187384992,1674.15,1603.5817634408602,1.0017933157936383,0.009002474295767948,2908.6,2044780032,3005.8,2764.2647311827955,1.0057199411050668,0.08704133541636394,4594.62,4697.96,4489.143182795699,1.0028459771563922
1.41,9379347,22.44,2.0975913978494622,0.9721136979748047,-0.6418400009449228,1628.76,304284992,1674.15,1606.7948172043014,1.002003673175072,-0.044660248911161604,2895.7,3252819968,3005.8,2778.173333333333,1.0050315738552966,0.11431195193096255,4538.43,4697.96,4497.368623655913,1.0018322963927142
1.42,5080222,22.44,2.0408387096774194,0.9729438782833358,-0.5639287248244239,1720.25,243844000,1674.15,1615.6414623655915,1.0055057715313538,-0.015884696468680515,3068.9,2615810048,3005.8,2802.276989247312,1.0086760806551471,0.1572727221790169,4712.02,4697.96,4516.135720430108,1.0041729060578848
1.38,5288728,22.44,1.9838279569892474,0.9720650375662546,-0.6165705012193413,1741.78,351468000,1720.25,1625.3822150537635,1.0060290311403062,-0.006115341197526325,2944.9,3316379904,3068.9,2816.9120430107528,1.005222557876897,0.12075105295958477,4620.64,4712.02,4527.849978494624,1.002593867587177
1.35,3858705,22.44,1.9276989247311829,0.9717067036683722,-0.6398577089325681,1789.48,159452000,1741.78,1637.6497849462367,1.0075474985384083,0.034086946101255844,3041.1,1755000064,3068.9,2836.558494623656,1.006974463992104,0.12899434486249373,4725.78,4712.02,4545.347935483872,1.0038645178334873
1.25,6634151,22.44,1.8680860215053763,0.9690756152524598,-0.6685914315518153,1821.32,136772000,1789.48,1651.3458064516128,1.0083632176007802,0.01820667801445941,3055.4,1630649984,3068.9,2855.8066666666664,1.0067857483212468,0.11747221953872922,4766.18,4725.78,4564.33047311828,1.0041762562302916
1.24,7747136,22.44,1.8111612903225804,0.9695277784173324,-0.6807844466029653,1748.35,237895008,1821.32,1659.72088172043,1.0050716665377395,0.03355087395834011,2912.0,2609730048,3068.9,2864.513333333334,1.0030487591363564,0.06857422556085258,4677.02,4766.18,4576.407440860215,1.002645945076296
1.18,4034511,22.44,1.7541505376344086,0.9685225424191692,-0.6655436912265775,1749.72,252751008,1821.32,1667.7754623655912,1.0048529730112283,0.0779561724933906,2910.2,2528079872,3068.9,2872.1952688172046,1.0026817593740893,0.048721683573694996,4662.85,4766.18,4586.646387096775,1.0022373327482037
1.05,2811095,22.44,1.6920645161290324,0.9646062181247549,-0.7070921398804433,1623.11,217904000,1821.32,1667.1044516129034,0.9995976612152957,0.01341672167871466,2708.3,2292640000,3068.9,2865.9518279569893,0.9978262477736111,0.03448451358022875,4397.93,4766.18,4578.7261935483875,0.9982732059810261
1.07,4260660,22.44,1.6350967741935485,0.9663324055362794,-0.6772565163468507,1593.17,330504992,1821.32,1664.2907526881718,0.9983122239749229,-0.010092106724352456,2769.6,3906190080,3068.9,2863.3238709677416,0.9990830421629519,0.03349181504681131,4431.85,4766.18,4572.742279569893,0.9986931050852252
1.15,3754866,22.44,1.586817204301075,0.9704729587542086,-0.653740923019271,1601.08,267675008,1821.32,1661.8600430107529,0.9985394921689658,0.018783880218885773,2798.9,3243249920,3068.9,2862.2931182795696,0.9996400153337095,0.02366611416765374,4500.54,4766.18,4571.018989247312,0.9996231385419903
1.18,2860359,22.44,1.5436344086021505,0.9727865342133439,-0.6045801292570054,1551.52,324720000,1821.32,1656.1051612903225,0.9965370840073846,0.03268036790689133,2717.5,2838710016,3068.9,2855.7043010752695,0.9976980634295552,0.008137198130121703,4418.64,4766.18,4563.730129032258,0.9984054189597114
1.15,2931456,22.44,1.5010967741935484,0.9724431936917483,-0.6378189786986426,1612.45,332380992,1821.32,1654.2237849462365,0.9988639753150578,0.06496169379582961,2670.9,2940369920,3068.9,2845.9427956989243,0.9965817520488134,-0.0013989866017731778,4348.87,4766.18,4551.743247311828,0.9973734464173997
1.17,3286844,22.44,1.4624301075268817,0.9742410567183851,-0.6113738582093016,1592.15,236740992,1821.32,1650.9280860215056,0.9980077067234057,0.020344309243553238,2705.5,2701250048,3068.9,2838.504946236559,0.997386507742318,0.0068386690867501265,4384.62,4766.18,4542.198150537634,0.9979029799671081
1.04,2064696,22.44,1.4182795698924733,0.9698101554343191,-0.6626322253247247,1588.0,265522000,1821.32,1647.3312043010753,0.9978212971534707,0.000788851043299843,2624.0,2960100096,3068.9,2825.7834408602153,0.9955182373759078,-0.010532808523308734,4328.87,4766.18,4529.079161290323,0.997111753205712
1.09,2085213,22.44,1.3804731182795698,0.9733434420015161,-0.6566384225819031,1546.43,299118016,1821.32,1641.0510967741936,0.9961877080270897,-0.018116398385938592,2524.1,2983980032,3068.9,2806.8202150537636,0.993289214759968,-0.013209257219907511,4204.31,4766.18,4508.155548387097,0.9953801618037373
1.14,3075454,22.44,1.348688172043011,0.9769753240279165,-0.5280500550420368,1608.47,299072992,1821.32,1638.899806451613,0.9986890777948295,-0.02104704206793695,2722.7,3298520064,3068.9,2801.0924731182795,0.9979593484809733,-0.008445433675453584,4463.09,4766.18,4504.4944946236565,0.9991879042938635
1.21,3926125,22.44,1.323763440860215,0.9815192779921547,-0.5511417164222829,1601.7,234450000,1821.32,1636.3771612903229,0.998460769138321,-0.048440310523891084,2786.1,2699249920,3068.9,2799.4763440860215,0.9994230361732903,-0.002271307481712892,4543.04,4766.18,4505.945440860215,1.0003221107803084
1.18,2028555,22.44,1.2994408602150538,0.9816261879619853,-0.5964257817447196,1618.23,219554000,1821.32,1635.0605376344085,0.9991954033048982,-0.04713576127299346,2789.4,2801019904,3068.9,2798.042150537635,0.9994876922066456,-0.0046958663957185065,4545.86,4766.18,4507.505913978494,1.0003463142505298
1.09,1432057,22.44,1.2720430107526883,0.9789156626506025,-0.6160372905029043,1578.15,198752000,1821.32,1631.2783655913981,0.9976868305754095,-0.0968929473730844,2677.0,2637179904,3068.9,2789.370752688172,0.996900905210525,-0.031930757327107706,4488.28,4766.18,4505.329118279569,0.99951707313524
1.05,972749,22.44,1.2447096774193547,0.9785122569737952,-0.5871976219726907,1508.68,161330000,1821.32,1623.1343010752691,0.9950075568413632,-0.11117566573480231,2574.9,1943859968,3068.9,2774.261505376344,0.9945832775018283,-0.04690440279421526,4392.59,4766.18,4496.914903225807,0.9981323861514084
1.05,3569700,22.44,1.22,0.9801482402944074,-0.5686305494833506,1493.33,194316992,1821.32,1614.2279354838706,0.99451285972732,-0.15327600408041453,2509.6,2356460032,3068.9,2755.2679569892475,0.9931536560809829,-0.047381146917839345,4271.78,4766.18,4480.793376344086,0.9964149806637086
1.02,2050154,22.44,1.195720430107527,0.980098713202891,-0.5823957629278347,1421.01,260704000,1821.32,1600.9297419354841,0.991761886127686,-0.13265785277199238,2478.0,3027109888,3068.9,2734.7604301075266,0.9925569755095145,-0.01727809666895952,4131.93,4766.18,4456.044322580645,0.9944766357908621
0.92,1874251,22.44,1.1673118279569894,0.9762414345065736,-0.6015370814738401,1420.48,299886016,1821.32,1587.920688172043,0.9918740632879282,-0.10506583110431145,2461.5,3285600000,3068.9,2713.5830107526886,0.9922562067515343,-0.01653818554514963,4123.34,4766.18,4431.225204301075,0.9944302353201917
0.893,2358081,22.44,1.139483870967742,0.9761606484893145,-0.6195564432361842,1425.7,291672992,1821.32,1575.586107526882,0.9922322438790315,-0.03539959923743674,2375.3,3504839936,3068.9,2687.2894623655916,0.9903103946763715,-0.032360559170075076,4023.89,4766.18,4400.566344086023,0.9930811775972718
0.96,1058638,22.44,1.1184451612903226,0.9815366323179707,-0.5370022831025898,1291.7,371071008,1821.32,1554.9531182795697,0.9869045625949959,-0.08110874719468697,2285.8,3260610048,3068.9,2656.001505376344,0.9883570573890819,-0.03676481672388765,3901.36,4766.18,4362.964645161291,0.9914552591678875
1.01,1404333,22.44,1.102632258064516,0.9858617089392532,-0.49973645057602956,1371.72,268942016,1821.32,1540.1442365591397,0.9904763162655252,-0.08196836600899282,2470.3,2907089920,3068.9,2637.6838709677418,0.9931033042068977,-0.03213476930395032,4158.24,4766.18,4343.319806451613,0.9954973646803522
1.09,2954577,22.44,1.093937634408602,0.9921146659801374,-0.4858847745912489,1354.91,237794000,1821.32,1524.7483440860217,0.9900036034887782,-0.09756140651641076,2442.4,2374089984,3068.9,2618.3546236559137,0.9926718862997269,-0.041516836998229834,4108.54,4766.18,4321.430107526882,0.9949601457179793
1.08,1536132,22.44,1.0865978494623656,0.9932904905038719,-0.4636524438335692,1289.0,179068000,1821.32,1505.775612903226,0.9875568114198093,-0.08213046633508037,2286.4,2273639936,3068.9,2590.01311827957,0.9891758338919074,-0.05436930020876851,3900.86,4766.18,4287.408344086021,0.9921271980352978
0.999,1413884,22.44,1.0757526881720427,0.9900191581497342,-0.41709069928222675,1262.59,332854016,1821.32,1485.9194408602152,0.9868133260541212,-0.020327320535050042,2174.4,3285469952,3068.9,2555.843655913979,0.9868072242088534,-0.05881894407574362,3674.84,4766.18,4240.486344086022,0.9890558593363931
1.03,739080,22.44,1.068415053763441,0.9931790694187619,-0.2891683043418568,1310.73,221936992,1821.32,1469.9006236559142,0.9892195924194735,-0.06764503517019771,2332.8,2160740096,3068.9,2533.6815053763444,0.9913288316809389,-0.04933865482074096,3911.74,4766.18,4211.0484731182805,0.993057902188791
