71.5,5284626,139.74,63.50208602150538,1.0090029044934221,-0.12492019435571766,370.59,27866516,373.78,357.74810752688177,1.0027673731950653,-0.07026615210751275,165.97,502683584,183.85,153.51567741935486,1.0061764772626844,0.05316689284564868,2905.03,2929.67,2747.540752688172,1.0040936651189114
67.74,7344086,139.74,63.83941935483871,1.0053121614496112,-0.12904212898324385,377.76,42500128,373.78,359.19791397849457,1.0040525901356554,-0.07469032602873682,170.44,502683584,183.85,154.73113978494624,1.007917512960394,0.05271256014047143,2939.88,2929.67,2761.043784946237,1.0049145885260677
68.79,6246166,139.74,64.25608602150537,1.0065267928636803,-0.021698598012823256,381.37,40736812,377.76,360.8576559139785,1.004620689238143,-0.10430623217363633,167.45,502683584,183.85,155.73243010752688,1.006471162326939,0.04601493646280286,2945.64,2939.88,2774.8627311827954,1.0050049717834617
61.43,8402075,139.74,64.18815053763441,0.9989427385314409,-0.04536829953394883,369.16,62361308,381.37,361.69701075268813,1.0023259998089378,-0.13013778817692168,164.33,502683584,183.85,156.50987096774193,1.004992157764945,0.03904110462706467,2881.4,2945.64,2784.407978494624,1.0034398989198863
53.1,11566320,139.74,63.57894623655914,0.9905090846835026,-0.13136727053037922,370.62,49648852,381.37,362.59896774193544,1.0024936810712655,-0.12134555024716609,164.76,502683584,183.85,157.2887741935484,1.0049767035202974,0.042307608059900526,2859.53,2945.64,2792.2965161290326,1.002833111273684
43.66,23089488,139.74,62.369075268817205,0.9809705721884671,-0.2775247569767414,373.97,41353760,381.37,363.69445161290326,1.0030211996404454,-0.09248321341520205,162.38,502683584,183.85,157.88926881720428,1.0038177843697667,0.04506568604967032,2826.06,2945.64,2797.828387096774,1.001981118744298
41.52,10472832,139.74,61.05010752688172,0.9788522158417357,-0.3871757194345161,362.31,38484772,381.37,363.9829247311828,1.0007931743720593,-0.14052122403839873,157.52,502683584,183.85,158.14217204301076,1.0016017759009277,0.04046458971596678,2752.06,2945.64,2798.2261290322585,1.0001421609478691
42.4,10569513,139.74,59.837870967741935,0.9801435802777906,-0.288892733921588,373.81,53828392,381.37,365.0136559139784,1.0028318119141355,-0.09736807621216004,158.98,502683584,183.85,158.4727956989247,1.0020906735480022,0.029713517615394203,2873.34,2945.64,2806.386021505376,1.0029160947317504
41.41,9558607,139.74,58.593505376344076,0.9792043805825129,-0.3745891546434911,374.75,36521376,381.37,366.0805161290322,1.002922795346882,-0.0743345284732313,161.19,502683584,183.85,158.9257634408602,1.0028583312355774,0.034190191174353846,2886.98,2945.64,2815.2273548387097,1.0031504337840849
43.21,11380362,139.74,57.50363440860215,0.9813994578282743,-0.3633870841001907,388.73,60931328,381.37,368.0099139784946,1.0052704193871447,-0.01622802823853653,165.57,937150016,183.85,159.63290322580644,1.0044494974863492,0.04498265067482676,2950.46,2945.64,2827.840064516129,1.0044801744540246
43.55,8534909,139.74,56.46520430107527,0.9819414873823776,-0.44762208213671006,401.8,74933664,388.73,370.6822580645162,1.0072616089526811,0.028083939896804022,164.23,868274624,183.85,160.20296774193545,1.0035710965885438,0.030100070850124228,2941.76,2950.46,2839.2078279569896,1.0040199456763852
43.92,8293507,139.74,55.49393548387097,0.9827988080584028,-0.4158497749575213,408.62,31391870,401.8,373.70258064516133,1.0081480095551794,0.06936040901435891,168.73,535211584,183.85,161.03245161290317,1.0051777060229241,0.03847433212543727,2990.41,2950.46,2853.323784946237,1.0049717941921161
42.36,7649607,139.74,54.46008602150539,0.9813700460536617,-0.42969056054488297,412.83,34323548,408.62,376.8579569892473,1.008443549783998,0.09355051744946596,170.73,708170624,183.85,161.93713978494623,1.0056180488030932,0.022930533270964393,3013.77,2990.41,2868.1783870967743,1.0052060695771394
40.39,11164873,139.74,53.3468817204301,0.9795592628951099,-0.3290963889424986,406.16,38902016,412.83,379.4190322580645,1.0067958635908283,0.10506143278444635,165.51,780385664,183.85,162.44849462365593,1.0031577366340345,0.007215565742676011,2976.61,3013.77,2879.745634408602,1.004032959513211
40.07,8912396,139.74,52.24541935483871,0.9793528256934733,-0.3178927616571069,412.05,36671224,412.83,382.16511827956987,1.0072376074683507,0.08544265651639749,173.05,998224000,183.85,163.37765591397846,1.0057197285359591,0.03316421485539167,3025.86,3013.77,2893.2860215053765,1.0047019385792229
37.76,9052740,139.74,51.03529032258064,0.9768376051489002,-0.3802986850306095,403.15,41785596,412.83,384.14419354838714,1.0051785868834044,-0.009253199976596349,167.01,934927808,183.85,163.84260215053763,1.0028458373573677,0.000881319267193259,2932.05,3025.86,2899.612602150538,1.002186641969766
35.53,11399829,139.74,49.73176344086021,0.9744583233781726,-0.340122761233259,397.47,78316384,412.83,385.60212903225806,1.0037952818456106,-0.031662981210595076,165.94,987985152,183.85,164.1892688172043,1.0021158518121445,0.004131474241801936,2918.65,3025.86,2904.214215053764,1.0015869750668807
37.08,10284648,139.74,48.57466666666666,0.9767332446280625,-0.34258578115684946,394.54,52757364,412.83,386.7476344086022,1.002970692561317,-0.04936898752757135,164.35,840600064,183.85,164.39277419354838,1.0012394560120166,0.015807541480694853,2888.68,3025.86,2906.1889677419354,1.0006799610985773
39.62,18738232,139.74,47.63245161290322,0.9806027479255969,-0.3612409531746923,385.23,36800016,412.83,387.1951397849462,1.0011570991947456,-0.0607379269185222,161.06,715996160,183.85,164.35264516129033,0.9997558954007869,0.014544540013134766,2847.11,3025.86,2905.0130322580644,0.9995953685404069
41.37,7209257,139.74,46.8430752688172,0.9834277615920114,-0.37022382770637285,399.5,34080012,412.83,388.4897204301075,1.003343483716971,-0.012340551164405023,166.58,701258496,183.85,164.64210752688172,1.0017612273006455,0.013006227430832906,2926.46,3025.86,2908.564301075269,1.0012224622670434
46.9,12831527,139.74,46.45247311827957,0.99166147507831,-0.30598806330144646,406.41,35524712,412.83,390.12883870967744,1.0042192063093849,-0.014152895985969138,169.82,600590784,183.85,165.1097419354839,1.0028403086891111,0.01920942874795495,2978.71,3025.86,2915.0135698924737,1.0022173375416938
50.17,12956522,139.74,46.303225806451614,0.9967870965352493,-0.28207807243575467,412.75,49838792,412.83,392.07494623655913,1.0049883713629535,0.02461829769523316,172.31,998218240,183.85,165.6991182795699,1.0035696036901098,0.04064200717496114,3007.39,3025.86,2922.730731182796,1.0026473843449746
47.83,8238875,139.74,46.033354838709684,0.9941716594677443,-0.3599595765418304,405.08,60076968,412.83,393.4295698924731,1.003455012030013,-0.018587829841686165,170.66,908409984,183.85,166.14111827956992,1.0026674855279212,0.03476939504523635,2992.07,3025.86,2928.961032258065,1.0021316712514081
44.55,7862621,139.74,45.59625806451612,0.9905047812455762,-0.43989273692723185,396.94,42882928,412.83,394.1801075268818,1.0019076797776378,-0.07208980079867322,166.67,793946624,183.85,166.29047311827955,1.000898963725875,0.017514667388077276,2961.79,3025.86,2932.808967741935,1.0013137544137634
47.57,7851612,139.74,45.41318279569893,0.9959848619911277,-0.27800954827577673,402.39,42018848,412.83,395.2324516129032,1.002669703686023,-0.01687059533170765,166.98,769390016,183.85,166.43516129032255,1.0008700929724343,0.0011896991192692496,2952.01,3025.86,2935.6859354838707,1.0009809598148327
48.52,8203177,139.74,45.321440860215056,0.997979839116395,-0.2479311830837666,402.94,33332074,412.83,396.2301935483871,1.0025244433533032,-0.009422497395817686,168.26,706739968,183.85,166.63664516129032,1.0012105847670991,0.008813827437212929,2970.27,3025.86,2939.291634408602,1.001228230472868
47.55,9009591,139.74,45.19741935483871,0.9972635136257281,-0.23242172360281932,410.63,37995940,412.83,397.65038709677424,1.0035842638231802,0.014871984862069754,170.48,769350016,183.85,166.9604946236559,1.001943446845393,0.009557580617425732,2986.2,3025.86,2943.607247311829,1.0014682493062976
49.21,6852490,139.74,45.204473118279566,1.0001560656236914,-0.2638024611547879,414.2,37856240,412.83,399.20154838709675,1.003900816749224,0.0515252562240458,170.68,919190016,183.85,167.27141935483868,1.0018622652734925,0.01606456725826777,3022.55,3025.86,2949.86911827957,1.0021272780101556
50.79,5079191,139.74,45.34094623655914,1.0030190180056404,-0.28573604407797726,420.46,41998960,414.2,401.04694623655917,1.0046227221735948,0.07183929333473071,173.25,976520000,183.85,167.72019354838707,1.0026829101784351,0.007061023474379979,3066.91,3025.86,2958.588301075269,1.002955786323423
54.67,9281930,139.74,45.77133333333333,1.009492238969357,-0.22162841803155897,412.66,60792444,420.46,402.2761935483871,1.0030650958032798,0.08092136106527237,175.28,936289984,183.85,168.2764516129032,1.003316583726429,-0.0005913230963818794,3093.08,3066.91,2968.621311827956,1.0033911479840032
43.55,22429820,139.74,45.518279569892464,0.9944713482214297,-0.3636486320696848,418.41,45162792,420.46,403.7889247311828,1.0037604292947397,0.04603011244860333,177.63,858080000,183.85,168.96189247311824,1.004073302316784,-0.003903921549358591,3120.46,3093.08,2980.0214838709676,1.003840224415822
41.7,14289044,139.74,45.20597849462365,0.993138996503827,-0.35505872288107354,418.31,34847852,420.46,405.19236559139796,1.003475679431152,0.051735369683527654,176.92,895630016,183.85,169.57645161290324,1.0036372647748533,-0.01994570664153117,3110.29,3120.46,2990.30223655914,1.0034498921379646
42.81,5289088,139.74,45.02129032258065,0.9959145188713265,-0.31571909832557754,423.63,26378656,420.46,406.85182795698927,1.0040954926758534,0.05098082383341396,178.24,642579968,183.85,170.26223655913975,1.0040441048253679,-0.001877814999530214,3140.98,3120.46,3002.1965161290314,1.0039776178556379
44.17,6639541,139.74,44.98021505376343,0.9990876478989626,-0.2915940723151562,429.12,39945176,423.63,408.77460215053765,1.00472598145424,0.09777090605301608,179.48,810209984,183.85,171.00481720430108,1.004361393695797,0.00039341397728143157,3145.91,3140.98,3013.9887741935486,1.0039278768065862
43.53,6286457,139.74,44.93496774193549,0.9989940619053541,-0.21324578742450118,434.8,34437400,429.12,410.9348817204301,1.0052847695491045,0.14967001273342828,178.27,810000000,183.85,171.63675268817204,1.0036954250424184,-0.02615607943733922,3168.8,3145.91,3026.6889677419354,1.0042137494529273
46.25,7289534,139.74,45.08578494623656,1.0033563438871755,0.01618594117216987,439.25,44260516,434.8,413.2442365591398,1.0056197586075957,0.12662994122240478,182.8,1015040000,183.85,172.5318924731183,1.0052153153152026,-0.01407277663839146,3221.22,3168.8,3042.106,1.0050936955935603
47.07,2731679,139.74,45.28393548387096,1.0043949670138979,0.08166209185568274,440.18,19083044,439.25,415.4732043010752,1.005393826567298,0.1525930516337084,183.16,400929984,183.85,173.4063440860215,1.0050683476565903,-0.014534199594008923,3240.02,3221.22,3057.8861290322575,1.0051872383908573
50.13,6695444,139.74,45.66756989247312,1.0084717550385787,0.16180500855112356,442.35,26280340,440.18,417.67470967741934,1.005298790279502,0.14837379676967877,183.01,513649984,183.85,174.21597849462367,1.004669001084531,0.02533583485831481,3234.85,3240.02,3072.2833333333333,1.004708221200386
46.86,7827103,139.74,45.82361290322581,1.0034169326530862,0.12737704958309526,449.32,37254888,442.35,420.1784946236559,1.0059945811614266,0.1664779174634543,186.63,819120000,183.85,175.20748387096774,1.0056912424733455,0.02676533614221932,3265.35,3240.02,3087.870838709677,1.005073589797928
46.79,15063459,139.74,45.963419354838706,1.0030509696367276,0.06203141306388704,460.19,46569584,449.32,423.22320430107527,1.0072462292011075,0.13521857841943996,191.1,811790016,186.63,176.43266666666668,1.0069927537832872,0.025685825568203535,3329.62,3265.35,3106.7910967741936,1.0061272828601933
43.56,10328873,139.74,45.88713978494623,0.9983404287373923,0.009649793286910735,454.8,31580600,460.19,425.76649462365594,1.0060093357281312,0.04301168195360794,188.48,796152000,191.1,177.4339139784946,1.0056749542516386,0.027421226364364948,3295.47,3329.62,3122.692731182796,1.005118346845114
42.62,6875940,139.74,45.750193548387095,0.9970155856913082,-0.04194015178346544,445.19,63880536,460.19,427.575806451613,1.0042495401841245,0.04597712116365549,182.84,993284992,191.1,178.01913978494622,1.0032982747961168,0.0050033997207739045,3225.52,3329.62,3133.320795698925,1.0034034935330007
45.3,7867072,139.74,45.788946236559134,1.0008470497098783,0.040614757845288896,462.46,61302708,460.19,430.4206666666667,1.0066534639521885,0.05678549993923432,188.88,996889984,191.1,178.96369892473118,1.0053059414899208,0.002139672839463369,3327.71,3329.62,3150.0361505376345,1.0053347090606408
43.56,9818501,139.74,45.709118279569886,0.9982566107423212,0.05252825904785485,468.64,43623424,462.46,433.5575053763441,1.0072878440851138,0.013100998607477266,191.5,897411968,191.1,180.03825806451616,1.006004341362194,0.0214560971871125,3380.16,3329.62,3169.4602365591404,1.0061663057480121
43.28,8605630,139.74,45.60440860215054,0.997709216861745,0.01432352659820113,459.26,30128316,468.64,435.95481720430104,1.0055293975960027,-0.017800626626474525,189.12,697926016,191.5,180.903376344086,1.0048051913458296,-0.010211494016826972,3337.75,3380.16,3185.2803440860216,1.0049914200987282
42.14,19737152,139.74,45.41924731182795,0.9959398379236112,0.040971187511751994,412.33,71106952,468.64,435.22286021505386,0.9983210255733814,0.049901635812168665,171.25,1608301952,191.5,180.5810322580645,0.9982181422340709,0.017826438737408523,2954.22,3380.16,3175.6858494623652,0.9969878649326832
41.96,9968657,139.74,45.21305376344086,0.995460216525134,0.05935570435486048,398.45,67982352,468.64,433.57567741935486,0.9962153118637079,0.0010381030747497189,168.93,1455155968,191.5,180.09989247311827,0.9973356017576716,-0.0003872088651921679,2972.37,3380.16,3167.2146451612903,0.9973324803829355
38.01,12434144,139.74,44.7381935483871,0.9894972762172121,-0.0973680734429696,336.88,99648152,468.64,427.95412903225804,0.9870344470876311,-0.05918653552326936,157.61,1904397952,191.5,178.882,0.9932376835077786,0.020492099835721977,2711.02,3380.16,3141.766623655914,0.9919651730758904
33.39,15161336,139.74,43.9632688172043,0.9826786763228454,-0.21488179599671697,286.67,95364624,468.64,419.2172258064516,0.9795844866701874,0.03895465766229589,138.3,1991255040,191.5,176.4327956989247,0.9863082685732757,0.04912141715050011,2304.92,3380.16,3090.5006666666673,0.9836824426730999
33.53,7572050,139.74,43.21077419354838,0.9828835606655016,-0.216885216814531,330.82,75021544,468.64,413.54066666666665,0.9864591462603548,0.028588323673854776,145.91,1826660992,191.5,174.5235053763441,0.9891783706367226,0.007470323884180119,2541.47,3380.16,3055.6620000000003,0.9887271771067945
32.0,6229984,139.74,42.37643010752688,0.9806912951319887,-0.3644830652023975,332.0,70629568,468.64,408.087935483871,0.9868145224344023,0.07714735069722778,143.84,1342385024,191.5,172.52511827956985,0.9885494673484531,0.01153536912739217,2488.65,3380.16,3018.2435268817203,0.9877543808450411
35.62,6625366,139.74,41.80767741935484,0.9865785606119044,-0.3170199426117164,359.8,54769952,468.64,404.5887741935484,0.9914254723404806,-0.055029047093873906,158.14,1116019968,191.5,171.50518279569894,0.9940881913657457,-0.009890382594576308,2789.82,3380.16,3001.3092688172046,0.9943893665591619
36.69,6536291,139.74,41.339247311827954,0.9887955960139028,-0.27613627252273754,363.12,50481260,468.64,401.41767741935485,0.9921621731089442,0.013415769956296786,164.69,1107810048,191.5,170.9383010752688,0.9966946671162387,0.004291978553156106,2874.56,3380.16,2990.31,0.9963351764739862
36.49,4817804,139.74,40.88187096774193,0.9889360263229767,-0.22877348818865362,354.07,46597436,468.64,397.7529462365592,0.9908705286564469,0.04881155285761085,164.63,1103789952,191.5,170.3803870967742,0.9967361675236907,0.02998133406882042,2836.74,3380.16,2977.123440860215,0.9955902367514455
34.98,6275259,139.74,40.344408602150544,0.9868532835491929,-0.2777199809089582,360.81,65982360,468.64,394.61524731182794,0.9921114376287609,0.06187304878421085,167.99,1226413056,191.5,170.04363440860217,0.9980235243392143,0.047139275290174476,2830.71,3380.16,2963.816774193548,0.9955303611250926
36.49,5070171,139.74,39.93144086021504,0.9897639411198733,-0.3042298006523354,380.92,50263312,468.64,392.8643870967741,0.9955631207182669,0.09329529008519444,174.23,1140004992,191.5,170.10729032258064,1.00037435046716,0.04910582750608272,2929.8,3380.16,2957.1638709677422,0.9977552919992444
35.06,6783782,139.74,39.45208602150538,0.9879955536694079,-0.29893569827735333,375.2,61793020,468.64,390.7918494623655,0.9947245469366047,0.13746501061077032,172.15,1095511040,191.5,170.02391397849462,0.9995098602539144,0.050817905176261946,2863.7,3380.16,2946.333483870968,0.9963375762827679
29.88,19158616,139.74,38.665397849462366,0.9800596558667598,-0.3961450694341704,385.04,44112120,468.64,389.43034408602153,0.9965160343589123,0.10083014150389491,179.85,1194665984,191.5,170.43372043010754,1.0024102871297549,0.07592606956870096,2955.45,3380.16,2941.685892473118,0.998422584740223
30.77,11555955,139.74,37.97769892473118,0.9822140993503122,-0.4236214606765897,399.93,44343928,468.64,389.0921935483872,0.9991316790209864,0.06765776366026055,180.89,1058963968,191.5,170.89090322580643,1.0026824667943945,0.05146710460293169,3044.31,3380.16,2942.9155053763443,1.0004179959887534
34.4,8274741,139.74,37.567247311827956,0.9891922990459031,-0.38860037251666635,427.77,51618276,468.64,390.5943225806452,1.0038605992542773,0.054594782841071554,185.2,985712000,191.5,171.60972043010753,1.0042062929666378,0.023990121096395756,3193.93,3380.16,2953.846623655914,1.0037143840044336
32.47,8965073,139.74,37.075870967741935,0.9869200865315646,-0.2846990634847619,400.42,42025692,468.64,390.29944086021504,0.9992450435057993,0.033859130675821136,180.02,1121889024,191.5,171.9730107526882,1.002116956555084,0.03881978446839052,3041.31,3380.16,2954.71440860215,1.000293781315281
34.88,12124101,139.74,36.7638064516129,0.9915830833373935,-0.11629295893566005,413.28,53198824,468.64,390.8729247311828,1.0014693433065234,0.06063698954994956,183.56,1149193984,191.5,172.55954838709678,1.0034106377032155,0.041566081018678425,3097.74,3380.16,2959.393053763441,1.001583450890438
34.04,6927298,139.74,36.41221505376344,0.9904364800116057,-0.17252915209153064,410.52,53195112,468.64,391.27916129032263,1.001039305957094,0.09059829078106707,173.97,1423064064,191.5,172.51309677419357,0.9997308082146865,0.018046351212550715,3009.05,3380.16,2958.376752688172,0.9996565846250208
33.72,4106949,139.74,36.05883870967741,0.9902951154285928,-0.1246524624505233,425.1,35102416,468.64,392.65423655913975,1.0035143074430095,0.06035737899880256,183.78,901292992,191.5,173.1087311827957,1.0034526909535557,0.02901228264219824,3130.01,3380.16,2965.448043010753,1.002390260238543
37.39,17338244,139.74,35.96470967741936,0.9973895711668388,-0.018734414737961336,424.98,33758736,468.64,394.0302150537634,1.0035043006454776,0.03951839483712094,192.39,1096802048,191.5,174.2506021505376,1.0065962644399264,0.07408073077797117,3185.04,3380.16,2976.103849462366,1.0035933209070136
35.36,7427611,139.74,35.75281720430107,0.9941083224355534,-0.10395278311235245,445.45,34362404,468.64,396.7479569892473,1.0068972932319749,0.10033491152495877,190.61,1008017984,192.39,175.2472688172043,1.0057197315496544,0.041634639576940025,3224.73,3380.16,2989.2853763440853,1.004429121948853
33.72,8397800,139.74,35.45853763440861,0.9917690522620674,-0.14068124532256732,445.73,29798590,468.64,399.4704301075269,1.0068619713607079,0.10942584274272316,188.43,963932032,192.39,176.0864946236559,1.004788809618066,0.03630038909584321,3215.63,3380.16,3001.8722580645153,1.0042106658066297
34.56,5323586,139.74,35.24716129032258,0.9940387743492018,-0.20383764876591182,451.92,27830016,468.64,402.5803225806452,1.00778503798712,0.0812010883476958,191.69,912963008,192.39,177.12470967741936,1.0058960515738722,0.03621683582373403,3271.12,3380.16,3018.0915913978497,1.0054030724624479
34.37,4331103,139.74,35.05701075268817,0.9946052240613596,-0.20447777403173628,469.3,46355352,468.64,406.79092473118277,1.0104590361584156,0.10063900471378606,197.39,1064355968,192.39,178.51199999999997,1.00783228000829,0.03133847318881622,3351.28,3380.16,3039.4045376344084,1.00706172943767
32.68,5781643,139.74,34.78468817204301,0.9922320079550914,-0.21784441991671544,468.53,46714380,469.3,410.90888172043014,1.0101230306255446,0.11368664478032342,196.89,885753984,197.39,179.84389247311825,1.007461080897185,0.01731480957698972,3372.85,3380.16,3061.9243010752693,1.0074092682175135
33.79,4651007,139.74,34.61432258064516,0.9951022820571156,-0.18841360436182242,457.51,36296912,469.3,414.2979354838709,1.0082477014107145,0.11036290217833422,200.3,687713984,197.39,181.38333333333333,1.0085598728933494,0.031854713647328614,3397.16,3380.16,3085.9194838709677,1.0078366348858696
38.49,6783607,139.74,34.768193548387096,1.0044452976765166,-0.04497350946305512,459.16,30449122,469.3,417.78761290322586,1.008423110811014,0.10169428438748451,209.9,856681024,200.3,183.51670967741936,1.0117616999582066,0.0604185727605977,3508.01,3397.16,3116.8475913978496,1.0100223313305912
36.08,6696244,139.74,34.7754623655914,1.0002090651386357,-0.1554293554463937,450.93,41001504,469.3,420.7162795698925,1.0070099413582783,0.06926457860474722,204.6,1033849024,209.9,185.2499569892473,1.0094446294011843,0.0534021306905359,3426.96,3508.01,3141.9391612903223,1.0080503037625974
33.25,4208628,139.74,34.61997849462365,0.9955289200950612,-0.1601612930234284,443.41,29766918,469.3,423.18458064516125,1.0058669017462127,0.0976015088802401,197.76,768910016,209.9,186.5081075268817,1.0067916374075456,0.04428342076102376,3340.97,3508.01,3161.2695483870975,1.0061523747292538
36.78,5556965,139.74,34.71440860215054,1.0027276188961687,-0.08628032566347665,450.4,57861748,469.3,426.15810752688185,1.0070265482669225,0.13330137274888776,193.19,977305024,209.9,187.4579569892473,1.0050928052134607,0.02699747089547966,3319.47,3508.01,3179.29711827957,1.0057026361139214
32.54,5230878,139.74,34.5492688172043,0.9952429036934246,-0.18016501544124286,436.68,33556984,469.3,428.2655268817206,1.0049451584227007,0.11324875576409021,192.42,992832000,209.9,188.34937634408604,1.0047553028377978,0.007095602297383818,3298.46,3508.01,3196.0085161290317,1.0052563183709313
38.55,11584253,139.74,34.79251612903226,1.007040592179098,-0.03599481691459361,443.11,33184456,469.3,430.7354193548387,1.0057671988943446,0.16520356205047226,194.22,828286016,209.9,189.3113978494624,1.0051076436994348,0.023185045546342042,3348.44,3508.01,3215.2041290322577,1.0060061206991011
41.23,7277730,139.74,35.216,1.0121716943206178,0.197239074636825,444.38,29963894,469.3,433.1912043010753,1.005701376845013,0.2692606318078654,198.57,796393984,209.9,190.49967741935484,1.0062768517024916,-0.02270906710597509,3477.13,3508.01,3241.893569892472,1.0083010097614697
38.35,5584984,139.74,35.44675268817205,1.0065524956886656,0.27021267012305994,453.89,26659270,469.3,436.0293548387096,1.0065517270652193,0.25161293377789407,200.36,930622976,209.9,191.7153548387097,1.006381519569079,-0.06273214056776566,3483.81,3508.01,3267.366430107527,1.0078574017517483
40.0,3874024,139.74,35.77329032258065,1.0092120606161354,0.28322304465061665,457.09,24411396,469.3,438.71434408602147,1.006157817627451,0.24270015417875923,204.62,960318976,209.9,193.07240860215057,1.007078482391682,0.038833687122863836,3465.39,3508.01,3289.1156559139777,1.006656500356385
41.55,5680049,139.74,36.18591397849462,1.011534406038505,0.39495321376966264,440.69,26960936,469.3,440.06972043010757,1.0030894279212816,0.1648726461646477,196.55,1165054976,209.9,193.78255913978495,1.0036781565153503,0.0524995020775858,3269.96,3508.01,3296.2695698924726,1.0021750265806653
44.17,6771607,139.74,36.747032258064515,1.0155065388124056,0.39441468211769615,480.83,38619368,469.3,443.7810322580645,1.0084334632801586,0.33529288758304876,211.48,1144573056,209.9,195.34258064516126,1.0080503710566182,0.07935110975395743,3509.44,3508.01,3317.1935698924735,1.0063477818049582
46.38,6085543,139.74,37.43234408602151,1.0186494469306864,0.455291629325165,503.25,51047964,480.83,448.6785161290323,1.0110358116164817,0.30293360947808234,213.16,1127622016,211.48,196.89627956989247,1.007953713520113,0.04711095138774435,3585.15,3509.44,3341.454516129033,1.007313696269267
45.05,4877430,139.74,38.01101075268818,1.0154590015879545,0.44309490902966153,509.11,29789952,503.25,453.6527096774193,1.0110863198695177,0.32363141704697096,211.22,903884032,213.16,198.2205806451613,1.0067258816579048,0.028903749730032402,3557.54,3585.15,3362.4060215053764,1.0062701752411147
43.11,3002751,139.74,38.44610752688172,1.0114465983823586,0.3787162360629306,514.01,22845160,509.11,458.6096129032258,1.0109266474553436,0.30746982578205695,216.99,632369984,213.16,199.81694623655915,1.008053480552837,0.006370450239078451,3638.35,3585.15,3387.0209677419343,1.0073206347119072
41.91,4875873,139.74,38.78630107526881,1.0088485823473605,0.3441569655037784,530.79,60688536,514.01,464.31963440860216,1.0124507235450846,0.2771721210057929,220.99,928196992,216.99,201.566,1.0087532804218227,0.005796399097664162,3699.12,3638.35,3413.8196989247317,1.0079121834314075
39.65,4209878,139.74,38.969032258064516,1.0047112299376293,0.35952849218327554,515.59,43218920,530.79,468.72670967741936,1.0094914686828405,0.20520376094939707,221.22,1065702976,220.99,203.22933333333336,1.0082520530909644,0.00576705070634298,3663.46,3699.12,3436.663333333334,1.0066915175443498
46.23,9002714,139.74,39.56640860215054,1.0153295144752381,0.7324262260294581,504.41,59669832,530.79,472.11058064516124,1.0072192834286544,0.2005660189558316,220.2,1188903040,221.22,204.72133333333332,1.0073414598942407,-0.030754731109774225,3709.41,3699.12,3460.7515698924735,1.0070091929941172
44.31,3608315,139.74,40.00475268817204,1.0110786927979527,0.6173549175020079,504.16,31961298,530.79,475.2216129032258,1.0065896262138696,0.2155839725865314,217.7,636921984,221.22,205.9652688172043,1.0060762377013517,-0.012893456982546292,3703.06,3709.41,3482.808709677419,1.0063735114582728
40.99,14118069,139.74,40.19978494623656,1.004875227190748,0.31508847042678145,518.85,21488244,530.79,479.05623655913985,1.008069127227795,0.21950025886710767,221.92,588433984,221.22,207.40230107526887,1.0069770610662516,0.022269533287693655,3756.07,3709.41,3506.869182795699,1.0069083533216812
43.38,5760192,139.74,40.53483870967742,1.0083347153197204,0.46537462338184643,517.27,39702668,530.79,482.5930537634409,1.0073828852113575,0.2814914898021377,221.32,1121356032,221.92,208.72165591397848,1.0063613317300217,-0.02815755141177534,3824.68,3756.07,3534.1472043010754,1.0077784542517865
41.1,6075678,139.74,40.699333333333335,1.0040581048029837,0.22656296526738373,501.72,39568592,530.79,484.87535483870965,1.0047292455982748,0.17690397832801952,213.44,1178520960,221.92,209.44380645161286,1.0034598735549127,-0.053670786188393826,3768.25,3824.68,3556.099913978494,1.0062116002555588
42.96,3878836,139.74,40.970451612903226,1.0066614919057615,0.2943096411870324,512.3,27948324,530.79,487.6500430107527,1.0057224772188433,0.1530142010876654,226.14,856067008,221.92,210.92105376344085,1.0070531916739647,0.023240483264919343,3841.47,3824.68,3581.3345376344087,1.0070961514767123
45.58,17222036,139.74,41.39141935483872,1.010274910950772,0.3253537962511188,512.16,58943776,530.79,490.1968172043011,1.005222544794264,0.1696738765046557,218.57,1725944064,226.14,211.79772043010755,1.004156373444113,0.002648071077787195,3714.24,3841.47,3596.570623655914,1.0042543040482248
51.07,6704007,139.74,42.14107526881721,1.0181113845735,0.38789151020202883,532.43,44750712,530.79,493.86410752688164,1.0074812609830799,0.1658669018731096,234.43,1025052992,226.14,213.6227956989247,1.0086170675733002,-0.0018249861804231493,3886.83,3841.47,3621.6851397849455,1.006982906428653
61.82,7542745,139.74,43.55486021505376,1.0335488579068768,0.7404886797240895,559.52,45245652,532.43,499.04806451612905,1.0104967275617722,0.157122425587785,237.55,1067569024,234.43,215.55875268817206,1.00906250188756,0.026057518708614502,3934.83,3886.83,3648.3872043010747,1.007372828803587
59.7,7864190,139.74,44.77496774193548,1.0280131200251221,0.7301406511090538,554.83,34133312,559.52,503.68412903225806,1.0092898156425556,0.14720264764840074,235.35,802782976,237.55,217.25182795698922,1.0078543564003006,0.03409215015583378,3906.71,3934.83,3671.7479784946236,1.0064030413674319
55.17,8639658,139.74,45.64694623655914,1.0194746872772613,0.5695350855499377,547.87,42732216,559.52,507.63653763440857,1.0078469984943628,0.17922319799546504,232.08,1319369984,237.55,218.63303225806453,1.0063576187784655,0.04561453944546634,3811.15,3934.83,3687.4573978494623,1.0042784579570407
53.98,6885202,139.74,46.397827956989246,1.0164497689842988,0.5907996196342529,554.15,39320616,559.52,511.7877634408602,1.0081775551968666,0.16851824359131418,237.73,1251053056,237.55,220.29189247311828,1.0075874180489603,0.05795725919557304,3841.94,3934.83,3703.9919139784947,1.0044839883814456
52.11,6603003,139.74,46.98589247311827,1.0126743975315862,0.6427221302989149,577.68,47429620,559.52,517.2745806451612,1.0107208839215145,0.1430967718210252,239.41,1322830976,237.73,221.9723870967742,1.0076284905667194,0.04681632554010662,3943.34,3934.83,3726.013182795699,1.0059452799381388
52.28,11466923,139.74,47.543139784946234,1.0118598856485865,0.6043782406130398,584.33,57119000,577.68,522.9556989247311,1.010982790363455,0.19859448913902789,240.71,1300617984,239.41,223.64531182795702,1.00753663441234,0.049873460717565044,3913.1,3943.34,3744.856623655914,1.0050572662885955
49.21,13956666,139.74,47.86255913978494,1.0067185161998882,0.32586295982018154,587.36,43604636,584.33,528.5595698924731,1.0107157661332773,0.17597799014247073,236.19,1568609024,240.71,224.93972043010754,1.0057877743627655,-0.007739809658695362,3974.54,3943.34,3766.5543870967736,1.0057940171337394
50.01,7114092,139.74,48.2105376344086,1.0072703695932215,0.42940569550026186,594.76,33429776,587.36,534.3651612903225,1.0109837977184493,0.2010696083240282,244.2,1426782976,240.71,226.69436559139783,1.0078005127681995,0.02053498746561422,4019.87,3974.54,3790.1733763440857,1.0062707150408408
49.38,4622626,139.74,48.48791397849463,1.0057534381008035,0.4974589002214497,603.17,30759556,594.76,540.4040215053764,1.0113009991154214,0.21604775552069944,251.95,1293714944,244.2,228.86384946236564,1.009570082896891,0.0382102508190143,4128.8,4019.87,3819.5450322580646,1.007749422782952
49.48,4428586,139.74,48.73705376344086,1.0051381831987396,0.3952199253648556,613.45,40419256,603.17,546.7625376344087,1.0117662265194098,0.18616639807388013,251.93,1071345984,251.95,230.91550537634413,1.0089645259345157,0.043167984012400185,4185.47,4128.8,3850.8785591397855,1.0082034709938206
51.67,6219920,139.74,49.10017204301075,1.00745055869262,0.6724539268103955,621.9,35949316,613.45,553.3155698924731,1.0119851522498533,0.19806843488507964,250.35,1252039040,251.95,232.73890322580644,1.0078963855046916,0.03375058789281726,4180.17,4185.47,3880.007784946237,1.0075643065235893
50.4,5302854,139.74,49.34021505376344,1.0048888425592972,0.3575087808530133,619.23,37179568,621.9,559.2980215053764,1.0108120066349584,0.21499714515591517,257.55,1126429056,251.95,234.90223655913974,1.0092951083954984,0.07738159668722422,4181.17,4185.47,3907.305376344086,1.0070354475843475
47.91,5811255,139.74,49.39412903225806,1.0010926984901845,0.1481633477054649,626.28,46304792,621.9,565.3565591397851,1.0108323959704022,0.2531867229942488,257.83,1120376960,257.55,236.94744086021504,1.0087066191068828,0.08116553733758147,4232.6,4185.47,3936.1302150537635,1.0073771655740529
48.91,10472398,139.74,49.4981935483871,1.002106819538433,0.19506629825812438,608.24,48926592,626.28,569.8600430107526,1.007965740908392,0.16828177454280224,252.8,968390976,257.83,238.54068817204296,1.0067240536806128,0.0636583847307528,4173.85,4232.6,3959.540064516129,1.0059474275959759
48.06,6559228,139.74,49.52470967741935,1.0005356989241705,0.12664318857391432,604.44,39010544,626.28,573.7864301075267,1.0068900901983402,0.12446713333636272,251.18,1795272960,257.83,239.91664516129035,1.0057682276335809,0.028296324461045907,4155.86,4232.6,3980.3053118279568,1.0052443584288786
50.84,8022612,139.74,49.713247311827956,1.0038069407299235,0.15917778269996385,611.55,52167528,626.28,577.8546451612904,1.007090120714429,0.11096753539704274,257.37,1014369024,257.83,241.59182795698928,1.0069823533693243,0.023761524700327108,4204.11,4232.6,4002.6985806451607,1.0056260178712069
47.73,4673630,139.74,49.681161290322585,0.9993545780402533,-0.06245429273719383,611.9,27700804,626.28,581.5780000000001,1.0064434107606255,0.0123755061718267,258.81,675211008,257.83,243.22911827956992,1.0067770931509825,0.01851450643434327,4229.89,4232.6,4024.7461505376345,1.005508176408557
48.69,4503900,139.74,49.70335483870968,1.0004467195977444,-0.1354223248551807,622.21,27591580,626.28,585.6846451612903,1.0070612113272686,0.014979545101542868,260.93,787097984,258.81,244.90139784946234,1.0068753263660246,0.03937249774301099,4247.44,4232.6,4046.376623655914,1.0053743695401485
47.55,4201976,139.74,49.64703225806451,0.998866825371689,-0.17132111163727815,609.92,35917548,626.28,588.7425591397849,1.0052210929614733,-0.010337526594708102,258.06,934726976,260.93,246.28578494623656,1.005652834605808,0.05059889449934585,4166.45,4247.44,4061.3576559139788,1.0037023326426122
52.39,4462169,139.74,49.89759139784947,1.0050468100184227,0.030664657466948242,637.35,34515992,626.28,593.3533548387095,1.0078315991044735,0.011326007306374342,264.16,871539008,260.93,247.9629892473118,1.0068099923080878,0.040833479886044355,4280.7,4247.44,4082.4001720430106,1.0051811531787629
54.31,4623106,139.74,50.25206451612904,1.0071040126056034,0.02629785975138854,639.13,29045422,637.35,597.8137419354839,1.0075172526798755,-0.00784755191266373,269.14,783276032,264.16,249.86004301075266,1.007650552081177,0.04129521689300275,4352.34,4280.7,4106.683225806452,1.005948229654147
60.03,29479556,139.74,50.948903225806454,1.0138668672896765,0.25406674718405275,636.01,23400580,639.13,601.8398494623656,1.006734718934106,-0.04728105227522472,267.97,637466688,269.14,251.57806451612905,1.0068759353623518,0.01858953105411132,4369.55,4352.34,4130.67182795699,1.0058413568399414
60.29,5243360,139.74,51.61868817204301,1.013146209316186,0.09022887606736041,630.55,26448122,639.13,605.2547311827957,1.0056740704748626,-0.03645401472290177,267.3,754379712,269.14,253.15232258064518,1.006257533094326,0.04736053965470122,4327.16,4369.55,4150.40711827957,1.0047777434626999
59.2,3738774,139.74,52.18791397849462,1.0110275139994727,0.12026322180305171,639.45,30413032,639.13,608.9725376344087,1.0061425483520758,-0.02345329303921284,275.96,934770240,269.14,255.184,1.0080255136458707,0.07622292118632967,4411.8,4369.55,4174.274559139784,1.0057506264277294
56.4,6394773,139.74,52.54447311827957,1.006832216745277,0.1990044895708969,645.18,30804052,639.45,612.7690752688172,1.0062343330770815,-0.029182674090686422,273.3,948487296,275.96,256.91877419354836,1.006798130735267,0.06134966410121856,4395.26,4411.8,4195.550731182796,1.0050969747537153
55.67,1932124,139.74,52.82079569892471,1.00525883245652,0.1458112479048368,662.53,45652220,645.18,617.4132903225807,1.007579062392674,-0.03429121020193082,275.34,844438528,275.96,258.67466666666667,1.0068344264782905,0.0841094155573654,4436.52,4411.8,4218.11423655914,1.0053779603256003
52.65,4403851,139.74,52.8758494623656,1.001042274405609,0.19714217816292057,656.39,26043510,662.53,621.3489892473119,1.0063744966077341,0.017032834106376793,277.4,645330752,275.96,260.4472903225806,1.0068527145651962,0.11396639055248459,4468.0,4436.52,4241.392924731183,1.0055187429421142
49.89,10539068,139.74,52.727999999999994,0.9972038375956336,0.08683218086896782,646.34,30550328,662.53,624.3036774193549,1.004755279598382,-0.018956440499311666,276.32,716272000,277.4,262.01268817204306,1.0060104209474539,0.06565566749097362,4441.67,4468.0,4261.46806451613,1.0047331478458152
48.68,8478841,139.74,52.487182795698935,0.9954328401551157,0.07239557211776793,655.9,23212096,662.53,627.58688172043,1.0052589860028482,0.0025079199554662868,284.06,673705984,277.4,263.9695268817204,1.0074684883519551,0.08555331302135905,4509.37,4468.0,4284.620193548388,1.0054328998086455
53.87,6182127,139.74,52.57453763440861,1.0016643080092467,0.06113211254161843,667.83,28883460,662.53,631.3306451612904,1.005965330936487,-0.0341541799224061,286.77,763848000,284.06,265.9603655913979,1.0075419262715484,0.05639373696821148,4535.43,4509.37,4307.743655913979,1.005396852304531
53.54,2460343,139.74,52.63458064516129,1.0011420549462595,-0.12989799882502373,657.03,28191528,667.83,634.0864516129033,1.004365076323689,-0.05027351211573383,283.32,615651968,286.77,267.6160645161291,1.0062253596360102,0.059569094618247886,4458.58,4535.43,4324.514215053764,1.0038931191081348
50.86,3610131,139.74,52.53952688172043,0.998194081490234,-0.13605729963181334,659.95,47572696,667.83,636.8209462365592,1.0043124949550652,-0.041604358073570324,279.82,1031019008,286.77,268.9475268817204,1.0049752707035682,0.054240807415350645,4432.99,4535.43,4338.507462365591,1.0032357963498226
46.91,3706156,139.74,52.20864516129031,0.9937022325843358,-0.150753803651678,685.78,39634464,667.83,640.9958279569893,1.0065558172122047,0.014313943663942341,277.81,958289024,286.77,270.05367741935487,1.0041128860728321,0.02797966710579347,4455.48,4535.43,4352.819892473119,1.0032989294663386
46.14,4311786,139.74,51.8458494623656,0.9930510416846882,-0.1354591132502404,654.09,30382508,685.78,642.8296129032259,1.0028608375690702,-0.04609316618839299,272.81,883832000,286.77,270.7389032258065,1.0025373689149493,0.013486867551002701,4357.05,4535.43,4359.396344086021,1.0015108485476907
48.56,3675030,139.74,51.65604301075269,0.9963390232085851,-0.12764718950889253,666.15,28716848,685.78,645.2265376344086,1.003728709261475,0.0018196008747422,272.45,990300032,286.77,271.3254623655914,1.002166512210828,0.024391584019159085,4391.36,4535.43,4367.078580645161,1.0017622248478422
47.92,1976771,139.74,51.43258064516129,0.99567403245454,-0.10168713586846712,680.39,27899126,685.78,648.3519139784946,1.0048438434592981,-0.03966949626583238,271.29,1077810048,286.77,271.76612903225805,1.0016241257374985,-0.01562610173299217,4471.37,4535.43,4378.959268817204,1.0027205116538773
50.29,4212735,139.74,51.37139784946237,0.9988104272635856,0.009547722371122669,692.64,25992344,685.78,652.0610322580645,1.0057208411043466,-0.013137324462384248,269.62,963441984,286.77,272.0332903225807,1.0009830558770292,-0.0019648073238200947,4544.9,4535.43,4394.383247311828,1.0035222932089045
44.98,4588586,139.74,50.96531182795699,0.9920950949651912,-0.10412020831690072,707.37,38408488,692.64,656.4940645161289,1.0067984928384892,-0.0016954084000939673,275.13,1144641024,286.77,272.5840430107526,1.0020245782695156,-0.018995487275680567,4605.38,4544.9,4412.482580645161,1.0041187425662985
43.22,4701355,139.74,50.45649462365591,0.9900164016259002,-0.17269527420463338,692.04,43899200,707.37,659.6958924731182,1.0048771620796744,-0.047332032438267335,279.05,1165244032,286.77,273.3211827956989,1.0027042660927779,-0.03018602113358848,4697.53,4605.38,4435.267913978494,1.0051638353051586
46.34,7245241,139.74,50.16221505376345,0.9941676572641951,-0.13882474047791826,681.43,37790024,707.37,662.0220860215054,1.0035261604247172,-0.05287528882697323,277.7,979772992,286.77,273.91294623655915,1.0021650844431715,-0.016544603025726357,4682.85,4697.53,4455.883075268817,1.004648008122655
41.97,5613228,139.74,49.59275268817205,0.9886475833457303,-0.2978212233429236,685.34,41669252,707.37,664.4543440860214,1.0036739832641126,-0.037812033959981006,274.93,1065582976,286.77,274.27058064516126,1.0013056498917479,-0.025685623603225682,4697.96,4697.53,4476.403440860216,1.0046052298152282
42.79,7123590,139.74,49.09705376344086,0.990004609587856,-0.25167248411572174,675.86,30209522,707.37,666.1385591397848,1.0025347340547228,-0.025749839344507697,265.98,795932992,286.77,273.997935483871,0.9990059263350487,-0.0661522968057211,4594.62,4697.96,4489.143182795699,1.0028459771563922
32.18,20706184,139.74,47.93320430107527,0.9762949225431481,-0.4364467828083223,679.17,59654756,707.37,667.9145376344085,1.0026660797070763,-0.04339179669066873,258.65,1684669952,286.77,273.2342580645161,0.9972128351332054,-0.06907543366392477,4538.43,4697.96,4497.368623655913,1.0018322963927142
31.65,8650529,139.74,46.76898924731182,0.9757117207009394,-0.3886649800558978,694.69,34192648,707.37,670.578064516129,1.0039878258843624,-0.02819827482789483,266.26,1204137984,286.77,272.95978494623654,0.9989954659411165,-0.07569483912266906,4712.02,4697.96,4516.135720430108,1.0041729060578848
29.52,9387302,139.74,45.50447311827958,0.9729625089320286,-0.41777345617563233,687.36,36088668,707.37,672.5827741935484,1.0029895246854905,-0.041254251173847845,262.92,1544376064,286.77,272.44088172043007,0.9980989755472269,-0.06509787104161413,4620.64,4712.02,4527.849978494624,1.002593867587177
29.75,5363671,139.74,44.29466666666668,0.9734134609477126,-0.4451887164641001,701.94,20271274,707.37,675.3498064516128,1.004114039734934,-0.012281173890495545,269.61,820499968,286.77,272.3283440860215,0.9995869282403658,-0.076527725678877,4725.78,4712.02,4545.347935483872,1.0038645178334873
30.98,8237204,139.74,43.20956989247312,0.9755027669051152,-0.3838986113842833,703.37,27672042,707.37,678.0147096774193,1.0039459598571714,-0.01792438091072457,267.48,792689984,286.77,272.052064516129,0.9989854909490977,-0.09328632455867747,4766.18,4725.78,4564.33047311828,1.0041762562302916
33.43,11125114,139.74,42.318559139784945,0.9793793190974719,-0.3242768961648105,668.53,38262552,707.37,678.2351612903227,1.0003251428173414,-0.014022236744323013,260.3,1354513024,286.77,271.29391397849463,0.9972132152756024,-0.10355300882741059,4677.02,4766.18,4576.407440860215,1.002645945076296
34.24,14030245,139.74,41.512623655913984,0.9809555074592964,-0.2769702236907048,653.85,32359180,707.37,677.4089032258064,0.9987817528319464,-0.02383827759620294,261.66,1135126016,286.77,270.6248602150538,0.9975338416051092,-0.10519195126488845,4662.85,4766.18,4586.646387096775,1.0022373327482037
33.46,11222777,139.74,40.684989247311826,0.980063066708041,-0.34368897476186044,626.27,28434008,707.37,674.7088172043011,0.9960140972333733,-0.06833010487498026,243.22,1226653952,286.77,268.7583870967742,0.9931030980790294,-0.10665584725447186,4397.93,4766.18,4578.7261935483875,0.9982732059810261
30.91,11428218,139.74,39.73354838709677,0.9766144497561119,-0.4405114407198163,613.75,36488928,707.37,671.2248172043011,0.9948362909878128,-0.08840177978694375,244.55,1753789952,286.77,267.02275268817203,0.9935420269955066,-0.10963342261719966,4431.85,4766.18,4572.742279569893,0.9986931050852252
32.79,5231068,139.74,38.95372043010752,0.9803735636849769,-0.4875069083255156,631.28,50081200,707.37,668.9263655913978,0.9965757350533068,-0.02687272666155005,243.93,1739401984,286.77,265.3,0.9935482925300233,-0.11968945021928057,4500.54,4766.18,4571.018989247312,0.9996231385419903
31.25,6348324,139.74,38.133118279569885,0.9789339210356043,-0.5070584950986685,605.0,36154080,707.37,664.9426021505376,0.9940445411546334,-0.025363422541378022,234.52,1571916032,286.77,263.0218494623656,0.9914129267333796,-0.14377463171940663,4418.64,4766.18,4563.730129032258,0.9984054189597114
30.15,6524593,139.74,37.304,0.9782572651548905,-0.5371359927435578,591.76,37759880,707.37,660.1595913978493,0.9928068817711195,-0.04073473319260701,228.72,1292076032,286.77,260.44,0.9901838973923913,-0.15692021037731285,4348.87,4766.18,4551.743247311828,0.9973734464173997
28.29,4158490,139.74,36.41735483870968,0.9762319011020179,-0.5172175211689093,601.81,60799352,707.37,656.1275268817204,0.9938922882153522,-0.05674023765267766,232.93,1117132032,286.77,258.2313548387097,0.9915195624278518,-0.14529234607939134,4384.62,4766.18,4542.198150537634,0.9979029799671081
25.78,7111497,139.74,35.42922580645162,0.9728665347432721,-0.5925261674595041,616.56,29316212,707.37,653.1403440860214,0.9954472527468924,-0.06897466278084319,226.71,1244274944,286.77,255.70823655913975,0.9902292334672299,-0.15235348593637665,4328.87,4766.18,4529.079161290323,0.997111753205712
21.41,5334839,139.74,34.22344086021506,0.9659663760979786,-0.6499160869415355,609.77,28307076,707.37,649.8139569892471,0.9949070867740851,-0.052570999771669236,219.59,1265155968,286.77,252.83034408602148,0.9887454056551179,-0.1493819657401928,4204.31,4766.18,4508.155548387097,0.9953801618037373
26.91,9877004,139.74,33.43967741935483,0.9770986370405742,-0.5064009581614831,627.29,29916254,707.37,647.7181505376344,0.9967747592536745,-0.03195935035815167,232.31,1386748032,286.77,250.89741935483872,0.9923548546430601,-0.16409436916668363,4463.09,4766.18,4504.4944946236565,0.9991879042938635
25.38,7306275,139.74,32.60662365591397,0.9750878648440942,-0.6105330707214064,646.47,17844680,707.37,646.9007311827955,0.9987380014684467,-0.023875944506652425,237.3,983683008,286.77,249.3810752688172,0.9939563185228423,-0.17207978485208197,4543.04,4766.18,4505.945440860215,1.0003221107803084
25.62,5103399,139.74,31.83916129032258,0.9764629918850186,-0.7118616278222427,629.86,15574740,707.37,645.0319784946237,0.9971112218643577,-0.07058952301712285,237.17,998950016,286.77,247.95690322580646,0.9942891735410332,-0.17526058113557885,4545.86,4766.18,4507.505913978494,1.0003463142505298
24.9,3245121,139.74,31.085999999999995,0.9763448137513753,-0.6889682928391763,615.17,15286053,707.37,642.2971397849461,0.9957601501927701,-0.12644169511447567,230.73,1825079040,286.77,246.22391397849455,0.9930109255892193,-0.1922818134800286,4488.28,4766.18,4505.329118279569,0.99951707313524
22.8,2479727,139.74,30.25894623655914,0.9733946547178519,-0.7241156596223037,604.73,14497095,707.37,638.9787741935484,0.9948335974335666,-0.12918362924559512,223.81,1528039040,286.77,244.15756989247313,0.9916078659759998,-0.19105090365819966,4392.59,4766.18,4496.914903225807,0.9981323861514084
20.95,3728927,139.74,29.37288172043011,0.9707172712095811,-0.6888483546020563,580.24,18496784,707.37,634.1991612903226,0.9925199191330604,-0.22856720170904765,206.48,2004147968,286.77,241.09361290322582,0.9874509031581667,-0.21552809044879884,4271.78,4766.18,4480.793376344086,0.9964149806637086
23.14,4902341,139.74,28.683935483870965,0.9765448197042255,-0.6321202866151231,550.45,21275020,707.37,627.7245806451613,0.9897909347089195,-0.19542554793855016,198.03,2066535936,286.77,237.63789247311823,0.9856664787237864,-0.22244220020981587,4131.93,4766.18,4456.044322580645,0.9944766357908621
20.81,5642006,139.74,27.894129032258064,0.9724651991336053,-0.6506385950054822,480.72,35844072,707.37,616.9741720430106,0.9828740040877456,-0.28388361007036234,200.13,1630916992,286.77,234.47847311827954,0.9867049007969296,-0.20440971665517893,4123.34,4766.18,4431.225204301075,0.9944302353201917
21.18,4472618,139.74,27.18787096774193,0.9746807629770629,-0.6816184145787318,489.83,41598448,707.37,607.2102795698926,0.9841745523304704,-0.21386991682843026,199.81,1620925952,286.77,231.45393548387096,0.9871010008117765,-0.16340517258597764,4023.89,4766.18,4400.566344086023,0.9930811775972718
21.67,4471892,139.74,26.5707311827957,0.9773009153354282,-0.7019986576282922,490.82,29710212,707.37,597.920064516129,0.9847001683496791,-0.18014746729420827,193.79,1326824960,286.77,228.1947311827957,0.9859185617463723,-0.1396516072015902,3901.36,4766.18,4362.964645161291,0.9914552591678875
22.0,6006129,139.74,26.03643010752688,0.9798913672494352,-0.6805825755338568,492.34,24985026,707.37,589.1619354838709,0.9853523413044425,-0.2416420463177471,200.75,1155680000,286.77,225.54763440860214,0.9883998339467659,-0.17325413404157097,4158.24,4766.18,4343.319806451613,0.9954973646803522
22.45,9188950,139.74,25.580580645161294,0.9824918600406051,-0.6081685410720914,483.58,20753560,707.37,580.3010752688172,0.9849602296391119,-0.21060596416960786,200.46,897353024,286.77,223.0417849462366,0.9888899324130088,-0.15625120175038087,4108.54,4766.18,4321.430107526882,0.9949601457179793
22.31,10674003,139.74,25.16036559139785,0.9835728883721436,-0.6046234971162197,464.43,20605552,707.37,570.6530322580645,0.9833740735250519,-0.17220369794347112,192.17,916790976,286.77,220.17010752688174,0.9871249352669633,-0.14100405078731637,3900.86,4766.18,4287.408344086021,0.9921271980352978
21.58,9947961,139.74,24.744731182795697,0.9834805894575612,-0.5525348655645514,429.22,43505368,707.37,559.2000430107528,0.9799300299833816,-0.18179950274280654,183.37,1523049984,286.77,216.91462365591397,0.985213778984187,-0.11525059386518777,3674.84,4766.18,4240.486344086022,0.9890558593363931
23.82,3084612,139.74,24.517462365591395,0.9908154663097607,-0.49883201257728016,434.03,26925706,707.37,548.6081720430108,0.9810588874229783,-0.2358440376414236,196.2,1130633984,286.77,214.6837849462365,0.9897155909911534,-0.11372455095808409,3911.74,4766.18,4211.0484731182805,0.993057902188791
