10.17,132820,50.319,10.332929032258066,0.9983468972533066,-0.3969839730793361,106.33,159014000,151.01,105.39275268817204,1.0005894391773087,-0.09386292023576948,207.31,144686160,212.74,201.89933333333335,1.0023269037692104,-0.03041274861246923,2602.42,2587.84,2515.3302580645163,1.0033038565411407
10.45,221164,50.319,10.34072258064516,1.0007542438705195,-0.2788704708869141,107.04,247172000,151.01,105.50838709677419,1.0010971760927838,-0.0623089035973885,206.29,144686160,212.74,202.27655913978495,1.001868385597038,-0.04810600417115274,2642.22,2602.42,2525.7116344086025,1.0041272418644835
11.63,458283,50.319,10.427741935483871,1.0084152102679542,-0.08892545363133597,106.68,203496992,151.01,105.60292473118281,1.000896020089113,-0.025382264078798622,204.33,144686160,212.74,202.5049462365591,1.001129083358672,-0.0525908630074845,2651.5,2642.22,2536.1692903225808,1.0041404789729398
10.85,355767,50.319,10.463191397849462,1.0033995339149084,-0.003928767973210512,109.52,294316000,151.01,105.87378494623658,1.0025648931196107,0.0032122206955793597,206.01,144686160,212.74,202.81825806451613,1.001547181112263,-0.071274489216963,2675.81,2651.5,2547.6349032258067,1.004520838946744
11.08,349097,50.319,10.509952688172042,1.0044691230949088,0.09189427293132613,108.38,229467008,151.01,106.05873118279573,1.0017468558118807,0.023577611725049685,201.31,144686160,212.74,202.80636559139782,0.9999413638928182,-0.08968783277499037,2683.34,2675.81,2558.9538924731182,1.0044429400904265
9.98,518396,50.319,10.480606451612903,0.9972077670157198,-0.13466792197281263,110.41,123702000,151.01,106.36468817204302,1.0028847883228016,0.054526174473776834,203.86,144686160,212.74,202.95006451612903,1.0007085523391348,-0.07003587905911624,2673.61,2683.34,2569.0698279569892,1.0039531526979153
8.66,409216,50.319,10.365303225806452,0.9889984204312235,-0.23140913063668866,107.96,165180000,151.01,106.49486021505376,1.0012238276184309,0.03018569251048242,199.93,144686160,212.74,202.82905376344087,0.9994037412455291,-0.11865602967060007,2743.15,2683.34,2583.167827956989,1.0054875892615232
7.16,1163547,50.319,10.154967741935485,0.979707734613369,-0.41201352775760125,104.69,205428992,151.01,106.4052258064516,0.9991583217403999,0.031769361100805416,193.02,144686160,212.74,202.2582365591398,0.9971857226876046,-0.1836220168654783,2786.24,2743.15,2599.3761935483876,1.0062746080281657
7.39,1730894,50.319,9.965513978494624,0.9813437355730337,-0.42590346047734595,104.41,164618000,151.01,106.29905376344085,0.9990021914599959,0.037612667394646526,194.65,144686160,212.74,201.80920430107523,0.997779906194657,-0.1843981892913168,2810.3,2786.24,2616.3774838709674,1.0065405270559824
7.21,905017,50.319,9.77059784946237,0.9804409356654479,-0.45483967985437146,104.82,212344000,151.01,106.21804301075268,0.999237897706329,-0.0030102580220001673,199.06,144686160,212.74,201.65845161290324,0.9992529939915571,-0.185214690709115,2872.87,2810.3,2636.615548387097,1.0077351470270977
5.23,1506305,50.319,9.454391397849461,0.9676369392656655,-0.6478129532761845,99.01,267023008,151.01,105.76281720430107,0.995714232784297,-0.03302713028339288,194.17,144686160,212.74,201.19210752688173,0.9976874557833227,-0.14827487536797201,2762.13,2872.87,2648.7425161290316,1.0045994448259068
5.16,1463545,50.319,9.14465806451613,0.9672392097704159,-0.671160659635576,96.31,363745984,151.01,105.14281720430108,0.9941378263515585,-0.030068952155391404,186.19,144686160,212.74,200.21486021505373,0.9951427154681134,-0.1291693878518818,2619.55,2872.87,2650.9461505376344,1.0008319549352889
5.53,642644,50.319,8.870752688172042,0.9700474993803301,-0.5663878894376313,98.19,305587008,151.01,104.6656129032258,0.995461370412512,-0.02626324680734804,189.44,144686160,212.74,199.47466666666665,0.9963030039449018,-0.15981055280525713,2732.22,2872.87,2660.074129032258,1.0034432908012003
4.89,826071,50.319,8.567384946236558,0.965801352760067,-0.6030450937863832,98.26,184971008,151.01,104.21154838709678,0.9956617603094834,-0.028266820885079258,189.43,144686160,212.74,198.757440860215,0.9964044265949311,-0.17112978256440559,2747.3,2872.87,2669.616559139785,1.0035872797691539
5.03,559961,50.319,8.285522580645162,0.9671005368195564,-0.5673574907830391,97.77,244510000,151.01,103.74627956989248,0.9955353430171093,-0.017577637163933235,184.29,144686160,212.74,197.73451612903227,0.9948534015795557,-0.17020615504654268,2691.25,2872.87,2674.9510322580645,1.0019982169724024
4.13,2071160,50.319,7.957617204301074,0.9604242975439993,-0.6446059284827564,97.65,177200992,151.01,103.29694623655912,0.9956689209946016,-0.04352581433640468,191.07,144686160,212.74,197.18518279569892,0.9972218642243781,-0.17265196717429576,2786.57,2872.87,2685.9740645161287,1.0041208351574045
3.48,1179726,50.319,7.600615053763443,0.955137054048708,-0.7143241380175447,98.0,242100992,151.01,102.88716129032257,0.9960329422972668,-0.03067993819732573,193.51,144686160,212.74,196.80651612903225,0.9980796393456246,-0.15494349339385216,2752.01,2872.87,2694.024946236559,1.0029973788007818
4.01,977763,50.319,7.291419354838709,0.9593196475893572,-0.6805494477156355,94.66,204515008,151.01,102.27322580645162,0.9940329242621577,-0.028198744765965622,186.12,144686160,212.74,195.95972043010752,0.9956973187901486,-0.13805185897112449,2588.26,2872.87,2690.809247311828,0.9988063588909141
3.58,796171,50.319,6.967440860215055,0.955567156563467,-0.7694782417046575,96.69,218944992,151.01,101.81460215053762,0.9955157016677862,-0.030405836940840425,192.05,144686160,212.74,195.52965591397847,0.9978053422653129,-0.11945163850107965,2640.87,2872.87,2690.6754623655916,0.999950280776547
3.3,678778,50.319,6.640473118279571,0.9530720463229894,-0.8306513770091175,96.86,233180992,151.01,101.3858924731183,0.9957893104882397,-0.023568652071136342,190.83,144686160,212.74,195.0440430107527,0.9975164232711613,-0.12454766649928417,2604.47,2872.87,2687.839913978495,0.9989461574140928
3.75,489642,50.319,6.359096774193548,0.9576270637537159,-0.7979106167972219,95.31,174132000,151.01,100.87778494623656,0.9949883803901369,-0.04611390332804832,188.51,144686160,212.74,194.43795698924734,0.9968925684058347,-0.14029732441252896,2656.3,2872.87,2688.040623655914,1.0000746732260262
3.65,450042,50.319,6.087483870967741,0.9572875027900087,-0.7641782057801565,92.39,212126000,151.01,100.2103010752688,0.9933832421942701,-0.049744519955566946,186.55,144686160,212.74,193.7396559139785,0.9964086175041047,-0.12797228207948197,2670.14,2872.87,2688.798602150537,1.0002819817855255
3.8,362219,50.319,5.84152688172043,0.9595962807523282,-0.779272419022832,96.87,229568992,151.01,99.85655913978495,0.9964700042641509,-0.036550493820776575,191.32,144686160,212.74,193.37509677419357,0.9981183039782686,-0.09931547286567832,2669.91,2872.87,2689.180623655914,1.0001420788842539
3.71,357329,50.319,5.606430107526882,0.9597542254013718,-0.7939321218319776,97.92,301017984,151.01,99.58772043010752,0.9973077511182706,-0.030797851903714868,193.15,144686160,212.74,193.14554838709677,0.9988129371830912,-0.07987132853080348,2663.42,2872.87,2688.8201720430106,0.9998659622898765
4.31,566778,50.319,5.4273118279569905,0.9680512775269565,-0.7376475604178208,98.43,196378000,151.01,99.36664516129032,0.9977800950974437,-0.039885621404353366,194.38,144686160,212.74,193.01047311827958,0.9993006555421796,-0.11421323339203737,2727.72,2872.87,2692.3627526881723,1.0013175223400939
4.1,487698,50.319,5.251247311827957,0.9675595356024881,-0.6492292507330102,95.46,241112992,151.01,98.97380645161292,0.9960465736863737,-0.024858436377865445,188.15,144686160,212.74,192.49354838709678,0.9973217788504875,-0.1224277622580282,2712.97,2872.87,2694.5783440860214,1.0008229171182959
4.08,335492,50.319,5.085096774193548,0.9683597957269754,-0.6816632526796639,98.5,205138000,151.01,98.79834408602152,0.9982271838188098,0.006056598893594445,191.92,144686160,212.74,192.2498064516129,0.9987337656896753,-0.08899800839679661,2721.33,2872.87,2697.037032258064,1.0009124574824253
4.09,241062,50.319,4.930731182795699,0.9696435292674779,-0.6426219888664819,99.46,253100992,151.01,98.69105376344086,0.9989140473600728,0.021205930766773906,195.13,144686160,212.74,192.22797849462358,0.9998864604475177,-0.09072901809161993,2734.62,2872.87,2700.0515053763443,1.00111769808209
3.83,314728,48.48,4.769032258064516,0.9672058932566872,-0.7129612958478397,102.51,223298000,151.01,98.78331182795698,1.0009348168957366,0.012945776149545396,197.36,144686160,212.74,192.36479569892475,1.0007117444888751,-0.12956787733667885,2779.03,2872.87,2705.615483870967,1.0020606934658631
3.81,243121,48.48,4.618774193548387,0.9684929653679655,-0.8041051052317889,102.4,259274000,151.01,98.8777634408602,1.0009561494867445,0.008410728327463368,195.0,144686160,212.74,192.37329032258066,1.0000441589305624,-0.13451745417670458,2779.66,2872.87,2710.797032258065,1.0019151089347273
3.99,415768,43.68,4.493290322580646,0.9728317805310724,-0.800853425876104,106.78,263444000,151.01,99.26595698924731,1.0039259944286594,0.04050628635567888,199.79,144686160,212.74,192.71599999999998,1.0017814826416112,-0.09485811218191986,2754.88,2872.87,2713.948021505376,1.0011623847930387
4.04,213017,43.2,4.384322580645161,0.9757487867214196,-0.8240581476315768,105.13,232418000,151.01,99.5467311827957,1.0028285043741512,0.0034369246031442646,201.9,144686160,212.74,193.2110107526882,1.0025686022576652,-0.05010118289620291,2718.37,2872.87,2714.415655913979,1.0001723077984168
4.25,192099,43.2,4.302688172043011,0.9813803826929774,-0.8296100259475419,106.93,152463008,151.01,99.94774193548386,1.0040283668576901,-0.0030889317149846995,205.44,144686160,212.74,193.9438494623656,1.0037929448576584,-0.03541995894485028,2759.82,2872.87,2717.393720430108,1.0010971291407196
4.6,251622,42.392,4.2595053763440855,0.9899637635886541,-0.7303589297961846,105.76,194936992,151.01,100.2727311827957,1.0032515916920026,-0.023215663681817822,203.72,144686160,212.74,194.56333333333333,1.0031941403281672,-0.05801765108906565,2801.31,2872.87,2722.815612903226,1.00199525465609
4.63,259085,42.392,4.231698924731182,0.9934719059712117,-0.7139062286580309,105.41,245094000,151.01,100.58322580645162,1.00309650111245,-0.02362830802770366,200.55,144686160,212.74,194.98322580645163,1.0021581274638163,-0.0479329262353031,2801.83,2872.87,2728.0011612903227,1.0019044801868047
5.0,443342,42.001,4.241634408602151,1.0023478711618408,-0.638488219455671,104.23,258060992,151.01,100.82397849462366,1.0023935669813901,-0.03821590642329331,200.24,144686160,212.74,195.38475268817206,1.0020592893571214,-0.07206961867054162,2818.82,2872.87,2734.0280215053763,1.002209258669158
5.05,165445,40.8,4.265505376344086,1.0056277758624186,-0.5642087883261238,109.31,198520992,151.01,101.40576344086023,1.0057703034032484,-0.022207517907295582,206.87,144686160,212.74,196.22180645161293,1.0042841304243264,-0.0007215674603002764,2840.35,2872.87,2741.1316344086026,1.0025982224203083
4.91,187056,40.8,4.288107526881721,1.0052988212517522,-0.4209658812619185,106.72,182352000,151.01,101.81754838709676,1.0040607647165607,-0.032572945378186224,203.05,144686160,212.74,196.79748387096774,1.0029338095992748,0.0350805593685215,2833.28,2872.87,2747.570086021505,1.002348829779673
4.81,257041,40.8,4.309096774193549,1.0048947576944487,-0.4681035727048456,109.55,170264000,151.01,102.40754838709678,1.0057946789069887,-0.024184818622803084,208.94,144686160,212.74,197.73159139784943,1.0047465420213104,0.059240955569307197,2850.13,2872.87,2754.9944731182795,1.0027021647726282
5.38,266614,40.8,4.3724086021505375,1.0146925983041626,-0.425207917680985,110.48,211283008,151.01,103.04649462365592,1.0062392494168881,0.01566717704100351,206.69,144686160,212.74,198.48980645161288,1.0038345670937219,0.037696638884416434,2874.69,2872.87,2763.9177204301077,1.0032389347415744
5.51,191112,40.8,4.448043010752689,1.017298110831854,-0.07607310471555206,111.07,294392992,151.01,103.71133333333333,1.00645183237048,0.04821057510919591,208.46,144686160,212.74,199.34580645161293,1.0043125640318902,0.02313062546294553,2901.52,2874.69,2774.5680215053767,1.0038533350673013
5.03,338906,40.8,4.49210752688172,1.009906495063674,-0.156576913666446,110.03,103563000,151.01,104.28313978494624,1.0055134422944414,0.03659704462070801,205.9,144686160,212.74,200.00591397849462,1.0033113690156403,0.00961024997365656,2871.68,2901.52,2782.9933978494623,1.0030366443636565
4.42,242599,40.8,4.4970967741935475,1.0011106696093026,-0.35044921928008244,109.25,142611008,151.01,104.77511827956991,1.0047177184695266,0.024061903476574775,206.22,144686160,212.74,200.64427956989252,1.0031917335777707,0.025346225142973466,2904.98,2901.52,2793.0249462365587,1.0036045893586554
4.22,255494,40.8,4.491569892473118,0.9987710111661049,-0.2707488218441789,108.64,165916992,151.01,105.2039569892473,1.0040929441714694,0.021279764819649882,205.41,144686160,212.74,201.19430107526884,1.0027412767837456,0.01797679993486967,2929.67,2904.98,2804.277870967742,1.0040289381397562
4.28,182153,40.8,4.491354838709677,0.9999521205795325,-0.3024338508779987,107.19,111094000,151.01,105.51692473118278,1.002974866638975,0.0010097050936186402,201.86,144686160,212.74,201.4809247311828,1.0014246112060934,0.012578069203062814,2913.98,2929.67,2814.126344086021,1.0035119462376532
4.31,95220,40.8,4.494688172043011,1.0007421665517506,-0.07180108027565657,103.64,135618000,151.01,105.58060215053764,1.0006034806218727,0.033707674389606535,196.35,144686160,212.74,201.37427956989248,0.9994706935089136,-0.007893696736374967,2885.57,2929.67,2821.662924731183,1.0026781244776022
4.01,126391,40.8,4.478279569892473,0.996349334698545,0.04459830627204453,101.64,169928000,151.01,105.50236559139785,0.9992589873750839,0.051974132012373,190.64,144686160,212.74,200.88789247311826,0.9975846612694874,-0.020325440951761253,2767.13,2929.67,2821.3453118279567,0.9998874376877399
3.65,87580,40.8,4.437505376344086,0.9908951210142144,-0.195225273104346,104.67,134640000,151.01,105.61178494623655,1.001037127027677,0.04852573593667153,196.77,144686160,212.74,200.8031612903226,0.9995782165776517,-0.012138190286912875,2767.78,2929.67,2821.0371182795698,0.9998907636200735
3.36,225104,40.8,4.378795698924731,0.9867696661885006,-0.11797537184451468,106.31,139958000,151.01,105.80548387096773,1.0018340654390965,0.0853823171555419,194.76,144686160,212.74,200.56584946236558,0.9988181867933149,0.0073631323165557205,2658.69,2929.67,2813.304795698925,0.9972590496840537
3.62,173550,40.8,4.3373333333333335,0.9905311029693441,0.08674440808450301,106.55,160711008,151.01,105.99397849462365,1.0017815203594342,0.06550794242251312,197.42,144686160,212.74,200.49432258064516,0.9996433745729288,-0.01099990199190981,2723.06,2929.67,2809.6870537634413,0.9987140597275438
3.38,79164,40.8,4.279698924731183,0.986712017690866,-0.08394733194733195,110.88,99716000,151.01,106.44098924731182,1.0042173221444919,0.07790200463262198,204.62,144686160,212.74,200.8731397849462,1.0018894161162528,0.038510893995213014,2781.01,2929.67,2809.5529892473123,0.9999522848938107
2.9,147307,40.8,4.19189247311828,0.9794830306623921,-0.19959413172521656,109.04,110260000,151.01,106.73580645161289,1.0027697713670818,0.07429096396015544,206.31,144686160,212.74,201.3263440860215,1.002256171738842,0.08115685330310218,2736.27,2929.67,2806.2642795698926,0.9988294544754962
2.6,124946,40.8,4.086344086021505,0.9748208266854089,-0.30585405391272513,107.67,81311000,151.01,106.90643010752687,1.0015985606104107,0.0488720212567646,203.3,144686160,212.74,201.54286021505374,1.0010754485709021,0.076606839606428,2632.56,2929.67,2796.142387096774,0.996393107895501
2.79,150641,40.8,3.9956344086021507,0.9778017524932243,-0.19331893844979653,110.24,169164992,151.01,107.21963440860216,1.0029297049836972,0.0443776975800243,208.88,144686160,212.74,202.09361290322576,1.0027326827037404,0.04511381961667249,2760.17,2929.67,2794.333720430108,0.9993531564504681
2.25,119760,40.8,3.8720645161290324,0.9690737740652432,-0.4244988608949364,112.11,164716992,151.01,107.62698924731184,1.0037992559940776,0.06145346535733953,209.45,144686160,212.74,202.64731182795697,1.0027398140731758,0.11222419556803831,2633.08,2929.67,2784.117634408602,0.9963439993058762
1.94,264033,40.8,3.732924731182796,0.9640657369300921,-0.4940290071960772,109.39,144943008,151.01,107.82944086021506,1.0018810487436196,0.052914099200152664,205.65,144686160,212.74,202.92344086021507,1.0013626089078966,0.13467003665096877,2599.95,2929.67,2771.9676559139784,0.9956359679833698
0.95,542972,40.8,3.534559139784946,0.9468605434926632,-0.7269301886290472,99.91,169288992,151.01,107.39032258064518,0.9959276587537986,0.010979998011015457,192.56,144686160,212.74,202.31741935483876,0.9970135460802,0.11530570757699388,2416.62,2929.67,2748.2329892473126,0.9914376105305457
0.86,513817,40.8,3.3371182795698924,0.9441398906039901,-0.7381936234734288,101.04,87276000,151.01,107.0210752688172,0.9965616332742582,0.030388934974429405,192.3,144686160,212.74,201.693247311828,0.9969148872845396,0.07650766511439044,2485.74,2929.67,2729.6129677419353,0.9932247296432909
1.06,711904,40.8,3.15952688172043,0.9467830076816003,-0.6870388597408801,100.41,95616000,151.01,106.60778494623658,0.9961382342539307,0.012550269943114478,190.84,144686160,212.74,200.98096774193547,0.9964685006593637,0.05587624212098008,2531.94,2929.67,2714.508817204301,0.9944665596492498
1.05,374524,40.8,2.9872473118279568,0.9454729849303692,-0.6563612197307289,104.54,114047000,151.01,106.4654623655914,0.9986649888587691,0.003359975961538586,198.42,144686160,212.74,200.77174193548385,0.9989589770175638,0.08351775396990979,2596.26,2929.67,2704.085720430108,0.996160227328004
1.011,411720,40.8,2.818387096774194,0.9434729711245655,-0.6596057476093495,106.12,98399000,151.01,106.42047311827957,0.9995774287143248,-0.020195648210167394,202.59,144686160,212.74,200.8241935483871,1.000261249976703,0.044567770393725836,2670.71,2929.67,2698.860258064516,0.9980675677822962
1.1,373048,40.8,2.661675268817204,0.9443966273701878,-0.6172110358725039,107.69,71167000,151.01,106.4781935483871,1.0005423808823268,0.005876311443832938,205.63,144686160,212.74,201.06675268817207,1.001207818318596,0.03819586947173803,2664.76,2929.67,2693.4319354838713,0.9979886611155859
1.8,998540,40.8,2.556447311827957,0.9604655165030677,-0.4523592138277112,110.08,149878000,151.01,106.68460215053766,1.001938505859951,-0.0003311953579554494,211.56,144686160,212.74,201.68387096774194,1.003069220899623,0.049098949938290115,2706.53,2929.67,2690.8137419354844,0.9990279340220578
1.64,201499,40.8,2.4461655913978495,0.9568613364649193,-0.48955661823349667,112.72,177152000,151.01,107.05455913978494,1.0034677636865088,0.012893612989024472,214.5,144686160,212.74,202.4775053763441,1.0039350415320476,0.08626801979169663,2707.88,2929.67,2688.397247311828,0.9991019465279234
1.82,274452,40.8,2.3538623655913975,0.9622661580511784,-0.47943657653900024,112.53,110459000,151.01,107.39729032258064,1.0032014627452548,-0.013381675868072485,216.78,144686160,214.5,203.3950537634408,1.0045316065376806,0.09028918809183761,2775.6,2929.67,2690.5507096774195,1.0008010208936737
1.86,475536,40.8,2.2701827956989242,0.9644501007723749,-0.5357677340278842,112.38,91707000,151.01,107.71503225806453,1.0029585656633375,-0.006256202621135687,217.15,144686160,216.78,204.3015698924731,1.0044569231761487,0.0937255930880403,2792.67,2929.67,2693.861870967742,1.001230663030588
2.04,213925,40.8,2.2048688172043014,0.9712296390324311,-0.5096974966539282,108.87,101162000,151.01,107.78879569892472,1.0006848017339258,-0.04076329734050688,214.47,144686160,217.15,204.9988172043011,1.003412833842613,0.04964490811956135,2803.69,2929.67,2697.9402365591395,1.001513947554383
1.847,174350,40.8,2.1335763440860216,0.9676658889807892,-0.5867531605573968,108.21,94006000,151.01,107.8209247311828,1.000298073951469,-0.04710693317463388,215.45,144686160,217.15,205.74294623655913,1.003629918662001,0.09290812514980062,2743.07,2929.67,2698.18647311828,1.0000912683519834
1.68,193721,40.8,2.0580967741935488,0.9646229814547336,-0.6201241688008805,109.62,105118000,151.01,107.94081720430107,1.0011119592362725,-0.052917067161766695,220.13,144686160,217.15,206.76234408602153,1.004954715911817,0.06325735666753451,2822.48,2929.67,2703.749935483871,1.0020619265647572
1.92,88932,40.8,2.0048322580645164,0.974119527907086,-0.5797685470493257,111.19,88993000,151.01,108.16184946236557,1.00204771710822,-0.06841988577660185,222.16,144686160,220.13,207.88864516129033,1.0054473220462243,0.10058133712286899,2800.71,2929.67,2707.9683440860217,1.0015602066399665
1.49,204018,40.8,1.9312666666666667,0.9633058620730341,-0.7174725135163293,113.64,96447000,151.01,108.53941935483871,1.0034907862092772,-0.05313506436794446,224.36,144686160,222.16,209.1236129032258,1.00594052523156,0.09940632849480457,2834.4,2929.67,2714.519397849463,1.002419176641318
1.63,92733,40.8,1.875378494623656,0.9710613904295916,-0.6487272779742501,114.28,99352000,151.01,108.95275268817204,1.0038081402663677,-0.0612770361493975,226.47,144686160,224.36,210.46051612903224,1.00639288508479,0.09256917926408303,2892.74,2929.67,2724.9786666666664,1.0038530831002679
1.71,105390,40.8,1.8319634408602148,0.9768499778109306,-0.5898281830455214,114.0,82961000,151.01,109.33888172043011,1.0035440043755772,-0.05801528970748837,227.15,144686160,226.47,211.7970537634409,1.0063505386140421,0.10065705600566233,2907.41,2929.67,2736.3390967741934,1.0041689978150998
1.96,168964,40.8,1.810505376344086,0.9882868489416726,-0.4881711822960645,109.66,76350000,151.01,109.43479569892475,1.0008772174818825,-0.06095830358751608,219.86,144686160,227.15,212.61825806451614,1.0038773169243065,0.07875761422881011,2905.03,2929.67,2747.540752688172,1.0040936651189114
2.44,447982,40.8,1.8248752688172045,1.0079369510087484,-0.4126379724298329,111.08,87406000,151.01,109.62012903225805,1.0016935503205324,-0.06749410258825583,222.81,144686160,227.15,213.59870967741938,1.0046113237020582,0.09489661405723315,2939.88,2929.67,2761.043784946237,1.0049145885260677
2.31,265640,40.8,1.8348150537634407,1.005446829773017,-0.4761548848436178,111.35,115470000,151.01,109.81451612903226,1.0017732792187921,-0.07136799563866125,224.97,144686160,227.15,214.67346236559143,1.0050316441040077,0.12494274472817213,2945.64,2939.88,2774.8627311827954,1.0050049717834617
2.24,128900,40.8,1.8445397849462366,1.0053001152148002,-0.4301994731232174,109.42,114084000,151.01,109.8678064516129,1.0004852757582434,-0.09503527379676613,223.35,144686160,227.15,215.58215053763445,1.0042328854346025,0.1302844473633562,2881.4,2945.64,2784.407978494624,1.0034398989198863
2.22,49903,40.8,1.8567806451612907,1.006636267927076,-0.3586746094929585,109.69,97704000,151.01,109.92178494623658,1.0004913040167727,-0.10257082084900127,226.39,144686160,227.15,216.61662365591397,1.0047985100607804,0.11738176589165072,2859.53,2945.64,2792.2965161290326,1.002833111273684
1.944,156648,40.8,1.854290322580645,0.9986587954871593,-0.42573121796209945,109.09,98234000,151.01,109.92625806451613,1.0000406936466846,-0.13938713240914402,227.0,144686160,227.15,217.62675268817205,1.004663211046363,0.10258501593167835,2826.06,2945.64,2797.828387096774,1.001981118744298
1.67,200771,40.8,1.8371677419354837,0.9907659655898265,-0.5757872655389014,105.12,108780000,151.01,109.66862365591399,0.9976562978387663,-0.15352831441123116,225.08,144686160,227.15,218.44367741935483,1.0037537881767382,0.12945760157076225,2752.06,2945.64,2798.2261290322585,1.0001421609478691
1.74,63842,40.8,1.8287548387096777,0.9954207212364055,-0.5505345820231813,106.95,109492000,151.01,109.53212903225806,0.9987553903832678,-0.16426788480473353,230.98,144686160,227.15,219.58176344086024,1.0052099746486165,0.09562399357682616,2873.34,2945.64,2806.386021505376,1.0029160947317504
1.78,40516,40.8,1.8264494623655916,0.9987393737556901,-0.41902151089543194,107.59,88639000,151.01,109.44537634408603,0.9992079704015753,-0.1390309924024682,232.25,144686160,230.98,220.74509677419354,1.005297950590722,0.07065449112557065,2886.98,2945.64,2815.2273548387097,1.0031504337840849
1.58,164993,40.8,1.8136494623655914,0.9929918674106527,-0.40861476706935806,107.74,117851000,151.01,109.3714193548387,0.9993242566135017,-0.15188306749353586,234.31,337745984,232.25,221.98554838709677,1.0056193846705104,0.031776220367103036,2950.46,2945.64,2827.840064516129,1.0044801744540246
1.39,179515,40.8,1.7907849462365595,0.9873930896772031,-0.5733130108607865,104.26,121432000,151.01,109.07279569892472,0.9972696371897202,-0.14535022365463968,227.91,303814016,234.31,222.74640860215058,1.0034275213885862,0.025315514622156643,2941.76,2950.46,2839.2078279569896,1.0040199456763852
1.5,118072,40.8,1.7780279569892472,0.9928763142251548,-0.41917061271344525,106.03,77301000,151.01,108.9012258064516,0.9984270148081039,-0.16886601436849735,233.46,176828000,234.31,223.82440860215056,1.0048395842014468,-0.021074428064828066,2990.41,2950.46,2853.323784946237,1.0049717941921161
1.63,149715,40.8,1.7752709677419352,0.9984494117561681,-0.21395274812625764,106.0,103432000,151.01,108.74079569892473,0.9985268291854491,-0.16398298483776275,233.0,231358000,234.31,224.8210967741935,1.0044529914242488,-0.02617165013370837,3013.77,2990.41,2868.1783870967743,1.0052060695771394
1.73,59892,40.8,1.779632258064516,1.0024566899373837,0.7993478498741657,102.44,92579000,151.01,108.35797849462364,0.9964795438377975,-0.15700998888197537,227.67,211938000,234.31,225.4150967741936,1.002642100801584,-0.04939169528607534,2976.61,3013.77,2879.745634408602,1.004032959513211
1.62,40251,40.8,1.7752193548387094,0.9975203285927139,0.8368836937961885,104.21,110881000,151.01,108.08391397849464,0.9974707490861635,-0.1612939933274291,229.35,217494000,234.31,226.04197849462363,1.002781010364439,-0.024619700663379707,3025.86,3013.77,2893.2860215053765,1.0047019385792229
1.63,120074,40.8,1.7698172043010754,0.9969569109738977,0.49968658958520185,104.96,137242000,151.01,107.8514193548387,0.9978489433339526,-0.18110582599604053,234.05,296059008,234.31,226.89240860215054,1.0037622662533328,0.0683949660437766,2932.05,3025.86,2899.612602150538,1.002186641969766
1.3,184780,40.8,1.741898924731183,0.9842253315754619,0.185131706114968,104.78,118009000,151.01,107.59752688172043,0.9976459051291393,-0.19808725395132765,238.18,295297984,234.31,227.9163655913978,1.0045129627542662,0.07620825142135179,2918.65,3025.86,2904.214215053764,1.0015869750668807
1.234,87983,40.8,1.7091849462365594,0.981219358924817,0.158968413559897,102.65,109168000,151.01,107.20569892473118,0.9963583925361038,-0.21168101227066516,238.85,241863008,238.18,228.89804301075267,1.004307182666798,0.09736717950482077,2888.68,3025.86,2906.1889677419354,1.0006799610985773
1.08,101566,40.8,1.6660559139784947,0.9747663163351455,-0.11710002831130517,101.01,100018000,151.01,106.71552688172045,0.9954277426673476,-0.22022666181370865,238.16,216763008,238.85,229.7572258064516,1.003753561124411,0.08976658359601308,2847.11,3025.86,2905.0130322580644,0.9995953685404069
1.49,157939,40.0,1.6494215053763444,0.9900156960744325,-0.28694998684853257,102.75,91386000,151.01,106.35197849462365,0.9965932943619372,-0.21255125614482884,242.44,217952000,238.85,230.82258064516128,1.0046368719633094,0.06470429100941022,2926.46,3025.86,2908.564301075269,1.0012224622670434
1.39,48583,38.0,1.6270021505376344,0.9864077467368813,-0.36550112289131464,105.46,105062000,151.01,106.17903225806451,0.9983738315073482,-0.21074770746168892,245.89,215920992,242.44,232.04410752688167,1.0052920597209605,0.046324816051834805,2978.71,3025.86,2915.0135698924737,1.0022173375416938
1.445,214754,38.0,1.6086688172043009,0.9887318321446131,-0.3845218754016101,106.1,153126000,151.01,106.06298924731182,0.998907100504828,-0.15470466909227076,237.93,321752000,245.89,232.68458064516133,1.0027601352393982,0.01405447921544134,3007.39,3025.86,2922.730731182796,1.0026473843449746
1.46,143599,36.88,1.5921096774193548,0.9897063089631313,-0.35927317272356074,107.45,120888000,151.01,106.04787096774194,0.9998574594240917,-0.16208223250962128,242.82,309553984,245.89,233.5950537634409,1.0039129069737027,0.04681201280466962,2992.07,3025.86,2928.961032258065,1.0021316712514081
1.6,165341,36.88,1.5854430107526885,0.9958126837860364,-0.337297560309073,109.29,93607000,151.01,106.16206451612904,1.0010768113244048,-0.13019357040829527,243.22,249888992,245.89,234.47612903225806,1.0037718061860565,0.07766141069055532,2961.79,3025.86,2932.808967741935,1.0013137544137634
1.65,90319,36.64,1.582948387096774,0.998426544732926,-0.20596622132698783,106.63,104938000,151.01,106.10374193548387,0.9994506269173363,-0.14767155627206852,244.12,267530000,245.89,235.3534408602151,1.0037415827000298,0.056900187392036505,2952.01,3025.86,2935.6859354838707,1.0009809598148327
1.71,56601,36.64,1.584748387096774,1.0011371185660078,-0.09666327270217101,106.68,92009000,151.01,106.0520430107527,0.9995127511642087,-0.12916853555535712,242.66,227559008,245.89,236.07490322580645,1.003065442183273,0.049986859398924555,2970.27,3025.86,2939.291634408602,1.001228230472868
1.712,54413,36.64,1.586612903225807,1.0011765376410628,-0.15892408743689368,107.86,78186000,151.01,106.08279569892473,1.000289977329045,-0.14185006877022244,247.02,217976000,245.89,237.0292043010753,1.004042365631539,0.04567169774470248,2986.2,3025.86,2943.607247311829,1.0014682493062976
1.735,111896,35.2,1.5904086021505375,1.002392328284368,0.16365367482078508,110.12,106487000,151.01,106.26651612903227,1.001731858864551,-0.1198054598605135,244.29,232368992,247.02,237.75391397849464,1.0030574699837358,0.022449559161275,3022.55,3025.86,2949.86911827957,1.0021272780101556
2.07,383321,34.83,1.6152903225806452,1.0156448603185766,0.2543172933470841,110.18,127744000,151.01,106.46167741935486,1.001836526663635,-0.10674710778855945,242.52,333782016,247.02,238.32156989247312,1.0023875775775024,0.010660962261539897,3066.91,3025.86,2958.588301075269,1.002955786323423
2.09,359409,34.83,1.6405161290322583,1.0156168870072295,0.15763638788848855,107.35,108531000,151.01,106.4830752688172,1.0002009910982153,-0.08677269058625003,233.61,311184992,247.02,238.27987096774194,0.9998250308406831,-0.03542160490928259,3093.08,3066.91,2968.621311827956,1.0033911479840032
1.882,67603,34.83,1.6515053763440863,1.0066986524041739,-0.15788323645466507,108.4,89795000,151.01,106.58651612903226,1.0009714300601662,-0.09449742851132736,238.11,252239008,247.02,238.51460215053763,1.000985107058529,0.008849786475884969,3120.46,3093.08,2980.0214838709676,1.003840224415822
2.06,89023,34.83,1.6741462365591397,1.0137092258610585,-0.24696774583915937,105.37,96006000,151.01,106.49718279569893,0.9991618702198205,-0.10701231028948233,235.2,243356992,247.02,238.5223440860215,1.0000324589581269,-0.002357033891000837,3110.29,3120.46,2990.30223655914,1.0034498921379646
1.89,72908,34.24,1.6866365591397852,1.0074607117991776,-0.2820994192629389,107.24,85195000,151.01,106.54077419354837,1.000409319727575,-0.09674084170160979,238.43,239732000,247.02,238.71182795698925,1.0007944072145267,-0.006484760833906034,3140.98,3120.46,3002.1965161290314,1.0039776178556379
1.96,145033,33.44,1.7045462365591393,1.0106185753666388,-0.3003971486761713,105.74,105045000,151.01,106.49643010752688,0.9995837829567398,-0.09828376882041245,237.79,264936000,247.02,238.83107526881722,1.0004995450491436,-0.027147233775263624,3145.91,3140.98,3013.9887741935486,1.0039278768065862
1.85,87796,33.44,1.7159612903225805,1.0066968284688387,-0.37998120820206704,101.54,125003000,151.01,106.18903225806451,0.9971135384617871,-0.09779957201706535,231.71,300516000,247.02,238.52701075268814,0.9987268636805875,-0.08465486604913264,3168.8,3145.91,3026.6889677419354,1.0042137494529273
1.99,178831,33.44,1.7372043010752687,1.0123796561568674,-0.16476198982553458,102.5,165043008,151.01,105.96109677419359,0.9978534931619211,-0.10833835215880838,237.88,408328000,247.02,238.60956989247308,1.0003461207161588,-0.09189766447152126,3221.22,3168.8,3042.106,1.0050936955935603
1.88,56767,32.4,1.7512516129032258,1.0080861599405795,-0.0554781890634346,103.35,49369000,151.01,105.80217204301076,0.9985001596244185,-0.07917129211490925,239.11,103785000,247.02,238.74808602150543,1.0005805137199433,-0.11497378823121407,3240.02,3221.22,3057.8861290322575,1.0051872383908573
1.63,153399,31.04,1.7487182795698928,0.9985534155602385,-0.2596214964930781,102.16,79955000,151.01,105.57027956989249,0.9978082446830676,-0.07976866744704803,239.06,197159008,247.02,238.85320430107524,1.00044028951738,-0.09083386965929674,3234.85,3240.02,3072.2833333333333,1.004708221200386
1.75,187217,28.8,1.7541634408602151,1.0031138013217666,-0.2165755179101786,101.53,107898000,151.01,105.3080430107527,0.9975160001450392,-0.08883301045881331,239.8,253160992,247.02,238.98868817204306,1.0005672265162373,-0.09855275853721368,3265.35,3240.02,3087.870838709677,1.005073589797928
1.79,231352,28.64,1.7622537634408602,1.0046120688598308,-0.053544626684873364,104.44,105629000,151.01,105.2465806451613,0.9994163563975345,-0.07924010747440491,245.7,262259008,247.02,239.48858064516133,1.0020916993056943,-0.07989796017027717,3329.62,3265.35,3106.7910967741936,1.0061272828601933
1.7,115533,28.64,1.7640860215053762,1.001039724302213,0.08582817702412249,104.25,65024000,151.01,105.17995698924732,0.9993669755776807,-0.08899065321242083,248.17,196259008,247.02,240.12333333333333,1.0026504507499356,-0.03134280571967807,3295.47,3329.62,3122.692731182796,1.005118346845114
1.74,131195,28.64,1.7678322580645163,1.0021236133122031,0.03400888043133521,99.68,121422000,151.01,104.81851612903226,0.9965635956644097,-0.10340794315893065,243.62,304017984,248.17,240.42096774193547,1.0012395064006085,-0.03510209375597739,3225.52,3329.62,3133.320795698925,1.0034034935330007
1.75,73198,28.32,1.7717075268817206,1.002192102106705,-0.07714861393682804,103.37,125573000,151.01,104.70879569892472,0.9989532342742529,-0.08824479714956679,247.78,270267008,248.17,240.9651397849462,1.002263413412406,-0.04073505670488897,3327.71,3329.62,3150.0361505376345,1.0053347090606408
1.755,352994,28.32,1.7756473118279568,1.0022237219667798,-0.11496472793413992,103.91,198582000,151.01,104.63956989247313,0.9993388730527412,-0.12638014061845504,259.71,264572000,248.17,242.24720430107527,1.0053205393828888,0.00515631442036657,3380.16,3329.62,3169.4602365591404,1.0061663057480121
1.68,44090,27.36,1.774694623655914,0.999463469932516,-0.06000937646507287,105.37,99699000,151.01,104.66137634408602,1.0002083958452361,-0.12124273136907404,259.71,250855008,259.71,243.46036559139787,1.0050079475378169,0.029299272406151378,3337.75,3380.16,3185.2803440860216,1.0049914200987282
1.49,114973,26.4,1.7613548387096774,0.9924833350096275,-0.20838681160527672,92.71,209551008,151.01,103.86391397849464,0.9923805476915415,-0.08958017312461886,227.7,502016000,259.71,242.54307526881718,0.9962322806821041,-0.03469221752200258,2954.22,3380.16,3175.6858494623652,0.9969878649326832
1.41,155559,26.4,1.7431548387096771,0.9896670451631807,0.02133785428210233,93.7,183216992,151.01,103.15666666666667,0.993190634891976,-0.10717286306697082,238.52,472215008,259.71,242.3375053763441,0.9991524396553262,-0.016978277977913292,2972.37,3380.16,3167.2146451612903,0.9973324803829355
1.38,203862,21.04,1.7227827956989246,0.9883131190882433,0.1283901822110899,78.56,254344000,151.01,101.49647311827957,0.9839060954368395,-0.14772261264475495,218.08,680665024,259.71,240.8124946236559,0.993707079098962,-0.025456202670220196,2711.02,3380.16,3141.766623655914,0.9919651730758904
0.988,209206,19.36,1.676806451612903,0.9733127448214567,-0.06601895354971654,50.03,327160000,151.01,98.04744086021505,0.9660182058341558,-0.2099006907958873,167.95,778184000,259.71,236.09795698924728,0.9804223711822904,-0.10436660065528536,2304.92,3380.16,3090.5006666666673,0.9836824426730999
0.822,106776,19.36,1.6203182795698925,0.9663120499156744,-0.4445299595584774,56.39,262364992,151.01,95.11836559139785,0.9701259385954485,-0.25068899682104606,193.83,634564992,259.71,233.20408602150536,0.9877429224519986,-0.06894836945424054,2541.47,3380.16,3055.6620000000003,0.9887271771067945
1.0,164243,19.36,1.5767505376344084,0.973111614869241,-0.19010775492580323,45.0,277156000,151.01,91.5541505376344,0.9625286343851372,-0.313059614918492,181.9,563251968,259.71,229.64507526881724,0.9847386432484724,-0.0957174347459322,2488.65,3380.16,3018.2435268817203,0.9877543808450411
1.16,40309,19.36,1.5443440860215054,0.9794473184949585,-0.09044075044710054,61.24,250468000,151.01,89.16769892473116,0.9739339877123073,-0.3495518308179014,220.5,449713984,259.71,228.71400000000003,0.9959455900905895,-0.0009117170672314767,2789.82,3380.16,3001.3092688172046,0.9943893665591619
1.2,151235,18.8,1.5151311827956988,0.981083941402551,-0.07136340720968837,53.08,207362000,151.01,86.35126881720431,0.9684142336127316,-0.38900254489966263,214.41,409784992,259.71,227.42750537634407,0.9943750945562757,-0.07772643331551998,2874.56,3380.16,2990.31,0.9963351764739862
1.433,90383,18.8,1.5015096774193546,0.9910096858073966,-0.01913481209274137,49.75,235764000,151.01,83.43692473118281,0.9662501301261615,-0.38797633112979446,205.08,385428000,259.71,225.60017204301073,0.9919652052186498,-0.11459167283466298,2836.74,3380.16,2977.123440860215,0.9955902367514455
1.361,37782,18.8,1.4836021505376347,0.9880736520376628,-0.1053292996827414,56.71,280808000,151.01,81.09965591397851,0.9719875963221977,-0.30295529374761976,203.79,453276992,259.71,223.77163440860215,0.991894786170376,-0.12411498986027625,2830.71,3380.16,2963.816774193548,0.9955303611250926
1.08,273113,18.454,1.4481870967741937,0.9761290088784199,-0.23979904237072203,56.83,210724000,151.01,78.87748387096774,0.9725994886418777,-0.3193417145077255,206.76,410900992,259.71,222.22144086021507,0.9930724305049474,-0.13431860083713965,2929.8,3380.16,2957.1638709677422,0.9977552919992444
1.305,375415,18.454,1.4286430107526884,0.9865044467907225,-0.1714644924709534,50.09,278096992,151.01,76.32767741935484,0.9676738363538064,-0.3118546409000965,191.75,574044992,259.71,219.78006451612902,0.9890137678226029,-0.18272503032205778,2863.7,3380.16,2946.333483870968,0.9963375762827679
1.33,291881,18.454,1.4115870967741937,0.9880614584258466,-0.1796267744545127,54.56,210934000,151.01,74.19049462365592,0.9719998974427462,-0.3333095871938096,202.46,435238016,259.71,218.14851612903226,0.9925764495943306,-0.14903111589387774,2955.45,3380.16,2941.685892473118,0.998422584740223
1.43,409500,18.4,1.40185376344086,0.9931046880808301,-0.22737586670392984,56.62,240978000,151.01,72.30569892473119,0.9745951862366509,-0.3696283939072965,214.27,503536000,259.71,217.36886021505373,0.996426031550371,-0.10911625782605161,3044.31,3380.16,2942.9155053763443,1.0004179959887534
2.02,512552,18.4,1.4315612903225805,1.0211916019034704,0.049351862043265915,73.88,296536992,151.01,71.64963440860214,0.9909265171917915,-0.29380520207056904,229.41,535400000,259.71,217.6267311827957,1.0011863289317837,-0.05058372334949324,3193.93,3380.16,2953.846623655914,1.0037143840044336
1.8,296016,17.2,1.447225806451613,1.0109422601986553,0.016674774902592615,66.77,309057984,151.01,70.60683870967742,0.9854459034225089,-0.30718535543047254,219.81,494808992,259.71,217.27427956989246,0.9983804764654246,-0.05149038492127289,3041.31,3380.16,2954.71440860215,1.000293781315281
1.9,107421,16.56,1.4695182795698924,1.0154035901093674,0.015491861793260897,63.47,273931008,151.01,69.44066666666667,0.9834835822659356,-0.3249848242894008,218.11,591840000,259.71,216.85150537634408,0.9980541912536298,-0.06862657110434578,3097.74,3380.16,2959.393053763441,1.001583450890438
1.66,208823,16.4,1.4766709677419356,1.0048673693083536,-0.0239059311578117,61.01,281217984,151.01,68.20589247311828,0.9822182842875684,-0.30954403826235966,209.45,475236992,259.71,215.9067741935484,0.9956434188402054,-0.07954229317050243,3009.05,3380.16,2958.376752688172,0.9996565846250208
1.9,147344,16.16,1.4998021505376344,1.015664412249582,0.1317110154291825,64.3,245852000,151.01,67.28279569892474,0.9864660260173657,-0.3221792838892319,221.21,308151008,259.71,215.7830752688172,0.9994270725168619,-0.0646712064863404,3130.01,3380.16,2965.448043010753,1.002390260238543
2.09,238335,16.16,1.5353204301075272,1.0236819766908325,0.2891420973416188,60.1,162088992,151.01,66.17784946236559,0.9835775813849421,-0.34601153712691624,217.32,340264000,259.71,215.44406451612903,0.998428927976553,-0.06722845987556958,3185.04,3380.16,2976.103849462366,1.0035933209070136
2.03,141983,16.0,1.566451612903226,1.0202766681047282,0.17851432376137244,59.96,155554000,151.01,65.15298924731184,0.9845135460976777,-0.3288044474155857,217.37,323656992,259.71,215.13922580645163,0.9985850679601592,-0.08730959209163935,3224.73,3380.16,2989.2853763440853,1.004429121948853
1.93,94359,16.0,1.5910451612903225,1.0157001647446455,0.20910397333672537,57.81,134728992,151.01,64.08090322580644,0.983545098484493,-0.3438212422833853,215.96,314783008,259.71,214.78752688172042,0.998365249649789,-0.0892896330826567,3215.63,3380.16,3001.8722580645153,1.0042106658066297
1.85,81461,16.0,1.6103698924731182,1.0121459350450641,0.31601693789425234,59.87,169218000,151.01,63.2396559139785,0.9868721058930213,-0.35439186048515126,224.82,403376000,259.71,215.0572258064516,1.0012556545002713,-0.07077890240208118,3271.12,3380.16,3018.0915913978497,1.0054030724624479
2.22,167954,16.0,1.6530924731182792,1.0265296692671955,0.4512893317862263,61.59,141694000,151.01,62.60032258064516,0.9898903097416756,-0.3372094567791686,226.33,350924000,259.71,215.45496774193552,1.0018494702235297,-0.08248751872419657,3351.28,3380.16,3039.4045376344084,1.00706172943767
2.43,203662,16.0,1.7083526881720428,1.0334283870699166,0.5793325922771825,63.04,168546000,151.01,62.14043010752688,0.9926535127270978,-0.3008361512382961,222.22,312833984,259.71,215.6165161290323,1.0007498011709355,-0.10854715914212176,3372.85,3380.16,3061.9243010752693,1.0074092682175135
3.02,419029,16.0,1.800301075268817,1.0538228363109026,0.9628081881221481,60.74,119516000,151.01,61.621182795698935,0.9916439697805527,-0.3129578712820532,222.26,269006016,259.71,215.83113978494626,1.0009953952497104,-0.13526174949102765,3397.16,3380.16,3085.9194838709677,1.0078366348858696
2.99,336035,16.0,1.8874752688172047,1.04842200826624,0.9124616446793855,63.45,113502000,151.01,61.370344086021504,0.9959293428282759,-0.2931486577588469,226.49,259967008,259.71,216.3743870967742,1.0025170015428229,-0.15789410117843572,3508.01,3397.16,3116.8475913978496,1.0100223313305912
2.41,267291,16.0,1.9345419354838713,1.0249363090707733,0.5763083647923706,64.88,152442000,151.01,61.28967741935484,0.9986855757798327,-0.2781552815488917,224.44,324107008,259.71,216.82221505376347,1.00206969023921,-0.12402177991262142,3426.96,3508.01,3141.9391612903223,1.0080503037625974
2.72,141050,16.0,2.0001892473118277,1.033934292466778,0.7267817355018279,61.18,121083000,151.01,61.0530752688172,0.9961396084871069,-0.2597831066143188,220.38,271844000,259.71,217.0583010752688,1.0010888460919318,-0.13984401682174696,3340.97,3508.01,3161.2695483870975,1.0061523747292538
2.77,266148,16.0,2.0669870967741937,1.0333957647018348,0.8026556776556779,63.1,187759008,151.01,61.0322365591398,0.9996586787875033,-0.2485645476910361,220.08,404430016,259.71,217.35961290322578,1.0013881608142345,-0.14711653380167644,3319.47,3508.01,3179.29711827957,1.0057026361139214
2.94,156394,16.0,2.142408602150538,1.0364886193503817,1.1537021152250961,58.68,104266000,151.01,60.81713978494624,0.9964756858617637,-0.31286445466989754,215.36,365492992,259.71,217.44163440860217,1.0003773539356315,-0.17071895072250065,3298.46,3508.01,3196.0085161290317,1.0052563183709313
3.1,129405,16.0,2.2250344086021507,1.0385667824376141,1.404633849753571,62.72,85511000,151.01,60.935870967741934,1.0019522651544537,-0.27751043387263075,225.85,325193984,259.71,218.2269677419355,1.0036116971594207,-0.17964116896007398,3348.44,3508.01,3215.2041290322577,1.0060061206991011
2.7,71987,16.0,2.2782193548387095,1.023902976974622,1.1297826253323175,62.08,80993000,151.01,61.07993548387098,1.00236419885104,-0.25962006132393334,228.95,302528000,259.71,219.23954838709676,1.0046400344358846,-0.23274696037903797,3477.13,3508.01,3241.893569892472,1.0083010097614697
2.92,157970,15.8,2.342759139784946,1.0283290477754745,2.1687411344897902,59.07,74908000,151.01,61.065247311827946,0.9997595254165434,-0.15101427979175597,223.66,253260992,259.71,219.88746236559143,1.0029552787499392,-0.17976091057881072,3483.81,3508.01,3267.366430107527,1.0078574017517483
2.9,90639,15.6,2.4018537634408603,1.0252243701251078,2.737953888915131,60.5,67639000,151.01,61.12337634408602,1.0009519167581724,-0.06610250944602503,220.77,261872992,259.71,220.22911827956992,1.0015537762376394,-0.2245498648758002,3465.39,3508.01,3289.1156559139777,1.006656500356385
2.76,86012,15.52,2.4474473118279567,1.0189826496021888,1.9210059841500886,56.29,83844000,151.01,60.90105376344087,0.9963627241500271,0.08838201698124748,211.46,351683008,259.71,219.91219354838708,0.9985609317529913,-0.15144245805036793,3269.96,3508.01,3296.2695698924726,1.0021750265806653
2.78,101907,15.44,2.4905462365591404,1.0176097456819178,1.5494412026223021,56.13,100508000,151.01,60.644129032258064,0.9957812760977702,-0.08453063001817307,220.74,379760992,259.71,220.13040860215048,1.0009922826480988,-0.2568565216481673,3509.44,3508.01,3317.1935698924735,1.0063477818049582
3.45,616910,15.44,2.573387096774193,1.0332621249905012,2.017585865257596,67.66,207732000,151.01,61.142064516129025,1.0082107780557965,0.19170785239964006,232.2,588574016,259.71,221.08746236559142,1.0043476672283413,-0.16422769510092938,3585.15,3509.44,3341.454516129033,1.007313696269267
3.02,372649,15.44,2.623647311827957,1.0195307636059754,1.234444405974379,69.51,173035008,151.01,61.728,1.0095831812109715,0.2829378313451403,228.51,402121984,259.71,221.76819354838713,1.0030790130544356,-0.13984639044102076,3557.54,3585.15,3362.4060215053764,1.0062701752411147
3.175,54393,15.44,2.6804946236559135,1.0216672841550298,1.484930404232249,70.82,105817000,151.01,62.355956989247304,1.0101729683328036,0.13167935442099066,227.66,267951008,259.71,222.3436989247312,1.0025950762692148,-0.16818319926012348,3638.35,3585.15,3387.0209677419343,1.0073206347119072
2.8,86295,15.44,2.7092473118279568,1.0107266352703321,1.7209614457313267,74.09,130529000,151.01,63.164537634408596,1.0129671756188543,0.18744275615125527,230.8,397923008,259.71,223.0704516129032,1.0032686003322182,-0.14631440517551586,3699.12,3638.35,3413.8196989247317,1.0079121834314075
2.76,77822,15.44,2.731720430107527,1.0082949674551518,1.2791976414993538,71.49,100058000,151.01,63.76825806451613,1.0095579015174911,0.258260971190579,224.15,343294016,259.71,223.3164731182796,1.0011028870188656,-0.11030505069093288,3663.46,3699.12,3436.663333333334,1.0066915175443498
2.68,532169,15.44,2.7459032258064515,1.0051918913599684,1.1440011335179407,70.4,108460000,151.01,64.25563440860215,1.0076429301799796,0.18086886139197556,224.62,654913024,259.71,223.52313978494627,1.0009254429992598,-0.1456546398799412,3709.41,3699.12,3460.7515698924735,1.0070091929941172
2.689,65170,15.44,2.7577634408602147,1.004319240001723,0.9899287061800605,70.66,54598000,151.01,64.72572043010753,1.0073158723874096,0.20293227955755966,223.92,190132000,259.71,223.63698924731185,1.0005093408336834,-0.17135065699551966,3703.06,3709.41,3482.808709677419,1.0063735114582728
2.77,228134,15.2,2.772141935483871,1.0052138245110578,0.488090407401396,71.2,51831000,151.01,65.20045161290324,1.007334505968278,-0.02969293869278422,227.9,160008992,259.71,223.98686021505375,1.0015644593004023,-0.1825847068548524,3756.07,3709.41,3506.869182795699,1.0069083533216812
2.75,250455,15.2,2.7836172043010743,1.0041394954097833,0.66683594952293,70.62,99833000,151.01,65.64352688172042,1.0067955858871611,0.04733352535179591,222.08,355628000,259.71,223.9644946236559,0.9999001477525227,-0.24724940418353358,3824.68,3756.07,3534.1472043010754,1.0077784542517865
2.804,130954,15.2,2.796533333333333,1.00464005216389,0.6200366154988541,72.76,104825000,151.01,66.21638709677418,1.008726834804077,0.10927698709490752,226.2,326383008,259.71,224.20305376344086,1.001065164994951,-0.17935997249114655,3768.25,3824.68,3556.099913978494,1.0062116002555588
2.78,94988,15.2,2.8059569892473117,1.003369763485975,0.8387752076786993,74.27,71267000,151.01,66.86668817204301,1.0098208480374868,0.12242616520214789,229.33,245619008,259.71,224.62615053763443,1.0018871142345813,-0.18172355203047053,3841.47,3824.68,3581.3345376344087,1.0070961514767123
2.71,198213,15.2,2.808455913978494,1.0008905784161193,0.5494334462666678,72.92,119313000,151.01,67.40137634408602,1.007996331008159,0.09893410362896637,228.98,436191008,259.71,224.98391397849463,1.0015927061030245,-0.15152936138762163,3714.24,3841.47,3596.570623655914,1.0042543040482248
4.66,8758996,15.2,2.9350193548387096,1.0450651335597874,1.3720809391089794,75.63,74082000,151.01,68.09236559139786,1.010251856635454,0.17143413655319528,236.22,307750016,259.71,225.79206451612905,1.003592036974304,-0.13337093630835706,3886.83,3841.47,3621.6851397849455,1.006982906428653
3.8,1041630,15.2,3.000572043010753,1.022334669808556,1.0116609381861588,81.76,84463000,151.01,69.14544086021506,1.0154653940962544,0.2646200194863928,238.88,284676000,259.71,226.7311827956989,1.004159217382517,-0.12124878457735155,3934.83,3886.83,3648.3872043010747,1.007372828803587
3.83,296360,15.2,3.0642537634408606,1.0212231932835745,1.090454315163849,81.35,67899000,151.01,70.12518279569893,1.0141692919055145,0.30963162308241676,237.03,259182000,259.71,227.50468817204302,1.003411552688988,-0.11734842159291925,3906.71,3934.83,3671.7479784946236,1.0064030413674319
3.32,135977,15.2,3.0909462365591396,1.0087109212157108,0.9546172354937617,82.92,104936000,151.01,71.15559139784945,1.0146938455070054,0.3519076939631993,232.26,404191008,259.71,227.92513978494625,1.0018481008733555,-0.13199710314037816,3811.15,3934.83,3687.4573978494623,1.0042784579570407
3.16,138867,15.2,3.104154838709677,1.0042733199284766,0.5477761877461225,83.05,96089000,151.01,72.14481720430106,1.013902291963545,0.33615023753046214,229.11,369832000,259.71,228.1263655913978,1.0008828591994785,-0.13412678033835368,3841.94,3934.83,3703.9919139784947,1.0044839883814456
3.085,2203460,15.2,3.110503225806452,1.0020451257835494,0.33531686435963126,86.95,92603000,151.01,73.33950537634408,1.0165595841577901,0.2894170962648712,242.19,329904992,259.71,229.16548387096773,1.004555011766729,-0.07927592502128378,3943.34,3934.83,3726.013182795699,1.0059452799381388
3.35,911186,15.2,3.132539784946237,1.0070845639885395,0.17358579399403484,84.55,104163000,151.01,74.32793548387096,1.013477458055583,0.3133970451891799,239.73,365302016,259.71,230.00294623655913,1.0036544000930914,-0.07327228049245038,3913.1,3943.34,3744.856623655914,1.0050572662885955
3.46,701245,15.2,3.1609634408602143,1.0090736775477107,0.23678871321472028,85.79,85042000,151.01,75.34516129032258,1.0136856459126644,0.24886074290763616,249.87,290219008,259.71,231.45703225806452,1.0063220321534918,-0.029762413199429627,3974.54,3943.34,3766.5543870967736,1.0057940171337394
3.6,369832,15.2,3.1974086021505377,1.011529763621817,0.61326186622545,86.28,57312000,151.01,76.34595698924731,1.0132828131466656,0.21194628043689945,250.9,217543008,259.71,232.92729032258066,1.0063521857606679,-0.05511997599900886,4019.87,3974.54,3790.1733763440857,1.0062707150408408
3.89,529147,15.2,3.2500043010752693,1.016449476894932,0.5480001364874818,86.76,62569000,151.01,77.3316989247312,1.0129115145628826,0.2738596541662519,252.17,269462016,259.71,234.42258064516133,1.0064195583115652,-0.09155792266685348,4128.8,4019.87,3819.5450322580646,1.007749422782952
4.05,333859,15.2,3.310406451612903,1.018585252492635,0.5458846003802068,88.29,91687000,151.01,78.36113978494623,1.0133120166054674,0.22336245975386593,258.78,266851008,259.71,236.27595698924728,1.007906134037878,-0.08503987358232079,4185.47,4128.8,3850.8785591397855,1.0082034709938206
4.29,296531,15.2,3.383539784946237,1.0220919498563996,0.5371680765887638,90.17,87323000,151.01,79.45769892473119,1.0139936599032933,0.31055284738744704,264.05,266535008,259.71,238.3861075268817,1.0089308728849227,-0.04122304021267831,4180.17,4185.47,3880.007784946237,1.0075643065235893
4.22,156914,15.2,3.4492537634408604,1.0194216656730304,0.394038435015831,92.17,93187000,151.01,80.61556989247312,1.014572168379036,0.28708095522357713,267.06,296096000,264.05,240.58574193548384,1.009227192102015,-0.06622568952750751,4181.17,4185.47,3907.305376344086,1.0070354475843475
3.92,144694,15.2,3.493204301075269,1.0127420423803684,0.46101597292933016,93.65,83920000,151.01,81.80559139784947,1.0147616832202964,0.35238974064701467,264.7,310403008,267.06,242.5444946236559,1.0081415992170364,-0.061120633857439044,4232.6,4185.47,3936.1302150537635,1.0073771655740529
3.9,229941,15.2,3.5332408602150536,1.0114612704236796,0.3045929532880287,90.9,84110000,151.01,82.75030107526882,1.0115482286879989,0.36707361673678784,262.08,280892992,267.06,244.25733333333332,1.0070619566621586,-0.026291910764361326,4173.85,4232.6,3959.540064516129,1.0059474275959759
4.05,83058,15.2,3.5808473118279567,1.0134738766748004,0.3411407190304818,90.81,73268000,151.01,83.62075268817205,1.0105190144518201,0.3030934703743513,264.46,278921984,267.06,246.04109677419356,1.007302804040794,-0.0013491499910109894,4155.86,4232.6,3980.3053118279568,1.0052443584288786
4.22,237117,15.2,3.6369483870967745,1.0156669833655039,0.4843590012222807,94.12,75086000,151.01,84.6395698924731,1.0121837841869268,0.39531278088835387,269.98,302603008,267.06,248.08703225806448,1.0083154217352095,-0.008933631022277622,4204.11,4232.6,4002.6985806451607,1.0056260178712069
4.87,2296064,15.2,3.7318451612903227,1.026092417074222,0.6711486639209727,96.9,58868000,151.01,85.7563870967742,1.0131949773104933,0.46613390738997684,278.18,234148992,269.98,250.5361505376344,1.0098720124839993,0.05492647536413542,4229.89,4232.6,4024.7461505376345,1.005508176408557
5.01,683564,15.2,3.831279569892473,1.026644837688756,0.4125976010550332,98.71,69988000,151.01,86.90230107526882,1.013362433018563,0.2375082459976836,283.61,269220992,278.18,253.21206451612903,1.0106807499546564,0.03667250037758052,4247.44,4232.6,4046.376623655914,1.0053743695401485
4.85,160189,15.2,3.917036559139785,1.0223833807172988,0.6126965077849127,92.55,82453000,151.01,87.58402150537634,1.0078446763971998,0.1231133548410015,276.12,335528000,283.61,255.29419354838709,1.0082228666167106,0.037189335396746515,4166.45,4247.44,4061.3576559139788,1.0037023326426122
5.3,197650,15.2,4.027890322580645,1.0283004158289513,0.663511548581714,95.52,74510000,151.01,88.40780645161288,1.0094056533609383,0.12014111969019536,279.71,265598000,283.61,257.5055483870968,1.0086619864242645,0.05208060410845783,4280.7,4247.44,4082.4001720430106,1.0051811531787629
5.1,116729,15.2,4.1212709677419355,1.0231835123806108,0.8241875857944738,94.39,82886000,151.01,89.10556989247313,1.007892554615549,0.06203268636931081,279.72,272868992,283.61,259.6056129032258,1.0081554146280844,0.03537046030489699,4352.34,4280.7,4106.683225806452,1.005948229654147
3.26,1063219,15.2,4.090995698924731,0.992653899960916,0.2235232852671255,95.25,68474000,151.01,89.81516129032258,1.007963490932225,0.05151545134044411,287.1,246350000,283.61,262.07660215053767,1.0095182427670892,0.08810016543833821,4369.55,4352.34,4130.67182795699,1.0058413568399414
3.05,319203,15.2,4.046096774193548,0.9890249396392706,0.23212422975892788,93.85,72272000,151.01,90.38333333333334,1.0063260148381203,0.04656823190276893,288.98,247254000,287.1,264.53350537634407,1.0093747522886272,0.11999244089535543,4327.16,4369.55,4150.40711827957,1.0047777434626999
2.98,624200,15.2,3.995886021505376,0.9875903233436182,0.18926686705904028,94.22,80301000,151.01,90.92494623655914,1.0059923979704126,0.04162703876996221,289.26,274329984,288.98,266.87006451612905,1.0088327531004468,0.10040757897227359,4411.8,4369.55,4174.274559139784,1.0057506264277294
2.7,215936,15.2,3.9269849462365594,0.982756996846757,0.06280348781693157,95.17,82208000,146.51,91.47718279569892,1.0060735428724152,0.0639938544896983,290.04,253316992,289.26,269.11643010752687,1.0084174506251602,0.10248823915389993,4395.26,4411.8,4195.550731182796,1.0050969747537153
3.12,45168244,15.2,3.885331182795698,0.9893929403827278,0.2357589129017701,98.32,118605000,144.19,92.18109677419356,1.0076949678267502,0.07712848712555798,292.06,289416992,290.04,271.3594838709677,1.0083348822758411,0.15514011829404994,4436.52,4411.8,4218.11423655914,1.0053779603256003
2.86,814431,15.2,3.82610752688172,0.9847571151267049,0.09472985477580553,98.24,63160000,143.8,92.82027956989248,1.0069339899183958,0.05894572906383089,292.08,223516000,292.06,273.4533333333333,1.0077161462444453,0.10555040623695011,4468.0,4436.52,4241.392924731183,1.0055187429421142
2.96,735969,15.2,3.773215053763441,0.9861759052126309,0.11577947867328298,95.75,69547000,143.8,93.24402150537635,1.0045651870199852,0.008615017534497227,293.68,238956000,292.08,275.5087311827957,1.0075164483255976,0.1243577368824118,4441.67,4468.0,4261.46806451613,1.0047331478458152
3.32,415032,15.2,3.7431612903225804,0.9920349720297854,0.3319048570746135,98.17,69382000,143.8,93.77769892473118,1.0057234491899736,0.0681233217866617,292.67,221778000,293.68,277.36058064516135,1.0067215636122144,0.06407046669741878,4509.37,4468.0,4284.620193548388,1.0054328998086455
3.22,372476,15.2,3.7053440860215052,0.9898969877683748,-0.22550576653174137,99.52,72173000,142.4,94.34417204301076,1.0060405952030689,0.027420031568874403,304.36,273968000,293.68,279.82965591397846,1.0089020410293124,0.12158870672740152,4535.43,4509.37,4307.743655913979,1.005396852304531
3.18,92142,14.24,3.6680430107526885,0.9899331683096487,-0.07315413675112237,94.24,57444000,142.4,94.51862365591397,1.0018490979265118,-0.07190601148477649,292.52,200632000,304.36,281.3883225806452,1.005570055330897,0.09144175850414626,4458.58,4535.43,4324.514215053764,1.0038931191081348
3.13,112393,14.24,3.628849462365592,0.989314861283741,-0.05877865343265254,95.72,94201000,142.4,94.76172043010752,1.0025719457688944,-0.0544236670240652,291.8,289695008,304.36,282.7851827956989,1.004964172650247,0.09635598098872489,4432.99,4535.43,4338.507462365591,1.0032357963498226
3.07,254808,14.24,3.587290322580645,0.988547571285072,0.03530718948183942,95.78,72837000,138.46,94.97778494623655,1.0022800822436355,-0.08231711230353023,287.4,262375008,304.36,283.7803870967742,1.0035192943676765,0.06834189933653079,4455.48,4535.43,4352.819892473119,1.0032989294663386
2.91,92477,14.24,3.5359462365591394,0.9856872231114627,-0.003005197298129425,95.65,80865000,131.52,95.15780645161293,1.0018954064413934,-0.07472561350466655,280.99,266582000,304.36,284.24346236559137,1.0016318085740692,0.09236595422945415,4357.05,4535.43,4359.396344086021,1.0015108485476907
2.89,104483,14.24,3.483849462365592,0.9852665253631674,0.002707169174573143,95.73,67232000,131.52,95.31589247311828,1.001661303758465,-0.05034989685005087,278.84,233703008,304.36,284.4562580645162,1.0007486388504905,0.03771312293955842,4391.36,4535.43,4367.078580645161,1.0017622248478422
2.75,162843,14.24,3.4231397849462364,0.982573966505966,-0.09337161489598278,99.65,70894000,131.35,95.70799999999998,1.004113768614109,-0.025470355312746662,288.65,229264992,304.36,285.2231397849463,1.0026959565792226,0.06139596484512433,4471.37,4535.43,4378.959268817204,1.0027205116538773
2.6,214784,14.24,3.354043010752688,0.9798147962004322,-0.15476338111329002,101.69,64114000,126.35,96.19924731182796,1.0051327716787308,-0.007043751339109949,297.94,207486000,304.36,286.4841720430108,1.0044212130159402,0.04887663848406487,4544.9,4535.43,4394.383247311828,1.0035222932089045
2.51,148549,14.24,3.2809892473118283,0.9782191930137277,-0.27417817225509533,101.67,129386000,126.35,96.65501075268816,1.004737702774148,-0.012659543861847089,298.83,295719008,304.36,287.69924731182795,1.0042413347311723,0.04537831984424057,4605.38,4544.9,4412.482580645161,1.0041187425662985
2.67,258578,14.24,3.2206021505376343,0.9815948507531166,-0.30082070843991393,110.1,89300000,126.35,97.62154838709678,1.0099998709521818,0.0743477185114807,301.26,261527008,304.36,288.9680215053763,1.0044100712998154,0.056923216978467694,4697.53,4605.38,4435.267913978494,1.0051638353051586
2.57,154977,14.24,3.1563870967741936,0.9800611653467595,-0.3249940195741938,108.01,54559000,126.35,98.40305376344087,1.0080054597499848,0.059663687082677,301.14,196108992,304.36,290.1234838709678,1.003998582125358,0.04485624447653658,4682.85,4697.53,4455.883075268817,1.004648008122655
2.43,221106,14.24,3.086322580645161,0.977802305616875,-0.3853277496738785,108.66,93379000,126.35,99.18408602150541,1.0079370733752038,0.06523511093113532,300.97,275248992,304.36,291.1768817204301,1.0036308603337014,0.015953835367432667,4697.96,4697.53,4476.403440860216,1.0046052298152282
2.39,154692,14.24,3.017677419354839,0.9777582674860991,-0.43788139668910575,105.4,53897000,126.35,99.71503225806451,1.005353139378065,0.026336985646616018,298.36,173336000,304.36,291.98249462365595,1.002766747478254,0.018318321612194044,4594.62,4697.96,4489.143182795699,1.0028459771563922
2.0,360465,14.24,2.9278064516129034,0.9702184974558515,-0.4719521216558371,101.46,104810000,126.35,99.96333333333332,1.0024901067536758,-0.044447218955224965,298.54,365657984,304.36,292.73240860215054,1.0025683525290143,0.055587017108520875,4538.43,4697.96,4497.368623655913,1.0018322963927142
1.89,258979,14.24,2.834967741935484,0.9682906943434476,-0.5177280724524818,103.0,84512000,126.35,100.29419354838709,1.0033098157496458,-0.03721635899853748,306.72,255542000,304.36,293.9372903225807,1.004115983352112,0.0413911603209256,4712.02,4697.96,4516.135720430108,1.0041729060578848
1.8,154463,14.24,2.7406451612903227,0.9667288698739247,-0.5212239266293321,102.56,105615000,126.35,100.57064516129033,1.0027564069575958,-0.04904804718577127,311.65,346624000,306.72,295.3642365591398,1.0048545941040454,0.06660182229481926,4620.64,4712.02,4527.849978494624,1.002593867587177
2.0,138017,14.24,2.6640645161290326,0.9720574387947271,-0.4986627707145912,105.26,51854000,126.35,100.99602150537635,1.0042296272774607,-0.04172639127980604,313.2,179860000,311.65,296.78969892473117,1.004826117007927,0.03600021617062721,4725.78,4712.02,4545.347935483872,1.0038645178334873
1.94,166956,14.24,2.588387096774194,0.9715932482503088,-0.5456695196381158,108.64,45915000,126.35,101.61550537634409,1.0061337452875285,-0.04625376015900495,324.75,158679008,313.2,298.86737634408604,1.0070005038142573,0.04062378797185695,4766.18,4725.78,4564.33047311828,1.0041762562302916
1.88,78683,14.24,2.515139784946237,0.9717015619807244,-0.6372551303469387,108.95,70555000,123.73,102.22974193548387,1.0060447129290446,0.015271666891390367,308.7,289601984,324.75,299.8094193548387,1.00315204363312,-0.012672011986516907,4677.02,4766.18,4576.407440860215,1.002645945076296
1.71,173541,14.24,2.437655913978494,0.969193016057595,-0.6668132621298226,107.89,76149000,123.73,102.75356989247311,1.0051240269912822,0.06988412714177095,302.59,242055008,324.75,300.30331182795703,1.0016473547568356,-0.02327807834360307,4662.85,4766.18,4586.646387096775,1.0022373327482037
1.64,124133,14.24,2.3624086021505377,0.9691312824765553,-0.7397950387893881,101.43,69587000,123.73,102.82763440860215,1.0007207974983892,0.010926237044864617,293.96,234492992,324.75,300.18350537634404,0.9996010485169686,0.023559914306655383,4397.93,4766.18,4578.7261935483875,0.9982732059810261
1.7,112784,14.24,2.298903225806451,0.9731183774533005,-0.7206639954207213,102.65,105778000,123.73,102.9676989247312,1.0013621291293398,0.038817721358245016,293.34,350472000,324.75,299.99305376344086,0.9993655493739924,0.030423214875715976,4431.85,4766.18,4572.742279569893,0.9986931050852252
1.9,107258,14.24,2.255612903225806,0.981169140964836,-0.5389837923045511,101.23,80178000,123.73,102.9983870967742,1.0002980368830563,0.04334641555385543,292.68,300987008,324.75,299.7307311827957,0.9991255711512174,-0.010542178668857982,4500.54,4766.18,4571.018989247312,0.9996231385419903
1.91,54574,14.24,2.21589247311828,0.9823904048204721,-0.5162271422030296,99.75,98527000,123.67,102.92073118279569,0.9992460472812498,0.07802303422546253,284.6,309852992,324.75,298.9351182795699,0.9973455744758433,-0.036297645116605826,4418.64,4766.18,4563.730129032258,0.9984054189597114
2.01,68861,14.24,2.1850752688172044,0.9860926445326526,-0.4381421172893809,99.14,93853000,123.67,102.79103225806452,0.9987398173017172,0.08606319644533766,279.47,328011008,324.75,297.8179569892473,0.9962628636717156,-0.01958096453046243,4348.87,4766.18,4551.743247311828,0.9973734464173997
1.99,44823,14.24,2.15505376344086,0.9862606538983917,-0.36860106595502495,99.69,82944000,119.74,102.68623655913977,0.998980497650207,0.057975271102454484,287.0,279092000,324.75,297.2076559139785,0.9979507579682616,-0.008060523253485052,4384.62,4766.18,4542.198150537634,0.9979029799671081
1.97,289290,14.24,2.1252688172043013,0.9861790240494963,-0.4649383167717014,98.59,145400000,116.69,102.50075268817206,0.9981936832317261,0.0031570095470090376,291.94,399432992,324.75,296.9226021505376,0.9990408936049636,0.023853639149951422,4328.87,4766.18,4529.079161290323,0.997111753205712
2.05,53652,14.24,2.1031182795698924,0.9895775360485706,-0.3445583090744381,95.95,84050000,116.69,102.14436559139784,0.9965230782464748,-0.00485641232556866,286.69,291195008,324.75,296.2990967741936,0.9979001080691462,0.04056360921462987,4204.31,4766.18,4508.155548387097,0.9953801618037373
2.0,71578,13.84,2.0794838709677417,0.9887622066567819,-0.3614671814671815,96.94,89469000,116.69,101.85677419354838,0.997184461461145,0.009942499713725184,294.41,327436000,324.75,296.185247311828,0.9996157616961879,-0.002336811732454702,4463.09,4766.18,4504.4944946236565,0.9991879042938635
2.18,127754,13.84,2.0695268817204298,0.9952117977992885,-0.4491203775592546,97.87,71733000,116.69,101.62662365591399,0.9977404493765231,-0.012554676259771469,295.45,250032992,324.75,296.1369247311828,0.999836850143335,0.002032077915860464,4543.04,4766.18,4505.945440860215,1.0003221107803084
2.28,101854,13.74,2.06847311827957,0.9994908191576697,-0.3914186916115988,100.81,77234000,116.69,101.58679569892475,0.999608095245552,-0.0007715177153133634,308.54,289728992,324.75,296.9271397849463,1.002668411088826,0.011434064668872868,4545.86,4766.18,4507.505913978494,1.0003463142505298
2.29,66650,13.74,2.0700860215053765,1.000779755468685,-0.3799155105533891,99.31,65689000,116.69,101.4474193548387,0.9986280072806005,-0.008931941907763807,310.87,245392992,324.75,297.858688172043,1.003137296199234,0.056069439760952244,4488.28,4766.18,4505.329118279569,0.99951707313524
2.33,34224,13.74,2.076193548387097,1.0029503734715715,-0.4189527162583304,100.29,46476000,116.69,101.36036559139785,0.999141882918319,0.0022327945885118883,305.08,187186000,324.75,298.37722580645163,1.0017408847047267,0.05462411145114121,4392.59,4766.18,4496.914903225807,0.9981323861514084
2.36,170878,13.35,2.085956989247312,1.0047025677677304,-0.4114846672140794,100.3,61482000,114.28,101.26412903225808,0.9990505503943453,-0.0274779697674723,308.86,260532000,324.75,299.1110752688171,1.002459468749272,0.11589957584170296,4271.78,4766.18,4480.793376344086,0.9964149806637086
2.22,122982,12.03,2.088215053763441,1.001082507706424,-0.3486030273328372,95.53,86929000,114.28,100.85043010752689,0.9959146547875861,-0.03823097882185533,291.38,316884000,324.75,298.6710322580645,0.9985288307684457,0.08864439122118761,4131.93,4766.18,4456.044322580645,0.9944766357908621
2.31,46905,12.03,2.097763440860215,1.004572511379786,-0.3265090349865436,93.8,84947000,114.28,100.32537634408602,0.9947937379852416,-0.025683749615990736,280.38,337355008,324.75,297.4989677419355,0.996075734204058,0.06655636443703394,4123.34,4766.18,4431.225204301075,0.9944302353201917
2.045,166208,12.03,2.091462365591398,0.9969962889303509,-0.3953456540411735,92.84,105585000,114.28,99.7425376344086,0.9941905155912054,-0.0021344409225813044,269.54,403952992,324.75,295.6242365591398,0.9936983607135675,0.03387196403754544,4023.89,4766.18,4400.566344086023,0.9930811775972718
1.99,87135,12.03,2.0831290322580647,0.9960155470782392,-0.3805403793775888,89.35,88484000,114.28,98.94918279569893,0.9920459729867953,-0.01011874946088831,264.8,330036992,324.75,293.4847956989247,0.9927629720583242,0.030365625637407856,3901.36,4766.18,4362.964645161291,0.9914552591678875
2.31,27610,12.03,2.0967526881720433,1.0065399961802706,-0.0939959957125811,93.52,79338000,114.28,98.45139784946235,0.9949692869392933,-0.017818167947549868,280.2,321641984,324.75,292.41017204301073,0.9963384009268529,0.034747655571584435,4158.24,4766.18,4343.319806451613,0.9954973646803522
2.6,63922,12.03,2.129516129032258,1.0156258012902695,-0.04210301169385844,90.71,64038000,114.28,97.78984946236562,0.9932804571438562,-0.08549322636027679,273.96,297905984,324.75,290.9730322580645,0.9950851922321812,0.034763515473294704,4108.54,4766.18,4321.430107526882,0.9949601457179793
2.37,113014,12.03,2.147591397849462,1.0084879699058293,-0.05733520541034798,85.19,74101000,114.28,96.81387096774192,0.9900196339396217,-0.06503246186849032,257.1,323792992,324.75,288.5068602150538,0.9915243965261239,0.0207459158321478,3900.86,4766.18,4287.408344086021,0.9921271980352978
2.34,173456,12.03,2.16416129032258,1.0077155703313538,-0.05793547453703729,81.12,119954000,114.28,95.62438709677419,0.9877137040480071,-0.06153831674053256,243.21,621803008,324.75,285.23926881720433,0.9886741292896336,0.02586681677973568,3674.84,4766.18,4240.486344086022,0.9890558593363931
2.23,498043,12.03,2.1738279569892476,1.0044667034337476,-0.06076467393561713,85.71,79338000,114.28,94.79025806451614,0.9912770261061764,-0.06484539263724565,261.97,382420992,324.75,283.3062150537634,0.9932230447390478,0.026659250139771218,3911.74,4766.18,4211.0484731182805,0.993057902188791
