95.93,2974506,119.7,103.22193548387098,0.9976995926115082,0.041068027702087395,2251.9,702780032,2393.5,2246.469247311828,1.0016894146635593,0.04991394357475576,1223.9,22925640,1327.2,1262.2305376344084,0.9987413151682495,0.010781769912229455,2781.01,2929.67,2809.5529892473123,0.9999522848938107
96.6,8560240,119.7,103.0025806451613,0.9978749203095116,0.04082674970083877,2224.6,739089984,2393.5,2247.9193548387093,1.0006455051760075,-0.004636216234863877,1193.8,22925640,1327.2,1258.554193548387,0.9970874226407869,0.009095117431317634,2736.27,2929.67,2806.2642795698926,0.9988294544754962
88.4,3806129,119.7,102.22924731182798,0.9924920974941646,-0.011807426649725228,2118.3,573379968,2393.5,2242.0713978494623,0.9973985023187513,-0.014680530698693017,1121.2,22925640,1327.2,1250.1098924731182,0.9932904748015173,-0.00918553353132967,2632.56,2929.67,2796.142387096774,0.996393107895501
94.18,7888618,119.7,101.81430107526883,0.9959410222859859,0.01179945795020032,2285.0,765870016,2393.5,2246.7698924731185,1.002095604371994,0.04268133185248013,1189.9,22925640,1327.2,1246.1550537634407,0.9968364071562913,-0.03185139218834143,2760.17,2929.67,2794.333720430108,0.9993531564504681
89.42,4106896,119.7,101.0696129032258,0.9926858195344042,-0.08101786376011777,2169.6,691529984,2393.5,2243.4806451612903,0.9985360105977709,-0.03998850162917367,1129.6,22925640,1327.2,1238.2984946236559,0.9936953598863498,-0.04355813072196768,2633.08,2929.67,2784.117634408602,0.9963439993058762
87.2,5634516,119.7,100.17595698924731,0.9911580158634409,-0.11646228246673018,2181.0,741609984,2393.5,2240.7580645161293,0.9987864479013745,-0.03663193595728531,1129.3,22925640,1327.2,1230.6288172043012,0.9938062773615132,-0.022405171856549222,2599.95,2929.67,2771.9676559139784,0.9956359679833698
82.1,3998319,119.7,98.95660215053765,0.9878278693275618,-0.1146840104327026,2011.7,1159480064,2393.5,2226.8625806451614,0.9937987576209087,-0.042637492619696404,1039.7,22925640,1327.2,1217.3447311827956,0.9892054486001036,-0.03748909375820486,2416.62,2929.67,2748.2329892473126,0.9914376105305457
89.42,1850435,119.7,98.21735483870968,0.9925295806872655,-0.0894363553594566,2083.3,591180032,2393.5,2217.7634408602153,0.9959139194919203,-0.01094475956155383,1078.1,22925640,1327.2,1206.9309677419355,0.9914455099084859,-0.04485003597806703,2485.74,2929.67,2729.6129677419353,0.9932247296432909
91.89,2278044,119.7,97.63870967741936,0.99410852428025,-0.15512361949330455,2117.8,550780032,2393.5,2211.0070967741935,0.9969535325718053,0.013726050737059792,1079.3,22925640,1327.2,1196.9591397849463,0.991737863868349,-0.051840806424315766,2531.94,2929.67,2714.508817204301,0.9944665596492498
101.29,2430354,119.7,97.68019354838707,1.0004248711510504,-0.15058669603379415,2179.2,647100032,2393.5,2208.3017204301077,0.9987764054000401,-0.005933225255850827,1115.5,22925640,1327.2,1189.703010752688,0.9939378640497604,-0.05038636029352006,2596.26,2929.67,2704.085720430108,0.996160227328004
104.29,2083480,119.7,97.92051612903225,1.0024603000046897,-0.09676075949515472,2262.4,672350016,2393.5,2210.9103225806452,1.0011812707142345,0.05355795348044867,1146.6,22925640,1327.2,1184.7692473118282,0.9958529453180602,-0.04914836571726211,2670.71,2929.67,2698.860258064516,0.9980675677822962
106.52,1928063,119.7,98.29967741935484,1.0038721332904634,-0.07844549849873439,2259.0,504670016,2393.5,2212.991612903226,1.0009413725655554,0.06487482668723499,1158.0,22925640,1327.2,1180.784516129032,0.9966367027234736,-0.030007820290878895,2664.76,2929.67,2693.4319354838713,0.9979886611155859
110.11,2454922,119.7,98.89707526881723,1.0060773124098246,-0.06062821044170663,2250.7,684809984,2393.5,2214.1636559139783,1.00052961927371,0.017778351120864455,1170.2,22925640,1327.2,1177.7172043010753,0.9974023102555475,-0.04212804912323265,2706.53,2929.67,2690.8137419354844,0.9990279340220578
111.01,2650744,119.7,99.5421935483871,1.0065231279875198,-0.054107227537438574,2313.5,906019968,2393.5,2219.1675268817207,1.0022599372699381,-0.01918028863320953,1190.8,22925640,1327.2,1176.1436559139786,0.9986638996345217,-0.033199444054434646,2707.88,2929.67,2688.397247311828,0.9991019465279234
121.4,3472790,119.7,100.84836559139787,1.0131217928443161,0.10380822560410663,2367.6,687910016,2393.5,2227.4993548387097,1.003754483542167,-0.025753191558582467,1219.9,22925640,1327.2,1176.6301075268818,1.0004135988069631,-0.0353524352669482,2775.6,2929.67,2690.5507096774195,1.0008010208936737
111.96,11149177,121.4,101.50883870967742,1.0065491702756548,0.03486724332663793,2413.4,485889984,2393.5,2238.5197849462365,1.0049474448033342,-0.008383029360665262,1236.9,22925640,1327.2,1178.3361290322582,1.0014499216826622,-0.01084506804270946,2792.67,2929.67,2693.861870967742,1.001230663030588
109.1,3905291,121.4,101.96219354838708,1.0044661612178056,0.06307865258658718,2443.8,677870016,2413.4,2251.134623655914,1.0056353483201312,0.05590256717003017,1249.0,22925640,1327.2,1180.8774193548388,1.002156676910745,-0.009096115421285855,2803.69,2929.67,2697.9402365591395,1.001513947554383
105.98,2825623,121.4,102.19221505376345,1.002255948968646,-0.017873143246528,2382.9,635990016,2443.8,2259.374838709677,1.0036604719092193,-0.008644004825187901,1222.1,22925640,1327.2,1181.7436559139785,1.0007335533264858,-0.01436365214222679,2743.07,2929.67,2698.18647311828,1.0000912683519834
107.25,2585724,121.4,102.50464516129033,1.0030572789459795,-0.021832686978431992,2472.8,811160000,2443.8,2273.159784946237,1.0061012214531133,0.05052039401121955,1281.6,22925640,1327.2,1186.5759139784948,1.004089091606571,0.011577484477864664,2822.48,2929.67,2703.749935483871,1.0020619265647572
117.98,4927166,121.4,103.4985806451613,1.0096964921180598,-0.008428177334992126,2482.3,638129984,2472.8,2287.0563440860215,1.0061133226233427,0.0038516822608785084,1286.8,22925640,1327.2,1191.738494623656,1.0043508220454698,0.014972341185795601,2800.71,2929.67,2707.9683440860217,1.0015602066399665
120.83,3317141,121.4,104.65245161290322,1.0111486646536525,-0.08456096184811934,2508.0,509750016,2482.3,2302.221505376345,1.0066308647487143,-0.009765716127193791,1299.2,22925640,1327.2,1197.731182795699,1.0050285261398184,0.002035656445688927,2834.4,2929.67,2714.519397849463,1.002419176641318
120.11,3484099,121.4,105.73894623655916,1.0103819318793863,-0.0441134062733739,2532.8,617070016,2508.0,2318.650322580645,1.0071360714709399,0.004724462369434912,1332.2,22925640,1327.2,1205.9131182795697,1.0068311951808526,0.02674222779059665,2892.74,2929.67,2724.9786666666664,1.0038530831002679
125.02,2170208,121.4,107.11670967741935,1.0130298578707022,-0.07813650376169523,2566.5,539520000,2532.8,2336.737419354839,1.007800700518767,-0.02588900759897217,1347.6,22925640,1332.2,1214.9941935483869,1.007530455661493,0.02637594540116761,2907.41,2929.67,2736.3390967741934,1.0041689978150998
122.75,2016556,125.02,108.32851612903228,1.0113129543958386,-0.07451164531996524,2573.1,392240000,2566.5,2354.862365591398,1.0077565181635013,0.016587371664896544,1365.4,22925640,1347.6,1225.14688172043,1.008356161886167,0.049746684170000166,2905.03,2929.67,2747.540752688172,1.0040936651189114
133.52,1998423,125.02,110.2152688172043,1.0174169531310175,-0.05477069548569036,2691.3,701680000,2573.1,2380.170537634409,1.0107471979733538,0.020635503645220155,1378.9,22925640,1365.4,1236.0539784946236,1.0089026850061253,0.034073767176143965,2939.88,2929.67,2761.043784946237,1.0049145885260677
141.4,4065944,133.52,112.58068817204303,1.0214618117818308,0.18022944855013412,2673.0,554969984,2691.3,2403.6576344086025,1.0098678209829186,0.00485758686489457,1383.6,22925640,1378.9,1247.1421505376345,1.0089706212155194,0.0496661814916588,2945.64,2939.88,2774.8627311827954,1.0050049717834617
143.36,3361779,141.4,115.00346236559139,1.0215203356178277,0.3227594091677466,2633.5,614030016,2691.3,2423.8438709677416,1.0083981330245086,0.005508513583426966,1334.2,22925640,1383.6,1254.847311827957,1.0061782542487243,0.03198903672179321,2881.4,2945.64,2784.407978494624,1.0034398989198863
139.24,6676471,143.36,117.06182795698925,1.0178982923562283,0.31581392515413476,2640.7,638280000,2691.3,2443.6425806451607,1.0081683106385537,0.04435580093625169,1320.2,22925640,1383.6,1261.4533333333334,1.005264402643341,0.04140709466483283,2859.53,2945.64,2792.2965161290326,1.002833111273684
134.79,2602369,143.36,118.73795698924731,1.0143183227317611,0.32523246427715136,2597.2,572910016,2691.3,2459.7086021505374,1.00657462004985,0.035591356795510176,1283.3,22925640,1383.6,1265.4817204301075,1.0031934491671834,0.010669629597130692,2826.06,2945.64,2797.828387096774,1.001981118744298
137.34,2176689,143.36,120.49167741935484,1.014769669906535,0.24946892958076883,2536.9,572060032,2691.3,2470.9490322580646,1.0045698218470673,0.016551530519010704,1258.6,22925640,1383.6,1267.7273118279568,1.0017744953258478,0.032100837676089844,2752.06,2945.64,2798.2261290322585,1.0001421609478691
144.78,2566907,143.36,122.64868817204302,1.0179017405922652,0.4318433599077034,2666.0,807120000,2691.3,2489.7795698924733,1.0076207713670244,0.05506499840365464,1333.7,22925640,1383.6,1274.7070967741936,1.0055057462918997,0.0565130435795298,2873.34,2945.64,2806.386021505376,1.0029160947317504
142.94,2297451,144.78,124.58193548387096,1.0157624785119277,0.38415264517056147,2663.1,633289984,2691.3,2507.53247311828,1.0071303112293484,0.0713809678638766,1331.1,22925640,1383.6,1281.2830107526881,1.0051587647037783,0.059932260659775194,2886.98,2945.64,2815.2273548387097,1.0031504337840849
148.12,2332354,144.78,126.74972043010752,1.0174004757416633,0.6803988636388489,2770.5,821929984,2691.3,2531.271397849462,1.0094670457853179,0.15535519891204563,1375.3,2229939968,1383.6,1290.4152688172042,1.0071274324156934,0.1058751980101631,2950.46,2945.64,2827.840064516129,1.0044801744540246
142.1,2161622,148.12,128.40068817204303,1.0130254152540392,0.4538256991699521,2724.4,707900032,2770.5,2550.633548387097,1.0076491799947191,0.10119265236204011,1372.6,2179950080,1383.6,1298.82688172043,1.006518531752136,0.08775288846659302,2941.76,2950.46,2839.2078279569896,1.0040199456763852
143.71,1406360,148.12,130.05247311827958,1.0128642997927186,0.5463434334848325,2804.2,456340000,2770.5,2574.1991397849465,1.0092391129304918,0.17786274858792273,1403.2,1289410048,1383.6,1308.8197849462367,1.0076937915025057,0.10650163956677439,2990.41,2950.46,2853.323784946237,1.0049717941921161
143.48,1973141,148.12,131.57266666666666,1.0116890783538157,0.5835542351427405,2849.9,598990016,2804.2,2599.3483870967743,1.0097697365068379,0.17370122779752606,1424.5,1726429952,1403.2,1319.598494623656,1.008235442191044,0.10223626847499112,3013.77,2990.41,2868.1783870967743,1.0052060695771394
145.84,3071796,148.12,133.12408602150538,1.0117913499372113,0.6810995467671368,2799.8,589580032,2849.9,2619.8268817204307,1.0078783185529543,0.20942543505205813,1415.1,1659769984,1424.5,1329.1359139784947,1.0072275160919753,0.12934121734703496,2976.61,3013.77,2879.745634408602,1.004032959513211
149.14,4232732,148.12,134.75133333333335,1.0122235379070703,0.6171271694789795,2875.1,802230016,2849.9,2643.468602150537,1.009024153693156,0.18740237441302954,1449.3,1666680064,1424.5,1340.0724731182797,1.0082283226453859,0.12702202589057277,3025.86,3013.77,2893.2860215053765,1.0047019385792229
148.59,3146679,149.14,136.21466666666666,1.0108595091205033,0.5987894299564644,2742.8,754179968,2875.1,2656.872043010753,1.0050703991147507,0.06869753711387716,1386.1,2336169984,1449.3,1346.1333333333334,1.0045227853990242,0.12623324389074653,2932.05,3025.86,2899.612602150538,1.002186641969766
148.43,1918185,149.14,137.54574193548387,1.0097718938891838,0.43084619104555144,2746.8,781169984,2875.1,2669.1894623655917,1.0046360604332607,0.060079529161432665,1374.8,2368470016,1449.3,1350.805376344086,1.0034707134093348,0.10827704084615353,2918.65,3025.86,2904.214215053764,1.0015869750668807
143.8,1999008,149.14,138.4767311827957,1.0067685791956287,0.38274535645851004,2708.4,612150016,2875.1,2677.808817204301,1.0032292030821484,0.018153604247903354,1370.6,2193420032,1449.3,1354.648817204301,1.0028452957972502,0.11374519410584738,2888.68,3025.86,2906.1889677419354,1.0006799610985773
147.38,1565850,149.14,139.55372043010755,1.0077774022979367,0.40207779488187,2680.4,612230016,2875.1,2683.662580645161,1.0021860273979424,0.02834595684384089,1351.1,1796480000,1449.3,1356.7524731182796,1.0015529160674426,0.09832284487553666,2847.11,3025.86,2905.0130322580644,0.9995953685404069
140.25,2002498,149.14,140.0828387096774,1.0037915024976696,0.2630596070596072,2739.5,577619968,2875.1,2692.4230107526887,1.0032643560225152,0.07121355820621034,1393.3,1537990016,1449.3,1361.1634408602151,1.0032511219469515,0.10939214165113742,2926.46,3025.86,2908.564301075269,1.0012224622670434
134.81,1706392,149.14,140.19617204301076,1.000809045093441,0.22027367031306289,2762.1,498432992,2875.1,2701.590322580645,1.0034048556973942,0.04756501189178963,1426.8,1324349952,1449.3,1367.2559139784946,1.0044759306159656,0.09817058309410842,2978.71,3025.86,2915.0135698924737,1.0022173375416938
123.81,3375252,149.14,139.54864516129035,0.9953812798717375,-0.07609269376364503,2717.5,749473024,2875.1,2706.915483870968,1.0019711209526527,0.05022243735395082,1421.3,1936230016,1449.3,1372.4860215053764,1.0038252586610965,0.08158562789167334,3007.39,3025.86,2922.730731182796,1.0026473843449746
121.77,2259062,149.14,138.76432258064514,0.9943795758121572,-0.018782346130461702,2755.7,741662016,2875.1,2713.952688172043,1.002599713342735,0.023619881862685377,1410.3,1890029952,1449.3,1376.5733333333333,1.002978035305215,0.06878797876816978,2992.07,3025.86,2928.961032258065,1.0021316712514081
115.1,3192464,149.14,137.5285806451613,0.9910946710760925,-0.0950242447681724,2703.1,643958016,2875.1,2716.8602150537636,1.0010713255593555,-0.027946136549263922,1398.8,1799879936,1449.3,1379.5458064516129,1.0021593278369572,0.06354597697182673,2961.79,3025.86,2932.808967741935,1.0013137544137634
123.5,3277432,149.14,136.82187096774194,0.9948613613686399,0.003455393648646332,2729.8,702580992,2875.1,2720.932688172043,1.001498963066158,0.012508598507149804,1414.4,1780290048,1449.3,1383.202580645161,1.0026507087886802,0.08118196829908775,2952.01,3025.86,2935.6859354838707,1.0009809598148327
125.87,2210498,149.14,136.2303870967742,0.9956769786381068,0.07442941844368134,2762.4,568273984,2875.1,2726.362365591398,1.0019955206694227,0.014765590339745449,1432.1,1607619968,1449.3,1387.5877419354838,1.0031702957698918,0.06506958304542709,2970.27,3025.86,2939.291634408602,1.001228230472868
118.55,1998857,149.14,135.12660215053762,0.9918976597676957,-0.056290458730131165,2681.3,632979008,2875.1,2725.936989247312,0.9998439765933338,-0.03173374586055577,1419.8,1468620032,1449.3,1390.855698924731,1.0023551353838633,0.037127530432253586,2986.2,3025.86,2943.607247311829,1.0014682493062976
120.72,1709753,149.14,134.16159139784946,0.9928584694846905,-0.032851840319540915,2738.1,842929024,2875.1,2728.7481720430105,1.0010312721118602,0.0029159604224584523,1455.2,1640029952,1449.3,1396.121505376344,1.0037860192510868,0.053692999726095536,3022.55,3025.86,2949.86911827957,1.0021272780101556
126.58,1773960,149.14,133.5748817204301,0.995626843187336,0.036909200277568166,2807.4,617931008,2875.1,2735.5354838709677,1.0024873353640675,0.03754724764304651,1485.1,1804630016,1455.2,1402.980860215054,1.0049131503327577,0.05456320498584444,3066.91,3025.86,2958.588301075269,1.002955786323423
128.1,2489175,149.14,133.07232258064516,0.9962376224233775,-0.007737399111473975,2852.3,565267008,2875.1,2744.629032258065,1.0033242297315146,0.08291852312892645,1509.6,1818480000,1485.1,1411.0920430107526,1.0057813923380645,0.05635275110583282,3093.08,3066.91,2968.621311827956,1.0033911479840032
130.37,5135311,149.14,132.70959139784947,0.9972741801167867,0.05160061069055666,2920.3,505433984,2875.1,2757.495053763441,1.0046877087410209,0.05192714646231256,1529.4,1736329984,1509.6,1420.1322580645162,1.0064065381833456,0.045953740839908885,3120.46,3093.08,2980.0214838709676,1.003840224415822
120.9,3298660,149.14,131.71950537634407,0.992539453922835,-0.08370973762175893,2936.4,658880000,2920.3,2770.6531182795698,1.0047717454644827,0.03546331245795553,1516.7,1759160064,1529.4,1428.000430107527,1.0055404501928111,0.04196977963196935,3110.29,3120.46,2990.30223655914,1.0034498921379646
120.89,3582488,149.14,130.75591397849462,0.9926845200709165,-0.1762364431269764,2975.7,433142016,2936.4,2785.8195698924733,1.0054739626237734,0.05341334699471312,1543.0,1210589952,1529.4,1437.2690322580645,1.0064906157975313,0.04889174672471963,3140.98,3120.46,3002.1965161290314,1.0039776178556379
119.86,2157602,149.14,129.76997849462364,0.9924597255001932,-0.1723263524159664,2948.8,620979008,2975.7,2798.599569892473,1.0045875189255322,0.05507470793242808,1536.8,1620630016,1543.0,1445.7948387096774,1.0059319488977079,0.060052171232032325,3145.91,3140.98,3013.9887741935486,1.0039278768065862
119.08,1666075,149.14,128.78425806451614,0.9924040949875911,-0.132290319811191,2985.9,623864000,2975.7,2813.0950537634412,1.0051795490955233,0.10722364320954192,1566.9,1800710016,1543.0,1455.82688172043,1.0069387735674211,0.0787114892018852,3168.8,3145.91,3026.6889677419354,1.0042137494529273
117.29,2158738,149.14,127.72640860215054,0.9917858791263475,-0.15999938709583517,3044.9,713427008,2985.9,2830.6546236559143,1.0062420819619946,0.1244484300612454,1597.0,2230720000,1566.9,1467.2703225806451,1.0078604406910605,0.10462072784783993,3221.22,3168.8,3042.106,1.0050936955935603
121.82,2468597,149.14,126.99845161290322,0.9943006540525633,-0.13881530034995437,3068.3,326804000,3044.9,2848.7610752688174,1.006396559813969,0.14713485607839694,1614.7,915790016,1597.0,1479.181075268817,1.0081176266601122,0.10562623728084075,3240.02,3221.22,3057.8861290322575,1.0051872383908573
128.92,2280776,149.14,126.76193548387097,0.9981376455694659,-0.15866928016240034,3075.2,446115008,3068.3,2866.169892473118,1.00611101343508,0.11850698842344132,1621.7,1195389952,1614.7,1490.7776344086024,1.0078398509375721,0.09012536300163054,3234.85,3240.02,3072.2833333333333,1.004708221200386
140.26,3480786,149.14,127.29113978494625,1.0041747887412356,0.03023046632952886,3155.4,787203968,3075.2,2887.872903225806,1.0075721299039817,0.152351676718526,1656.8,1793580032,1621.7,1504.0193548387097,1.0088824249334545,0.11362401538472455,3265.35,3240.02,3087.870838709677,1.005073589797928
140.27,2431504,149.14,127.82675268817205,1.0042077783585779,-0.10175910426380719,3249.6,757361984,3155.4,2914.5946236559143,1.009253080494041,0.1243182594417176,1705.8,1797890048,1656.8,1519.7219354838708,1.0104404112850296,0.11180242992514122,3329.62,3265.35,3106.7910967741936,1.0061272828601933
141.03,1202936,149.14,128.42827956989245,1.004705798035782,0.016898995913774306,3235.2,554088000,3249.6,2939.3569892473115,1.008495989593344,0.09859608451617707,1711.1,1570230016,1705.8,1535.0556989247311,1.0100898480720937,0.12637472381606552,3295.47,3329.62,3122.692731182796,1.005118346845114
142.69,2270327,149.14,129.13920430107527,1.0055355777836759,0.02263746023731561,3279.8,672926016,3249.6,2965.898279569893,1.0090296246490897,0.12608350633233156,1673.9,2124070016,1711.1,1547.261505376344,1.007951376917569,0.11429486538947842,3225.52,3329.62,3133.320795698925,1.0034034935330007
145.05,1756494,149.14,130.0045806451613,1.0067011125612055,0.050942291608586654,3469.0,965958976,3279.8,3003.6232258064524,1.0127195684681507,0.15380221608558808,1748.7,1852189952,1711.1,1563.7109677419357,1.010631339504301,0.1234200944888888,3327.71,3329.62,3150.0361505376345,1.0053347090606408
148.26,1851770,149.14,131.07367741935485,1.0082235315777957,0.05592841004237037,3534.9,805489984,3469.0,3044.268387096774,1.0135320438799074,0.12182446422320847,1788.5,1956790016,1748.7,1582.0309677419355,1.011715720090174,0.12829458832749863,3380.16,3329.62,3169.4602365591404,1.0061663057480121
137.31,6157437,149.14,131.4311182795699,1.002727022444571,-0.09150755815370004,3425.5,645339008,3534.9,3076.274623655914,1.01051360540181,0.05906271886945946,1743.3,1608930048,1788.5,1596.6318279569894,1.0092291873628074,0.0997817231253526,3337.75,3380.16,3185.2803440860216,1.0049914200987282
134.03,5773900,149.14,131.6023870967742,1.001303107052928,-0.15568544549053975,3107.4,1282535936,3534.9,3086.574623655914,1.0033482056253349,0.16006080762942632,1549.2,3533360128,1788.5,1598.0778494623655,1.0009056699735384,0.11010701530418632,2954.22,3380.16,3175.6858494623652,0.9969878649326832
136.25,5135749,149.14,131.94819354838708,1.002627660935653,-0.10870394553702645,3058.0,1256824064,3534.9,3092.9034408602156,1.00205043388739,0.11186797928072156,1557.9,3242299904,1788.5,1599.7344086021506,1.0010365947693614,0.11477723864676315,2972.37,3380.16,3167.2146451612903,0.9973324803829355
112.5,5868871,149.14,130.78793548387097,0.991206715049944,-0.33748080705173145,2929.4,1474589952,3534.9,3090.26623655914,0.9991473370082506,0.16855633348974042,1476.9,3856780032,1788.5,1595.7713978494623,0.997522707062261,0.13905941357195106,2711.02,3380.16,3141.766623655914,0.9919651730758904
97.22,6578225,149.14,128.70918279569892,0.984105929339114,-0.47060426924794263,2582.4,1692989056,3534.9,3064.7666666666673,0.9917484229705512,0.258240106698738,1251.7,4051510016,1788.5,1577.050752688172,0.9882685921138082,0.1168655292901154,2304.92,3380.16,3090.5006666666673,0.9836824426730999
106.26,4606848,149.14,127.32152688172043,0.9892186720182885,-0.37618971672009727,2810.6,1357933056,3534.9,3054.2004301075267,0.9965523520357806,0.22645685846627295,1383.0,3586540032,1788.5,1567.0148387096774,0.9936362771068795,0.12416232648445014,2541.47,3380.16,3055.6620000000003,0.9887271771067945
94.29,4122411,149.14,125.23470967741937,0.9836098635053311,-0.40128262208779153,2788.9,1128832000,3534.9,3042.08129032258,0.9960319762693112,0.2699410803379839,1355.6,2762619904,1788.5,1555.2333333333333,0.9924815610641918,0.11461900487198906,2488.65,3380.16,3018.2435268817203,0.9877543808450411
114.46,3338747,149.14,124.53632258064518,0.9944233743299034,-0.1292280374507092,3046.4,916078016,3534.9,3046.5174193548387,1.0014582545990374,0.19428719903278024,1499.2,2264859904,1788.5,1552.8694623655915,0.9984800538175996,0.12715410087637513,2789.82,3380.16,3001.3092688172046,0.9943893665591619
126.24,3397957,149.14,124.61804301075267,1.0006561975527628,-0.005572420423561653,3270.5,956915968,3534.9,3064.7043010752686,1.0059697284528515,0.30381303513595137,1571.0,2398159872,1788.5,1554.9703225806454,1.0013528891294272,0.15322120086185775,2874.56,3380.16,2990.31,0.9963351764739862
134.36,2590394,149.14,125.21402150537635,1.004782441452497,0.09826111794972214,3206.6,1207216000,3534.9,3077.6615053763444,1.004227880744165,0.34308038076843617,1558.5,2306160128,1788.5,1555.9191397849463,1.0006101834810108,0.15639037723482585,2836.74,3380.16,2977.123440860215,0.9955902367514455
124.18,3334877,149.14,125.11180645161292,0.9991836772548748,-0.013475369376162893,3218.7,966899968,3534.9,3090.3165591397847,1.0041119056599737,0.3443030063428567,1561.7,2352229888,1788.5,1556.7309677419355,1.0005217674467977,0.14523374625941265,2830.71,3380.16,2963.816774193548,0.9955303611250926
159.95,6140040,149.14,127.31587096774194,1.0176167587907177,0.24616957592028177,3445.6,800497024,3534.9,3116.5589247311827,1.0084918049944704,0.39526479482196175,1665.4,1886520064,1788.5,1563.9163440860218,1.0046156827948947,0.17653264217080622,2929.8,3380.16,2957.1638709677422,0.9977552919992444
201.78,10111145,159.95,132.1453548387097,1.0379330859087583,0.6411888253215767,3408.6,888006016,3534.9,3138.9449462365587,1.0071829290079304,0.49499608601225586,1640.7,2333289984,1788.5,1569.0064516129032,1.0032547185443326,0.19660732839625938,2863.7,3380.16,2946.333483870968,0.9963375762827679
215.21,7316999,201.78,137.66230107526883,1.0417490742924174,0.724359632166079,3471.0,740612992,3534.9,3163.7926881720427,1.0079159534050686,0.43889827465603415,1694.5,1881289984,1788.5,1577.0924731182797,1.0051535935349816,0.1866445480462149,2955.45,3380.16,2941.685892473118,0.998422584740223
222.33,4416771,215.21,143.43539784946236,1.0419366575242486,0.7617090496258622,3505.3,908507008,3534.9,3189.2772043010755,1.0080550524768288,0.36507824253403676,1718.5,2068460032,1788.5,1586.212258064516,1.005782657074131,0.16453011443518284,3044.31,3380.16,2942.9155053763443,1.0004179959887534
213.29,4037070,222.33,148.41935483870964,1.034747050337449,0.6924874748645242,3560.6,1254112000,3534.9,3216.8286021505373,1.0086387592186423,0.26630459484097146,1781.2,2028979968,1788.5,1598.8752688172044,1.007983175447238,0.1473101683968978,3193.93,3380.16,2953.846623655914,1.0037143840044336
216.06,3248121,222.33,153.39881720430108,1.0335499529087884,0.6538563533768296,3540.7,1039308032,3560.6,3241.5729032258064,1.0076921415889946,0.28929916196923344,1745.1,2312290048,1788.5,1608.6251612903225,1.006097969405913,0.1664005503287761,3041.31,3380.16,2954.71440860215,1.000293781315281
236.85,3144526,222.33,159.53529032258066,1.040003392660498,0.9095317271635932,3696.8,1053804992,3560.6,3275.053978494624,1.010328651018615,0.33161811005562825,1793.7,2262739968,1788.5,1621.0466666666666,1.0077218146745763,0.1866683422391151,3097.74,3380.16,2959.393053763441,1.001583450890438
251.83,4715623,236.85,166.38886021505374,1.0429595851715012,1.1215607531810308,3705.0,1145778048,3696.8,3307.4288172043016,1.0098852840051689,0.3666302976180629,1785.7,2293139968,1793.7,1632.3563440860216,1.006976774729509,0.1992938059830961,3009.05,3380.16,2958.376752688172,0.9996565846250208
272.85,2621895,251.83,174.3169677419355,1.04764806680348,1.3410759456634596,3869.6,701307008,3705.0,3348.8546236559137,1.0125250787669644,0.3819880032484878,1851.3,1454979968,1793.7,1647.3763440860216,1.0092014222595556,0.20970019916012295,3130.01,3380.16,2965.448043010753,1.002390260238543
294.23,4511756,272.85,183.2954193548387,1.0515064696753742,1.4890497327784842,3995.2,913369984,3869.6,3396.4034408602147,1.0141985313033364,0.4001255283400523,1901.3,1743670016,1851.3,1664.9458064516127,1.0106651175541426,0.2082900548520903,3185.04,3380.16,2976.103849462366,1.0035933209070136
270.3,4141244,294.23,190.3533333333333,1.038505675719213,1.3265508765733702,3804.6,903294976,3995.2,3429.4849462365596,1.009740157773473,0.33571910536239,1879.1,1852460032,1901.3,1680.3638709677418,1.0092604002222683,0.17555405768720966,3224.73,3380.16,2989.2853763440853,1.004429121948853
267.47,2129350,294.23,196.89961290322583,1.0343901493882912,1.1872292738305659,3785.3,955646976,3995.2,3459.6875268817203,1.0088067395304663,0.33049725227875715,1850.2,2333880064,1901.3,1693.310752688172,1.0077048084311488,0.1533752571664967,3215.63,3380.16,3001.8722580645153,1.0042106658066297
290.48,1924401,294.23,204.6171827956989,1.0391954548751001,1.2362164447791757,3876.9,774236992,3995.2,3494.2578494623654,1.0099923251195475,0.32026512714601163,1942.4,2369809920,1901.3,1711.6995698924734,1.0108596825332319,0.18654317540919552,3271.12,3380.16,3018.0915913978497,1.0054030724624479
291.6,8031357,294.23,212.05956989247312,1.0363722488751352,0.9593842821213303,3959.7,981625984,3995.2,3532.446021505376,1.0109288363046494,0.31106817797235775,1999.4,2175269888,1942.4,1733.0761290322578,1.0124884994515289,0.1804684533578016,3351.28,3380.16,3039.4045376344084,1.00706172943767
277.68,6349521,294.23,218.27843010752687,1.0293260059812772,0.8667090187325059,3903.9,754153024,3995.2,3565.3045161290324,1.0093019099014156,0.2969115537616277,2001.5,2091820032,1999.4,1753.8513978494625,1.0119875108018512,0.16036628434043876,3372.85,3380.16,3061.9243010752693,1.0074092682175135
284.4,2523960,294.23,224.63533333333336,1.0291229106910609,0.8384406326581506,4020.6,678257024,3995.2,3604.28494623656,1.010933268092861,0.34717130134423757,2071.2,1831600000,2001.5,1778.4875268817204,1.0140468736761086,0.17959190804138725,3397.16,3380.16,3085.9194838709677,1.0078366348858696
291.97,2860486,294.23,231.17230107526882,1.029100354093607,0.919883886732916,4357.6,935972992,4020.6,3663.318279569892,1.016378653245763,0.39893202273717454,2164.4,2001350016,2071.2,1808.3621505376348,1.0167977695678836,0.20544858028771995,3508.01,3397.16,3116.8475913978496,1.0100223313305912
258.49,4314466,294.23,235.2282365591398,1.0175450755345916,0.6330259294989691,4101.6,1243518976,4357.6,3703.517634408602,1.0109734813551143,0.27655449285591505,2074.5,3437110016,2164.4,1831.3819354838708,1.012729632136678,0.15648451485262438,3426.96,3508.01,3141.9391612903223,1.0080503037625974
254.1,3069684,294.23,238.75698924731182,1.0150013992358644,0.5992337092028184,3941.2,961612992,4357.6,3732.0081720430103,1.0076928316392255,0.26637774479543797,1984.0,2410500096,2164.4,1847.8623655913977,1.0089989039359901,0.12090360293740321,3340.97,3508.01,3161.2695483870975,1.0061523747292538
252.28,2595426,294.23,241.94070967741933,1.013334564320585,0.77309231201665,3905.3,1110301056,4357.6,3757.3088172043017,1.0067793648874679,0.29266042059948716,1963.3,2988819968,2164.4,1862.5868817204303,1.0079684052249855,0.1316741849487908,3319.47,3508.01,3179.29711827957,1.0057026361139214
248.25,2227443,294.23,244.6171827956989,1.011062516605197,0.8273053988470311,4041.0,847931008,4357.6,3790.3324731182797,1.0087891779783356,0.3546382162415138,2005.2,2595620096,2164.4,1879.541505376344,1.0091027290175334,0.17782063297014927,3298.46,3508.01,3196.0085161290317,1.0052563183709313
253.57,2374938,294.23,247.39124731182798,1.0113404319534083,0.8307266489428022,4047.2,768291968,4357.6,3821.748387096774,1.0082884322684886,0.3765986335837951,2021.4,2334060032,2164.4,1896.5606451612905,1.0090549422485557,0.1709939530948319,3348.44,3508.01,3215.2041290322577,1.0060061206991011
291.82,3046737,294.23,252.38075268817204,1.0201684798090491,1.6131751245712809,4252.4,635449984,4357.6,3864.2756989247314,1.0111277110684578,0.4017842258819575,2114.1,2124440064,2164.4,1918.5636559139784,1.0116015329163475,0.1488531870267411,3477.13,3508.01,3241.893569892472,1.0083010097614697
276.36,1966717,294.23,255.98720430107528,1.0142897252444572,1.8355774657866606,4317.4,758828032,4357.6,3908.151397849463,1.011354184417261,0.3401497733253205,2130.5,2361230080,2164.4,1940.2544086021505,1.0113057247912052,0.1906183887571824,3483.81,3508.01,3267.366430107527,1.0078574017517483
271.87,1929833,294.23,258.91873118279574,1.0114518492817812,1.5903925120395366,4246.8,1232258944,4357.6,3943.741075268817,1.0091065247469526,0.37200632099721376,2083.5,2057490048,2164.4,1957.0230107526884,1.0086424759950003,0.14296995452449957,3465.39,3508.01,3289.1156559139777,1.006656500356385
247.32,2260990,294.23,259.9102365591398,1.0038294076748122,1.6173475749881303,3956.0,1090397952,4357.6,3957.4808602150533,1.003483947014777,0.25597353255289845,1948.7,2894279936,2164.4,1963.588387096774,1.0033547772857103,0.12356911206028531,3269.96,3508.01,3296.2695698924726,1.0021750265806653
286.29,3023735,294.23,263.0868387096774,1.0122219201236224,1.5387810568397056,4355.1,822729024,4357.6,3994.459139784946,1.0093438934706265,0.42850058773509425,2137.7,2440580096,2164.4,1981.0718279569894,1.008903821684373,0.16794885300969997,3509.44,3508.01,3317.1935698924735,1.0063477818049582
244.26,6399250,294.23,263.18230107526887,1.00036285496477,0.9857761030897051,4195.0,961084992,4357.6,4018.293978494623,1.0059669752213214,0.19970661321585603,2129.2,2489210112,2164.4,1996.6337634408603,1.0078553110817388,0.10811551451985846,3585.15,3509.44,3341.454516129033,1.007313696269267
256.67,3483525,294.23,263.8246021505376,1.0024405177424338,0.9510160338875385,4171.5,810352000,4357.6,4038.6245161290326,1.0050594948361709,0.18666252353934887,2109.7,1958790016,2164.4,2009.7372043010753,1.0065627663421024,0.09957891516989781,3557.54,3585.15,3362.4060215053764,1.0062701752411147
258.62,2028000,294.23,264.3296774193549,1.001914435820997,1.066322624022737,4279.1,766940992,4357.6,4063.8219354838707,1.0062391091952736,0.21231939854859028,2153.9,1546610048,2164.4,2024.5068817204303,1.0073490590649097,0.09388857292940855,3638.35,3585.15,3387.0209677419343,1.0073206347119072
255.83,2918849,294.23,264.36563440860215,1.0001360308445058,0.5608604203144429,4271.9,1346444032,4357.6,4086.2744086021507,1.0055249647929287,0.12354302338111345,2213.9,2578439936,2164.4,2041.8739784946235,1.008578433064863,0.06676582947664422,3699.12,3638.35,3413.8196989247317,1.0079121834314075
266.41,4112656,294.23,264.8779784946237,1.0019380131883164,0.2807967755592635,4262.8,1006764992,4357.6,4106.362795698925,1.0049160641425563,0.0816314068999946,2182.2,2076589952,2213.9,2056.016344086021,1.0069261696560843,0.05076699149159003,3663.46,3699.12,3436.663333333334,1.0066915175443498
273.45,2829136,294.23,265.70552688172046,1.0031242626956003,0.2246264205793318,4425.9,1165693056,4357.6,4135.136774193548,1.0070071690998081,0.16565431877620052,2252.1,2566830080,2213.9,2073.503870967742,1.0085055388455557,0.07395626169897684,3709.41,3699.12,3460.7515698924735,1.0070091929941172
267.1,1328817,294.23,265.9981505376344,1.0011013081261355,0.0745541691181888,4472.9,739318976,4425.9,4164.8894623655915,1.007195091673321,0.23100250470977723,2270.6,1429090048,2252.1,2090.9858064516134,1.0084311081974071,0.104881255136964,3703.06,3709.41,3482.808709677419,1.0063735114582728
249.96,2566147,294.23,265.0886881720431,0.9965809447781757,0.013468256916314258,4431.9,552267008,4472.9,4189.916129032258,1.006008962997172,0.25128805034926127,2291.3,1424579968,2270.6,2108.615913978495,1.0084314812049344,0.11037736361927308,3756.07,3709.41,3506.869182795699,1.0069083533216812
263.53,2698484,294.23,264.97584946236555,0.9995743360063546,0.08520661300381449,4404.3,860542016,4472.9,4211.288387096774,1.0051008796850196,0.23357947146889257,2301.2,2472829952,2291.3,2125.7877419354836,1.0081436490368647,0.06108718203334207,3824.68,3756.07,3534.1472043010754,1.0077784542517865
241.28,2774694,294.23,263.32544086021505,0.9937714753797406,-0.09436043364548952,4283.2,788521024,4472.9,4222.990537634409,1.002778757819932,0.12153229861808534,2240.9,2412689920,2301.2,2137.8733333333334,1.0056852296019199,0.03286570573152936,3768.25,3824.68,3556.099913978494,1.0062116002555588
249.49,1879161,294.23,262.19518279569894,0.9957077521229097,-0.21391732958775067,4469.3,589267968,4472.9,4245.438064516129,1.005315552256552,0.11137354468308969,2339.1,1942419968,2301.2,2155.3326881720427,1.0081666928374502,0.03326767298407529,3841.47,3824.68,3581.3345376344087,1.0070961514767123
247.05,3473659,294.23,260.91253763440864,0.9951080521479689,-0.27284051179289504,4464.9,946420992,4472.9,4265.9580645161295,1.0048334234743663,0.11871519585127666,2269.1,2957319936,2339.1,2167.085806451613,1.0054530413536937,0.03902489668033793,3714.24,3841.47,3596.570623655914,1.0042543040482248
277.13,2679697,294.23,261.62602150537634,1.0027345710460547,-0.1988141204900864,4746.6,860745024,4472.9,4303.372043010752,1.0087703577786733,0.10110716515257301,2379.9,2065459968,2339.1,2185.088817204301,1.0083074748120686,0.03138304366924727,3886.83,3841.47,3621.6851397849455,1.006982906428653
292.81,2340348,294.23,263.38789247311826,1.006734310897686,-0.05722534978983651,4827.5,658691008,4746.6,4344.3894623655915,1.0095314602002532,0.1699030522759195,2434.5,1929389952,2379.9,2205.5851612903225,1.0093800965547228,0.07536254453241176,3934.83,3886.83,3648.3872043010747,1.007372828803587
353.09,8494257,294.23,268.99038709677427,1.021270888995886,0.19976757183255045,4754.3,545004032,4827.5,4378.484516129032,1.007848065662344,0.15842591441031728,2387.8,1625479936,2434.5,2221.8741935483868,1.0073853562963466,0.07565039699467624,3906.71,3934.83,3671.7479784946236,1.0064030413674319
348.57,5044646,353.09,274.11713978494623,1.019059241274401,0.10287296155446302,4510.1,1027969984,4827.5,4394.7408602150535,1.003712778708281,0.13023322782655455,2293.4,2749929984,2434.5,2230.9167741935485,1.0040697986733085,0.015614039040802385,3811.15,3934.83,3687.4573978494623,1.0042784579570407
308.73,4283517,353.09,276.5486451612903,1.0088703149983678,-0.006671810699588443,4398.2,1039904000,4827.5,4402.416129032258,1.00174646675682,0.09845776300500053,2262.3,2716219904,2434.5,2237.198064516129,1.0028155646123782,-0.014920283179556515,3841.94,3934.83,3703.9919139784947,1.0044839883814456
300.22,2886547,353.09,278.39427956989243,1.0066738146828587,-0.0025491316485346527,4483.5,941651008,4827.5,4414.651612903226,1.0027792656378574,0.0586010190387003,2304.3,2544179968,2434.5,2245.6236559139784,1.003766135654901,-0.017855288581594353,3943.34,3934.83,3726.013182795699,1.0059452799381388
289.6,2460316,353.09,279.50627956989246,1.0039943349472482,-0.041422228794190774,4380.4,845440000,4827.5,4418.989032258065,1.0009825054693242,0.010887493253888936,2273.1,2710459904,2434.5,2251.3851612903227,1.0025656593709151,-0.054394196313690024,3913.1,3943.34,3744.856623655914,1.0050572662885955
280.78,3112074,353.09,280.03806451612905,1.0019025867578177,-0.09414709550164346,4460.0,1109581952,4827.5,4427.688172043011,1.0019685814382981,-0.07972834170643206,2330.6,2324590080,2434.5,2260.4221505376345,1.004013968557087,-0.05620190436827932,3974.54,3943.34,3766.5543870967736,1.0057940171337394
293.3,2747278,353.09,281.40165591397846,1.0048693073215083,0.08323490191016858,4592.4,862033984,4827.5,4444.709032258064,1.0038441867524739,0.0017671966136063588,2380.0,1728429952,2434.5,2272.2888172043013,1.0052497568491108,-0.025748998570663595,4019.87,3974.54,3790.1733763440857,1.0062707150408408
298.18,2235259,353.09,283.0052258064516,1.0056985090839812,0.0682821562737772,4819.9,969028992,4827.5,4475.35182795699,1.0068942186038572,0.07870156082506141,2491.0,1936809984,2434.5,2290.659784946237,1.0080847855267527,0.01973559271274028,4128.8,4019.87,3819.5450322580646,1.007749422782952
295.25,1797981,353.09,284.32496774193544,1.0046633129537559,0.032513799822682765,4917.5,1282023936,4827.5,4510.401720430107,1.0078317624670678,0.08334108687293829,2517.3,2057059968,2491.0,2309.6372043010747,1.008284695736815,0.021292944868531727,4185.47,4128.8,3850.8785591397855,1.0082034709938206
296.1,1833834,353.09,285.60713978494624,1.0045095302505216,0.09155210407049674,4906.9,1019318976,4917.5,4542.590967741935,1.0071366697041695,-0.01180790884886096,2505.7,2049590016,2517.3,2326.6748387096777,1.0073767578634754,-0.017708555658551894,4180.17,4185.47,3880.007784946237,1.0075643065235893
317.88,1909518,353.09,288.19156989247307,1.0090488988106978,0.11822559771071273,4767.3,1011310976,4917.5,4563.911612903225,1.0046934987791536,-0.004540759310230014,2452.6,2264250112,2517.3,2339.2103225806454,1.0053877248605652,-0.035374425460594994,4181.17,4185.47,3907.305376344086,1.0070354475843475
288.79,3346406,353.09,288.76092473118285,1.001975612398802,-0.13763116174105205,4670.8,1094899968,4917.5,4577.457849462365,1.0029681198296745,-0.05775613392036116,2440.4,2120150016,2517.3,2350.031397849463,1.0046259522559218,-0.06292362596404666,4232.6,4185.47,3936.1302150537635,1.0073771655740529
222.64,11773162,353.09,285.0690537634409,0.9872147834019479,-0.29194712033171377,4618.6,1499974016,4917.5,4586.736559139785,1.0020270442639925,-0.10201438256531459,2386.0,2354180096,2517.3,2356.6410752688175,1.0028125911106565,-0.07814560301268902,4173.85,4232.6,3959.540064516129,1.0059474275959759
248.16,6282151,353.09,283.1391612903226,0.9932300877712256,-0.1749853537755447,4634.3,947548032,4917.5,4596.380430107527,1.002102556107899,-0.10665309232682119,2389.2,2013330048,2517.3,2362.9077419354835,1.0026591519312933,-0.0525231530948147,4155.86,4232.6,3980.3053118279568,1.0052443584288786
259.86,2792717,353.09,282.0150967741936,0.9960299927745551,-0.07016457155262001,4743.9,1059716992,4917.5,4612.261935483871,1.0034552199535782,-0.07757682229866658,2426.9,1951810048,2517.3,2370.9492473118275,1.0034032244397986,-0.0402819119112372,4204.11,4232.6,4002.6985806451607,1.0056260178712069
256.3,1707388,353.09,280.6343870967742,0.9951041284909479,-0.24902286248307215,4759.9,827214976,4917.5,4627.48129032258,1.0032997594350879,-0.16726714114326713,2455.6,1412610048,2517.3,2379.813978494624,1.0037388953782318,-0.05657793124575683,4229.89,4232.6,4024.7461505376345,1.005508176408557
280.17,3154667,353.09,280.8581720430107,1.000797425249812,-0.017181526828136784,4920.9,911868992,4917.5,4652.217204301075,1.0053454379232662,-0.04836462956290011,2489.5,1649369984,2517.3,2390.1821505376342,1.004356715330149,-0.015512975907786997,4247.44,4232.6,4046.376623655914,1.0053743695401485
299.7,2571155,353.09,282.2647311827957,1.0050080762455778,-0.0020619205268193053,4972.0,1124103936,4920.9,4678.688817204301,1.0056901068330928,-0.01645234497655812,2491.9,2223960064,2517.3,2399.930322580645,1.0040784222410908,0.010002789962085146,4166.45,4247.44,4061.3576559139788,1.0037023326426122
303.08,6313636,353.09,283.79681720430114,1.0054278337044995,0.0322348543091735,5082.5,1112032000,4972.0,4710.567956989247,1.00681369097849,-0.04088065331127866,2550.5,1800039936,2517.3,2412.6372043010747,1.0052946877669207,0.007581301341469393,4280.7,4247.44,4082.4001720430106,1.0051811531787629
288.8,2621636,353.09,284.31199999999995,1.0018153226691333,0.003002200477876249,5248.2,746259968,5082.5,4751.409677419355,1.0086702327199226,0.016581588367788003,2633.3,1771680000,2550.5,2429.8331182795696,1.0071274346378474,0.012851505502002203,4352.34,4280.7,4106.683225806452,1.005948229654147
294.81,1640270,353.09,285.14402150537626,1.0029264382276384,-0.009590998871013445,5285.4,695649024,5248.2,4792.551827956989,1.008658935627706,-0.040949449413547834,2656.4,1567229952,2633.3,2447.617419354839,1.0073191450645227,0.02456507989955825,4369.55,4352.34,4130.67182795699,1.0058413568399414
276.3,2096449,353.09,284.7207741935484,0.9985156718012413,-0.11188314883085582,5253.0,764076992,5285.4,4829.404516129032,1.0076895753024655,-0.09965111370028246,2640.2,1878550016,2656.4,2463.3367741935485,1.0064223087784907,0.0057921312651714185,4327.16,4369.55,4150.40711827957,1.0047777434626999
302.51,2469604,353.09,285.98236559139787,1.0044309776883082,0.03128478140080859,5462.9,961457024,5285.4,4878.020430107527,1.0100666477235711,-0.07046772708154059,2713.4,2061810048,2656.4,2482.9440860215054,1.00795965538832,0.0036214694889098453,4411.8,4369.55,4174.274559139784,1.0057506264277294
298.64,1593003,353.09,286.91812903225804,1.0032721018966504,0.08987648695788852,5395.0,734212992,5462.9,4920.126666666666,1.0086318286613265,-0.055352588979014516,2693.6,2224369920,2713.4,2500.3217204301077,1.0069988021504128,0.005401973531223847,4395.26,4411.8,4195.550731182796,1.0050969747537153
267.68,2840826,353.09,285.75178494623657,0.9959349237012126,-0.10851901629064997,5494.2,660990016,5462.9,4966.561720430108,1.0094377760796351,-0.06764896456966585,2718.6,2352310016,2713.4,2518.447096774193,1.0072492176490662,0.02141207275860446,4436.52,4411.8,4218.11423655914,1.0053779603256003
205.49,10612506,353.09,280.56425806451614,0.9818460385726149,-0.25719619811582417,5525.0,904336000,5494.2,5012.64,1.0092777019925772,-0.0013232626093779842,2720.6,1946099968,2718.6,2535.803870967742,1.0068918557851705,0.028369499029929468,4468.0,4436.52,4241.392924731183,1.0055187429421142
210.55,5762913,353.09,275.7801505376344,0.9829482644728695,-0.2788705977549445,5638.3,874372992,5525.0,5063.357419354839,1.0101179058050924,-0.019037795399060142,2732.6,2171470080,2720.6,2552.9032258064517,1.0067431693099294,0.011984824052936993,4441.67,4468.0,4261.46806451613,1.0047331478458152
223.51,4293384,353.09,271.9159139784946,0.9859879815439708,-0.244937789546134,5697.2,864784000,5638.3,5115.360860215054,1.0102705451251437,-0.002149340236459185,2771.7,1973010048,2732.6,2571.6789247311826,1.007354645775419,0.00742141370481586,4509.37,4468.0,4284.620193548388,1.0054328998086455
233.72,2713932,353.09,268.76101075268815,0.9883975042885649,-0.2909684746146177,5732.7,903158976,5697.2,5167.004516129032,1.0100957991674915,-0.0807112059174191,2796.1,1830089984,2771.7,2590.947956989247,1.0074927830503095,0.008010094007757207,4535.43,4509.37,4307.743655913979,1.005396852304531
216.0,1926825,353.09,264.5562365591398,0.9843549695628375,-0.4071858965775883,5622.4,648371968,5732.7,5209.411397849463,1.008207246885126,-0.05988709263981096,2746.4,1463980032,2796.1,2606.1154838709676,1.0058540453662164,-0.004989475252288322,4458.58,4535.43,4324.514215053764,1.0038931191081348
211.68,3486797,353.09,260.23793548387096,0.9836771904097468,-0.5686159072009265,5657.8,1285927936,5732.7,5252.392688172044,1.0082506999428618,-0.04102930585435405,2727.7,2240069888,2796.1,2619.405806451613,1.0050996675561379,0.007636789074330075,4432.99,4535.43,4338.507462365591,1.0032357963498226
206.89,2178367,353.09,255.91470967741935,0.9833874112226826,-0.5937231133694287,5697.3,1041203008,5732.7,5295.97935483871,1.0082984402070354,0.025825058990564642,2753.6,1845880064,2796.1,2633.636129032258,1.0054326529114335,0.031598315820551726,4455.48,4535.43,4352.819892473119,1.0032989294663386
187.73,3686902,353.09,250.66004301075267,0.9794671174889079,-0.5823075728727862,5469.6,991280000,5732.7,5322.322580645161,1.0049741934477865,0.01715820706436877,2661.5,2120470016,2796.1,2640.9348387096775,1.002771343237952,0.042382094300789985,4357.05,4535.43,4359.396344086021,1.0015108485476907
184.84,5375338,353.09,245.4791397849462,0.9793309569264527,-0.5461212691197909,5515.3,934145024,5732.7,5349.310107526881,1.005070629687096,0.07880523865318367,2668.5,1831629952,2796.1,2647.826666666667,1.0026096168129452,0.04443798970680346,4391.36,4535.43,4367.078580645161,1.0017622248478422
189.25,1848789,353.09,240.8308817204301,0.9810645496452847,-0.5420264782484207,5744.1,752248000,5732.7,5388.840000000001,1.0073897178661408,0.1072556969405547,2737.9,1791309952,2796.1,2658.4126881720426,1.0039980039625112,0.06181152627633102,4471.37,4535.43,4378.959268817204,1.0027205116538773
197.17,2201884,353.09,236.90939784946238,0.9837168562314197,-0.5412762528349166,5856.9,839547008,5744.1,5432.714623655914,1.0081417566036313,0.12082624040734369,2782.0,1857330048,2796.1,2670.844301075269,1.0046763292089815,0.05018063072805723,4544.9,4535.43,4394.383247311828,1.0035222932089045
185.96,2289351,353.09,232.44449462365588,0.9811535411159856,-0.5637204934849661,6101.6,978764992,5856.9,5489.372258064516,1.010428973051869,0.13759762650816287,2836.9,2368130048,2796.1,2685.8470967741932,1.005617248333377,0.04632082598180931,4605.38,4544.9,4412.482580645161,1.0041187425662985
194.29,4548652,353.09,228.74784946236556,0.9840966542689021,-0.5158105975870881,6162.8,874942016,6101.6,5546.732688172044,1.010449360584584,0.08394547679098818,2931.7,2399820032,2836.9,2705.983440860215,1.007497204181953,0.03916985569674547,4697.53,4605.38,4435.267913978494,1.0051638353051586
199.94,6309986,353.09,225.63913978494622,0.9864098845749769,-0.5307051209276944,6190.8,1080209024,6162.8,5603.011612903227,1.010146319986033,0.09524121810004194,2936.4,2316699904,2931.7,2725.4752688172043,1.0072032325337485,0.047652981941293415,4682.85,4697.53,4455.883075268817,1.004648008122655
169.59,4391539,353.09,220.7773333333333,0.9784531776878487,-0.6456963519655097,6238.1,911392000,6190.8,5659.603870967742,1.0101003285329961,0.13146944332982136,3005.8,2480750080,2936.4,2748.543225806452,1.0084638291358479,0.07571677828137235,4697.96,4697.53,4476.403440860216,1.0046052298152282
159.55,3904737,353.09,215.53984946236562,0.9762770761296403,-0.6696445206048305,5955.1,857326016,6238.1,5695.075268817204,1.0062674700664866,0.13195357972156252,2908.6,2044780032,3005.8,2764.2647311827955,1.0057199411050668,0.08704133541636394,4594.62,4697.96,4489.143182795699,1.0028459771563922
144.36,4857628,353.09,209.66286021505377,0.9727336301757137,-0.7186642416898643,5720.9,1388157056,6238.1,5712.882580645161,1.003126791304315,0.09697945929633,2895.7,3252819968,3005.8,2778.173333333333,1.0050315738552966,0.11431195193096255,4538.43,4697.96,4497.368623655913,1.0018322963927142
145.32,3099119,353.09,204.15840860215056,0.9737461770422419,-0.5743518365803847,6029.1,1093100032,6238.1,5748.315483870968,1.006202281024618,0.13506590408681918,3068.9,2615810048,3005.8,2802.276989247312,1.0086760806551471,0.1572727221790169,4712.02,4697.96,4516.135720430108,1.0041729060578848
145.28,5403279,353.09,198.81765591397848,0.9738401532185738,-0.6515416802012093,5715.1,1311256064,6238.1,5760.456989247313,1.002112184936685,0.05477844674031762,2944.9,3316379904,3068.9,2816.9120430107528,1.005222557876897,0.12075105295958477,4620.64,4712.02,4527.849978494624,1.002593867587177
162.87,3417761,353.09,194.83298924731187,0.9799581850598287,-0.5731947538672609,5874.6,747123008,6238.1,5780.564516129032,1.0034906131439316,0.07826226223221289,3041.1,1755000064,3068.9,2836.558494623656,1.006974463992104,0.12899434486249373,4725.78,4712.02,4545.347935483872,1.0038645178334873
157.79,2051166,353.09,190.72916129032257,0.9789366884281588,-0.5607770965786346,5870.4,640998976,6238.1,5797.969462365591,1.0030109423029525,0.0658936297435373,3055.4,1630649984,3068.9,2855.8066666666664,1.0067857483212468,0.11747221953872922,4766.18,4725.78,4564.33047311828,1.0041762562302916
144.83,3603634,353.09,186.00105376344086,0.9752103585267451,-0.6619190630350281,5405.8,1232411008,6238.1,5783.012043010753,0.9974202314358627,0.010072328976971301,2912.0,2609730048,3068.9,2864.513333333334,1.0030487591363564,0.06857422556085258,4677.02,4766.18,4576.407440860215,1.002645945076296
138.04,4576954,353.09,181.125935483871,0.9737898351599119,-0.6974620835710172,5329.8,1204809984,6238.1,5762.108602150539,0.9963853713765861,-0.02390112429110469,2910.2,2528079872,3068.9,2872.1952688172046,1.0026817593740893,0.048721683573694996,4662.85,4766.18,4586.646387096775,1.0022373327482037
128.58,5482721,353.09,175.98815053763443,0.9716341840691607,-0.7668813658615128,5053.5,1131072000,6238.1,5722.609892473119,0.9931450945470416,-0.056651475670211004,2708.3,2292640000,3068.9,2865.9518279569893,0.9978262477736111,0.03448451358022875,4397.93,4766.18,4578.7261935483875,0.9982732059810261
118.9,5546355,353.09,170.6011182795699,0.9693898012928289,-0.7736320124020137,5189.7,1800502016,6238.1,5691.960645161291,0.9946441837050364,-0.05983822755287238,2769.6,3906190080,3068.9,2863.3238709677416,0.9990830421629519,0.03349181504681131,4431.85,4766.18,4572.742279569893,0.9986931050852252
119.99,4798596,353.09,165.64978494623657,0.9709771343630971,-0.7597171403874299,5232.8,1751774976,6238.1,5664.217849462365,0.9951259684617619,-0.02938767976562373,2798.9,3243249920,3068.9,2862.2931182795696,0.9996400153337095,0.02366611416765374,4500.54,4766.18,4571.018989247312,0.9996231385419903
116.31,3097928,353.09,160.83698924731186,0.970945958665224,-0.7281746490494356,5098.5,1543190016,6238.1,5627.92365591398,0.9935923732961948,-0.014255006452716046,2717.5,2838710016,3068.9,2855.7043010752695,0.9976980634295552,0.008137198130121703,4418.64,4766.18,4563.730129032258,0.9984054189597114
86.12,14749391,353.09,154.42051612903228,0.9601057371920009,-0.872171079162394,4887.5,1515554048,6238.1,5578.348817204302,0.9911912737733065,-0.07148368783304737,2670.9,2940369920,3068.9,2845.9427956989243,0.9965817520488134,-0.0013989866017731778,4348.87,4766.18,4551.743247311828,0.9973734464173997
88.1,4066333,353.09,148.59713978494625,0.9622888428942947,-0.8785520012691261,5056.2,1388835968,6238.1,5540.895268817204,0.993285907781244,-0.05231757493677325,2705.5,2701250048,3068.9,2838.504946236559,0.997386507742318,0.0068386690867501265,4384.62,4766.18,4542.198150537634,0.9979029799671081
73.51,7301240,353.09,142.28524731182796,0.9575234591846584,-0.8985926406334497,4901.5,1443747968,6238.1,5494.189677419356,0.9915707500084515,-0.1074665235054808,2624.0,2960100096,3068.9,2825.7834408602153,0.9955182373759078,-0.010532808523308734,4328.87,4766.18,4529.079161290323,0.997111753205712
77.09,6551761,353.09,136.62189247311827,0.9601971747197511,-0.8324668404024138,4691.9,1502050048,6238.1,5435.236129032259,0.9892698374376496,-0.1323334820559917,2524.1,2983980032,3068.9,2806.8202150537636,0.993289214759968,-0.013209257219907511,4204.31,4766.18,4508.155548387097,0.9953801618037373
88.73,7429909,353.09,131.98563440860215,0.9660650428669157,-0.8152942247864841,5093.2,1663041024,6238.1,5403.964516129032,0.9942465033421106,-0.09916377544494914,2722.7,3298520064,3068.9,2801.0924731182795,0.9979593484809733,-0.008445433675453584,4463.09,4766.18,4504.4944946236565,0.9991879042938635
95.71,5687719,353.09,128.06167741935482,0.9702698175689369,-0.8141131620881275,5097.7,1250657024,6238.1,5374.155483870967,0.9944838586247015,-0.11472588197764166,2786.1,2699249920,3068.9,2799.4763440860215,0.9994230361732903,-0.002271307481712892,4543.04,4766.18,4505.945440860215,1.0003221107803084
107.11,5619306,353.09,125.14804301075272,0.9772481942504858,-0.791491779353672,5204.7,1141704960,6238.1,5352.538924731182,0.9959776825950308,-0.10583693381106063,2789.4,2801019904,3068.9,2798.042150537635,0.9994876922066456,-0.0046958663957185065,4545.86,4766.18,4507.505913978494,1.0003463142505298
93.9,5056657,353.09,121.65443010752688,0.972084158735701,-0.7872738426397086,4982.2,1115398016,6238.1,5317.703010752687,0.9934917028220874,-0.17659671816533373,2677.0,2637179904,3068.9,2789.370752688172,0.996900905210525,-0.031930757327107706,4488.28,4766.18,4505.329118279569,0.99951707313524
89.73,2571819,353.09,118.15436559139786,0.9712294528605706,-0.7812030919617101,4771.8,785747008,6238.1,5270.669677419353,0.9911553290512408,-0.2021085946576423,2574.9,1943859968,3068.9,2774.261505376344,0.9945832775018283,-0.04690440279421526,4392.59,4766.18,4496.914903225807,0.9981323861514084
82.98,4394970,353.09,114.4810752688172,0.9689110909766664,-0.7837588540951732,4579.4,1142942976,6238.1,5213.1288172043005,0.989082817983914,-0.27088520156436435,2509.6,2356460032,3068.9,2755.2679569892475,0.9931536560809829,-0.047381146917839345,4271.78,4766.18,4480.793376344086,0.9964149806637086
75.46,4900217,353.09,110.58909677419356,0.9660033024193323,-0.7845828747898711,4577.9,1338204032,6238.1,5157.895268817205,0.9894049139540126,-0.20000477987254817,2478.0,3027109888,3068.9,2734.7604301075266,0.9925569755095145,-0.01727809666895952,4131.93,4766.18,4456.044322580645,0.9944766357908621
71.95,5514013,353.09,106.71210752688172,0.9649423916063979,-0.8284719707421604,4443.3,1368017024,6238.1,5095.895483870969,0.9879796347705886,-0.19989127388336925,2461.5,3285600000,3068.9,2713.5830107526886,0.9922562067515343,-0.01653818554514963,4123.34,4766.18,4431.225204301075,0.9944302353201917
71.19,10986518,353.09,103.02886021505375,0.9654842604350202,-0.7852575619377622,4286.7,2083979008,6238.1,5026.097849462366,0.9863031660226315,-0.1875164633565083,2375.3,3504839936,3068.9,2687.2894623655916,0.9903103946763715,-0.032360559170075076,4023.89,4766.18,4400.566344086023,0.9930811775972718
67.35,11743677,353.09,99.35176344086021,0.9643100315142934,-0.7961418978374432,4161.1,1349480960,6238.1,4951.331182795699,0.985124311363205,-0.1783083854533336,2285.8,3260610048,3068.9,2656.001505376344,0.9883570573890819,-0.03676481672388765,3901.36,4766.18,4362.964645161291,0.9914552591678875
66.81,6864218,353.09,95.91901075268818,0.965448497648304,-0.849502701054367,4462.3,1851694976,6238.1,4899.643655913979,0.9895608827255755,-0.20632409658452022,2470.3,2907089920,3068.9,2637.6838709677418,0.9931033042068977,-0.03213476930395032,4158.24,4766.18,4343.319806451613,0.9954973646803522
59.14,5650226,353.09,92.24765591397848,0.961724429704809,-0.9348357460019601,4454.4,1395811968,6238.1,4850.971827956989,0.9900662514715244,-0.18659225851281824,2442.4,2374089984,3068.9,2618.3546236559137,0.9926718862997269,-0.041516836998229834,4108.54,4766.18,4321.430107526882,0.9949601457179793
57.63,6069808,353.09,88.76952688172042,0.9622957461867494,-0.9148690416553753,4180.6,1223938944,6238.1,4788.309462365592,0.9870825129863127,-0.1784633589104957,2286.4,2273639936,3068.9,2590.01311827957,0.9891758338919074,-0.05436930020876851,3900.86,4766.18,4287.408344086021,0.9921271980352978
60.43,8627482,353.09,85.77808602150537,0.9663010385962635,-0.926679206736942,4028.2,1600963968,6238.1,4720.137849462366,0.9857629057939905,-0.16234569296885815,2174.4,3285469952,3068.9,2555.843655913979,0.9868072242088534,-0.05881894407574362,3674.84,4766.18,4240.486344086022,0.9890558593363931
68.89,3989938,353.09,83.56720430107526,0.9742255647919701,-0.805571985584737,4410.5,1334754944,6238.1,4681.383225806452,0.9917895144396413,-0.13740756623634554,2332.8,2160740096,3068.9,2533.6815053763444,0.9913288316809389,-0.04933865482074096,3911.74,4766.18,4211.0484731182805,0.993057902188791
