1.46,147999424,13.86,1.4440516129032257,0.9856125034126636,-0.574625290750607,5856.9,839547008,5744.1,5432.714623655914,1.0081417566036313,0.12082624040734369,2782.0,1857330048,2796.1,2670.844301075269,1.0046763292089815,0.05018063072805723,4544.9,4535.43,4394.383247311828,1.0035222932089045
1.94,138471216,13.86,1.4568430107526882,1.0088579921487333,-0.4125452469851596,6101.6,978764992,5856.9,5489.372258064516,1.010428973051869,0.13759762650816287,2836.9,2368130048,2796.1,2685.8470967741932,1.005617248333377,0.04632082598180931,4605.38,4544.9,4412.482580645161,1.0041187425662985
1.53,52611856,13.86,1.4451182795698925,0.9919519597538942,-0.5499933735239148,6162.8,874942016,6101.6,5546.732688172044,1.010449360584584,0.08394547679098818,2931.7,2399820032,2836.9,2705.983440860215,1.007497204181953,0.03916985569674547,4697.53,4605.38,4435.267913978494,1.0051638353051586
1.42,32493148,13.86,1.4290494623655914,0.9888806214470669,-0.5802476053146566,6190.8,1080209024,6162.8,5603.011612903227,1.010146319986033,0.09524121810004194,2936.4,2316699904,2931.7,2725.4752688172043,1.0072032325337485,0.047652981941293415,4682.85,4697.53,4455.883075268817,1.004648008122655
1.07,38237968,13.86,1.3930666666666667,0.974820468677578,-0.6938272117428268,6238.1,911392000,6190.8,5659.603870967742,1.0101003285329961,0.13146944332982136,3005.8,2480750080,2936.4,2748.543225806452,1.0084638291358479,0.07571677828137235,4697.96,4697.53,4476.403440860216,1.0046052298152282
1.15,23325324,13.86,1.3654494623655913,0.9801752457639678,-0.6315178189375878,5955.1,857326016,6238.1,5695.075268817204,1.0062674700664866,0.13195357972156252,2908.6,2044780032,3005.8,2764.2647311827955,1.0057199411050668,0.08704133541636394,4594.62,4697.96,4489.143182795699,1.0028459771563922
0.9151,17654136,13.86,1.325494623655914,0.9707386909505555,-0.642493999619524,5720.9,1388157056,6238.1,5712.882580645161,1.003126791304315,0.09697945929633,2895.7,3252819968,3005.8,2778.173333333333,1.0050315738552966,0.11431195193096255,4538.43,4697.96,4497.368623655913,1.0018322963927142
1.05,14915706,13.86,1.2968556989247315,0.9783937828037416,-0.5657505316046673,6029.1,1093100032,6238.1,5748.315483870968,1.006202281024618,0.13506590408681918,3068.9,2615810048,3005.8,2802.276989247312,1.0086760806551471,0.1572727221790169,4712.02,4697.96,4516.135720430108,1.0041729060578848
0.8633,17399268,13.86,1.2582791397849464,0.9702537767526717,-0.6651198591052324,5715.1,1311256064,6238.1,5760.456989247313,1.002112184936685,0.05477844674031762,2944.9,3316379904,3068.9,2816.9120430107528,1.005222557876897,0.12075105295958477,4620.64,4712.02,4527.849978494624,1.002593867587177
0.8495,10041637,13.86,1.2213212903225807,0.970628258632117,-0.7084029462563592,5874.6,747123008,6238.1,5780.564516129032,1.0034906131439316,0.07826226223221289,3041.1,1755000064,3068.9,2836.558494623656,1.006974463992104,0.12899434486249373,4725.78,4712.02,4545.347935483872,1.0038645178334873
0.74,19579228,13.86,1.1798376344086021,0.9660337895992775,-0.751553983175673,5870.4,640998976,6238.1,5797.969462365591,1.0030109423029525,0.0658936297435373,3055.4,1630649984,3068.9,2855.8066666666664,1.0067857483212468,0.11747221953872922,4766.18,4725.78,4564.33047311828,1.0041762562302916
0.6401,28286540,13.86,1.13464,0.9616916488417854,-0.8609398059693357,5405.8,1232411008,6238.1,5783.012043010753,0.9974202314358627,0.010072328976971301,2912.0,2609730048,3068.9,2864.513333333334,1.0030487591363564,0.06857422556085258,4677.02,4766.18,4576.407440860215,1.002645945076296
0.634,9973712,13.86,1.0925969892473117,0.9629459469499679,-0.7861052025853654,5329.8,1204809984,6238.1,5762.108602150539,0.9963853713765861,-0.02390112429110469,2910.2,2528079872,3068.9,2872.1952688172046,1.0026817593740893,0.048721683573694996,4662.85,4766.18,4586.646387096775,1.0022373327482037
0.606,8500245,13.86,1.0516421505376345,0.9625160611710171,-0.7788758545290038,5053.5,1131072000,6238.1,5722.609892473119,0.9931450945470416,-0.056651475670211004,2708.3,2292640000,3068.9,2865.9518279569893,0.9978262477736111,0.03448451358022875,4397.93,4766.18,4578.7261935483875,0.9982732059810261
0.56,9062424,13.86,1.010545376344086,0.960921332249246,-0.7501919385269122,5189.7,1800502016,6238.1,5691.960645161291,0.9946441837050364,-0.05983822755287238,2769.6,3906190080,3068.9,2863.3238709677416,0.9990830421629519,0.03349181504681131,4431.85,4766.18,4572.742279569893,0.9986931050852252
0.5438,16070004,13.86,0.9710916129032259,0.960957949673082,-0.7666194770063122,5232.8,1751774976,6238.1,5664.217849462365,0.9951259684617619,-0.02938767976562373,2798.9,3243249920,3068.9,2862.2931182795696,0.9996400153337095,0.02366611416765374,4500.54,4766.18,4571.018989247312,0.9996231385419903
0.5053,18854628,13.86,0.9318554838709677,0.9595958522235036,-0.6968723141430486,5098.5,1543190016,6238.1,5627.92365591398,0.9935923732961948,-0.014255006452716046,2717.5,2838710016,3068.9,2855.7043010752695,0.9976980634295552,0.008137198130121703,4418.64,4766.18,4563.730129032258,0.9984054189597114
0.4521,17108762,13.86,0.8912617204301075,0.9564377050481777,-0.7418015801580158,4887.5,1515554048,6238.1,5578.348817204302,0.9911912737733065,-0.07148368783304737,2670.9,2940369920,3068.9,2845.9427956989243,0.9965817520488134,-0.0013989866017731778,4348.87,4766.18,4551.743247311828,0.9973734464173997
0.5713,18169388,13.86,0.8609344086021505,0.9659726081208542,-0.7366388752281925,5056.2,1388835968,6238.1,5540.895268817204,0.993285907781244,-0.05231757493677325,2705.5,2701250048,3068.9,2838.504946236559,0.997386507742318,0.0068386690867501265,4384.62,4766.18,4542.198150537634,0.9979029799671081
0.4919,10218701,13.86,0.8279333333333334,0.9616683048800442,-0.8108137531235382,4901.5,1443747968,6238.1,5494.189677419356,0.9915707500084515,-0.1074665235054808,2624.0,2960100096,3068.9,2825.7834408602153,0.9955182373759078,-0.010532808523308734,4328.87,4766.18,4529.079161290323,0.997111753205712
0.4558,12174347,13.86,0.7950507526881719,0.9602835405686914,-0.7757918936369504,4691.9,1502050048,6238.1,5435.236129032259,0.9892698374376496,-0.1323334820559917,2524.1,2983980032,3068.9,2806.8202150537636,0.993289214759968,-0.013209257219907511,4204.31,4766.18,4508.155548387097,0.9953801618037373
0.4261,34061788,13.86,0.7617449462365591,0.9581085781769259,-0.7799026773726001,5093.2,1663041024,6238.1,5403.964516129032,0.9942465033421106,-0.09916377544494914,2722.7,3298520064,3068.9,2801.0924731182795,0.9979593484809733,-0.008445433675453584,4463.09,4766.18,4504.4944946236565,0.9991879042938635
0.41,8056235,13.86,0.7289356989247312,0.9569288283776299,-0.8385304185405194,5097.7,1250657024,6238.1,5374.155483870967,0.9944838586247015,-0.11472588197764166,2786.1,2699249920,3068.9,2799.4763440860215,0.9994230361732903,-0.002271307481712892,4543.04,4766.18,4505.945440860215,1.0003221107803084
0.346,12214993,13.86,0.6938898924731183,0.951921950724447,-0.8747086296686635,5204.7,1141704960,6238.1,5352.538924731182,0.9959776825950308,-0.10583693381106063,2789.4,2801019904,3068.9,2798.042150537635,0.9994876922066456,-0.0046958663957185065,4545.86,4766.18,4507.505913978494,1.0003463142505298
0.3216,16258635,13.86,0.6591709677419356,0.949964792530066,-0.8609952311839104,4982.2,1115398016,6238.1,5317.703010752687,0.9934917028220874,-0.17659671816533373,2677.0,2637179904,3068.9,2789.370752688172,0.996900905210525,-0.031930757327107706,4488.28,4766.18,4505.329118279569,0.99951707313524
0.3,7893419,13.86,0.6246034408602151,0.9475590877429941,-0.8138128320392317,4771.8,785747008,6238.1,5270.669677419353,0.9911553290512408,-0.2021085946576423,2574.9,1943859968,3068.9,2774.261505376344,0.9945832775018283,-0.04690440279421526,4392.59,4766.18,4496.914903225807,0.9981323861514084
0.2665,12579817,13.86,0.5893799999999999,0.943606713386489,-0.8835873884696626,4579.4,1142942976,6238.1,5213.1288172043005,0.989082817983914,-0.27088520156436435,2509.6,2356460032,3068.9,2755.2679569892475,0.9931536560809829,-0.047381146917839345,4271.78,4766.18,4480.793376344086,0.9964149806637086
0.2661,12440817,13.86,0.5557296774193549,0.9429055573982065,-0.8375463417102094,4577.9,1338204032,6238.1,5157.895268817205,0.9894049139540126,-0.20000477987254817,2478.0,3027109888,3068.9,2734.7604301075266,0.9925569755095145,-0.01727809666895952,4131.93,4766.18,4456.044322580645,0.9944766357908621
0.2209,9797663,13.86,0.5204232258064516,0.9364682991614628,-0.8401054281119753,4443.3,1368017024,6238.1,5095.895483870969,0.9879796347705886,-0.19989127388336925,2461.5,3285600000,3068.9,2713.5830107526886,0.9922562067515343,-0.01653818554514963,4123.34,4766.18,4431.225204301075,0.9944302353201917
0.2153,16600912,13.86,0.48608688172043013,0.9340222680630488,-0.9497523081436006,4286.7,2083979008,6238.1,5026.097849462366,0.9863031660226315,-0.1875164633565083,2375.3,3504839936,3068.9,2687.2894623655916,0.9903103946763715,-0.032360559170075076,4023.89,4766.18,4400.566344086023,0.9930811775972718
0.2014,6846299,13.86,0.45344451612903225,0.932846643637316,-0.9394369115230914,4161.1,1349480960,6238.1,4951.331182795699,0.985124311363205,-0.1783083854533336,2285.8,3260610048,3068.9,2656.001505376344,0.9883570573890819,-0.03676481672388765,3901.36,4766.18,4362.964645161291,0.9914552591678875
0.19,9793565,13.86,0.42277333333333333,0.9323595683601318,-0.9976193554270779,4462.3,1851694976,6238.1,4899.643655913979,0.9895608827255755,-0.20632409658452022,2470.3,2907089920,3068.9,2637.6838709677418,0.9931033042068977,-0.03213476930395032,4158.24,4766.18,4343.319806451613,0.9954973646803522
0.173,7020657,13.86,0.394768817204301,0.9337599750953254,-0.882094851796043,4454.4,1395811968,6238.1,4850.971827956989,0.9900662514715244,-0.18659225851281824,2442.4,2374089984,3068.9,2618.3546236559137,0.9926718862997269,-0.041516836998229834,4108.54,4766.18,4321.430107526882,0.9949601457179793
0.1575,14854474,13.86,0.3686825806451613,0.9339202200825311,-0.9440717193184682,4180.6,1223938944,6238.1,4788.309462365592,0.9870825129863127,-0.1784633589104957,2286.4,2273639936,3068.9,2590.01311827957,0.9891758338919074,-0.05436930020876851,3900.86,4766.18,4287.408344086021,0.9921271980352978
0.1567,21601596,13.86,0.3452597849462365,0.9364689385163328,-0.9143428375411146,4028.2,1600963968,6238.1,4720.137849462366,0.9857629057939905,-0.16234569296885815,2174.4,3285469952,3068.9,2555.843655913979,0.9868072242088534,-0.05881894407574362,3674.84,4766.18,4240.486344086022,0.9890558593363931
0.151,16221146,13.86,0.3234333333333333,0.9367825256095146,-0.9305542610678696,4410.5,1334754944,6238.1,4681.383225806452,0.9917895144396413,-0.13740756623634554,2332.8,2160740096,3068.9,2533.6815053763444,0.9913288316809389,-0.04933865482074096,3911.74,4766.18,4211.0484731182805,0.993057902188791
