37.59,917544,47.65,38.900387096774196,0.9977115493125548,0.09679956013172397,1915.8,340457984,2271.4,2025.4365591397852,0.9963653528639683,-0.09707819408068896,1046.01,0,1101.36,1051.8759139784945,1.0009550284103965,0.12408513271856503,2633.08,2929.67,2784.117634408602,0.9963439993058762
36.12,816361,47.65,38.70329032258064,0.994933295298496,-0.051584926626910166,1892.9,328110016,2271.4,2016.6526881720429,0.9956632208853419,-0.12783651253125394,1026.67,0,1101.36,1051.4472043010753,0.9995924332217118,0.10912779296356656,2599.95,2929.67,2771.9676559139784,0.9956359679833698
32.46,1430449,47.65,38.266,0.9887014690757309,-0.3280486873192793,1739.7,517436000,2271.4,1998.1318279569894,0.9908160387142114,-0.10570302165055578,958.02,0,1101.36,1046.4499139784944,0.9952472265824295,0.1113659357459913,2416.62,2929.67,2748.2329892473126,0.9914376105305457
34.72,591036,47.65,37.989999999999995,0.9927873307897349,-0.3060241071316473,1820.1,269415008,2271.4,1985.2247311827957,0.9935404178074724,-0.057442595756539316,987.48,0,1101.36,1043.3545161290324,0.997042000951872,0.11677223290625016,2485.74,2929.67,2729.6129677419353,0.9932247296432909
36.58,886219,47.65,37.84808602150538,0.9962644385760828,-0.23253419705454337,1926.4,436152992,2271.4,1979.4791397849463,0.9971058231808213,0.004787488635296766,994.77,0,1101.36,1040.6761075268817,0.9974328873256926,0.10158639602052144,2531.94,2929.67,2714.508817204301,0.9944665596492498
37.55,979222,47.65,37.781290322580645,0.9982351630968398,-0.1763116099451223,2011.9,461609984,2271.4,1979.3701075268818,0.9999449187132751,-0.009471520963253433,1017.28,0,1101.36,1039.423182795699,0.9987960473752393,0.09368017942556872,2596.26,2929.67,2704.085720430108,0.996160227328004
33.64,1062113,47.65,37.467892473118276,0.9917049458399503,-0.27409445170788793,2050.4,419855008,2271.4,1981.7103225806447,1.001182302917915,0.0261110898549195,1042.81,0,1101.36,1039.7583870967742,1.0003224906915908,0.09099825868066758,2670.71,2929.67,2698.860258064516,0.9980675677822962
32.97,597075,47.65,37.12516129032257,0.9908526698414757,-0.200603050455616,2005.6,313368992,2271.4,1980.9901075268815,0.9996365689548282,0.010566041284045813,1029.15,0,1101.36,1039.0844731182794,0.9993518552128476,0.08533673468364833,2664.76,2929.67,2693.4319354838713,0.9979886611155859
36.85,873329,47.65,37.04144086021505,0.9977449140367951,-0.17626687813822794,2011.2,366230016,2271.4,1980.5094623655916,0.9997573712460938,-0.0524827562168676,1050.21,0,1101.36,1039.6329892473118,1.0005278840587293,0.07406522866502274,2706.53,2929.67,2690.8137419354844,0.9990279340220578
36.04,830575,47.65,36.9101935483871,0.9964567438852273,-0.2838285349445816,1965.0,384600000,2271.4,1977.1486021505382,0.9983030324878938,-0.1169340576789295,1040.39,0,1101.36,1039.4307096774196,0.999805431751412,0.06181211861254565,2707.88,2929.67,2688.397247311828,0.9991019465279234
36.46,616829,47.65,36.81862365591398,0.9975191164372228,-0.3035351775997309,2025.8,342356992,2271.4,1977.9993548387097,1.0004302927393753,-0.10256369021701461,1073.62,0,1101.36,1041.310387096774,1.0018083720269704,0.07948244387169046,2775.6,2929.67,2690.5507096774195,1.0008010208936737
31.63,1420008,47.65,36.42806451612904,0.9893923481921844,-0.29406163218939596,2003.7,263972992,2271.4,1977.5206451612903,0.999757982895066,-0.11116455027367833,1070.06,0,1101.36,1042.8090967741934,1.001439253555895,0.06136722919699489,2792.67,2929.67,2693.861870967742,1.001230663030588
31.39,1633031,47.65,36.033913978494624,0.9891800307573327,-0.23307175910838807,2051.1,440624000,2271.4,1980.2182795698925,1.0013641498080958,-0.06419181760853243,1073.74,0,1101.36,1044.4312903225807,1.0015555997290446,0.0468603305268831,2803.69,2929.67,2697.9402365591395,1.001513947554383
29.14,1120725,47.65,35.50559139784946,0.9853381849953775,-0.36990121261944,1941.2,385408000,2271.4,1975.9501075268815,0.9978445951706203,-0.13457003867801043,1032.22,0,1101.36,1043.2989462365592,0.9989158271142262,0.027844672000949533,2743.07,2929.67,2698.18647311828,1.0000912683519834
29.98,1402371,47.65,35.05516129032257,0.9873138260822163,-0.36657338540966455,2045.0,375454016,2271.4,1978.7098924731188,1.0013966875660092,-0.07709612979014868,1065.44,0,1101.36,1044.3187311827958,1.0009774618769771,0.021601664226786443,2822.48,2929.67,2703.749935483871,1.0020619265647572
29.94,2219169,47.65,34.62361290322581,0.9876894479667992,-0.3995600646315398,1946.0,345785984,2271.4,1975.1886021505372,0.9982204110183225,-0.1520904491958186,1049.44,0,1101.36,1044.279311827957,0.9999622535212078,0.01488618119794094,2800.71,2929.67,2707.9683440860217,1.0015602066399665
31.06,741026,47.65,34.28791397849462,0.9903043357817833,-0.3631944690136881,2000.0,356958016,2271.4,1975.501505376344,1.0001584168850843,-0.1526140865417237,1062.47,0,1101.36,1045.1052903225805,1.0007909555281504,0.014816325850099843,2834.4,2929.67,2714.519397849463,1.002419176641318
33.74,925386,47.65,34.1481935483871,0.9959250822259075,-0.24292738611838172,2053.5,328065984,2271.4,1979.621505376344,1.002085546373307,-0.12297612902718968,1065.28,0,1101.36,1046.1317204301076,1.000982130812112,-0.00991785908201126,2892.74,2929.67,2724.9786666666664,1.0038530831002679
31.1,792052,47.65,33.84817204301075,0.9912141324561948,-0.6589274150038325,2003.8,298140000,2271.4,1980.6393548387098,1.0005141636719956,-0.1534876840870123,1039.31,0,1101.36,1045.4886021505376,0.9993852415838174,-0.03754913313588182,2907.41,2929.67,2736.3390967741934,1.0041689978150998
31.36,786539,47.65,33.60051612903225,0.9926833297330265,-0.6271775676343658,1890.1,342371008,2271.4,1974.558064516129,0.9969296326927342,-0.1806370748819286,993.64,0,1101.36,1041.9842150537636,0.9966480867514331,-0.08160442412475577,2905.03,2929.67,2747.540752688172,1.0040936651189114
31.55,691090,47.65,33.389913978494626,0.9937321751329987,-0.6063204189529483,1933.9,355604000,2271.4,1971.8064516129032,0.9986064664530896,-0.21655261343170018,1030.02,0,1101.36,1041.038301075269,0.999092199320461,-0.07366264795704724,2939.88,2929.67,2761.043784946237,1.0049145885260677
32.7,896596,47.65,33.2694623655914,0.9963925749260449,-0.40157512425130615,1943.4,340451008,2271.4,1970.1963440860216,0.9991834353084885,-0.22797972081394546,1043.06,0,1101.36,1041.0870967741937,1.0000468721456977,-0.06591405246958104,2945.64,2939.88,2774.8627311827954,1.0050049717834617
35.64,1326610,47.65,33.34363440860215,1.0022294331719488,-0.34258307448211145,1884.3,362912000,2271.4,1965.1477419354837,0.9974375131871033,-0.24371899974963818,1027.08,0,1101.36,1040.2108602150538,0.9991583446170307,-0.06689175975438655,2881.4,2945.64,2784.407978494624,1.0034398989198863
34.27,934740,47.65,33.32812903225807,0.9995349824151119,-0.3740091401104406,1874.8,367855008,2271.4,1959.8012903225806,0.9972793640402643,-0.22057075943148496,1021.94,0,1101.36,1039.0610322580644,0.998894620311163,-0.06798053821535344,2859.53,2945.64,2792.2965161290326,1.002833111273684
32.84,755942,47.65,33.221978494623656,0.9968149865979075,-0.442349176018796,1885.7,284385984,2271.4,1955.4617204301078,0.9977857092380226,-0.15972311777882853,1033.95,0,1101.36,1038.7653548387098,0.9997154378711401,-0.04095936975679337,2826.06,2945.64,2797.828387096774,1.001981118744298
30.84,869104,47.65,32.99182795698925,0.9930723410205189,-0.5269125202657449,1819.5,273609984,2271.4,1946.8277419354843,0.9955846854968224,-0.19667691757320815,1007.0,0,1101.36,1036.6831182795697,0.9979954697666411,-0.03610221764870292,2752.06,2945.64,2798.2261290322585,1.0001421609478691
31.07,1087089,47.65,32.79189247311828,0.9939398482517665,-0.5400041727637593,1889.3,339776000,2271.4,1942.9316129032256,0.9979987294467125,-0.1726038966519814,1050.52,0,1101.36,1037.4651827956989,1.0007543910982433,-0.0557722295432328,2873.34,2945.64,2806.386021505376,1.0029160947317504
31.31,808539,47.65,32.62208602150538,0.9948216940589171,-0.483029340058461,1894.9,246936000,2271.4,1939.5827956989247,0.9982764101515148,-0.15083987521973152,1052.28,0,1101.36,1038.4129677419357,1.0009135583168998,-0.06564730653538875,2886.98,2945.64,2815.2273548387097,1.0031504337840849
35.16,1875943,47.65,32.71896774193549,1.002969819905638,-0.29186235176435293,1989.6,360868992,2271.4,1942.4486021505377,1.0014775375704343,-0.10194707902562605,1085.15,914767872,1101.36,1041.505569892473,1.002978200625963,-0.0730519593011929,2950.46,2945.64,2827.840064516129,1.0044801744540246
40.93,5398632,47.65,33.19249462365592,1.0144725495454283,-0.29908945968671363,1951.7,562072000,2271.4,1942.6632258064517,1.0001104912921126,-0.13279206623726436,1072.47,1264445312,1101.36,1043.6738494623655,1.0020818703543912,-0.08800779879360121,2941.76,2950.46,2839.2078279569896,1.0040199456763852
43.94,11746954,47.65,33.8625376344086,1.0201865818869533,-0.09868713404799045,1958.6,241774000,2271.4,1943.50559139785,1.000433613804085,-0.09229302750598478,1085.09,577807552,1101.36,1046.7087311827959,1.002907883264483,-0.09834697266814985,2990.41,2950.46,2853.323784946237,1.0049717941921161
44.34,2743402,47.65,34.5447311827957,1.0201459664881671,-0.041648428805033166,1876.0,326972992,2271.4,1938.9268817204302,0.997644097502119,-0.14192104892664725,1069.57,932012160,1101.36,1048.6582795698923,1.00186255099343,-0.11737902070096662,3013.77,2990.41,2868.1783870967743,1.0052060695771394
44.59,1505212,47.65,35.22537634408602,1.0197032988240273,0.17056076628633154,1863.7,313440000,2271.4,1933.5909677419356,0.9972480066015899,-0.11105612249856889,1061.01,825691904,1101.36,1049.9633118279569,1.0012444780949994,-0.12422149979380936,2976.61,3013.77,2879.745634408602,1.004032959513211
44.46,1574243,47.65,35.87154838709677,1.018343935823392,0.08590297285790882,1863.4,335124992,2271.4,1927.9690322580645,0.9970924897883463,-0.16887780505451278,1064.81,899301248,1101.36,1051.2920215053764,1.0012654820053724,-0.13897696057778886,3025.86,3013.77,2893.2860215053765,1.0047019385792229
44.68,1438766,47.65,36.51096774193549,1.0178252510301093,-0.0178309234340448,1863.7,414972000,2271.4,1922.2733333333333,0.9970457518614496,-0.2589677952030228,1052.76,1223475712,1101.36,1051.6770107526881,1.0003662058109797,-0.09973018945007883,2932.05,3025.86,2899.612602150538,1.002186641969766
37.48,3235100,47.65,36.668451612903226,1.0043133305060785,-0.2630957845000882,1876.1,418228000,2271.4,1917.5124731182793,0.9975233177652221,-0.2678814105162082,1057.12,1048724672,1101.36,1052.2185806451612,1.0005149583825983,-0.08501151559685294,2918.65,3025.86,2904.214215053764,1.0015869750668807
40.73,1608923,47.65,37.035763440860215,1.0100171076715914,-0.050903729119783137,1866.1,384014016,2271.4,1912.398494623656,0.9973330142221672,-0.2688670812663869,1045.86,906450432,1101.36,1051.9480215053763,0.9997428679318522,-0.07869021150357836,2888.68,3025.86,2906.1889677419354,1.0006799610985773
36.6,1449996,47.65,37.12137634408602,1.0023116278772684,-0.13304093464921474,1834.2,335592000,2271.4,1905.6227956989248,0.9964569628433719,-0.24365747118494707,1025.47,802831872,1101.36,1050.3554193548387,0.9984860448254291,-0.07200594398614024,2847.11,3025.86,2905.0130322580644,0.9995953685404069
37.28,1578577,47.65,37.24305376344086,1.0032778261836788,-0.17305923318377858,1850.0,323175008,2271.4,1900.2350537634409,0.9971727133262447,-0.22611447363849224,1046.74,788636416,1101.36,1050.1429892473118,0.9997977540710388,-0.08456313017345207,2926.46,3025.86,2908.564301075269,1.0012224622670434
34.81,1687843,47.65,37.20445161290323,0.9989635073755545,-0.2856654458500103,1855.5,278228000,2271.4,1895.548817204301,0.9975338647974845,-0.20206551718002086,1053.74,628475712,1101.36,1050.3896344086022,1.0002348681692073,-0.08718378372441449,2978.71,3025.86,2915.0135698924737,1.0022173375416938
35.38,1476045,47.65,37.2052688172043,1.0000219652290423,-0.18254618016303414,1880.5,437472000,2271.4,1892.7109677419357,0.998502887693206,-0.1692891016706517,1055.71,917624320,1101.36,1050.7346666666667,1.0003284802579557,-0.10019175173422767,3007.39,3025.86,2922.730731182796,1.0026473843449746
36.91,2317671,47.65,37.3071182795699,1.002737501047661,0.03227137591457607,1905.3,434415008,2271.4,1891.7855913978492,0.9995110841751023,-0.16732236474656348,1066.2,861253888,1101.36,1051.7949892473118,1.0010091249620694,-0.07500847822428158,2992.07,3025.86,2928.961032258065,1.0021316712514081
34.22,1563992,47.65,37.224064516129026,0.9977737823967402,-0.10142460411902432,1839.7,358791008,2271.4,1886.8395698924728,0.9973855274467326,-0.2371180296426717,1034.11,798872768,1101.36,1050.7932903225806,0.9990476291150159,-0.09329834811664584,2961.79,3025.86,2932.808967741935,1.0013137544137634
35.39,1606216,47.65,37.21040860215053,0.9996331428564825,0.06117211240146281,1846.2,389824992,2271.4,1882.7675268817206,0.9978418710971891,-0.18200911868100644,1043.45,855209984,1101.36,1050.4793978494622,0.999701280474467,-0.06529066686693752,2952.01,3025.86,2935.6859354838707,1.0009809598148327
34.59,1362019,47.65,37.131698924731175,0.9978847403085274,-0.017951492874184183,1856.7,271087008,2271.4,1879.577204301075,0.9983055143372217,-0.1944268517925115,1040.49,726030016,1101.36,1049.9503870967742,0.9994964101592368,-0.07577930797325183,2970.27,3025.86,2939.291634408602,1.001228230472868
35.08,1149861,47.65,37.07468817204302,0.9984646338751232,0.028636201349145463,1885.5,271587008,2271.4,1878.6498924731184,0.9995066380748635,-0.14299074655600374,1061.63,756080000,1101.36,1050.8389032258065,1.0008462458226137,-0.05461391576877972,2986.2,3025.86,2943.607247311829,1.0014682493062976
36.25,1094603,47.65,37.08210752688172,1.0002001191433971,-0.03836103284342163,1934.7,324311008,2271.4,1881.02688172043,1.0012652646226607,-0.12148045106079508,1065.01,894400000,1101.36,1051.9192688172043,1.0010280982061868,-0.0639902361633582,3022.55,3025.86,2949.86911827957,1.0021272780101556
34.78,1192502,47.65,36.98352688172043,0.9973415576477193,-0.20371514201191232,2008.8,365836992,2271.4,1888.324946236559,1.0038798299944836,-0.09263802760847317,1097.41,894590016,1101.36,1055.084494623656,1.003009000690719,-0.030048267277594798,3066.91,3025.86,2958.588301075269,1.002955786323423
33.26,1683371,47.65,36.78464516129032,0.9946224241655977,-0.06632715358818131,2029.3,384179008,2271.4,1897.041720430107,1.0046161409935936,-0.015713536312703003,1100.18,924840000,1101.36,1058.3593333333336,1.003103863933519,-0.005293258589636585,3093.08,3066.91,2968.621311827956,1.0033911479840032
35.98,1180747,47.65,36.75660215053764,0.9992376435703071,0.056451350253651666,2057.9,328716000,2271.4,1907.548817204301,1.0055386745905681,0.005771003189436907,1126.75,801459968,1101.36,1063.2174623655915,1.0045902453724833,0.05980441645983392,3120.46,3093.08,2980.0214838709676,1.003840224415822
37.99,1352874,47.65,36.848301075268814,1.0024947606515864,0.09290595082782982,2096.2,598977984,2271.4,1920.1660215053762,1.006614354603814,0.028315760483411,1135.88,1338060032,1126.75,1068.3783655913978,1.0048540429483952,0.04480975245343877,3110.29,3120.46,2990.30223655914,1.0034498921379646
39.4,1314718,47.65,37.0171182795699,1.0045814107943878,0.07356297192568628,2146.8,317435008,2271.4,1935.6987096774194,1.0080892422832615,0.04483173311310984,1148.69,642070016,1135.88,1074.1380645161291,1.0053910666017118,0.03495438171189713,3140.98,3120.46,3002.1965161290314,1.0039776178556379
41.06,2539568,47.65,37.278623655913975,1.0070644444651005,-0.0005113455423393365,2146.5,362571008,2271.4,1950.7746236559142,1.007788357714516,0.07449792525825893,1159.11,782380032,1148.69,1080.3428602150539,1.0057765346037892,0.03674977047391326,3145.91,3140.98,3013.9887741935486,1.0039278768065862
37.36,2233572,47.65,37.28976344086022,1.0002988250062306,-0.03114935082822834,2140.6,343486016,2271.4,1964.9060215053764,1.007243993067215,0.1182758515105311,1163.7,976540032,1159.11,1086.5598494623657,1.0057546446376053,0.030562421483722346,3168.8,3145.91,3026.6889677419354,1.0042137494529273
39.39,2485813,47.65,37.425225806451614,1.0036326957612973,0.12310247464296875,2182.7,439062016,2271.4,1981.181935483871,1.008283304036101,0.10957167777235521,1190.45,1261619968,1163.7,1094.1977849462364,1.0070294659678893,0.011534104504773213,3221.22,3168.8,3042.106,1.0050936955935603
35.36,1260240,47.65,37.28660215053763,0.9962959834462753,0.05455463252782389,2172.8,161707008,2271.4,1996.1804301075272,1.0075704781852823,0.1318408311162962,1192.49,351809984,1190.45,1101.6307741935482,1.006793094767302,0.006893415026451466,3240.02,3221.22,3057.8861290322575,1.0051872383908573
34.86,1169513,47.65,37.105999999999995,0.9951563795003768,0.005101500292476802,2138.3,212762000,2271.4,2008.193333333333,1.0060179445928936,0.09681346098187649,1180.33,471340000,1192.49,1107.8803440860215,1.0056730168027925,-0.0022478771723084545,3234.85,3240.02,3072.2833333333333,1.004708221200386
35.42,1513183,47.65,36.953376344086024,0.9958868200314243,0.024075039807964327,2180.5,328408992,2271.4,2022.3933333333334,1.0070710323375243,0.11821228143914242,1198.13,768230016,1192.49,1114.9991397849462,1.0064255997833391,0.007542961932885284,3265.35,3240.02,3087.870838709677,1.005073589797928
37.55,1805869,47.65,36.92933333333333,0.9993493690392775,-0.08134825529576917,2172.3,393240992,2271.4,2035.4501075268815,1.0064561002938177,0.043216688283062465,1217.69,901840000,1198.13,1123.0662150537635,1.0072350506659342,-0.006368978561376748,3329.62,3265.35,3106.7910967741936,1.0061272828601933
34.33,1552861,47.65,36.69240860215054,0.9935843756223746,-0.26736966686462793,2086.6,302569984,2271.4,2042.584946236559,1.003505287937687,-0.019775509761656762,1193.25,758192000,1217.69,1129.2714838709678,1.005525292038909,-0.007619010086907796,3295.47,3329.62,3122.692731182796,1.005118346845114
33.94,1455776,47.65,36.44451612903225,0.993244039228764,-0.31994344716643497,2021.1,322556000,2271.4,2045.203870967742,1.0012821619663888,-0.011608684065825159,1153.96,1004976000,1217.69,1132.682172043011,1.003020255289146,-0.015151936536782484,3225.52,3329.62,3133.320795698925,1.0034034935330007
36.34,1293262,47.65,36.37296774193548,0.9980367859229232,-0.18166777748604745,2177.1,431692000,2271.4,2057.7529032258067,1.006135834395877,0.09706758970323115,1199.27,1036518976,1217.69,1138.867978494624,1.0054612022721745,0.017095152306545902,3327.71,3329.62,3150.0361505376345,1.0053347090606408
36.49,900603,47.65,36.32830107526882,0.9987719817919843,-0.21564228196399582,2195.1,380860992,2271.4,2070.8156989247314,1.006348087604905,0.03708831444579408,1209.53,886390016,1217.69,1145.4367956989247,1.0057678478351666,0.004406141006102926,3380.16,3329.62,3169.4602365591404,1.0061663057480121
35.17,915961,47.65,36.21589247311828,0.9969057567014312,-0.22221832858418678,2210.4,251560000,2271.4,2084.1529032258068,1.0064405559162029,0.05384463921832383,1203.41,684537024,1217.69,1151.291376344086,1.0051112210356303,0.027089238515551006,3337.75,3380.16,3185.2803440860216,1.0049914200987282
32.49,2648650,47.65,35.95055913978495,0.9926735663485229,-0.317142544450727,2037.1,824065024,2271.4,2085.5632258064516,1.0006766886337668,0.12017168036280501,1075.66,1603106048,1217.69,1148.6059569892473,0.9976674720144554,0.01419108361592114,2954.22,3380.16,3175.6858494623652,0.9969878649326832
31.54,3049682,47.65,35.65015053763441,0.9916438406150382,-0.1614017675182431,2122.0,573827008,2271.4,2092.0780645161285,1.0031237790487784,0.12964228058727723,1129.02,1582723968,1217.69,1149.313870967742,1.0006163244881217,0.049609214316936656,2972.37,3380.16,3167.2146451612903,0.9973324803829355
26.47,3030054,47.65,35.03541935483871,0.9827565613742149,-0.2436719240253732,1945.5,650163968,2271.4,2086.676989247312,0.9974183203961533,0.12950697289004398,1053.92,1870640000,1217.69,1145.022,0.9962657102849299,0.06920871579148324,2711.02,3380.16,3141.766623655914,0.9919651730758904
27.79,3737069,47.65,34.53651612903226,0.9857600327042311,-0.15861890620777774,1793.8,843921024,2271.4,2071.318064516129,0.9926395293520138,0.2727758625381733,916.59,1988199040,1217.69,1131.8527956989249,0.9884987325124975,0.08425950845255692,2304.92,3380.16,3090.5006666666673,0.9836824426730999
28.46,2347390,47.65,34.099784946236554,0.9873545096105227,-0.14795232231905708,1899.5,521384000,2271.4,2062.8653763440857,0.9959191742123786,0.22725997404763287,990.69,1692722048,1217.69,1123.6983870967742,0.9927955219679294,0.0780076441375317,2541.47,3380.16,3055.6620000000003,0.9887271771067945
28.96,1393942,47.65,33.71427956989247,0.9886947857016726,-0.03515839231150908,1957.9,477103008,2271.4,2058.0739784946236,0.9976773094820401,0.31542559900336864,1010.87,1319353984,1217.69,1116.9664516129035,0.9940091259708367,0.12383722309520873,2488.65,3380.16,3018.2435268817203,0.9877543808450411
30.84,1734363,47.65,33.46264516129032,0.9925362661812039,-0.04722630583539178,2082.1,412070016,2271.4,2061.0752688172042,1.0014583005052013,0.18046237069116222,1106.01,1028777024,1217.69,1116.4647741935485,0.9995508572181102,0.11999078344645053,2789.82,3380.16,3001.3092688172046,0.9943893665591619
29.4,1778082,47.65,33.127870967741934,0.9899955848697923,-0.1912810650243184,2261.8,521422016,2271.4,2075.2365591397847,1.0068708263772954,0.3041098886228837,1173.93,1168333952,1217.69,1120.2368602150539,1.0033785983299206,0.14031489425380161,2874.56,3380.16,2990.31,0.9963351764739862
30.29,1452462,47.65,32.866666666666674,0.9921152705125661,-0.07070981156637757,2250.3,600233984,2271.4,2087.889247311828,1.0060969859635125,0.3800013254610999,1168.43,1090572032,1217.69,1123.422430107527,1.0028436574492483,0.17211055944613518,2836.74,3380.16,2977.123440860215,0.9955902367514455
28.07,1591286,47.65,32.47068817204301,0.9879519727802131,-0.1312019094578064,2192.4,579296000,2271.4,2095.9234408602147,1.0038479979523487,0.3527259485643779,1137.89,1176935040,1217.69,1124.3488172043012,1.000824611536985,0.13159809795537258,2830.71,3380.16,2963.816774193548,0.9955303611250926
33.21,2984220,47.65,32.42206451612903,0.9985025369448177,0.0272439757606725,2273.2,572185024,2271.4,2108.4260215053764,1.0059651895681982,0.3722663479357534,1157.47,969673984,1217.69,1126.3353333333332,1.0017668147986063,0.1260528224288373,2929.8,3380.16,2957.1638709677422,0.9977552919992444
31.45,2898429,47.65,32.26286021505376,0.9950896309827503,-0.08260402825010194,2350.9,556371968,2273.2,2125.0458064516124,1.0078825554118185,0.4705781443042917,1167.63,1077079040,1217.69,1128.7257634408602,1.0021223076616559,0.14086849720810968,2863.7,3380.16,2946.333483870968,0.9963375762827679
31.5,1939816,47.65,32.114688172043,0.9954073494407163,-0.07018858872222411,2347.2,629673024,2350.9,2140.4260215053764,1.0072375922472212,0.38444226467452247,1158.51,921249984,1217.69,1130.2998494623657,1.0013945690552035,0.10999240107001085,2955.45,3380.16,2941.685892473118,0.998422584740223
30.25,1872348,47.65,31.896086021505376,0.993193078837741,-0.026426753173536044,2399.6,559038976,2350.9,2158.2997849462363,1.008350563514589,0.3110292447028228,1198.14,927134016,1217.69,1134.2296344086021,1.0034767632218173,0.09915782879305002,3044.31,3380.16,2942.9155053763443,1.0004179959887534
30.0,2062161,47.65,31.671096774193547,0.9929461800686099,1.8787665741704096e-05,2360.4,453580000,2399.6,2172.8040860215056,1.0067202439514817,0.18113839266432907,1200.89,1037033984,1217.69,1138.1202150537636,1.0034301525256744,0.05893452532271892,3193.93,3380.16,2953.846623655914,1.0037143840044336
28.43,7253937,47.65,31.351827956989247,0.9899192371050298,-0.15038757982076767,2292.1,410532000,2399.6,2182.1898924731186,1.0043196745219671,0.19066057051165763,1134.51,1083065984,1217.69,1137.5116344086023,0.9994652756034805,0.0322519146203889,3041.31,3380.16,2954.71440860215,1.000293781315281
30.74,3135432,47.65,31.197827956989247,0.9950880057069952,-0.13001124565880362,2447.8,416281984,2399.6,2201.117204301075,1.0086735402327915,0.2403936512588053,1169.95,1136642944,1217.69,1139.172817204301,1.0014603655430412,0.03402935912350458,3097.74,3380.16,2959.393053763441,1.001583450890438
31.27,3907024,47.65,31.093612903225807,0.9966595413659208,-0.06738797156561405,2385.5,499049984,2447.8,2215.2690322580647,1.006429384100645,0.23273385361936283,1137.37,1059713024,1217.69,1138.658795698925,0.9995487765353832,0.03214811035405829,3009.05,3380.16,2958.376752688172,0.9996565846250208
32.82,2057071,47.65,31.10688172043011,1.0004267377112335,0.0026301127525356627,2472.2,340732000,2447.8,2234.501075268817,1.0086815834694123,0.22146077112927232,1184.43,706768000,1217.69,1141.205247311828,1.0022363605520126,0.026898527554131246,3130.01,3380.16,2965.448043010753,1.002390260238543
31.87,1341775,47.65,31.076580645161293,0.9990259044432308,0.04171805852962174,2471.7,334863008,2472.2,2253.000430107527,1.0082789643931964,0.2167797504260628,1173.97,762638976,1217.69,1143.0224086021506,1.0015923176787023,0.003700330174169375,3185.04,3380.16,2976.103849462366,1.0035933209070136
33.74,1686744,47.65,31.1787311827957,1.003287058470196,0.08782378385057932,2565.8,581196032,2472.2,2276.8587096774195,1.0105895583733884,0.26173650488448597,1233.67,842268032,1217.69,1148.6690967741936,1.0049401377694323,0.035215949459849405,3224.73,3380.16,2989.2853763440853,1.004429121948853
32.42,1280719,47.65,31.207870967741933,1.0009346045794933,0.17044883221353813,2455.8,438787008,2565.8,2292.7963440860217,1.0069998346146214,0.2270640506963445,1224.52,842203008,1233.67,1153.6325161290324,1.0043210175748416,0.03438749533347896,3215.63,3380.16,3001.8722580645153,1.0042106658066297
30.09,1236800,47.65,31.093010752688173,0.9963195113446706,0.15407437538546997,2432.8,416480000,2565.8,2306.6415053763444,1.0060385482234542,0.19729286710914262,1228.58,863617024,1233.67,1158.7889892473117,1.004469770959284,0.02966613200288637,3271.12,3380.16,3018.0915913978497,1.0054030724624479
32.14,1397597,47.65,31.120666666666672,1.0008894575761245,0.13443503405432933,2420.3,333948992,2565.8,2319.04688172043,1.0053781119932035,0.16614658626895962,1239.1,821912000,1233.67,1164.5204086021506,1.0049460422976246,0.007879244920347528,3351.28,3380.16,3039.4045376344084,1.00706172943767
32.9,1220696,47.65,31.204408602150536,1.0026908785849873,0.12607089799493543,2391.9,351950016,2565.8,2329.1043010752687,1.0043368762546867,0.19665470509276595,1243.21,673443968,1239.1,1170.4288817204301,1.0050737394335336,0.007974251439353264,3372.85,3380.16,3061.9243010752693,1.0074092682175135
35.52,1055160,47.65,31.46718279569893,1.0084210598860792,0.2623414856518662,2352.9,365310016,2565.8,2336.1733333333336,1.0030350861723116,0.23202812477684598,1243.13,649537024,1243.21,1176.2773118279572,1.004996826546975,0.01094429134047159,3397.16,3380.16,3085.9194838709677,1.0078366348858696
34.99,943651,47.65,31.693204301075273,1.0071827690087096,0.2585451084574165,2371.5,319270016,2565.8,2343.8696774193545,1.0032944233958185,0.24368536072178448,1255.85,771142976,1243.21,1182.8391182795701,1.0055784519395479,0.0007162777238021167,3508.01,3397.16,3116.8475913978496,1.0100223313305912
33.62,1708962,47.65,31.82858064516129,1.0042714628284342,0.11407474382157912,2322.4,376940000,2565.8,2347.644731182796,1.001610607364313,0.16093662353271176,1229.65,952924032,1255.85,1187.4914838709678,1.0039332192514605,-0.004493238293406199,3426.96,3508.01,3141.9391612903223,1.0080503037625974
38.06,1352314,47.65,32.25625806451613,1.0134368988715763,0.2372022136335845,2281.7,274929984,2565.8,2348.4815053763446,1.0003564313554065,0.1908896481697736,1216.07,633918976,1255.85,1191.2023870967741,1.0031249935483406,0.01700118466210887,3340.97,3508.01,3161.2695483870975,1.0061523747292538
43.02,3887713,47.65,33.00055913978495,1.023074625512362,0.3483279960130091,2342.5,576380032,2565.8,2353.054623655914,1.0019472660393962,0.21235621595138388,1226.34,901916032,1255.85,1195.561806451613,1.0036596798344768,0.024530930998440503,3319.47,3508.01,3179.29711827957,1.0057026361139214
37.75,1653947,47.65,33.38797849462365,1.011739781535145,0.3043393057277257,2317.5,420200000,2565.8,2355.7307526881727,1.0011373000037291,0.1918407696216302,1201.81,817011968,1255.85,1198.2893333333334,1.0022813767276622,0.0007519990287201406,3298.46,3508.01,3196.0085161290317,1.0052563183709313
36.63,1505999,47.65,33.69182795698924,1.0091005648160016,0.28681613358387315,2322.5,355120000,2565.8,2358.126451612903,1.0010169663583144,0.14760556893175536,1214.11,733280000,1255.85,1201.53911827957,1.0027120202574085,-0.051155686842284,3348.44,3508.01,3215.2041290322577,1.0060061206991011
41.95,1813482,47.65,34.32795698924731,1.0188808108918919,0.5793099863860547,2414.7,322920000,2565.8,2366.0393548387096,1.003355589018729,0.19132784132466663,1263.33,721617984,1255.85,1207.7813978494623,1.0051952362390253,-0.08389475855550788,3477.13,3508.01,3241.893569892472,1.0083010097614697
40.9,961072,47.65,34.86305376344086,1.0155877838684417,0.5448382106289276,2356.9,358700000,2565.8,2369.2141935483874,1.0013418368139926,-0.017791270125596448,1257.6,774230976,1263.33,1213.2036559139783,1.0044894366432293,-0.13942475008650956,3483.81,3508.01,3267.366430107527,1.0078574017517483
39.48,989645,47.65,35.278344086021505,1.01191204664395,0.47507433445884484,2302.8,369580000,2565.8,2367.6877419354832,0.9993557139674999,0.07333125853344291,1255.97,759193024,1263.33,1217.7873978494622,1.0037782130915445,-0.09576467134998423,3465.39,3508.01,3289.1156559139777,1.006656500356385
38.38,1082832,47.65,35.598967741935496,1.0090883986825514,0.437004363929107,2214.4,373700000,2565.8,2359.590752688172,0.9965802123718002,-0.031499159562782264,1184.32,967664000,1263.33,1217.1780645161289,0.9994996389891951,-0.14236445752139537,3269.96,3508.01,3296.2695698924726,1.0021750265806653
37.89,1096054,47.65,35.86772043010753,1.0075494517178218,0.3377001594622495,2387.0,418049984,2565.8,2362.0776344086025,1.0010539462055432,0.14535025633134002,1282.04,1057603968,1263.33,1222.5002365591397,1.0043725500797014,-0.09878726405389893,3509.44,3508.01,3317.1935698924735,1.0063477818049582
40.72,1751374,47.65,36.303892473118275,1.0121605732893082,0.49172680191424234,2414.1,431510016,2565.8,2365.6572043010756,1.0015154327869369,-0.015636126024357377,1305.4,1303024000,1282.04,1228.9509462365593,1.005276653111803,-0.13520822610247096,3585.15,3509.44,3341.454516129033,1.007313696269267
40.97,998849,47.65,36.73184946236559,1.0117881846847194,0.4542040110018746,2358.6,444070016,2565.8,2365.3286021505382,0.9998610947731819,-0.06612118189195604,1266.25,1240445056,1305.4,1232.5931182795698,1.0029636431414648,-0.17037531001711215,3557.54,3585.15,3362.4060215053764,1.0062701752411147
42.75,946469,47.65,37.25167741935484,1.0141519679677946,0.6377841997088147,2431.8,312289984,2565.8,2369.4896774193553,1.0017591954306195,-0.00793497701318624,1272.68,714640000,1305.4,1236.4397634408604,1.003120774490985,-0.16685748879195317,3638.35,3585.15,3387.0209677419343,1.0073206347119072
39.12,1389029,47.65,37.505741935483876,1.0068202167990703,0.3479013758643187,2495.9,656550016,2565.8,2377.271397849462,1.003284133501093,-0.018302448846105213,1308.88,1225150976,1305.4,1242.3320215053764,1.0047655035358283,-0.1317733110239352,3699.12,3638.35,3413.8196989247317,1.0079121834314075
43.38,1355171,47.65,38.02193548387097,1.0137630539151854,0.5814693597152322,2482.3,427270016,2565.8,2383.696774193548,1.0027028366849062,-0.11307652543731628,1298.49,1061934976,1308.88,1247.2283440860213,1.0039412351093646,-0.1672018898637342,3663.46,3699.12,3436.663333333334,1.0066915175443498
44.83,2942970,47.65,38.60602150537635,1.015361817174014,0.5576351506786289,2551.1,585960000,2565.8,2394.278279569892,1.004439115533025,-0.022584257767159777,1312.65,1324295936,1308.88,1252.7567956989246,1.0044325897812678,-0.12205814808617865,3709.41,3699.12,3460.7515698924735,1.0070091929941172
46.08,994681,47.65,39.24208602150537,1.0164757851580342,0.5991869952266591,2508.6,332660000,2565.8,2401.67935483871,1.0030911508206755,0.00038760135292070785,1299.88,555259008,1312.65,1257.1298924731184,1.0034907787283276,-0.13147234150732334,3703.06,3709.41,3482.808709677419,1.0063735114582728
43.63,652793,47.65,39.68604301075269,1.0113132871938566,0.5503381037567087,2500.6,299340000,2565.8,2408.329892473118,1.0027691197082613,0.0659788143352279,1324.01,491950016,1312.65,1262.8409677419356,1.004542947632549,-0.07347864354594957,3756.07,3709.41,3506.869182795699,1.0069083533216812
49.38,1350880,47.65,40.471655913978495,1.0197956975204847,0.8425597963119723,2580.8,465380000,2565.8,2419.8531182795705,1.0047847372747674,0.11562726431494319,1368.54,995977984,1324.01,1271.1601720430108,1.0065876895932118,-0.051293616213429205,3824.68,3756.07,3534.1472043010754,1.0077784542517865
48.46,1084750,49.38,41.15286021505376,1.0168316389752656,0.6600956218875732,2641.3,454520000,2580.8,2434.6587096774197,1.0061183843292008,0.0419592001162159,1363.26,1006081024,1368.54,1278.6354408602153,1.0058806663248347,-0.05122206509967864,3768.25,3824.68,3556.099913978494,1.0062116002555588
48.5,1083081,49.38,41.7985376344086,1.0156897337385715,0.5299276637759032,2703.8,308209984,2641.3,2453.080430107527,1.0075664487826912,0.03851589227287744,1370.9,696924032,1368.54,1286.1878924731184,1.0059066496763316,-0.07131424170213774,3841.47,3824.68,3581.3345376344087,1.0070961514767123
45.75,1124371,49.38,42.22974193548387,1.0103162532825143,0.3446738280024313,2633.6,535560000,2703.8,2466.2886021505374,1.005384320824096,0.03016098574943671,1340.92,1089232000,1370.9,1291.3039354838709,1.0039776793427244,-0.05453173135215739,3714.24,3841.47,3596.570623655914,1.0042543040482248
51.18,877269,49.38,42.98346236559139,1.017848094626271,0.5719161027052138,2712.2,416950016,2703.8,2484.2206451612906,1.0072708615671,0.010332926765217465,1347.65,1092056960,1370.9,1296.5176344086024,1.0040375459111242,-0.0723970103037308,3886.83,3841.47,3621.6851397849455,1.006982906428653
51.63,1165980,51.18,43.72468817204302,1.0172444415981943,0.4348070021223238,2732.2,321640000,2712.2,2502.925806451613,1.007529589340929,-0.034102630388903155,1365.94,835689984,1370.9,1302.5378279569888,1.0046433564716861,-0.11298780354531068,3934.83,3886.83,3648.3872043010747,1.007372828803587
50.99,692325,51.63,44.386150537634414,1.0151278921187212,0.4603027039784029,2666.8,299900000,2732.2,2517.05376344086,1.0056445768199882,-0.011645314988594446,1332.52,734072000,1370.9,1306.117440860215,1.0027481834511023,-0.12671496091032441,3906.71,3934.83,3671.7479784946236,1.0064030413674319
49.27,1309498,51.63,44.89670967741935,1.011502667692528,0.5403274071027044,2587.6,421140000,2732.2,2525.6182795698924,1.003402595627248,0.03053724356225085,1311.27,1092728064,1370.9,1308.0938279569891,1.0015131771730055,-0.09778489993867012,3811.15,3934.83,3687.4573978494623,1.0042784579570407
44.9,1419057,51.63,45.08408602150538,1.004173498357281,0.2997348420217998,2515.9,448160000,2732.2,2529.224086021505,1.001427692569689,0.027216285956693342,1315.13,1039792000,1370.9,1310.1414193548387,1.0015653245616545,-0.08505067908954866,3841.94,3934.83,3703.9919139784947,1.0044839883814456
47.03,1053544,51.63,45.38144086021506,1.006595560982823,0.3161880493644662,2545.0,410020000,2732.2,2534.5017204301075,1.0020866614539101,-0.02585820602969613,1332.42,881809024,1370.9,1313.1409892473116,1.0022895008494197,-0.09738403537419171,3943.34,3934.83,3726.013182795699,1.0059452799381388
46.22,1343017,51.63,45.59615053763441,1.0047312221328693,0.22618258700427396,2580.2,418600000,2732.2,2541.7210752688175,1.0028484316189317,0.018002552851747566,1337.41,1078305024,1370.9,1316.2706451612905,1.0023833357877077,-0.07603309706098038,3913.1,3943.34,3744.856623655914,1.0050572662885955
42.02,1414299,51.63,45.516881720430106,0.9982615019849346,0.14090455575578287,2573.3,331470016,2732.2,2548.006451612903,1.0024728820188977,-0.018133693088374425,1365.45,823524992,1370.9,1321.0065806451614,1.0035979952157108,-0.045718359706216516,3974.54,3943.34,3766.5543870967736,1.0057940171337394
42.98,963582,51.63,45.48443010752688,0.9992870422648339,0.25741017802102917,2598.4,293080000,2732.2,2555.4772043010753,1.0029319991256078,0.0009491530126990444,1357.4,653168000,1370.9,1324.9874623655917,1.003013521490927,-0.06912204843366476,4019.87,3974.54,3790.1733763440857,1.0062707150408408
40.47,947685,51.63,45.26991397849462,0.9952837459208539,0.05066842185940024,2599.9,345089984,2732.2,2562.451182795699,1.002729031776486,-0.0047934173615569176,1375.56,746526976,1370.9,1329.8652258064517,1.0036813657331907,-0.10465677252010797,4128.8,4019.87,3819.5450322580646,1.007749422782952
42.26,1184960,51.63,45.16569892473118,0.9976979180076873,0.026499755162446514,2686.2,451520000,2732.2,2574.308602150538,1.0046273737562104,-0.02912156130670618,1415.24,855958976,1375.56,1336.9599999999998,1.005334957299335,-0.10684943523796675,4185.47,4128.8,3850.8785591397855,1.0082034709938206
43.58,901792,51.63,45.14827956989248,0.9996143233636718,0.24948893794456706,2720.3,333889984,2732.2,2587.62688172043,1.0051735365211327,-0.052278570008863934,1440.34,829728000,1415.24,1345.267892473118,1.0062140172279785,-0.06883396037404999,4180.17,4185.47,3880.007784946237,1.0075643065235893
42.56,846526,51.63,45.052516129032256,0.9978789127343828,0.16760744873710198,2684.9,347369984,2732.2,2597.7950537634406,1.003929535635466,-0.026427487308441133,1412.92,862056000,1440.34,1351.2937849462364,1.0044793252755333,-0.08494235030138797,4181.17,4185.47,3907.305376344086,1.0070354475843475
39.61,1096404,51.63,44.753677419354844,0.9933668808014734,-0.014676991396081585,2675.8,453449984,2732.2,2606.5967741935488,1.0033881504306343,-0.048018256237616574,1444.6,1011828992,1440.34,1358.936,1.0056554800583706,-0.07378239762711858,4232.6,4185.47,3936.1302150537635,1.0073771655740529
40.54,1041831,51.63,44.51987096774193,0.9947757041410904,-0.026862562050826155,2678.7,387950016,2732.2,2615.0240860215054,1.0032330707654482,-0.035243313114060815,1436.47,855516992,1444.6,1365.6638709677418,1.004950837248952,-0.05583926917415205,4173.85,4232.6,3959.540064516129,1.0059474275959759
40.15,817887,51.63,44.26167741935483,0.994200487495254,0.011512238180831691,2697.9,312240000,2732.2,2623.998064516129,1.0034317001294917,-0.026324528841838557,1447.14,769729024,1444.6,1372.6954623655915,1.0051488448565802,-0.04703836557464025,4155.86,4232.6,3980.3053118279568,1.0052443584288786
38.46,964147,51.63,43.89301075268816,0.9916707479661524,-0.011356441246841209,2680.6,378190016,2732.2,2631.0062365591402,1.0026707992424924,-0.06621157699921665,1437.44,892344000,1447.14,1378.690129032258,1.004367076916198,-0.07195025739105998,4204.11,4232.6,4002.6985806451607,1.0056260178712069
36.45,982474,51.63,43.394494623655916,0.9886424713073091,-0.058373745145582356,2698.6,270100992,2732.2,2638.1731182795697,1.002724007879891,-0.12967521099289026,1420.85,697768000,1447.14,1383.0701290322581,1.0031769285264083,-0.09701641014315121,4229.89,4232.6,4024.7461505376345,1.005508176408557
37.29,1093847,51.63,42.953268817204304,0.9898322169602803,-0.06230266733385048,2836.3,426083008,2732.2,2653.55376344086,1.0058300363439836,-0.04651476944184618,1448.24,958392000,1447.14,1388.9187096774192,1.0042286942089143,-0.075309062459463,4247.44,4232.6,4046.376623655914,1.0053743695401485
36.94,1393669,51.63,42.49683870967742,0.9893737980811353,-0.039801636263162465,2796.3,406942016,2836.3,2665.4458064516125,1.004481553445268,-0.022773554728880097,1437.17,929857024,1448.24,1393.7459139784946,1.0034755124741581,-0.03617916476674443,4166.45,4247.44,4061.3576559139788,1.0037023326426122
36.3,1869767,51.63,42.007784946236555,0.9884919966216335,-0.19841999381999775,2835.1,464038016,2836.3,2678.899784946236,1.0050475528191416,-0.06278618316385765,1466.12,896588992,1448.24,1400.0732903225805,1.004539834901488,-0.024555592738412457,4280.7,4247.44,4082.4001720430106,1.0051811531787629
35.38,1368534,51.63,41.47324731182797,0.9872752720693864,-0.16760479986752075,2883.0,359827008,2836.3,2694.576774193548,1.0058520252737362,-0.05686405080415091,1495.32,706662016,1466.12,1407.8685376344083,1.0055677423215692,-0.03414555174430056,4352.34,4280.7,4106.683225806452,1.005948229654147
34.1,813125,51.63,40.864172043010754,0.9853140202830583,-0.2912736989555368,2876.7,258156000,2883.0,2709.0148387096774,1.0053581937818235,-0.1219538189403957,1501.46,580069696,1495.32,1415.6589677419356,1.0055334925806476,-0.03642622661394679,4369.55,4352.34,4130.67182795699,1.0058413568399414
33.11,1071343,51.63,40.211182795698925,0.9840204948573401,-0.28611424727696533,2883.8,381179008,2883.0,2723.0627956989247,1.005185633090123,-0.1561140279334512,1498.96,694866688,1501.46,1422.8516129032257,1.0050807753316202,-0.02460166297821975,4327.16,4369.55,4150.40711827957,1.0047777434626999
31.86,945027,51.63,39.50275268817204,0.9823822613941448,-0.32733473990869766,2969.6,585568000,2883.8,2741.930752688172,1.0069289467062785,-0.10803280445172136,1531.58,944710912,1501.46,1431.7481075268818,1.0062525807631504,-0.013145841293975336,4411.8,4369.55,4174.274559139784,1.0057506264277294
30.78,844974,51.63,38.75522580645162,0.9810765875578021,-0.3048963082621935,2950.0,328552000,2969.6,2758.5427956989247,1.006058520257839,-0.09294658092939656,1538.58,868772096,1531.58,1440.597935483871,1.0061811347334524,-0.008114500215930853,4395.26,4411.8,4195.550731182796,1.0050969747537153
31.22,1041395,51.63,38.06372043010752,0.982157106249424,-0.3851225558198407,3010.9,429252000,2969.6,2778.1174193548386,1.0070960014419332,-0.14845792069478714,1548.95,956175104,1538.58,1449.6553548387096,1.0062872638726894,-0.02814493502788351,4436.52,4411.8,4218.11423655914,1.0053779603256003
32.24,844568,51.63,37.4770752688172,0.9845878134175686,-0.3257809779460694,3021.1,494710016,3010.9,2797.425161290323,1.0069499373212125,-0.14745385506152497,1557.13,1000698624,1548.95,1458.8525376344087,1.0063443926620217,-0.0434856946588158,4468.0,4436.52,4241.392924731183,1.0055187429421142
31.74,870461,51.63,36.89305376344086,0.9844165666294062,-0.35049036266465483,3028.9,375649984,3021.1,2816.4193548387098,1.0067898844305903,-0.16036182542347577,1584.73,977025984,1557.13,1469.4134408602151,1.0072391848753484,-0.00026444705200878715,4441.67,4468.0,4261.46806451613,1.0047331478458152
33.15,869195,51.63,36.43604301075269,0.9876125528773375,-0.2946536667198639,3060.9,313118016,3028.9,2836.778924731183,1.0072288843838169,-0.11589717055201865,1566.06,839281024,1584.73,1478.309978494624,1.0060544822764113,-0.046176445335295524,4509.37,4468.0,4284.620193548388,1.0054328998086455
33.82,1098956,51.63,36.04935483870967,0.989387207279097,-0.34010321170337465,3082.3,361760000,3060.9,2857.600215053764,1.0073397648794764,-0.15200242186734148,1592.61,839248000,1584.73,1488.4352473118277,1.0068492190166465,0.014897059747352337,4535.43,4509.37,4307.743655913979,1.005396852304531
32.63,593946,51.63,35.623225806451615,0.9881792882517698,-0.36529884120591616,3017.9,301398016,3082.3,2873.470752688172,1.0055537991461516,-0.11998014255138778,1549.18,651900992,1592.61,1495.2317849462365,1.0045662299698181,0.0010432453359059402,4458.58,4535.43,4324.514215053764,1.0038931191081348
34.57,1468833,51.63,35.36311827956989,0.9926983724524291,-0.3437211015334587,3015.9,462012992,3082.3,2888.5978494623655,1.0052643990755925,-0.10016184262296823,1545.73,1104976000,1592.61,1501.4116774193546,1.0041330665488364,0.025293286776390644,4432.99,4535.43,4338.507462365591,1.0032357963498226
33.88,657560,51.63,35.0938064516129,0.9923843868680388,-0.338792700646382,2985.5,394942016,3082.3,2901.0129032258064,1.00429795160505,-0.0836345200421107,1539.56,794862976,1592.61,1506.7349892473121,1.0035455377815545,0.005033937550317669,4455.48,4535.43,4352.819892473119,1.0032989294663386
33.67,1035066,51.63,34.84404301075269,0.9928829766242491,-0.24614948443588724,2819.4,472923008,3082.3,2901.856129032258,1.0002906659965263,-0.105808671792188,1485.0,987523968,1592.61,1508.0473548387097,1.0008709996122498,-0.004909555142142086,4357.05,4535.43,4359.396344086021,1.0015108485476907
37.2,1147921,51.63,34.84617204301075,1.0000611017572618,-0.17844069265088025,2771.3,434720000,3082.3,2898.9434408602156,0.9989962672019119,-0.06240802026628156,1480.1,924926016,1592.61,1508.6782795698925,1.0004183719623647,-0.002778424621505682,4391.36,4535.43,4367.078580645161,1.0017622248478422
38.47,941275,51.63,34.95137634408602,1.0030191064012832,-0.1951848907460293,2788.9,412529984,3082.3,2896.679569892473,0.9992190703220236,-0.1231777014029809,1491.56,763875008,1592.61,1509.7309677419357,1.000697755238011,-0.02740684698743112,4471.37,4535.43,4378.959268817204,1.0027205116538773
39.24,865555,51.63,35.12292473118279,1.0049082011937935,-0.10780845645421666,2801.2,350480000,3082.3,2894.760430107527,0.9993374690784259,-0.10381671426045136,1534.41,738278016,1592.61,1513.216666666667,1.0023088212398163,-0.019763972572825583,4544.9,4535.43,4394.383247311828,1.0035222932089045
39.56,783951,51.63,35.32109677419354,1.0056422420549394,-0.16176453094395626,2859.9,355209984,3082.3,2896.1382795698923,1.0004759804811598,-0.09039342909859482,1559.32,893368000,1592.61,1517.9461075268819,1.0031254221318042,0.003101008807849359,4605.38,4544.9,4412.482580645161,1.0041187425662985
41.29,1097264,51.63,35.63823655913979,1.0089787637958616,-0.04463519948800765,2782.0,579859968,3082.3,2891.927956989248,0.9985462287452415,-0.12462910669570215,1548.87,1305160960,1592.61,1521.5671182795697,1.002385467267074,-0.011754722019708286,4697.53,4605.38,4435.267913978494,1.0051638353051586
38.66,899132,51.63,35.78393548387096,1.0040882753693323,-0.17002655103746278,2761.8,410630016,3082.3,2886.0227956989247,0.9979580538041927,-0.1355473199159305,1558.37,897025024,1592.61,1525.428322580645,1.0025376496736083,-0.017700131906094763,4682.85,4697.53,4455.883075268817,1.004648008122655
36.86,894639,51.63,35.82124731182795,1.0010426977204285,-0.3004895281992531,2794.7,414520000,3082.3,2882.0776344086016,0.998633011043363,-0.11247207876778087,1547.73,910998016,1592.61,1528.2952688172045,1.0018794368729889,-0.04930938330962986,4697.96,4697.53,4476.403440860216,1.0046052298152282
35.44,1034996,51.63,35.781397849462365,0.9988875467674619,-0.1993354866038335,2813.4,357540000,3082.3,2879.1789247311826,0.9989942291481632,-0.06934187135987901,1534.35,772281984,1592.61,1530.0680430107527,1.0011599683841985,-0.012941218267697785,4594.62,4697.96,4489.143182795699,1.0028459771563922
35.16,1818593,51.63,35.73879569892473,0.9988093771317469,-0.16097794759307527,2739.0,609950016,3082.3,2871.2038709677427,0.9972300944220809,-0.10422373638516302,1517.43,1426366976,1592.61,1530.488064516129,1.0002745116514882,-0.021840483957026535,4538.43,4697.96,4497.368623655913,1.0018322963927142
33.79,1170324,51.63,35.61737634408602,0.9966025896378381,-0.3004467372340295,2782.4,447110016,3082.3,2865.8929032258065,0.9981502644950997,-0.13161686187780952,1565.37,1024244992,1592.61,1533.8443655913977,1.0021929612867186,-0.03920464852886729,4712.02,4697.96,4516.135720430108,1.0041729060578848
38.04,3203292,51.63,35.784666666666666,1.0046968738226116,-0.20060968161498016,2875.8,600449984,3082.3,2866.384731182796,1.000171614213649,-0.11249890772305626,1603.75,1519144960,1592.61,1539.3995913978492,1.0036217662828586,-0.003616909254002154,4620.64,4712.02,4527.849978494624,1.002593867587177
40.72,1140882,51.63,36.129397849462364,1.009633488723169,-0.09249296996739531,2893.7,363740000,3082.3,2867.648817204301,1.0004410036125833,-0.08058880478251407,1625.57,894587008,1603.75,1546.02576344086,1.0043043872949153,0.0067927901126501045,4725.78,4712.02,4545.347935483872,1.0038645178334873
40.12,1023475,51.63,36.43055913978495,1.008335629937078,-0.05021516650215929,2899.3,457289984,3082.3,2868.8159139784943,1.000406987343496,-0.0930376943734128,1643.92,643782976,1625.57,1553.4312258064517,1.004789999326473,0.030211768935487937,4766.18,4725.78,4564.33047311828,1.0041762562302916
37.97,1055609,51.63,36.58511827956989,1.0042425684215248,-0.1672684569902385,2709.1,501820000,3082.3,2857.280430107527,0.9959790086862109,-0.13331371621874877,1567.5,1083789952,1643.92,1555.4266451612903,1.0012845237830228,-0.01879033859762047,4677.02,4766.18,4576.407440860215,1.002645945076296
37.05,979482,51.63,36.67886021505377,1.00256229690902,-0.18852999711931595,2707.3,585409984,3082.3,2845.9023655913975,0.9960178691610955,-0.12769188946410415,1563.07,1043144000,1643.92,1556.8797849462362,1.0009342387115885,-0.03153947616122377,4662.85,4766.18,4586.646387096775,1.0022373327482037
34.26,1130062,51.63,36.59236559139785,0.997641839927719,-0.1834176298822764,2556.5,463640000,3082.3,2824.9866666666667,0.9926505915390444,-0.1492137609416111,1509.42,858723968,1643.92,1554.60088172043,0.9985362368707967,0.0021480273563772023,4397.93,4766.18,4578.7261935483875,0.9982732059810261
32.45,2178277,51.63,36.39348387096774,0.9945649395108562,-0.19725187407318545,2585.7,609880000,3082.3,2806.553978494623,0.9934751238334895,-0.1518132968705288,1520.3,1277963008,1643.92,1552.9307956989248,0.9989257139622506,-0.0015628794649242828,4431.85,4766.18,4572.742279569893,0.9986931050852252
32.0,1701487,51.63,36.17187096774193,0.9939106433445192,-0.18698531199191393,2627.8,505020000,3082.3,2791.4767741935484,0.9946278587846147,-0.10595848844128997,1540.71,1097234944,1643.92,1552.52376344086,0.9997378941423583,-0.0038366928025828084,4500.54,4766.18,4571.018989247312,0.9996231385419903
33.62,1444479,51.63,36.059290322580644,0.9968876189660831,-0.13317756475497133,2596.1,509680000,3082.3,2774.8896774193554,0.9940579492089864,-0.08460744176070434,1518.33,1089154944,1643.92,1550.5884516129029,0.9987534414135679,-0.008218594073772012,4418.64,4766.18,4563.730129032258,0.9984054189597114
32.0,1327451,51.63,35.84109677419355,0.9939490337598115,-0.2017968130026413,2516.9,558680000,3082.3,2753.811612903225,0.9924039990895304,-0.11859978995525444,1484.43,1004057024,1643.92,1546.4243870967741,0.9973145262936808,-0.016521182988303296,4348.87,4766.18,4551.743247311828,0.9973734464173997
31.62,1501911,51.63,35.59808602150538,0.9932197735404362,-0.2076196353414117,2582.7,481080000,3082.3,2737.9522580645166,0.9942409441646632,-0.11402716165391558,1524.66,897788992,1643.92,1544.9572043010755,0.9990512418143812,-0.006626513688770763,4384.62,4766.18,4542.198150537634,0.9979029799671081
28.59,2654066,51.63,35.15778494623656,0.9876313272853258,-0.28098855841675796,2555.8,480820000,3082.3,2721.147311827957,0.9938622208670507,-0.1507399442142383,1542.57,1171026944,1643.92,1544.6754408602153,0.9998176237891406,0.02014559435990726,4328.87,4766.18,4529.079161290323,0.997111753205712
27.49,1723568,51.63,34.65217204301076,0.9856187497591504,-0.34777138129731244,2494.6,517080000,3082.3,2701.372688172043,0.9927329830436008,-0.15582042270015783,1499.91,1038068992,1643.92,1541.6551397849462,0.9980447018219004,0.022270365068195352,4204.31,4766.18,4508.155548387097,0.9953801618037373
29.09,2678701,51.63,34.26,0.9886826129535549,-0.24555522135331986,2695.4,651289984,3082.3,2695.6851612903224,0.9978945789647524,-0.11259167778800372,1593.48,1215836032,1643.92,1544.7946666666667,1.0020364650956624,0.0006989348413701801,4463.09,4766.18,4504.4944946236565,0.9991879042938635
28.13,1594962,51.63,33.81159139784946,0.986911599470212,-0.32191266760608517,2671.4,411940000,3082.3,2689.166451612903,0.997581798582777,-0.13674890804470075,1589.78,882424000,1643.92,1547.6766666666667,1.001865620112619,0.00767961574556475,4543.04,4766.18,4505.945440860215,1.0003221107803084
28.54,1866746,51.63,33.40043010752688,0.9878396350682053,-0.34423383552216136,2738.9,467280000,3082.3,2687.840215053764,0.9995068224362447,-0.1251440468472631,1609.25,917030976,1643.92,1551.7637849462362,1.0026408088766836,0.008148586195176444,4545.86,4766.18,4507.505913978494,1.0003463142505298
27.31,1284626,51.63,32.9212688172043,0.9856540383228598,-0.36773639126243385,2809.4,480910016,3082.3,2691.800860215054,1.0014735418940113,-0.13181852972102148,1664.58,977635968,1643.92,1559.3847956989246,1.0049111925581846,0.06782970736449734,4488.28,4766.18,4505.329118279569,0.99951707313524
26.69,1123374,51.63,32.413548387096775,0.9845777380900278,-0.35559069897749407,2709.9,100753696,3082.3,2689.7905376344092,0.9992531681632333,-0.14697287378947765,1615.79,188436992,1664.58,1563.6098924731182,1.0027094638769387,0.054438350422507,4392.59,4766.18,4496.914903225807,0.9981323861514084
26.34,218279,51.63,31.9001935483871,0.9841623375330906,-0.35159541478029,2577.5,461520000,3082.3,2679.896344086022,0.9963215747063008,-0.21132997611862603,1557.49,876480000,1664.58,1563.9230322580647,1.0002002672063242,0.0528763102223182,4271.78,4766.18,4480.793376344086,0.9964149806637086
24.98,1943565,51.63,31.315311827956997,0.9816652610730108,-0.3899892631661813,2448.0,555089984,3082.3,2662.524731182796,0.9935178041712093,-0.1687065602064678,1518.45,1095500032,1664.58,1561.6789032258064,0.9985650642736439,0.0741932388921751,4131.93,4766.18,4456.044322580645,0.9944766357908621
25.76,1546657,51.63,30.79944086021505,0.9835265581714119,-0.44357576155749723,2425.6,560710016,3082.3,2644.5066666666667,0.9932327146842594,-0.13026578094878427,1511.65,1065182016,1664.58,1558.924129032258,0.9982360175399321,0.08234961122078155,4123.34,4766.18,4431.225204301075,0.9944302353201917
23.95,2552390,51.63,30.191397849462373,0.9802579854123874,-0.4823225893974604,2432.7,691129984,3082.3,2627.6901075268815,0.9936409465887329,-0.06151586045834878,1497.4,1088742016,1664.58,1555.1821505376342,0.9975996404026752,0.10399207405021016,4023.89,4766.18,4400.566344086023,0.9930811775972718
23.55,1582336,51.63,29.58877419354839,0.9800398888809743,-0.52471984675236,2457.5,492680000,3082.3,2613.2395698924734,0.9945006690122951,-0.011466966309694682,1510.91,913745024,1664.58,1552.2992258064517,0.9981462462579153,0.12628074179184667,3901.36,4766.18,4362.964645161291,0.9914552591678875
22.69,1222754,51.63,28.96440860215054,0.9788985651344088,-0.5757997496546567,2544.6,459940000,3082.3,2605.1475268817208,0.9969034438694476,-0.047905471852129344,1559.34,867961984,1664.58,1552.5913548387095,1.0001881911859527,0.0971036199144033,4158.24,4766.18,4343.319806451613,0.9954973646803522
21.69,1657166,51.63,28.311806451612902,0.9774688252917001,-0.6493453443023125,2475.6,425740000,3082.3,2593.2819354838707,0.9954453284217448,-0.01951719385339301,1510.43,833420032,1664.58,1549.7279569892473,0.9981557298766747,0.10056482080896534,4108.54,4766.18,4321.430107526882,0.9949601457179793
20.53,1639917,51.63,27.62651612903226,0.9757948923622427,-0.6427354662204684,2351.5,495449984,3082.3,2574.0688172043006,0.9925911957289807,-0.0023182599149521588,1459.09,750729984,1664.58,1543.6349677419353,0.9960683491448723,0.10328259569250353,3900.86,4766.18,4287.408344086021,0.9921271980352978
23.02,2348316,51.63,27.14086021505376,0.982420660219689,-0.5098935069012914,2299.1,665580032,3082.3,2552.3574193548384,0.9915653390055659,0.014577144139044651,1393.22,1165408000,1664.58,1533.5058064516131,0.993438111015884,0.11794955828962106,3674.84,4766.18,4240.486344086022,0.9890558593363931
27.12,3435179,51.63,26.949483870967743,0.9929487738203718,-0.40347672925749734,2494.5,553680000,3082.3,2544.3182795698926,0.9968503079843035,0.008616357034864408,1506.72,843795968,1664.58,1531.031505376344,0.9983865068753836,0.13061837633622453,3911.74,4766.18,4211.0484731182805,0.993057902188791
