2.62,3212459,24.91,3.2174408602150533,0.9818089944416372,-0.6132931784387226,1697.3,362636992,1853.6,1689.0582795698924,1.0025130089184502,0.02826457726965592,164.23,868274624,183.85,160.20296774193545,1.0035710965885438,0.030100070850124228,2941.76,2950.46,2839.2078279569896,1.0040199456763852
2.61,1676630,24.91,3.162473118279569,0.9829156947015927,-0.6087885025056581,1754.2,204160992,1853.6,1696.5739784946234,1.004449638603734,0.09075364129076235,168.73,535211584,183.85,161.03245161290317,1.0051777060229241,0.03847433212543727,2990.41,2950.46,2853.323784946237,1.0049717941921161
2.61,1319669,24.91,3.112430107526882,0.9841759885757032,-0.5447353510984391,1796.3,284616992,1853.6,1706.1630107526885,1.0056519977198835,0.0777781481453077,170.73,708170624,183.85,161.93713978494623,1.0056180488030932,0.022930533270964393,3013.77,2990.41,2868.1783870967743,1.0052060695771394
2.21,1425293,24.91,3.040430107526882,0.9768669504173345,-0.47898578566065164,1763.0,303358016,1853.6,1712.9311827956988,1.0039668964807908,0.12485191698085063,165.51,780385664,183.85,162.44849462365593,1.0031577366340345,0.007215565742676011,2976.61,3013.77,2879.745634408602,1.004032959513211
2.39,867795,24.91,2.982881720430107,0.9810722874522562,-0.42636060194614156,1870.6,389713984,1853.6,1725.7503225806454,1.0074837447725276,0.11416476499775374,173.05,998224000,183.85,163.37765591397846,1.0057197285359591,0.03316421485539167,3025.86,3013.77,2893.2860215053765,1.0047019385792229
2.08,854276,24.91,2.907935483870968,0.9748745530049604,-0.5038421912300541,1784.6,494286016,1870.6,1732.0765591397846,1.0036657890057232,-0.01742335728623523,167.01,934927808,183.85,163.84260215053763,1.0028458373573677,0.000881319267193259,2932.05,3025.86,2899.612602150538,1.002186641969766
2.07,850870,24.91,2.8353978494623657,0.975055280692802,-0.4725181935112319,1769.2,500383008,1870.6,1736.745806451613,1.0026957511128418,-0.015783092861459735,165.94,987985152,183.85,164.1892688172043,1.0021158518121445,0.004131474241801936,2918.65,3025.86,2904.214215053764,1.0015869750668807
2.52,6047867,24.91,2.7948817204301073,0.9857106017626623,-0.36825625923899763,1741.0,326609984,1870.6,1739.0027956989247,1.0012995507108338,-0.05972792167848717,164.35,840600064,183.85,164.39277419354838,1.0012394560120166,0.015807541480694853,2888.68,3025.86,2906.1889677419354,1.0006799610985773
2.8,4620722,24.91,2.7749892473118276,0.9928825348948154,-0.22866367816423305,1702.2,285747008,1870.6,1738.357634408602,0.9996290050298261,-0.060782023245058436,161.06,715996160,183.85,164.35264516129033,0.9997558954007869,0.014544540013134766,2847.11,3025.86,2905.0130322580644,0.9995953685404069
2.52,1743615,24.91,2.738322580645161,0.9867867355874672,-0.33899839841837165,1761.1,310543008,1870.6,1741.1875268817205,1.0016279115511701,-0.06074024886341456,166.58,701258496,183.85,164.64210752688172,1.0017612273006455,0.013006227430832906,2926.46,3025.86,2908.564301075269,1.0012224622670434
2.68,830764,24.91,2.713677419354839,0.9909999057581756,-0.2076689307103332,1780.0,295148000,1870.6,1744.9393548387095,1.0021547523739205,-0.04451426629699595,169.82,600590784,183.85,165.1097419354839,1.0028403086891111,0.01920942874795495,2978.71,3025.86,2915.0135698924737,1.0022173375416938
2.79,1061951,24.91,2.697376344086022,0.9939929944684832,-0.21152446731095764,1800.9,389142016,1870.6,1749.685806451613,1.002720124111902,0.013896489630191855,172.31,998218240,183.85,165.6991182795699,1.0035696036901098,0.04064200717496114,3007.39,3025.86,2922.730731182796,1.0026473843449746
2.65,1017771,24.91,2.673204301075269,0.991038683547533,-0.3568817996454867,1802.9,368779008,1870.6,1754.1729032258063,1.002564515730566,-0.003936331627240719,170.66,908409984,183.85,166.14111827956992,1.0026674855279212,0.03476939504523635,2992.07,3025.86,2928.961032258065,1.0021316712514081
2.32,1064782,24.91,2.630666666666666,0.9840873986356028,-0.5371997962282732,1745.6,416494016,1870.6,1754.5655913978492,1.0002238594447108,-0.07263827290701963,166.67,793946624,183.85,166.29047311827955,1.000898963725875,0.017514667388077276,2961.79,3025.86,2932.808967741935,1.0013137544137634
2.34,692987,24.91,2.5945376344086024,0.9862662066935896,-0.4293073067193518,1750.0,367767008,1870.6,1755.0249462365591,1.0002618054525645,-0.07885345046931769,166.98,769390016,183.85,166.43516129032255,1.0008700929724343,0.0011896991192692496,2952.01,3025.86,2935.6859354838707,1.0009809598148327
2.28,949880,24.91,2.558279569892473,0.9860252308406411,-0.41881685625327536,1768.4,327632992,1870.6,1756.4778494623658,1.0008278533185082,-0.054221537740845704,168.26,706739968,183.85,166.63664516129032,1.0012105847670991,0.008813827437212929,2970.27,3025.86,2939.291634408602,1.001228230472868
2.37,507334,24.91,2.531440860215053,0.9895090786819096,-0.3204314113405021,1787.1,332919008,1870.6,1758.9625806451613,1.0014146100297001,-0.059489813616807385,170.48,769350016,183.85,166.9604946236559,1.001943446845393,0.009557580617425732,2986.2,3025.86,2943.607247311829,1.0014682493062976
4.82,61744932,24.91,2.6653763440860216,1.0529087943455218,0.3740228357243621,1802.5,495359008,1870.6,1762.2494623655914,1.0018686478931373,-0.016041497364806645,170.68,919190016,183.85,167.27141935483868,1.0018622652734925,0.01606456725826777,3022.55,3025.86,2949.86911827957,1.0021272780101556
6.28,123378328,24.91,2.891010752688172,1.0846538647732773,0.507650261961907,1820.9,591494976,1870.6,1766.4604301075271,1.0023895412266337,-0.024015076510670585,173.25,976520000,183.85,167.72019354838707,1.0026829101784351,0.007061023474379979,3066.91,3025.86,2958.588301075269,1.002955786323423
5.91,40205220,24.91,3.087849462365592,1.0680864675077364,0.4557491835579828,1837.8,478404000,1870.6,1771.5864516129031,1.0029018603632485,0.016180662072951657,175.28,936289984,183.85,168.2764516129032,1.003316583726429,-0.0005913230963818794,3093.08,3066.91,2968.621311827956,1.0033911479840032
4.68,14787645,24.91,3.2007741935483875,1.0365706724239998,0.23863464857862637,1876.9,368016992,1870.6,1779.0662365591397,1.0042220829468564,-0.022192356738794716,177.63,858080000,183.85,168.96189247311824,1.004073302316784,-0.003903921549358591,3120.46,3093.08,2980.0214838709676,1.003840224415822
5.07,9132827,24.91,3.3363010752688176,1.0423419065279904,0.36624206531070924,1863.9,379246016,1876.9,1785.4759139784946,1.0036028323665744,-0.05005116263555398,176.92,895630016,183.85,169.57645161290324,1.0036372647748533,-0.01994570664153117,3110.29,3120.46,2990.30223655914,1.0034498921379646
5.17,4151394,24.91,3.4748387096774187,1.0415243202825868,0.31274588870577524,1884.5,291948000,1876.9,1793.1924731182794,1.0043218500341404,-0.011779479377506119,178.24,642579968,183.85,170.26223655913975,1.0040441048253679,-0.001877814999530214,3140.98,3120.46,3002.1965161290314,1.0039776178556379
4.77,2543255,24.91,3.584215053763441,1.0314766679044438,0.31683126111225635,1903.0,378571008,1884.5,1801.9167741935485,1.0048652340482436,0.022776679778694575,179.48,810209984,183.85,171.00481720430108,1.004361393695797,0.00039341397728143157,3145.91,3140.98,3013.9887741935486,1.0039278768065862
4.83,5943127,24.91,3.694387096774194,1.030738122952492,0.5731285812771254,1886.6,378491008,1903.0,1809.2539784946239,1.0040718885612012,0.060753602393996964,178.27,810000000,183.85,171.63675268817204,1.0036954250424184,-0.02615607943733922,3168.8,3145.91,3026.6889677419354,1.0042137494529273
4.6,4218670,24.91,3.7854838709677416,1.0246581562265336,0.6685409310774124,1935.9,450864992,1903.0,1819.456559139785,1.0056391091391437,0.09083519046385069,182.8,1015040000,183.85,172.5318924731183,1.0052153153152026,-0.01407277663839146,3221.22,3168.8,3042.106,1.0050936955935603
4.6,3211870,24.91,3.8722795698924735,1.0229285612839087,0.8595662506190769,1946.6,198916000,1935.9,1829.8421505376346,1.0057080732956656,0.10954066678672647,183.16,400929984,183.85,173.4063440860215,1.0050683476565903,-0.014534199594008923,3240.02,3221.22,3057.8861290322575,1.0051872383908573
4.71,8278307,24.91,3.961462365591398,1.0230310839104526,1.0962874971908263,1954.9,253560992,1946.6,1840.1492473118278,1.0056327791832562,0.16692454931535528,183.01,513649984,183.85,174.21597849462367,1.004669001084531,0.02533583485831481,3234.85,3240.02,3072.2833333333333,1.004708221200386
4.99,5062529,24.91,4.063290322580645,1.0257046382350385,1.1428648711812033,2047.0,406632992,1954.9,1855.6920430107527,1.0084464864584384,0.19596219026097472,186.63,819120000,183.85,175.20748387096774,1.0056912424733455,0.02676533614221932,3265.35,3240.02,3087.870838709677,1.005073589797928
5.57,7296339,24.91,4.196731182795699,1.032840592136253,1.0160205395884583,2105.6,382524000,2047.0,1874.1967741935482,1.0099718761270176,0.1696257045916112,191.1,811790016,186.63,176.43266666666668,1.0069927537832872,0.025685825568203535,3329.62,3265.35,3106.7910967741936,1.0061272828601933
4.4,5121313,24.91,4.248645161290322,1.0123700985918378,0.6909414820811919,2079.9,279039008,2105.6,1890.2322580645161,1.0085559233116639,0.1365220993567995,188.48,796152000,191.1,177.4339139784946,1.0056749542516386,0.027421226364364948,3295.47,3329.62,3122.692731182796,1.005118346845114
4.23,2939032,24.91,4.285763440860215,1.008736497909517,0.6137922833089342,1997.4,440827008,2105.6,1900.122365591398,1.0052322181492177,0.0951194632850565,182.84,993284992,191.1,178.01913978494622,1.0032982747961168,0.0050033997207739045,3225.52,3329.62,3133.320795698925,1.0034034935330007
4.28,4681249,24.91,4.322623655913979,1.008600618200795,0.6715310778062088,2075.5,636969024,2105.6,1914.5281720430105,1.0075815151237004,0.09199713096472273,188.88,996889984,191.1,178.96369892473118,1.0053059414899208,0.002139672839463369,3327.71,3329.62,3150.0361505376345,1.0053347090606408
4.54,3897230,24.91,4.372666666666667,1.0115769992338384,1.070758566198059,2122.7,432728992,2105.6,1931.3787096774192,1.0088014048998963,0.06329722236568491,191.5,897411968,191.1,180.03825806451616,1.006004341362194,0.0214560971871125,3380.16,3329.62,3169.4602365591404,1.0061663057480121
4.34,2260521,24.91,4.404795698924731,1.0073476975738826,0.8238388693891405,2084.7,424828000,2122.7,1945.0040860215056,1.0070547408831911,-0.017918845721028198,189.12,697926016,191.5,180.903376344086,1.0048051913458296,-0.010211494016826972,3337.75,3380.16,3185.2803440860216,1.0049914200987282
4.35,3716670,24.91,4.43337634408602,1.0064885291202645,1.1099960394296777,1890.8,667740032,2122.7,1945.65935483871,1.0003368984270593,0.08664008862359007,171.25,1608301952,191.5,180.5810322580645,0.9982181422340709,0.017826438737408523,2954.22,3380.16,3175.6858494623652,0.9969878649326832
3.72,3193254,24.91,4.416430107526882,0.9961775777096514,0.7662445776874205,1817.6,576617984,2122.7,1941.3636559139784,0.9977921628911821,0.025929505700085453,168.93,1455155968,191.5,180.09989247311827,0.9973356017576716,-0.0003872088651921679,2972.37,3380.16,3167.2146451612903,0.9973324803829355
2.88,3345092,24.91,4.3417419354838716,0.9830885646948834,0.10563688372875646,1685.5,768785984,2122.7,1928.4412903225807,0.9933436656486113,0.05508011115390288,157.61,1904397952,191.5,178.882,0.9932376835077786,0.020492099835721977,2711.02,3380.16,3141.766623655914,0.9919651730758904
2.69,3310881,24.91,4.254021505376344,0.9797960285500591,-0.037888415729589564,1486.3,869734016,2122.7,1902.7866666666664,0.9866967048545082,0.1679659544306451,138.3,1991255040,191.5,176.4327956989247,0.9863082685732757,0.04912141715050011,2304.92,3380.16,3090.5006666666673,0.9836824426730999
3.18,1946777,24.91,4.198150537634409,0.9868663175135989,0.24644084437898872,1563.5,719739008,2122.7,1882.576989247312,0.9893789052796139,0.08830061664355338,145.91,1826660992,191.5,174.5235053763441,0.9891783706367226,0.007470323884180119,2541.47,3380.16,3055.6620000000003,0.9887271771067945
2.99,1685650,24.91,4.128602150537635,0.9834335652156095,0.10191759648360144,1528.3,591977024,2122.7,1860.5212903225806,0.9882843044132025,0.11883382356502692,143.84,1342385024,191.5,172.52511827956985,0.9885494673484531,0.01153536912739217,2488.65,3380.16,3018.2435268817203,0.9877543808450411
3.09,1702727,24.91,4.06483870967742,0.9845556828836338,0.14083770773888604,1714.7,521441984,2122.7,1851.0326881720428,0.9949000303302669,0.02539188383644797,158.14,1116019968,191.5,171.50518279569894,0.9940881913657457,-0.009890382594576308,2789.82,3380.16,3001.3092688172046,0.9943893665591619
3.56,3415956,24.91,4.030752688172043,0.9916144221358091,0.36081704089473243,1802.8,516116000,2122.7,1847.4133333333334,0.9980446834559774,0.11694478090325944,164.69,1107810048,191.5,170.9383010752688,0.9966946671162387,0.004291978553156106,2874.56,3380.16,2990.31,0.9963351764739862
3.35,2075117,24.91,3.9811612903225813,0.9876967401163104,0.5006447792996146,1842.9,538137024,2122.7,1846.3812903225805,0.9994413578206179,0.21255290876282484,164.63,1103789952,191.5,170.3803870967742,0.9967361675236907,0.02998133406882042,2836.74,3380.16,2977.123440860215,0.9955902367514455
3.16,2059237,24.91,3.917096774193549,0.9839080832306994,0.34397792748098244,1908.4,679059008,2122.7,1849.365806451613,1.0016164137627885,0.25571992228646345,167.99,1226413056,191.5,170.04363440860217,0.9980235243392143,0.047139275290174476,2830.71,3380.16,2963.816774193548,0.9955303611250926
3.81,1838299,24.91,3.8932043010752686,0.9939004639161105,0.7026471309538764,2031.4,628579968,2122.7,1859.9451612903224,1.0057205312230835,0.29666563342019836,174.23,1140004992,191.5,170.10729032258064,1.00037435046716,0.04910582750608272,2929.8,3380.16,2957.1638709677422,0.9977552919992444
3.49,2000236,24.91,3.845376344086022,0.9877150148590874,0.44889310880537314,2022.6,644244992,2122.7,1869.391182795699,1.005078655920599,0.3555248054883712,172.15,1095511040,191.5,170.02391397849462,0.9995098602539144,0.050817905176261946,2863.7,3380.16,2946.333483870968,0.9963375762827679
3.24,2009316,24.91,3.779010752688172,0.9827414574128963,-0.38488014788886193,2145.7,613652992,2122.7,1886.2726881720432,1.009030483042665,0.3616331332176139,179.85,1194665984,191.5,170.43372043010754,1.0024102871297549,0.07592606956870096,2955.45,3380.16,2941.685892473118,0.998422584740223
3.21,1745440,24.91,3.7141075268817203,0.9828253397373152,-0.4934106427032927,2135.0,562731008,2145.7,1901.7258064516132,1.0081924094943797,0.2889823551412277,180.89,1058963968,191.5,170.89090322580643,1.0026824667943945,0.05146710460293169,3044.31,3380.16,2942.9155053763443,1.0004179959887534
3.65,2777344,24.91,3.6841935483870967,0.9919458501731266,-0.37783703178996897,2164.0,556329984,2145.7,1918.3744086021504,1.0087544703311364,0.1954735131953449,185.2,985712000,191.5,171.60972043010753,1.0042062929666378,0.023990121096395756,3193.93,3380.16,2953.846623655914,1.0037143840044336
3.38,2173203,24.91,3.641720430107527,0.9884715290546655,-0.30125418280504845,2133.2,580192000,2164.0,1932.3344086021505,1.007276994489398,0.21341019261835326,180.02,1121889024,191.5,171.9730107526882,1.002116956555084,0.03881978446839052,3041.31,3380.16,2954.71440860215,1.000293781315281
3.57,5225660,24.91,3.6143010752688176,0.9924707688673674,-0.29351332228056914,2200.1,575708032,2164.0,1950.0593548387099,1.009172815097456,0.253036048235486,183.56,1149193984,191.5,172.55954838709678,1.0034106377032155,0.041566081018678425,3097.74,3380.16,2959.393053763441,1.001583450890438
3.86,2776105,24.91,3.608817204301075,0.9984827298961709,-0.278143870226373,2083.2,660856000,2200.1,1959.5193548387097,1.0048511343906157,0.22698421609559216,173.97,1423064064,191.5,172.51309677419357,0.9997308082146865,0.018046351212550715,3009.05,3380.16,2958.376752688172,0.9996565846250208
3.63,3676194,24.91,3.5913118279569898,0.9951492759668675,-0.25366876310272524,2237.9,581881024,2200.1,1978.5326881720432,1.0097030597255308,0.24571067433725913,183.78,901292992,191.5,173.1087311827957,1.0034526909535557,0.02901228264219824,3130.01,3380.16,2965.448043010753,1.002390260238543
4.06,3617759,24.91,3.604,1.00353301875494,-0.19378331667499582,2350.8,711244032,2237.9,2004.1096774193545,1.012927251290926,0.308154588645173,192.39,1096802048,191.5,174.2506021505376,1.0065962644399264,0.07408073077797117,3185.04,3380.16,2976.103849462366,1.0035933209070136
3.68,3617920,24.91,3.5938279569892475,0.9971775685319776,-0.24772809449198485,2308.2,554908992,2350.8,2025.9399999999996,1.0108927783876358,0.27853359539301525,190.61,1008017984,192.39,175.2472688172043,1.0057197315496544,0.041634639576940025,3224.73,3380.16,2989.2853763440853,1.004429121948853
3.46,1954140,24.91,3.571440860215054,0.9937706821133006,-0.45325151716684675,2265.5,538065984,2350.8,2044.2148387096772,1.0090204244497258,0.2606414679581478,188.43,963932032,192.39,176.0864946236559,1.004788809618066,0.03630038909584321,3215.63,3380.16,3001.8722580645153,1.0042106658066297
3.69,3976270,24.91,3.566344086021505,0.9985729081362299,-0.35741217076144016,2343.2,464212992,2350.8,2066.816774193548,1.011056536258262,0.25819572187771056,191.69,912963008,192.39,177.12470967741936,1.0058960515738722,0.03621683582373403,3271.12,3380.16,3018.0915913978497,1.0054030724624479
4.1,20949914,24.91,3.5898924731182795,1.0066029487140833,-0.33007837770231996,2394.3,625171008,2350.8,2091.880430107527,1.0121266946479852,0.2258347311898493,197.39,1064355968,192.39,178.51199999999997,1.00783228000829,0.03133847318881622,3351.28,3380.16,3039.4045376344084,1.00706172943767
4.0,4768043,24.91,3.6089032258064524,1.0052956329000182,-0.4716580433308821,2373.2,518603008,2394.3,2114.8359139784943,1.010973611847302,0.22265336121719093,196.89,885753984,197.39,179.84389247311825,1.007461080897185,0.01731480957698972,3372.85,3380.16,3061.9243010752693,1.0074092682175135
3.88,2520621,24.91,3.623548387096774,1.0040580642854586,-0.3448385383111233,2458.0,391313984,2394.3,2142.6868817204304,1.0131693279643346,0.2861918249713292,200.3,687713984,197.39,181.38333333333333,1.0085598728933494,0.031854713647328614,3397.16,3380.16,3085.9194838709677,1.0078366348858696
3.66,2709146,24.91,3.625118279569893,1.0004332472773674,-0.2124652488970531,2597.6,573435008,2458.0,2178.7311827956987,1.0168220104312802,0.37080506193228924,209.9,856681024,200.3,183.51670967741936,1.0117616999582066,0.0604185727605977,3508.01,3397.16,3116.8475913978496,1.0100223313305912
3.42,2189490,24.91,3.612430107526882,0.9964999288121114,-0.3511596128901707,2497.0,653075968,2597.6,2206.994408602151,1.0129723327180664,0.2972800589203216,204.6,1033849024,209.9,185.2499569892473,1.0094446294011843,0.0534021306905359,3426.96,3508.01,3141.9391612903223,1.0080503037625974
3.21,2620324,24.91,3.5880430107526884,0.9932491159556609,-0.3968807196333878,2380.0,415431008,2597.6,2226.8027956989245,1.0089752774268783,0.2726516913258178,197.76,768910016,209.9,186.5081075268817,1.0067916374075456,0.04428342076102376,3340.97,3508.01,3161.2695483870975,1.0061523747292538
3.47,1069205,24.91,3.5832903225806447,0.9986754093644361,-0.30979353515390906,2290.4,572457024,2597.6,2240.277204301075,1.006051011175384,0.2512645487625844,193.19,977305024,209.9,187.4579569892473,1.0050928052134607,0.02699747089547966,3319.47,3508.01,3179.29711827957,1.0057026361139214
3.43,817514,24.91,3.5778279569892475,0.9984756006073593,-0.3217892278065232,2313.5,573176000,2597.6,2254.799569892473,1.0064823967156906,0.27775028176560546,192.42,992832000,209.9,188.34937634408604,1.0047553028377978,0.007095602297383818,3298.46,3508.01,3196.0085161290317,1.0052563183709313
3.38,896269,24.91,3.571118279569893,0.9981246506260181,-0.15771145756736227,2363.7,462548992,2597.6,2271.6516129032257,1.007473854100281,0.35357037965045024,194.22,828286016,209.9,189.3113978494624,1.0051076436994348,0.023185045546342042,3348.44,3508.01,3215.2041290322577,1.0060061206991011
3.07,2161365,24.91,3.5451397849462363,0.9927253894746982,-0.0006868738486385251,2446.7,501247008,2597.6,2292.6840860215057,1.009258670211054,0.4017726370298822,198.57,796393984,209.9,190.49967741935484,1.0062768517024916,-0.02270906710597509,3477.13,3508.01,3241.893569892472,1.0083010097614697
2.88,2244969,24.91,3.506494623655914,0.9890991149476188,-0.05133631332186672,2497.0,543721024,2597.6,2315.324731182796,1.009875170024222,0.3483049001461538,200.36,930622976,209.9,191.7153548387097,1.006381519569079,-0.06273214056776566,3483.81,3508.01,3267.366430107527,1.0078574017517483
2.83,2219059,24.91,3.464215053763441,0.9879424968721635,-0.22952143792101654,2593.7,473620000,2597.6,2342.0305376344086,1.0115343675519632,0.5199185271774307,204.62,960318976,209.9,193.07240860215057,1.007078482391682,0.038833687122863836,3465.39,3508.01,3289.1156559139777,1.006656500356385
2.63,1598996,24.91,3.40978494623656,0.9842878959065345,-0.30088246879252845,2470.0,688259008,2597.6,2358.5402150537634,1.0070493006619934,0.45366796287610534,196.55,1165054976,209.9,193.78255913978495,1.0036781565153503,0.0524995020775858,3269.96,3508.01,3296.2695698924726,1.0021750265806653
2.73,1656766,24.91,3.36258064516129,0.9861562233925133,-0.3304745866157306,2726.8,662201984,2597.6,2389.5924731182795,1.0131658802620027,0.5891605877785886,211.48,1144573056,209.9,195.34258064516126,1.0080503710566182,0.07935110975395743,3509.44,3508.01,3317.1935698924735,1.0063477818049582
2.77,1691085,24.91,3.318731182795699,0.9869595804553596,-0.46448436978529317,2659.1,555984000,2726.8,2414.1004301075272,1.0102561241152832,0.39201148290725363,213.16,1127622016,211.48,196.89627956989247,1.007953713520113,0.04711095138774435,3585.15,3509.44,3341.454516129033,1.007313696269267
2.75,7847234,24.91,3.2752903225806445,0.9869104010471677,-0.4111968433046831,2636.3,428600000,2726.8,2435.2959139784944,1.0087798683131104,0.31626902145380376,211.22,903884032,213.16,198.2205806451613,1.0067258816579048,0.028903749730032402,3557.54,3585.15,3362.4060215053764,1.0062701752411147
2.97,7834355,24.91,3.2473333333333327,0.9914642714099055,-0.28542169189062283,2720.6,301569984,2726.8,2460.223870967742,1.01023611005388,0.30846173974057245,216.99,632369984,213.16,199.81694623655915,1.008053480552837,0.006370450239078451,3638.35,3585.15,3387.0209677419343,1.0073206347119072
2.92,29964048,24.91,3.216559139784946,0.9905232415679367,-0.5003485290779212,2763.2,476316000,2726.8,2486.153548387097,1.0105395601291989,0.24397409500404454,220.99,928196992,216.99,201.566,1.0087532804218227,0.005796399097664162,3699.12,3638.35,3413.8196989247317,1.0079121834314075
2.79,6378379,24.91,3.1793118279569894,0.9884201377281542,-0.4836872039955802,2730.6,513811008,2763.2,2508.4062365591394,1.0089506491610218,0.18107448414403549,221.22,1065702976,220.99,203.22933333333336,1.0082520530909644,0.00576705070634298,3663.46,3699.12,3436.663333333334,1.0066915175443498
3.04,15201267,24.91,3.159698924731183,0.9938310853772372,-0.28975551053624926,2743.3,585955968,2763.2,2529.9556989247308,1.008590898097571,0.16905679013768937,220.2,1188903040,221.22,204.72133333333332,1.0073414598942407,-0.030754731109774225,3709.41,3699.12,3460.7515698924735,1.0070091929941172
2.93,3199152,24.91,3.13341935483871,0.9916828879844276,-0.31788927311816717,2718.7,281028992,2763.2,2548.6329032258063,1.0073824234586455,0.2283591485233507,217.7,636921984,221.22,205.9652688172043,1.0060762377013517,-0.012893456982546292,3703.06,3709.41,3482.808709677419,1.0063735114582728
2.89,11396848,24.91,3.105161290322581,0.9909817163564487,-0.46730420689555163,2715.8,294384000,2763.2,2565.8677419354835,1.0067623857040624,0.261572859769427,221.92,588433984,221.22,207.40230107526887,1.0069770610662516,0.022269533287693655,3756.07,3709.41,3506.869182795699,1.0069083533216812
4.3,96419296,24.91,3.1695053763440852,1.0207216566244197,0.024738005275540154,2751.5,446060992,2763.2,2584.219139784946,1.00715212150242,0.27951913971216613,221.32,1121356032,221.92,208.72165591397848,1.0063613317300217,-0.02815755141177534,3824.68,3756.07,3534.1472043010754,1.0077784542517865
3.85,26723862,24.91,3.2028387096774193,1.0105168880867408,-0.10347227022418815,2653.1,599062016,2763.2,2594.8924731182797,1.0041301966884364,0.168808355919134,213.44,1178520960,221.92,209.44380645161286,1.0034598735549127,-0.053670786188393826,3768.25,3824.68,3556.099913978494,1.0062116002555588
4.32,13396380,24.91,3.26589247311828,1.0196868369457204,-0.014061679035735963,2862.9,376024992,2763.2,2618.1270967741934,1.0089539832176524,0.27936469967976274,226.14,856067008,221.92,210.92105376344085,1.0070531916739647,0.023240483264919343,3841.47,3824.68,3581.3345376344087,1.0070961514767123
4.57,16043195,24.91,3.3440860215053765,1.0239424748459147,0.0949265381083566,2742.7,614137024,2862.9,2631.9301075268822,1.0052720934631842,0.19044361908297458,218.57,1725944064,226.14,211.79772043010755,1.004156373444113,0.002648071077787195,3714.24,3841.47,3596.570623655914,1.0042543040482248
5.49,10612959,24.91,3.479612903225807,1.0405273311897107,0.1185091437215926,3030.8,456262016,2862.9,2663.234623655914,1.0118941289662313,0.2022947038624585,234.43,1025052992,226.14,213.6227956989247,1.0086170675733002,-0.0018249861804231493,3886.83,3841.47,3621.6851397849455,1.006982906428653
7.44,24291488,24.91,3.737870967741936,1.074220343382653,0.8856526240503353,3082.8,559491008,3030.8,2696.431612903226,1.0124649135124795,0.23663047338400034,237.55,1067569024,234.43,215.55875268817206,1.00906250188756,0.026057518708614502,3934.83,3886.83,3648.3872043010747,1.007372828803587
10.3,28543044,24.91,4.172559139784946,1.1162929849088952,2.0036457387205306,3040.4,428017984,3082.8,2725.227311827957,1.0106791875554844,0.24447933519163279,235.35,802782976,237.55,217.25182795698922,1.0078543564003006,0.03409215015583378,3906.71,3934.83,3671.7479784946236,1.0064030413674319
6.53,17514996,24.91,4.349311827956989,1.0423607388776648,0.7311940459437409,2932.8,668974016,3082.8,2745.414623655914,1.007407569908147,0.2185285727159174,232.08,1319369984,237.55,218.63303225806453,1.0063576187784655,0.04561453944546634,3811.15,3934.83,3687.4573978494623,1.0042784579570407
5.84,10063372,24.91,4.475440860215054,1.0289997676062954,0.3562910017141281,2934.1,663292992,3082.8,2764.4178494623657,1.0069218054142752,0.21316916576558542,237.73,1251053056,237.55,220.29189247311828,1.0075874180489603,0.05795725919557304,3841.94,3934.83,3703.9919139784947,1.0044839883814456
7.5,13403156,24.91,4.704924731182795,1.0512762604032522,0.799222061408043,2942.9,597614976,3082.8,2782.827956989247,1.0066596688812661,0.15018972244332263,239.41,1322830976,237.73,221.9723870967742,1.0076284905667194,0.04681632554010662,3943.34,3934.83,3726.013182795699,1.0059452799381388
9.25,23984964,24.91,5.039784946236559,1.0711722788750293,1.3179350722360037,2977.0,528880992,3082.8,2802.212903225807,1.0069659161601685,0.13254563648508477,240.71,1300617984,239.41,223.64531182795702,1.00753663441234,0.049873460717565044,3913.1,3943.34,3744.856623655914,1.0050572662885955
6.73,10609503,24.91,5.200516129032259,1.0318924685299766,0.6684964443446366,2921.9,504843008,3082.8,2816.92688172043,1.0052508424601445,0.021618496139509613,236.19,1568609024,240.71,224.93972043010754,1.0057877743627655,-0.007739809658695362,3974.54,3943.34,3766.5543870967736,1.0057940171337394
6.65,6085591,24.91,5.349483870967743,1.0286447995236203,0.8116187253243092,3069.9,395820000,3082.8,2840.4918279569893,1.0083654802648505,0.11154189875471321,244.2,1426782976,240.71,226.69436559139783,1.0078005127681995,0.02053498746561422,4019.87,3974.54,3790.1733763440857,1.0062707150408408
6.8,7371143,24.91,5.5011827956989245,1.0283576749440202,0.9166883123327592,3243.0,441592000,3082.8,2873.99247311828,1.0117939593529428,0.21835420255769078,251.95,1293714944,244.2,228.86384946236564,1.009570082896891,0.0382102508190143,4128.8,4019.87,3819.5450322580646,1.007749422782952
5.45,6162544,24.91,5.558064516129032,1.0103399073513026,0.43778108377649416,3250.3,372120000,3243.0,2906.1081720430107,1.0111745939577514,0.24325195372387398,251.93,1071345984,251.95,230.91550537634413,1.0089645259345157,0.043167984012400185,4185.47,4128.8,3850.8785591397855,1.0082034709938206
5.44,4176258,24.91,5.610043010752689,1.0093519055910236,0.44781408460535466,3240.7,376440992,3250.3,2935.5402150537634,1.0101276488239121,0.1746914891789293,250.35,1252039040,251.95,232.73890322580644,1.0078963855046916,0.03375058789281726,4180.17,4185.47,3880.007784946237,1.0075643065235893
5.31,2285074,24.91,5.64931182795699,1.0069997354973992,0.43248291996693244,3343.6,552529984,3250.3,2969.616989247312,1.0116083486163123,0.23209567698675881,257.55,1126429056,251.95,234.90223655913974,1.0092951083954984,0.07738159668722422,4181.17,4185.47,3907.305376344086,1.0070354475843475
4.72,2708861,24.91,5.646365591397848,0.9994784786804365,0.4189667889768909,3270.6,651731008,3343.6,2996.8767741935485,1.0091795625647824,0.18059165099417274,257.83,1120376960,257.55,236.94744086021504,1.0087066191068828,0.08116553733758147,4232.6,4185.47,3936.1302150537635,1.0073771655740529
4.26,4516503,24.91,5.610193548387097,0.9935937476195558,0.36578067622808863,3184.7,575699008,3343.6,3016.8227956989244,1.0066556028186189,0.1036319000846262,252.8,968390976,257.83,238.54068817204296,1.0067240536806128,0.0636583847307528,4173.85,4232.6,3959.540064516129,1.0059474275959759
4.42,3040203,24.91,5.581376344086021,0.994863420655182,0.4823332236659388,3216.8,461550016,3343.6,3037.360860215054,1.0068078458388112,0.0423376911929465,251.18,1795272960,257.83,239.91664516129035,1.0057682276335809,0.028296324461045907,4155.86,4232.6,3980.3053118279568,1.0052443584288786
4.85,2349116,24.91,5.576881720430108,0.9991947105196238,0.8176432612513229,3315.6,466947008,3343.6,3062.9331182795704,1.0084192360543902,0.06560553177427342,257.37,1014369024,257.83,241.59182795698928,1.0069823533693243,0.023761524700327108,4204.11,4232.6,4002.6985806451607,1.0056260178712069
4.82,1928841,24.91,5.565677419354839,0.9979909380121469,0.7171404544822269,3349.1,368008000,3343.6,3088.84817204301,1.008460861782707,-0.03199941416199281,258.81,675211008,257.83,243.22911827956992,1.0067770931509825,0.01851450643434327,4229.89,4232.6,4024.7461505376345,1.005508176408557
5.05,1559115,24.91,5.564817204301076,0.9998454428834177,0.8224561246241631,3411.5,481336992,3349.1,3117.450752688172,1.009259950328424,0.06154891669194029,260.93,787097984,258.81,244.90139784946234,1.0068753263660246,0.03937249774301099,4247.44,4232.6,4046.376623655914,1.0053743695401485
4.92,7143049,24.91,5.5506666666666655,0.9974571424154824,0.7648989029711921,3419.8,535238016,3411.5,3144.970752688172,1.0088277256589442,0.08884708489527493,258.06,934726976,260.93,246.28578494623656,1.005652834605808,0.05059889449934585,4166.45,4247.44,4061.3576559139788,1.0037023326426122
4.58,2672467,24.91,5.509913978494623,0.9926580552176238,0.5889725774118838,3519.9,515068992,3419.8,3177.2638709677417,1.010268177614042,0.06516507251486159,264.16,871539008,260.93,247.9629892473118,1.0068099923080878,0.040833479886044355,4280.7,4247.44,4082.4001720430106,1.0051811531787629
4.31,2183514,24.91,5.448279569892474,0.9888139072873533,0.5307800376160271,3597.5,405483008,3519.9,3212.844516129032,1.0111985175315177,0.08997413643438534,269.14,783276032,264.16,249.86004301075266,1.007650552081177,0.04129521689300275,4352.34,4280.7,4106.683225806452,1.005948229654147
4.09,1613797,24.91,5.369462365591397,0.9855335609544293,0.5039291380759835,3596.1,305078016,3597.5,3246.5406451612907,1.010487942651161,0.03612458069947877,267.97,637466688,269.14,251.57806451612905,1.0068759353623518,0.01858953105411132,4369.55,4352.34,4130.67182795699,1.0058413568399414
3.77,1583758,24.91,5.267204301075269,0.9809556231976934,0.2230001427619681,3561.1,361344000,3597.5,3276.117419354839,1.0091102430020797,0.011579758953798924,267.3,754379712,269.14,253.15232258064518,1.006257533094326,0.04736053965470122,4327.16,4369.55,4150.40711827957,1.0047777434626999
3.58,1607379,24.91,5.151118279569893,0.9779606001837298,0.19764640605947226,3784.0,478124992,3597.5,3318.3161290322582,1.0128807073361032,0.10004104595574037,275.96,934770240,269.14,255.184,1.0080255136458707,0.07622292118632967,4411.8,4369.55,4174.274559139784,1.0057506264277294
3.64,2222141,24.91,5.037505376344086,0.9779440313618089,0.21001062043920649,3710.5,453400000,3784.0,3353.4819354838705,1.0105974853161046,0.0936006353666472,273.3,948487296,275.96,256.91877419354836,1.006798130735267,0.06134966410121856,4395.26,4411.8,4195.550731182796,1.0050969747537153
3.87,1493928,24.91,4.937118279569892,0.9800720616109696,-0.1705794947994056,3738.3,468148000,3784.0,3388.3021505376346,1.0103833018109698,0.04352906994403383,275.34,844438528,275.96,258.67466666666667,1.0068344264782905,0.0841094155573654,4436.52,4411.8,4218.11423655914,1.0053779603256003
3.48,2665919,24.91,4.812494623655914,0.9747578144056871,-0.26104722479747344,3757.5,388134016,3784.0,3422.2389247311826,1.0100158641956305,0.1250210778902654,277.4,645330752,275.96,260.4472903225806,1.0068527145651962,0.11396639055248459,4468.0,4436.52,4241.392924731183,1.0055187429421142
3.27,2081915,24.91,4.675118279569892,0.9714542342736872,-0.4482626076260763,3725.6,378487008,3784.0,3451.742580645161,1.0086211560802394,0.020737795603229525,276.32,716272000,277.4,262.01268817204306,1.0060104209474539,0.06565566749097362,4441.67,4468.0,4261.46806451613,1.0047331478458152
3.68,923242,24.91,4.566451612903226,0.9767563813002259,-0.3431558137482503,3891.2,299236992,3784.0,3490.074838709677,1.0111051902535997,0.14060138608264627,284.06,673705984,277.4,263.9695268817204,1.0074684883519551,0.08555331302135905,4509.37,4468.0,4284.620193548388,1.0054328998086455
3.74,920590,24.91,4.463569892473118,0.9774700951304511,-0.41174318204579474,3923.5,424852000,3891.2,3528.021075268817,1.0108726140019306,0.006082784744866343,286.77,763848000,284.06,265.9603655913979,1.0075419262715484,0.05639373696821148,4535.43,4509.37,4307.743655913979,1.005396852304531
3.22,2111647,24.91,4.330903225806451,0.9702779009038524,-0.7580710487463906,3863.7,344150016,3923.5,3560.1894623655917,1.009117969085353,0.028760790266344705,283.32,615651968,286.77,267.6160645161291,1.0062253596360102,0.059569094618247886,4458.58,4535.43,4324.514215053764,1.0038931191081348
3.14,1632281,24.91,4.2021505376344095,0.9702711694399344,-0.8831867841697232,3823.1,537334016,3923.5,3588.059139784946,1.007828144460839,0.02636543514417866,279.82,1031019008,286.77,268.9475268817204,1.0049752707035682,0.054240807415350645,4432.99,4535.43,4338.507462365591,1.0032357963498226
2.85,1661291,24.91,4.070086021505377,0.9685721596724667,-0.7300384655457617,3808.8,453472000,3923.5,3613.323010752688,1.0070410965882954,0.0612843160840546,277.81,958289024,286.77,270.05367741935487,1.0041128860728321,0.02797966710579347,4455.48,4535.43,4352.819892473119,1.0032989294663386
2.92,965351,24.91,3.950451612903226,0.9706064176604546,-0.6615317329186508,3652.4,427616000,3923.5,3626.612688172043,1.0036779655125785,0.018369567963112843,272.81,883832000,286.77,270.7389032258065,1.0025373689149493,0.013486867551002701,4357.05,4535.43,4359.396344086021,1.0015108485476907
2.96,931719,24.91,3.839677419354839,0.9719591063496211,-0.7490004484592223,3670.2,506112992,3923.5,3639.506021505376,1.0035551999736239,0.09580970744586836,272.45,990300032,286.77,271.3254623655914,1.002166512210828,0.024391584019159085,4391.36,4535.43,4367.078580645161,1.0017622248478422
2.76,1311229,24.91,3.725763440860215,0.970332409196561,-0.828737042804356,3717.6,400612992,3923.5,3653.8933333333343,1.0039530946625574,0.04471102938964444,271.29,1077810048,286.77,271.76612903225805,1.0016241257374985,-0.01562610173299217,4471.37,4535.43,4378.959268817204,1.0027205116538773
2.92,1523152,24.91,3.6361290322580637,0.9759420022164755,-0.6713751433671531,3687.2,453799008,3923.5,3664.726666666667,1.0029648739974162,0.06953857698052679,269.62,963441984,286.77,272.0332903225807,1.0009830558770292,-0.0019648073238200947,4544.9,4535.43,4394.383247311828,1.0035222932089045
2.92,2386467,24.91,3.554688172043011,0.9776023184291462,-0.6896363855868198,3801.1,677059968,3923.5,3681.2625806451615,1.0045121820759242,0.04715137041229234,275.13,1144641024,286.77,272.5840430107526,1.0020245782695156,-0.018995487275680567,4605.38,4544.9,4412.482580645161,1.0041187425662985
2.88,1156639,24.91,3.478688172043011,0.9786197842618864,-0.6767539779418483,3871.3,519155008,3923.5,3700.7550537634406,1.0052950510025458,-0.0009298982641341436,279.05,1165244032,286.77,273.3211827956989,1.0027042660927779,-0.03018602113358848,4697.53,4605.38,4435.267913978494,1.0051638353051586
3.16,2658405,24.91,3.429182795698924,0.9857689525775998,-0.48630073665995943,3895.0,553036992,3923.5,3720.425376344086,1.0053152187310106,0.034659755211809085,277.7,979772992,286.77,273.91294623655915,1.0021650844431715,-0.016544603025726357,4682.85,4697.53,4455.883075268817,1.004648008122655
2.72,1566597,24.91,3.356215053763441,0.9787215362135249,-0.5408709290524956,3897.6,498628992,3923.5,3738.8769892473115,1.0049595438791887,0.0628811162879166,274.93,1065582976,286.77,274.27058064516126,1.0013056498917479,-0.025685623603225682,4697.96,4697.53,4476.403440860216,1.0046052298152282
2.59,1002965,24.91,3.280709677419355,0.9775028193561617,-0.582037166515311,3729.6,389796992,3923.5,3745.077204301075,1.0016583094527034,-0.0017576957108256241,265.98,795932992,286.77,273.997935483871,0.9990059263350487,-0.0661522968057211,4594.62,4697.96,4489.143182795699,1.0028459771563922
2.2,3205448,24.91,3.185892473118279,0.9710985690219135,-0.6196588228840985,3550.5,804841024,3923.5,3738.8924731182797,0.9983485704445044,-0.04226221354420634,258.65,1684669952,286.77,273.2342580645161,0.9972128351332054,-0.06907543366392477,4538.43,4697.96,4497.368623655913,1.0018322963927142
2.44,1796343,24.91,3.1119784946236564,0.9767996003888112,-0.4646612053540322,3717.5,604177024,3923.5,3742.88,1.0010664994808998,-0.003029767670079453,266.26,1204137984,286.77,272.95978494623654,0.9989954659411165,-0.07569483912266906,4712.02,4697.96,4516.135720430108,1.0041729060578848
2.03,8852528,24.91,3.0155268817204304,0.969006336942926,-0.6290279117053625,3632.2,613502016,3923.5,3740.218494623656,0.9992889151198158,-0.0493045397694023,262.92,1544376064,286.77,272.44088172043007,0.9980989755472269,-0.06509787104161413,4620.64,4712.02,4527.849978494624,1.002593867587177
2.13,1377554,24.91,2.9306666666666668,0.9718589094435965,-0.6544453670328136,3725.2,314758016,3923.5,3742.6636559139793,1.0006537482486217,-0.036548714291521955,269.61,820499968,286.77,272.3283440860215,0.9995869282403658,-0.076527725678877,4725.78,4712.02,4545.347935483872,1.0038645178334873
2.01,2116331,24.91,2.8439139784946237,0.9703983093134521,-0.6363123483549178,3684.8,312016000,3923.5,3741.6215053763444,0.9997215484389071,-0.06717370664494382,267.48,792689984,286.77,272.052064516129,0.9989854909490977,-0.09328632455867747,4766.18,4725.78,4564.33047311828,1.0041762562302916
1.89,1452292,24.91,2.7554623655913977,0.9688979295533945,-0.6725018335166849,3496.7,544942016,3923.5,3727.7219354838708,0.9962851480641478,-0.06349220472800932,260.3,1354513024,286.77,271.29391397849463,0.9972132152756024,-0.10355300882741059,4677.02,4766.18,4576.407440860215,1.002645945076296
1.92,1080878,24.91,2.6757419354838707,0.9710682203092196,-0.7210435590491654,3515.1,482992992,3923.5,3714.826236559139,0.996540595262222,-0.06799699031800022,261.66,1135126016,286.77,270.6248602150538,0.9975338416051092,-0.10519195126488845,4662.85,4766.18,4586.646387096775,1.0022373327482037
1.81,1192568,24.91,2.595376344086022,0.9699651187089102,-0.7696090383092349,3249.6,448988000,3923.5,3684.5965591397853,0.9918624249172543,-0.12773757656850182,243.22,1226653952,286.77,268.7583870967742,0.9931030980790294,-0.10665584725447186,4397.93,4766.18,4578.7261935483875,0.9982732059810261
1.69,1008513,24.91,2.5132258064516133,0.9683473505406638,-0.7870516223675625,3282.0,678820992,3923.5,3657.038494623656,0.9925207375966928,-0.13639134021343868,244.55,1753789952,286.77,267.02275268817203,0.9935420269955066,-0.10963342261719966,4431.85,4766.18,4572.742279569893,0.9986931050852252
1.72,827715,24.91,2.4386451612903226,0.9703247336670516,-0.7576394238462598,3257.1,865001024,3923.5,3628.5524731182795,0.9922106312123171,-0.11370452786757212,243.93,1739401984,286.77,265.3,0.9935482925300233,-0.11968945021928057,4500.54,4766.18,4571.018989247312,0.9996231385419903
1.78,632329,24.91,2.3730322580645162,0.9730945263102199,-0.6657760401529015,3079.7,887217024,3923.5,3589.350322580645,0.9891962012874116,-0.1200261908355984,234.52,1571916032,286.77,263.0218494623656,0.9914129267333796,-0.14377463171940663,4418.64,4766.18,4563.730129032258,0.9984054189597114
1.74,737878,24.91,2.309118279569892,0.9730665361680529,-0.6557162035919996,2948.4,776054016,3923.5,3542.7124731182803,0.9870066041843379,-0.18697954056125432,228.72,1292076032,286.77,260.44,0.9901838973923913,-0.15692021037731285,4348.87,4766.18,4551.743247311828,0.9973734464173997
1.72,714289,24.91,2.2478709677419357,0.9734758880175838,-0.6366750906622748,3039.6,655497024,3923.5,3503.755483870968,0.9890036265875615,-0.17032989850467573,232.93,1117132032,286.77,258.2313548387097,0.9915195624278518,-0.14529234607939134,4384.62,4766.18,4542.198150537634,0.9979029799671081
1.48,1412707,24.91,2.175268817204301,0.9677018158161604,-0.7047501017632386,2937.3,659316992,3923.5,3459.6412903225805,0.9874094542979781,-0.21385764329761237,226.71,1244274944,286.77,255.70823655913975,0.9902292334672299,-0.15235348593637665,4328.87,4766.18,4529.079161290323,0.997111753205712
1.31,1122119,24.91,2.096838709677419,0.9639446366782005,-0.6978996526316512,2830.9,799846976,3923.5,3410.3851612903227,0.9857626485236956,-0.22814628480644839,219.59,1265155968,286.77,252.83034408602148,0.9887454056551179,-0.1493819657401928,4204.31,4766.18,4508.155548387097,0.9953801618037373
1.63,3127876,24.91,2.043720430107527,0.9746674461298628,-0.5845363661568441,3072.6,858404992,3923.5,3378.715268817204,0.9907136903970295,-0.17775948012403264,232.31,1386748032,286.77,250.89741935483872,0.9923548546430601,-0.16409436916668363,4463.09,4766.18,4504.4944946236565,0.9991879042938635
1.69,1508502,24.91,1.998,0.9776288236717772,-0.6453461348923685,3159.8,620606016,3923.5,3354.075483870967,0.9927073508757479,-0.19746133509842667,237.3,983683008,286.77,249.3810752688172,0.9939563185228423,-0.17207978485208197,4543.04,4766.18,4505.945440860215,1.0003221107803084
1.81,1196509,24.91,1.9643010752688173,0.9831336713057144,-0.59467613983528,3174.3,554788992,3923.5,3331.9440860215054,0.9934016398987181,-0.20468569252642144,237.17,998950016,286.77,247.95690322580646,0.9942891735410332,-0.17526058113557885,4545.86,4766.18,4507.505913978494,1.0003463142505298
1.8,747089,24.91,1.9341075268817205,0.9846288592073571,-0.5227045277026241,3044.2,1286184960,3923.5,3303.030322580644,0.9913222543072787,-0.27483314235458534,230.73,1825079040,286.77,246.22391397849455,0.9930109255892193,-0.1922818134800286,4488.28,4766.18,4505.329118279569,0.99951707313524
1.67,427792,24.91,1.89858064516129,0.9816313823163136,-0.551579085911077,2907.4,797214976,3923.5,3267.0531182795703,0.9891078189457961,-0.2850282926223041,223.81,1528039040,286.77,244.15756989247313,0.9916078659759998,-0.19105090365819966,4392.59,4766.18,4496.914903225807,0.9981323861514084
1.44,670786,24.91,1.8513763440860216,0.9751370576774955,-0.5606811407592884,2689.2,979513024,3923.5,3218.967741935485,0.9852817280273033,-0.36862030090518894,206.48,2004147968,286.77,241.09361290322582,0.9874509031581667,-0.21552809044879884,4271.78,4766.18,4480.793376344086,0.9964149806637086
1.39,597273,24.91,1.803978494623656,0.9743985875082762,-0.6013719835446796,2645.2,1053459968,3923.5,3170.451397849462,0.9849279806523158,-0.3127402861378048,198.03,2066535936,286.77,237.63789247311823,0.9856664787237864,-0.22244220020981587,4131.93,4766.18,4456.044322580645,0.9944766357908621
1.29,743059,24.91,1.7534193548387098,0.9719735351969959,-0.7119078682917859,2633.6,900742016,3923.5,3123.3526881720436,0.985144478256514,-0.28795980492323703,200.13,1630916992,286.77,234.47847311827954,0.9867049007969296,-0.20440971665517893,4123.34,4766.18,4431.225204301075,0.9944302353201917
1.23,1139926,24.91,1.70258064516129,0.9710059607035099,-0.7249931234298499,2617.5,1013628992,3923.5,3077.4445161290323,0.9853016368542487,-0.22971197423235468,199.81,1620925952,286.77,231.45393548387096,0.9871010008117765,-0.16340517258597764,4023.89,4766.18,4400.566344086023,0.9930811775972718
1.37,868027,24.91,1.6640645161290324,0.9773777946191742,-0.7108608909506406,2478.3,750771968,3923.5,3024.921505376344,0.9829329138259317,-0.21663351273013431,193.79,1326824960,286.77,228.1947311827957,0.9859185617463723,-0.1396516072015902,3901.36,4766.18,4362.964645161291,0.9914552591678875
1.25,1287650,24.91,1.6211397849462363,0.9742048876310108,-0.7172325051011563,2550.6,678776000,3923.5,2979.662795698924,0.985038054839777,-0.2666405770011926,200.75,1155680000,286.77,225.54763440860214,0.9883998339467659,-0.17325413404157097,4158.24,4766.18,4343.319806451613,0.9954973646803522
1.26,982262,24.91,1.5824516129032256,0.9761352028972049,-0.7514332003988036,2563.6,588467968,3923.5,2937.932043010752,0.985994806946474,-0.24717410753120672,200.46,897353024,286.77,223.0417849462366,0.9888899324130088,-0.15625120175038087,4108.54,4766.18,4321.430107526882,0.9949601457179793
1.28,1214906,24.91,1.548537634408602,0.9785687105892585,-0.8598699484953343,2446.8,610572992,3923.5,2891.478064516129,0.9841882052360145,-0.2255657410696863,192.17,916790976,286.77,220.17010752688174,0.9871249352669633,-0.14100405078731637,3900.86,4766.18,4287.408344086021,0.9921271980352978
1.32,904241,24.91,1.521247311827957,0.9823767133750887,-0.7625342815729375,2336.2,739142976,3923.5,2841.003010752688,0.9825435114369828,-0.2086926855902641,183.37,1523049984,286.77,216.91462365591397,0.985213778984187,-0.11525059386518777,3674.84,4766.18,4240.486344086022,0.9890558593363931
1.54,669592,24.91,1.5111612903225808,0.9933699001950862,-0.6458982695131975,2550.5,650780992,3923.5,2807.7116129032256,0.9882818153576535,-0.1941797520712255,196.2,1130633984,286.77,214.6837849462365,0.9897155909911534,-0.11372455095808409,3911.74,4766.18,4211.0484731182805,0.993057902188791
