120.03,7535430,107.23,83.09729032258066,1.0388152632845342,1.3568942611284214,1820.3,312820000,1813.3,1692.249247311828,1.0071450201673235,0.14398284198425593,1122.9,22925640,1107.7,1033.0683870967741,1.007803300190724,0.11810295096602763,2602.42,2587.84,2515.3302580645163,1.0033038565411407
100.73,8829755,120.03,84.80423655913978,1.0205415390794672,0.8637025921210593,1813.4,647369984,1820.3,1703.1432258064515,1.0064375732546071,0.13169677252746004,1100.2,22925640,1122.9,1039.1843010752689,1.0059201443533494,0.06793093488173207,2642.22,2602.42,2525.7116344086025,1.0041272418644835
105.85,7645121,120.03,86.73544086021505,1.0227724979250123,0.8682521048311163,1805.8,537660032,1820.3,1712.9384946236557,1.0057512889513835,0.13013738772145378,1101.1,22925640,1122.9,1045.0159139784946,1.0056117215177247,0.048107212982193115,2651.5,2642.22,2536.1692903225808,1.0041404789729398
108.54,5071591,120.03,88.7285376344086,1.02297903549491,0.9173608177643777,1842.3,653190016,1820.3,1724.4780645161286,1.006736710003711,0.16552875871721984,1120.4,22925640,1122.9,1051.771182795699,1.0064642736314764,0.06226066647064865,2675.81,2651.5,2547.6349032258067,1.004520838946744
114.6,4923227,120.03,90.99408602150538,1.0255334805182026,0.8819409902404718,1813.8,459680000,1842.3,1733.4705376344089,1.00521460568465,0.14037775614598114,1117.8,22925640,1122.9,1057.9812903225807,1.0059044282905478,0.04544862667027427,2683.34,2675.81,2558.9538924731182,1.0044429400904265
113.06,1702272,120.03,93.03744086021507,1.0224559081589848,0.8098324910706618,1811.6,221540000,1842.3,1741.778924731183,1.0047929208581257,0.11160158026445766,1106.2,22925640,1122.9,1063.1182795698926,1.0048554632244449,0.03296155772318832,2673.61,2683.34,2569.0698279569892,1.0039531526979153
128.1,5780018,120.03,95.93535483870969,1.031147825560342,1.104602063020832,1876.5,396680000,1842.3,1753.802795698925,1.0069032130295168,0.1993828925034855,1152.8,22925640,1122.9,1070.9896774193548,1.0074040659451804,0.07554491485227266,2743.15,2683.34,2583.167827956989,1.0054875892615232
135.23,5453651,128.1,99.1443440860215,1.03344949578502,1.3797653282035456,1915.1,469470016,1876.5,1767.6200000000001,1.0078784252910082,0.27773169431765576,1162.9,22925640,1152.8,1079.0933333333332,1.007566511689921,0.08325582753364769,2786.24,2743.15,2599.3761935483876,1.0062746080281657
138.2,4722921,135.23,102.37221505376345,1.0325572880379472,1.259949340988598,1929.3,483030016,1915.1,1781.5582795698924,1.0078853371029364,0.2349383899903409,1180.3,22925640,1162.9,1087.854623655914,1.0081191219072008,0.06650099671628906,2810.3,2786.24,2616.3774838709674,1.0065405270559824
139.89,4908314,138.2,105.53836559139785,1.030927830720197,1.283773811306613,1998.8,586430016,1929.3,1799.28,1.0099473144568618,0.28275793536694604,1203.9,22925640,1180.3,1097.682365591398,1.0090340581560944,0.0948701285934177,2872.87,2810.3,2636.615548387097,1.0077351470270977
128.32,5770116,139.89,107.78202150537632,1.0212591497073682,1.1382491566767103,1934.1,673769984,1998.8,1811.8793548387096,1.0070024425540824,0.24668559273239088,1154.3,22925640,1203.9,1103.7432258064516,1.0055215064075373,0.08176828910593947,2762.13,2872.87,2648.7425161290316,1.0045994448259068
117.64,8494054,139.89,109.18290322580644,1.0129973598645137,0.7037167465422831,1853.4,858249984,1998.8,1818.4744086021506,1.003639896743582,0.20863490417424058,1103.1,22925640,1203.9,1106.0520430107529,1.0020918064549065,0.059176407400897135,2619.55,2872.87,2650.9461505376344,1.0008319549352889
128.93,6350859,139.89,111.19636559139785,1.0184411872747812,0.8012234770202782,1954.7,573729984,1998.8,1831.1012903225806,1.0069436675384045,0.24973543454576186,1167.4,22925640,1203.9,1112.24688172043,1.0056008564414514,0.07178891492541184,2732.22,2872.87,2660.074129032258,1.0034432908012003
136.25,4058084,139.89,113.55017204301076,1.0211680160506522,0.8073696088992486,1989.3,378760000,1998.8,1845.274623655914,1.0077403327758219,0.2851985794219729,1189.6,22925640,1203.9,1119.4967741935484,1.0065182403226018,0.09553571289700757,2747.3,2872.87,2669.616559139785,1.0035872797691539
133.78,5592796,139.89,115.60567741935483,1.0181021775604662,0.7607995219566805,1987.9,591859968,1998.8,1858.5707526881718,1.0072055014802703,0.31736014316842664,1179.7,22925640,1203.9,1125.6694623655915,1.0055138061264086,0.10552748344575891,2691.25,2872.87,2674.9510322580645,1.0019982169724024
119.99,24131068,139.89,116.64184946236558,1.0089629857818494,0.4516698173564744,2078.8,560390016,1998.8,1876.9215053763442,1.0098735830538765,0.33561859106343894,1230.3,22925640,1203.9,1134.6978494623656,1.008020460178249,0.11411688314774038,2786.57,2872.87,2685.9740645161287,1.0041208351574045
117.69,9795485,139.89,117.441311827957,1.006853992535924,0.5564821317199757,2047.9,574680000,2078.8,1892.2354838709675,1.0081590937344782,0.29845156995516364,1218.4,22925640,1230.3,1142.42,1.006805468558254,0.108419475922791,2752.01,2872.87,2694.024946236559,1.0029973788007818
121.86,10396268,139.89,118.41518279569894,1.0082924053945224,0.6699087532214278,1894.0,640809984,2078.8,1896.6621505376347,1.0023393846613697,0.24408060189441516,1122.4,22925640,1230.3,1143.4363440860216,1.00088964136309,0.07452846028529114,2588.26,2872.87,2690.809247311828,0.9988063588909141
105.2,10733864,139.89,118.20761290322581,0.9982471006878294,0.3441969455499354,1946.9,557980032,2078.8,1903.923440860215,1.0038284574406264,0.2266395481338207,1141.6,22925640,1230.3,1145.4062365591399,1.0017227828058002,0.06204737993031939,2640.87,2872.87,2690.6754623655916,0.999950280776547
98.12,6208986,139.89,117.47692473118279,0.9938186030992673,0.14519456891791793,1925.6,569299968,2078.8,1909.1913978494626,1.0027668953888542,0.22399446870388307,1115.4,22925640,1230.3,1145.4064516129033,1.0000001877532674,0.05628448207690395,2604.47,2872.87,2687.839913978495,0.9989461574140928
91.47,9351344,139.89,116.27395698924732,0.9897599656725083,0.01408774753066444,1983.4,435560000,2078.8,1917.6247311827956,1.004417227807978,0.2687486787882567,1157.1,22925640,1230.3,1147.850752688172,1.0021340032368655,0.07769006918522803,2656.3,2872.87,2688.040623655914,1.0000746732260262
92.89,6041371,139.89,115.13172043010752,0.9901763336458445,-4.8178980569302254e-05,2020.0,424620000,2078.8,1927.7356989247314,1.0052726519310686,0.2841425033045517,1154.7,22925640,1230.3,1149.8344086021507,1.0017281479402556,0.07820006280762692,2670.14,2872.87,2688.798602150537,1.0002819817855255
93.28,5535718,139.89,113.98804301075268,0.9900663569077027,-0.08145782474099761,2021.4,529270016,2078.8,1937.144086021505,1.004880537877688,0.26257372179910365,1147.8,22925640,1230.3,1151.0578494623653,1.001064014827754,0.06752620143316701,2669.91,2872.87,2689.180623655914,1.0001420788842539
96.74,5658110,139.89,113.05361290322581,0.9918023848568159,-0.06585843974688599,2032.7,490350016,2078.8,1946.488817204301,1.0048239732140876,0.24046706517265393,1184.6,22925640,1230.3,1154.3767741935485,1.0028833691831678,0.10144929036260364,2663.42,2872.87,2688.8201720430106,0.9998659622898765
102.56,8938147,139.89,112.47746236559139,0.9949037405984751,-0.07003290880343727,2091.1,561769984,2078.8,1958.856559139785,1.0063538725864594,0.2694998833620459,1225.5,22925640,1230.3,1160.0094623655914,1.0048794191792172,0.10200933023835224,2727.72,2872.87,2692.3627526881723,1.0013175223400939
107.29,6898429,139.89,112.18638709677417,0.9974121458406385,0.03835641194702255,2064.6,513430016,2091.1,1968.6926881720433,1.0050213625833724,0.25093343930853707,1206.6,22925640,1230.3,1164.0391397849462,1.0034738315074923,0.08771407278707799,2712.97,2872.87,2694.5783440860214,1.0008229171182959
103.0,4168496,139.89,111.58806451612904,0.9946667096059613,0.0594881834418759,2094.0,467520000,2091.1,1979.7419354838712,1.0056124794784946,0.19271394139227505,1222.4,22925640,1230.3,1168.7670967741935,1.0040616821442283,0.06960082198490891,2721.33,2872.87,2697.037032258064,1.0009124574824253
117.09,8327879,139.89,111.86079569892472,1.002444089195187,0.1437989224501588,2137.7,428240000,2094.0,1992.9959139784949,1.006694801103652,0.21291024842295625,1247.6,22925640,1230.3,1174.8309677419356,1.0051882629006912,0.06957861694199252,2734.62,2872.87,2700.0515053763443,1.00111769808209
109.14,18504914,139.89,111.56346236559139,0.9973419343973414,0.12458992246920197,2159.5,464760000,2137.7,2006.9587096774192,1.0070059329279062,0.24859085113445212,1256.1,22925640,1247.6,1181.1423655913977,1.0053721752513833,0.057787269870133384,2779.03,2872.87,2705.615483870967,1.0020606934658631
114.78,8957796,139.89,111.58647311827957,1.000206257068401,-0.03096262609908118,2154.2,577619968,2159.5,2019.8210752688174,1.006408884014094,0.2526962724720866,1262.4,22925640,1256.1,1187.5410752688172,1.0054173907090493,0.06612833321322786,2779.66,2872.87,2710.797032258065,1.0019151089347273
115.54,5249107,139.89,111.64227956989247,1.0005001184288147,-0.11478943184050061,2119.2,645950016,2159.5,2029.6660215053764,1.0048741674978556,0.20047788145246948,1245.9,22925640,1262.4,1192.5335483870967,1.0042040424725094,0.05095387048479383,2754.88,2872.87,2713.948021505376,1.0011623847930387
100.47,7248478,139.89,110.73548387096773,0.9918776676504796,-0.09813865730686067,2085.2,595640000,2159.5,2036.6746236559138,1.003453081480538,0.17116491674864542,1218.6,22925640,1262.4,1195.5002150537634,1.0024877008036202,0.07879633536446096,2718.37,2872.87,2714.415655913979,1.0001723077984168
97.21,5098690,139.89,109.6189247311828,0.9899168802920844,-0.0767916881750601,2148.5,353280000,2159.5,2047.1825806451614,1.0051593695267755,0.18434499520208636,1246.8,22925640,1262.4,1200.0316129032258,1.0037903781131972,0.09146987550361274,2759.82,2872.87,2717.393720430108,1.0010971291407196
98.43,5118328,139.89,108.59965591397851,0.9907017075773746,-0.148132596466375,2238.0,570200000,2159.5,2062.7277419354837,1.007593441560754,0.2259018307386248,1275.7,22925640,1262.4,1206.1141935483872,1.0050686836744624,0.091709524437382,2801.31,2872.87,2722.815612903226,1.00199525465609
97.4,5175883,139.89,107.53567741935484,0.9902027452511779,-0.21087869570685958,2243.8,502900000,2238.0,2077.796129032258,1.0073050780238382,0.24084661390266693,1277.0,22925640,1275.7,1211.9466666666667,1.004835755311958,0.09826496158587017,2801.83,2872.87,2728.0011612903227,1.0019044801868047
98.1,5331571,139.89,106.55384946236559,0.9908697468547073,-0.19417773148373196,2242.8,526929984,2243.8,2091.8752688172044,1.00677599673434,0.2557789227416276,1262.3,22925640,1277.0,1216.488387096774,1.0037474589889328,0.08680138839445983,2818.82,2872.87,2734.0280215053763,1.002209258669158
90.62,5745846,139.89,105.1216129032258,0.9865585657733965,-0.3878546521924535,2236.6,612070016,2243.8,2104.6270967741934,1.0060958835103966,0.15718766423030894,1277.1,22925640,1277.0,1221.649247311828,1.004242424563847,0.07239071076837744,2840.35,2872.87,2741.1316344086026,1.0025982224203083
88.87,4735553,139.89,103.65707526881722,0.9860681586406326,-0.39355570779069604,2264.2,391670016,2243.8,2118.3851612903227,1.0065370556794677,0.1303246040724475,1281.3,22925640,1277.1,1226.8137634408602,1.004227495036236,0.084931461716516,2833.28,2872.87,2747.570086021505,1.002348829779673
73.64,18532366,139.89,101.3096559139785,0.9773539881503401,-0.48540174495080135,2239.7,435300000,2264.2,2129.8118279569894,1.0053940458399486,0.08747354879927083,1279.2,22925640,1281.3,1231.5881720430107,1.00389171424745,0.06961939209901447,2850.13,2872.87,2754.9944731182795,1.0027021647726282
77.05,7075287,139.89,99.32107526881718,0.980371262470284,-0.48376028921215153,2301.2,450769984,2264.2,2144.53870967742,1.0069146398414723,0.11296062275162755,1300.8,22925640,1281.3,1237.5434408602152,1.00483543846262,0.07985489983022376,2874.69,2872.87,2763.9177204301077,1.0032389347415744
76.43,5819729,139.89,97.42763440860215,0.9809361622889166,-0.4004817639775271,2351.6,463390016,2301.2,2161.86688172043,1.0080801395492724,0.14226737206113715,1327.2,22925640,1300.8,1244.9935483870966,1.0060200775834607,0.09932307252962702,2901.52,2874.69,2774.5680215053767,1.0038533350673013
71.58,5008352,139.89,95.33288172043012,0.9784993990576962,-0.3730456332898736,2292.9,406529984,2351.6,2174.5101075268817,1.005848290620184,0.1312721520713942,1288.3,22925640,1327.2,1249.5621505376344,1.003669578976097,0.07164113463065758,2871.68,2901.52,2782.9933978494623,1.0030366443636565
72.84,6292523,139.89,93.41847311827956,0.9799186957574125,-0.44570893766643394,2386.1,456940000,2351.6,2192.2210752688175,1.008144808194099,0.13212197035661788,1311.9,22925640,1327.2,1255.2550537634409,1.004555918425792,0.06054870573625304,2904.98,2901.52,2793.0249462365587,1.0036045893586554
74.89,6325401,139.89,91.75694623655913,0.9822141507320856,-0.44447005308072995,2367.3,673760000,2386.1,2207.791397849462,1.007102533022923,0.10565825057739953,1311.2,22925640,1327.2,1260.5920430107528,1.0042517169967258,0.03583769511820756,2929.67,2904.98,2804.277870967742,1.0040289381397562
74.92,4460814,139.89,90.22931182795696,0.9833512941389335,-0.5359205037139851,2393.5,659849984,2386.1,2224.2391397849465,1.0074498623155728,0.10869554008108584,1322.1,22925640,1327.2,1266.3707526881722,1.0045841235548478,0.03794785585745486,2913.98,2929.67,2814.126344086021,1.0035119462376532
73.4,6405088,139.89,88.73019354838709,0.9833854625597912,-0.4946852817716686,2323.1,673020032,2393.5,2235.272688172043,1.0049605944746407,0.08988587144901916,1292.5,22925640,1327.2,1269.9335483870968,1.002813390700442,0.015029226565957954,2885.57,2929.67,2821.662924731183,1.0026781244776022
73.02,6447902,139.89,87.30675268817204,0.9839576495520793,-0.5295761237081614,2237.3,1021990016,2393.5,2240.245376344086,1.002224644983297,0.10731625948790557,1243.1,22925640,1327.2,1270.175483870968,1.0001905103492843,0.014778322427275059,2767.13,2929.67,2821.3453118279567,0.9998874376877399
59.13,11235459,139.89,85.08324731182796,0.9745322634517672,-0.6766298653241594,2210.0,694899968,2393.5,2243.0494623655914,1.0012516870031807,0.10962151338816728,1228.6,22925640,1327.2,1269.4288172043011,0.9994121547170858,0.025259336335829996,2767.78,2929.67,2821.0371182795698,0.9998907636200735
59.52,5139853,139.89,83.01980645161288,0.9757479771234797,-0.5334041674887638,2162.3,942590016,2393.5,2242.096559139785,0.9995751751168245,0.09652651497893938,1195.3,22925640,1327.2,1266.3053763440857,0.9975394911334262,0.04029146686649243,2658.69,2929.67,2813.304795698925,0.9972590496840537
68.61,5424548,139.89,81.64105376344088,0.9833924849129154,-0.3618759646306179,2193.3,1076620032,2393.5,2242.6804301075267,1.0002604129449117,0.1044882493616055,1207.0,22925640,1327.2,1263.8212903225808,0.9980383199282651,0.036589748913620435,2723.06,2929.67,2809.6870537634413,0.9987140597275438
64.73,3176080,139.89,80.07544086021505,0.9808232153915815,-0.32427775549910576,2251.9,702780032,2393.5,2246.469247311828,1.0016894146635593,0.04991394357475576,1223.9,22925640,1327.2,1262.2305376344084,0.9987413151682495,0.010781769912229455,2781.01,2929.67,2809.5529892473123,0.9999522848938107
67.83,10555473,139.89,78.76733333333334,0.9836640608802238,-0.28673954998570794,2224.6,739089984,2393.5,2247.9193548387093,1.0006455051760075,-0.004636216234863877,1193.8,22925640,1327.2,1258.554193548387,0.9970874226407869,0.009095117431317634,2736.27,2929.67,2806.2642795698926,0.9988294544754962
65.85,3191431,139.89,77.38537634408603,0.9824552015313373,-0.3264343492804075,2118.3,573379968,2393.5,2242.0713978494623,0.9973985023187513,-0.014680530698693017,1121.2,22925640,1327.2,1250.1098924731182,0.9932904748015173,-0.00918553353132967,2632.56,2929.67,2796.142387096774,0.996393107895501
68.07,4087142,139.89,76.20563440860214,0.984754975794932,-0.30683816340609404,2285.0,765870016,2393.5,2246.7698924731185,1.002095604371994,0.04268133185248013,1189.9,22925640,1327.2,1246.1550537634407,0.9968364071562913,-0.03185139218834143,2760.17,2929.67,2794.333720430108,0.9993531564504681
62.66,4126259,139.89,74.73851612903226,0.9807479028164319,-0.37823262398958035,2169.6,691529984,2393.5,2243.4806451612903,0.9985360105977709,-0.03998850162917367,1129.6,22925640,1327.2,1238.2984946236559,0.9936953598863498,-0.04355813072196768,2633.08,2929.67,2784.117634408602,0.9963439993058762
65.63,2948231,139.89,73.54881720430107,0.9840818498098459,-0.4194803485595553,2181.0,741609984,2393.5,2240.7580645161293,0.9987864479013745,-0.03663193595728531,1129.3,22925640,1327.2,1230.6288172043012,0.9938062773615132,-0.022405171856549222,2599.95,2929.67,2771.9676559139784,0.9956359679833698
58.12,4670626,139.89,71.96419354838709,0.9784548043578691,-0.4441315166843436,2011.7,1159480064,2393.5,2226.8625806451614,0.9937987576209087,-0.042637492619696404,1039.7,22925640,1327.2,1217.3447311827956,0.9892054486001036,-0.03748909375820486,2416.62,2929.67,2748.2329892473126,0.9914376105305457
60.6,2261911,139.89,70.63608602150538,0.981544884179259,-0.46995373667031193,2083.3,591180032,2393.5,2217.7634408602153,0.9959139194919203,-0.01094475956155383,1078.1,22925640,1327.2,1206.9309677419355,0.9914455099084859,-0.04485003597806703,2485.74,2929.67,2729.6129677419353,0.9932247296432909
63.23,2400200,139.89,69.59913978494623,0.985319879753198,-0.4508201703140525,2117.8,550780032,2393.5,2211.0070967741935,0.9969535325718053,0.013726050737059792,1079.3,22925640,1327.2,1196.9591397849463,0.991737863868349,-0.051840806424315766,2531.94,2929.67,2714.508817204301,0.9944665596492498
68.2,3397963,139.89,68.98156989247312,0.9911267596929885,-0.43163090649253144,2179.2,647100032,2393.5,2208.3017204301077,0.9987764054000401,-0.005933225255850827,1115.5,22925640,1327.2,1189.703010752688,0.9939378640497604,-0.05038636029352006,2596.26,2929.67,2704.085720430108,0.996160227328004
73.97,4870524,139.89,68.83643010752687,0.9978959628612034,-0.4089125805512146,2262.4,672350016,2393.5,2210.9103225806452,1.0011812707142345,0.05355795348044867,1146.6,22925640,1327.2,1184.7692473118282,0.9958529453180602,-0.04914836571726211,2670.71,2929.67,2698.860258064516,0.9980675677822962
73.87,3485828,139.89,68.77423655913978,0.9990965024146381,-0.21577605661553956,2259.0,504670016,2393.5,2212.991612903226,1.0009413725655554,0.06487482668723499,1158.0,22925640,1327.2,1180.784516129032,0.9966367027234736,-0.030007820290878895,2664.76,2929.67,2693.4319354838713,0.9979886611155859
68.23,4076682,139.89,68.40537634408602,0.99463665125913,-0.34687901235135354,2250.7,684809984,2393.5,2214.1636559139783,1.00052961927371,0.017778351120864455,1170.2,22925640,1327.2,1177.7172043010753,0.9974023102555475,-0.04212804912323265,2706.53,2929.67,2690.8137419354844,0.9990279340220578
65.73,3031053,139.89,67.93754838709677,0.9931609475454674,-0.30778688344064753,2313.5,906019968,2393.5,2219.1675268817207,1.0022599372699381,-0.01918028863320953,1190.8,22925640,1327.2,1176.1436559139786,0.9986638996345217,-0.033199444054434646,2707.88,2929.67,2688.397247311828,0.9991019465279234
68.76,4523065,139.89,67.73552688172043,0.9970263645042761,-0.26431008713485193,2367.6,687910016,2393.5,2227.4993548387097,1.003754483542167,-0.025753191558582467,1219.9,22925640,1327.2,1176.6301075268818,1.0004135988069631,-0.0353524352669482,2775.6,2929.67,2690.5507096774195,1.0008010208936737
73.44,4267796,139.89,67.89703225806451,1.0023843525514478,-0.21137614678899075,2413.4,485889984,2393.5,2238.5197849462365,1.0049474448033342,-0.008383029360665262,1236.9,22925640,1327.2,1178.3361290322582,1.0014499216826622,-0.01084506804270946,2792.67,2929.67,2693.861870967742,1.001230663030588
70.88,5259536,139.89,67.94640860215053,1.000727223892472,-0.17849782512215062,2443.8,677870016,2413.4,2251.134623655914,1.0056353483201312,0.05590256717003017,1249.0,22925640,1327.2,1180.8774193548388,1.002156676910745,-0.009096115421285855,2803.69,2929.67,2697.9402365591395,1.001513947554383
75.94,18567000,139.89,68.36468817204302,1.0061560217603502,-0.15767953256536738,2382.9,635990016,2443.8,2259.374838709677,1.0036604719092193,-0.008644004825187901,1222.1,22925640,1327.2,1181.7436559139785,1.0007335533264858,-0.01436365214222679,2743.07,2929.67,2698.18647311828,1.0000912683519834
82.72,6109194,139.89,69.24819354838709,1.0129234170442012,0.06560485900086643,2472.8,811160000,2443.8,2273.159784946237,1.0061012214531133,0.05052039401121955,1281.6,22925640,1327.2,1186.5759139784948,1.004089091606571,0.011577484477864664,2822.48,2929.67,2703.749935483871,1.0020619265647572
79.64,7793816,139.89,69.9134623655914,1.0096070205317262,0.006969473453687813,2482.3,638129984,2472.8,2287.0563440860215,1.0061133226233427,0.0038516822608785084,1286.8,22925640,1327.2,1191.738494623656,1.0043508220454698,0.014972341185795601,2800.71,2929.67,2707.9683440860217,1.0015602066399665
84.01,4685683,139.89,70.85509677419356,1.013468570669239,-0.02064166929134381,2508.0,509750016,2482.3,2302.221505376345,1.0066308647487143,-0.009765716127193791,1299.2,22925640,1327.2,1197.731182795699,1.0050285261398184,0.002035656445688927,2834.4,2929.67,2714.519397849463,1.002419176641318
87.18,5501641,139.89,71.98494623655914,1.0159459165791034,0.087678389455625,2532.8,617070016,2508.0,2318.650322580645,1.0071360714709399,0.004724462369434912,1332.2,22925640,1327.2,1205.9131182795697,1.0068311951808526,0.02674222779059665,2892.74,2929.67,2724.9786666666664,1.0038530831002679
86.08,2932576,139.89,73.01027956989248,1.014243718818152,0.04793148365461586,2566.5,539520000,2532.8,2336.737419354839,1.007800700518767,-0.02588900759897217,1347.6,22925640,1332.2,1214.9941935483869,1.007530455661493,0.02637594540116761,2907.41,2929.67,2736.3390967741934,1.0041689978150998
87.79,5190540,139.89,74.11746236559141,1.0151647521721792,0.07154118935867104,2573.1,392240000,2566.5,2354.862365591398,1.0077565181635013,0.016587371664896544,1365.4,22925640,1347.6,1225.14688172043,1.008356161886167,0.049746684170000166,2905.03,2929.67,2747.540752688172,1.0040936651189114
82.3,4827601,139.89,74.84270967741935,1.0097851071620692,0.04479597493794074,2691.3,701680000,2573.1,2380.170537634409,1.0107471979733538,0.020635503645220155,1378.9,22925640,1365.4,1236.0539784946236,1.0089026850061253,0.034073767176143965,2939.88,2929.67,2761.043784946237,1.0049145885260677
80.96,3793782,139.89,75.46563440860214,1.0083231183620645,0.06071630587712695,2673.0,554969984,2691.3,2403.6576344086025,1.0098678209829186,0.00485758686489457,1383.6,22925640,1378.9,1247.1421505376345,1.0089706212155194,0.0496661814916588,2945.64,2939.88,2774.8627311827954,1.0050049717834617
71.96,4773350,139.89,75.4916559139785,1.000344812649894,-0.08358820697964409,2633.5,614030016,2691.3,2423.8438709677416,1.0083981330245086,0.005508513583426966,1334.2,22925640,1383.6,1254.847311827957,1.0061782542487243,0.03198903672179321,2881.4,2945.64,2784.407978494624,1.0034398989198863
67.5,4869337,139.89,75.23221505376343,0.9965633174014529,0.12257106916486826,2640.7,638280000,2691.3,2443.6425806451607,1.0081683106385537,0.04435580093625169,1320.2,22925640,1383.6,1261.4533333333334,1.005264402643341,0.04140709466483283,2859.53,2945.64,2792.2965161290326,1.002833111273684
64.12,4580967,139.89,74.73670967741936,0.9934136542970327,0.0526989807252054,2597.2,572910016,2691.3,2459.7086021505374,1.00657462004985,0.035591356795510176,1283.3,22925640,1383.6,1265.4817204301075,1.0031934491671834,0.010669629597130692,2826.06,2945.64,2797.828387096774,1.001981118744298
68.45,8075206,139.89,74.51066666666665,0.9969754754828202,-0.06320983479875819,2536.9,572060032,2691.3,2470.9490322580646,1.0045698218470673,0.016551530519010704,1258.6,22925640,1383.6,1267.7273118279568,1.0017744953258478,0.032100837676089844,2752.06,2945.64,2798.2261290322585,1.0001421609478691
74.75,4473534,139.89,74.69141935483871,1.0024258632523138,0.09643613601440348,2666.0,807120000,2691.3,2489.7795698924733,1.0076207713670244,0.05506499840365464,1333.7,22925640,1383.6,1274.7070967741936,1.0055057462918997,0.0565130435795298,2873.34,2945.64,2806.386021505376,1.0029160947317504
73.75,5126685,139.89,74.78610752688171,1.001267724898802,0.09254744980036167,2663.1,633289984,2691.3,2507.53247311828,1.0071303112293484,0.0713809678638766,1331.1,22925640,1383.6,1281.2830107526881,1.0051587647037783,0.059932260659775194,2886.98,2945.64,2815.2273548387097,1.0031504337840849
69.89,10258137,139.89,74.61903225806451,0.9977659584869135,0.0888117090281102,2770.5,821929984,2691.3,2531.271397849462,1.0094670457853179,0.15535519891204563,1375.3,2229939968,1383.6,1290.4152688172042,1.0071274324156934,0.1058751980101631,2950.46,2945.64,2827.840064516129,1.0044801744540246
69.69,5832846,139.89,74.43036559139786,0.9974716012663611,0.020372266505118697,2724.4,707900032,2770.5,2550.633548387097,1.0076491799947191,0.10119265236204011,1372.6,2179950080,1383.6,1298.82688172043,1.006518531752136,0.08775288846659302,2941.76,2950.46,2839.2078279569896,1.0040199456763852
70.44,4122717,139.89,74.28660215053763,0.9980684840156577,0.07463680011232854,2804.2,456340000,2770.5,2574.1991397849465,1.0092391129304918,0.17786274858792273,1403.2,1289410048,1383.6,1308.8197849462367,1.0076937915025057,0.10650163956677439,2990.41,2950.46,2853.323784946237,1.0049717941921161
67.49,4483409,139.89,73.93578494623654,0.9952775171545714,0.06676802395015136,2849.9,598990016,2804.2,2599.3483870967743,1.0097697365068379,0.17370122779752606,1424.5,1726429952,1403.2,1319.598494623656,1.008235442191044,0.10223626847499112,3013.77,2990.41,2868.1783870967743,1.0052060695771394
64.99,4405160,139.89,73.41967741935484,0.9930195164999331,0.18287385533761547,2799.8,589580032,2849.9,2619.8268817204307,1.0078783185529543,0.20942543505205813,1415.1,1659769984,1424.5,1329.1359139784947,1.0072275160919753,0.12934121734703496,2976.61,3013.77,2879.745634408602,1.004032959513211
64.34,5296597,139.89,72.84686021505377,0.9921980424807741,0.07990597829554491,2875.1,802230016,2849.9,2643.468602150537,1.009024153693156,0.18740237441302954,1449.3,1666680064,1424.5,1340.0724731182797,1.0082283226453859,0.12702202589057277,3025.86,3013.77,2893.2860215053765,1.0047019385792229
60.44,4963130,139.89,72.01438709677419,0.9885722855340366,-0.022118039739783102,2742.8,754179968,2875.1,2656.872043010753,1.0050703991147507,0.06869753711387716,1386.1,2336169984,1449.3,1346.1333333333334,1.0045227853990242,0.12623324389074653,2932.05,3025.86,2899.612602150538,1.002186641969766
52.12,6981005,139.89,70.65113978494624,0.9810697922069934,-0.244164335605211,2746.8,781169984,2875.1,2669.1894623655917,1.0046360604332607,0.060079529161432665,1374.8,2368470016,1449.3,1350.805376344086,1.0034707134093348,0.10827704084615353,2918.65,3025.86,2904.214215053764,1.0015869750668807
54.6,7879899,139.89,69.48247311827956,0.9834586296806539,-0.27882673945191416,2708.4,612150016,2875.1,2677.808817204301,1.0032292030821484,0.018153604247903354,1370.6,2193420032,1449.3,1354.648817204301,1.0028452957972502,0.11374519410584738,2888.68,3025.86,2906.1889677419354,1.0006799610985773
54.54,5164903,139.89,68.35159139784946,0.983724216055105,-0.3812877850375527,2680.4,612230016,2875.1,2683.662580645161,1.0021860273979424,0.02834595684384089,1351.1,1796480000,1449.3,1356.7524731182796,1.0015529160674426,0.09832284487553666,2847.11,3025.86,2905.0130322580644,0.9995953685404069
57.15,3874604,139.89,67.43066666666667,0.986526652674077,-0.27529364167971526,2739.5,577619968,2875.1,2692.4230107526887,1.0032643560225152,0.07121355820621034,1393.3,1537990016,1449.3,1361.1634408602151,1.0032511219469515,0.10939214165113742,2926.46,3025.86,2908.564301075269,1.0012224622670434
57.49,2339109,139.89,66.55550537634409,0.9870213163596794,-0.30351290840359435,2762.1,498432992,2875.1,2701.590322580645,1.0034048556973942,0.04756501189178963,1426.8,1324349952,1449.3,1367.2559139784946,1.0044759306159656,0.09817058309410842,2978.71,3025.86,2915.0135698924737,1.0022173375416938
60.48,4662143,139.89,65.89096774193548,0.9900152867797951,-0.24671899675594944,2717.5,749473024,2875.1,2706.915483870968,1.0019711209526527,0.05022243735395082,1421.3,1936230016,1449.3,1372.4860215053764,1.0038252586610965,0.08158562789167334,3007.39,3025.86,2922.730731182796,1.0026473843449746
63.23,5043229,139.89,65.4216559139785,0.9928774482445748,-0.2880742714684682,2755.7,741662016,2875.1,2713.952688172043,1.002599713342735,0.023619881862685377,1410.3,1890029952,1449.3,1376.5733333333333,1.002978035305215,0.06878797876816978,2992.07,3025.86,2928.961032258065,1.0021316712514081
55.25,6022337,139.89,64.4594623655914,0.985292430542384,-0.3351608546452688,2703.1,643958016,2875.1,2716.8602150537636,1.0010713255593555,-0.027946136549263922,1398.8,1799879936,1449.3,1379.5458064516129,1.0021593278369572,0.06354597697182673,2961.79,3025.86,2932.808967741935,1.0013137544137634
57.44,4296395,139.89,63.672172043010754,0.9877862722758155,-0.3078235212672459,2729.8,702580992,2875.1,2720.932688172043,1.001498963066158,0.012508598507149804,1414.4,1780290048,1449.3,1383.202580645161,1.0026507087886802,0.08118196829908775,2952.01,3025.86,2935.6859354838707,1.0009809598148327
57.33,2581558,139.89,62.91756989247312,0.9881486350107878,-0.3318309419877744,2762.4,568273984,2875.1,2726.362365591398,1.0019955206694227,0.014765590339745449,1432.1,1607619968,1449.3,1387.5877419354838,1.0031702957698918,0.06506958304542709,2970.27,3025.86,2939.291634408602,1.001228230472868
57.63,6112669,139.89,62.236924731182796,0.9891819540638084,-0.30670623020602794,2681.3,632979008,2875.1,2725.936989247312,0.9998439765933338,-0.03173374586055577,1419.8,1468620032,1449.3,1390.855698924731,1.0023551353838633,0.037127530432253586,2986.2,3025.86,2943.607247311829,1.0014682493062976
58.2,2594109,139.89,61.6403870967742,0.9904150528486876,-0.2880057613020941,2738.1,842929024,2875.1,2728.7481720430105,1.0010312721118602,0.0029159604224584523,1455.2,1640029952,1449.3,1396.121505376344,1.0037860192510868,0.053692999726095536,3022.55,3025.86,2949.86911827957,1.0021272780101556
59.47,3612475,139.89,61.18129032258064,0.9925520134474044,-0.32489563880358197,2807.4,617931008,2875.1,2735.5354838709677,1.0024873353640675,0.03754724764304651,1485.1,1804630016,1455.2,1402.980860215054,1.0049131503327577,0.05456320498584444,3066.91,3025.86,2958.588301075269,1.002955786323423
65.03,7421382,139.89,61.14049462365592,0.9993331997623845,-0.21268311801706175,2852.3,565267008,2875.1,2744.629032258065,1.0033242297315146,0.08291852312892645,1509.6,1818480000,1485.1,1411.0920430107526,1.0057813923380645,0.05635275110583282,3093.08,3066.91,2968.621311827956,1.0033911479840032
61.81,5578583,139.89,60.937225806451615,0.9966753815379561,-0.30155758573422375,2920.3,505433984,2875.1,2757.495053763441,1.0046877087410209,0.05192714646231256,1529.4,1736329984,1509.6,1420.1322580645162,1.0064065381833456,0.045953740839908885,3120.46,3093.08,2980.0214838709676,1.003840224415822
61.0,3481099,139.89,60.73756989247312,0.9967235805152561,-0.2212513123877452,2936.4,658880000,2920.3,2770.6531182795698,1.0047717454644827,0.03546331245795553,1516.7,1759160064,1529.4,1428.000430107527,1.0055404501928111,0.04196977963196935,3110.29,3120.46,2990.30223655914,1.0034498921379646
63.79,2910469,139.89,60.76372043010754,1.0004305496199588,-0.16118986799492185,2975.7,433142016,2936.4,2785.8195698924733,1.0054739626237734,0.05341334699471312,1543.0,1210589952,1529.4,1437.2690322580645,1.0064906157975313,0.04889174672471963,3140.98,3120.46,3002.1965161290314,1.0039776178556379
58.73,3943390,139.89,60.50034408602151,0.9956655658636147,-0.14315167630043424,2948.8,620979008,2975.7,2798.599569892473,1.0045875189255322,0.05507470793242808,1536.8,1620630016,1543.0,1445.7948387096774,1.0059319488977079,0.060052171232032325,3145.91,3140.98,3013.9887741935486,1.0039278768065862
55.74,5315802,139.89,60.07251612903225,0.9929285037390704,-0.19052159852159833,2985.9,623864000,2975.7,2813.0950537634412,1.0051795490955233,0.10722364320954192,1566.9,1800710016,1543.0,1455.82688172043,1.0069387735674211,0.0787114892018852,3168.8,3145.91,3026.6889677419354,1.0042137494529273
56.2,4521610,139.89,59.699655913978496,0.9937931646769569,-0.16209530684374396,3044.9,713427008,2985.9,2830.6546236559143,1.0062420819619946,0.1244484300612454,1597.0,2230720000,1566.9,1467.2703225806451,1.0078604406910605,0.10462072784783993,3221.22,3168.8,3042.106,1.0050936955935603
54.67,3047481,139.89,59.245118279569894,0.9923862603988279,-0.2408173886929894,3068.3,326804000,3044.9,2848.7610752688174,1.006396559813969,0.14713485607839694,1614.7,915790016,1597.0,1479.181075268817,1.0081176266601122,0.10562623728084075,3240.02,3221.22,3057.8861290322575,1.0051872383908573
57.64,5365512,139.89,59.01182795698924,0.9960622861536069,-0.27488929550042773,3075.2,446115008,3068.3,2866.169892473118,1.00611101343508,0.11850698842344132,1621.7,1195389952,1614.7,1490.7776344086024,1.0078398509375721,0.09012536300163054,3234.85,3240.02,3072.2833333333333,1.004708221200386
65.49,6860469,139.89,59.32178494623657,1.0052524553124036,-0.23881316772344308,3155.4,787203968,3075.2,2887.872903225806,1.0075721299039817,0.152351676718526,1656.8,1793580032,1621.7,1504.0193548387097,1.0088824249334545,0.11362401538472455,3265.35,3240.02,3087.870838709677,1.005073589797928
66.09,5810961,139.89,59.68821505376344,1.0061769905922247,-0.21282844513212362,3249.6,757361984,3155.4,2914.5946236559143,1.009253080494041,0.1243182594417176,1705.8,1797890048,1656.8,1519.7219354838708,1.0104404112850296,0.11180242992514122,3329.62,3265.35,3106.7910967741936,1.0061272828601933
59.29,4203580,139.89,59.62410752688171,0.9989259600605582,-0.28373319019254395,3235.2,554088000,3249.6,2939.3569892473115,1.008495989593344,0.09859608451617707,1711.1,1570230016,1705.8,1535.0556989247311,1.0100898480720937,0.12637472381606552,3295.47,3329.62,3122.692731182796,1.005118346845114
60.53,5030605,139.89,59.66236559139785,1.0006416542922492,-0.2537513642260546,3279.8,672926016,3249.6,2965.898279569893,1.0090296246490897,0.12608350633233156,1673.9,2124070016,1711.1,1547.261505376344,1.007951376917569,0.11429486538947842,3225.52,3329.62,3133.320795698925,1.0034034935330007
63.22,3441109,139.89,59.89548387096773,1.0039072919294956,-0.2678939792910011,3469.0,965958976,3279.8,3003.6232258064524,1.0127195684681507,0.15380221608558808,1748.7,1852189952,1711.1,1563.7109677419357,1.010631339504301,0.1234200944888888,3327.71,3329.62,3150.0361505376345,1.0053347090606408
62.66,3371926,139.89,60.1016559139785,1.0034421968015972,-0.21413473213262502,3534.9,805489984,3469.0,3044.268387096774,1.0135320438799074,0.12182446422320847,1788.5,1956790016,1748.7,1582.0309677419355,1.011715720090174,0.12829458832749863,3380.16,3329.62,3169.4602365591404,1.0061663057480121
58.85,3683849,139.89,60.06703225806452,0.999423915108703,-0.22602426677994814,3425.5,645339008,3534.9,3076.274623655914,1.01051360540181,0.05906271886945946,1743.3,1608930048,1788.5,1596.6318279569894,1.0092291873628074,0.0997817231253526,3337.75,3380.16,3185.2803440860216,1.0049914200987282
53.97,4946836,139.89,59.72937634408601,0.9943786815947915,-0.24755150160340833,3107.4,1282535936,3534.9,3086.574623655914,1.0033482056253349,0.16006080762942632,1549.2,3533360128,1788.5,1598.0778494623655,1.0009056699735384,0.11010701530418632,2954.22,3380.16,3175.6858494623652,0.9969878649326832
54.69,4562079,139.89,59.45208602150538,0.9953575553680113,-0.07103380852179475,3058.0,1256824064,3534.9,3092.9034408602156,1.00205043388739,0.11186797928072156,1557.9,3242299904,1788.5,1599.7344086021506,1.0010365947693614,0.11477723864676315,2972.37,3380.16,3167.2146451612903,0.9973324803829355
50.77,6814872,139.89,58.91636559139784,0.9909890389731025,-0.16725290312524344,2929.4,1474589952,3534.9,3090.26623655914,0.9991473370082506,0.16855633348974042,1476.9,3856780032,1788.5,1595.7713978494623,0.997522707062261,0.13905941357195106,2711.02,3380.16,3141.766623655914,0.9919651730758904
42.07,11361210,139.89,57.82759139784946,0.981520004117373,-0.2940561972863953,2582.4,1692989056,3534.9,3064.7666666666673,0.9917484229705512,0.258240106698738,1251.7,4051510016,1788.5,1577.050752688172,0.9882685921138082,0.1168655292901154,2304.92,3380.16,3090.5006666666673,0.9836824426730999
53.97,7466453,139.89,57.53337634408603,0.9949122028662883,-0.13936474901356377,2810.6,1357933056,3534.9,3054.2004301075267,0.9965523520357806,0.22645685846627295,1383.0,3586540032,1788.5,1567.0148387096774,0.9936362771068795,0.12416232648445014,2541.47,3380.16,3055.6620000000003,0.9887271771067945
56.76,7733799,139.89,57.426,0.9981336686475021,-0.07240419618337057,2788.9,1128832000,3534.9,3042.08129032258,0.9960319762693112,0.2699410803379839,1355.6,2762619904,1788.5,1555.2333333333333,0.9924815610641918,0.11461900487198906,2488.65,3380.16,3018.2435268817203,0.9877543808450411
57.04,3902101,139.89,57.33825806451614,0.9984720869382534,-0.11269954698384776,3046.4,916078016,3534.9,3046.5174193548387,1.0014582545990374,0.19428719903278024,1499.2,2264859904,1788.5,1552.8694623655915,0.9984800538175996,0.12715410087637513,2789.82,3380.16,3001.3092688172046,0.9943893665591619
62.24,4629984,139.89,57.593397849462356,1.004449730311987,-0.06708894112065944,3270.5,956915968,3534.9,3064.7043010752686,1.0059697284528515,0.30381303513595137,1571.0,2398159872,1788.5,1554.9703225806454,1.0013528891294272,0.15322120086185775,2874.56,3380.16,2990.31,0.9963351764739862
59.33,3497520,139.89,57.6629247311828,1.0012072022890917,-0.031346699718715065,3206.6,1207216000,3534.9,3077.6615053763444,1.004227880744165,0.34308038076843617,1558.5,2306160128,1788.5,1555.9191397849463,1.0006101834810108,0.15639037723482585,2836.74,3380.16,2977.123440860215,0.9955902367514455
53.25,4209316,139.89,57.33141935483871,0.9942509788067545,-0.21075850384309425,3218.7,966899968,3534.9,3090.3165591397847,1.0041119056599737,0.3443030063428567,1561.7,2352229888,1788.5,1556.7309677419355,1.0005217674467977,0.14523374625941265,2830.71,3380.16,2963.816774193548,0.9955303611250926
55.0,3542771,139.89,57.12182795698925,0.9963442140416542,-0.1418390384272492,3445.6,800497024,3534.9,3116.5589247311827,1.0084918049944704,0.39526479482196175,1665.4,1886520064,1788.5,1563.9163440860218,1.0046156827948947,0.17653264217080622,2929.8,3380.16,2957.1638709677422,0.9977552919992444
54.85,3693153,139.89,56.90756989247312,0.9962491035007238,-0.1836314970657631,3408.6,888006016,3534.9,3138.9449462365587,1.0071829290079304,0.49499608601225586,1640.7,2333289984,1788.5,1569.0064516129032,1.0032547185443326,0.19660732839625938,2863.7,3380.16,2946.333483870968,0.9963375762827679
55.83,7267235,139.89,56.76251612903226,0.997451063826571,-0.16796969834778697,3471.0,740612992,3534.9,3163.7926881720427,1.0079159534050686,0.43889827465603415,1694.5,1881289984,1788.5,1577.0924731182797,1.0051535935349816,0.1866445480462149,2955.45,3380.16,2941.685892473118,0.998422584740223
61.05,4941418,139.89,56.95933333333333,1.0034673798436573,-0.07099496621052803,3505.3,908507008,3534.9,3189.2772043010755,1.0080550524768288,0.36507824253403676,1718.5,2068460032,1788.5,1586.212258064516,1.005782657074131,0.16453011443518284,3044.31,3380.16,2942.9155053763443,1.0004179959887534
75.1,6993117,139.89,58.059204301075276,1.0193097584430169,0.06707705245416062,3560.6,1254112000,3534.9,3216.8286021505373,1.0086387592186423,0.26630459484097146,1781.2,2028979968,1788.5,1598.8752688172044,1.007983175447238,0.1473101683968978,3193.93,3380.16,2953.846623655914,1.0037143840044336
75.42,5788210,139.89,59.15806451612903,1.0189265462433044,0.0993227940975887,3540.7,1039308032,3560.6,3241.5729032258064,1.0076921415889946,0.28929916196923344,1745.1,2312290048,1788.5,1608.6251612903225,1.006097969405913,0.1664005503287761,3041.31,3380.16,2954.71440860215,1.000293781315281
97.23,12812621,139.89,61.63475268817204,1.0418656051765818,0.4496654845959245,3696.8,1053804992,3560.6,3275.053978494624,1.010328651018615,0.33161811005562825,1793.7,2262739968,1788.5,1621.0466666666666,1.0077218146745763,0.1866683422391151,3097.74,3380.16,2959.393053763441,1.001583450890438
92.93,5403703,139.89,63.75610752688173,1.0344181609593248,0.2926144103057644,3705.0,1145778048,3696.8,3307.4288172043016,1.0098852840051689,0.3666302976180629,1785.7,2293139968,1793.7,1632.3563440860216,1.006976774729509,0.1992938059830961,3009.05,3380.16,2958.376752688172,0.9996565846250208
88.68,5279132,139.89,65.54060215053762,1.027989391022711,0.3402517437918424,3869.6,701307008,3705.0,3348.8546236559137,1.0125250787669644,0.3819880032484878,1851.3,1454979968,1793.7,1647.3763440860216,1.0092014222595556,0.20970019916012295,3130.01,3380.16,2965.448043010753,1.002390260238543
83.7,8970389,139.89,66.93939784946237,1.021342429776765,0.36193703527315235,3995.2,913369984,3869.6,3396.4034408602147,1.0141985313033364,0.4001255283400523,1901.3,1743670016,1851.3,1664.9458064516127,1.0106651175541426,0.2082900548520903,3185.04,3380.16,2976.103849462366,1.0035933209070136
79.59,4149908,139.89,68.01290322580645,1.016036973902249,0.2903197279785532,3804.6,903294976,3995.2,3429.4849462365596,1.009740157773473,0.33571910536239,1879.1,1852460032,1901.3,1680.3638709677418,1.0092604002222683,0.17555405768720966,3224.73,3380.16,2989.2853763440853,1.004429121948853
76.6,3856307,139.89,68.84320430107527,1.012207993423133,0.28494047331208217,3785.3,955646976,3995.2,3459.6875268817203,1.0088067395304663,0.33049725227875715,1850.2,2333880064,1901.3,1693.310752688172,1.0077048084311488,0.1533752571664967,3215.63,3380.16,3001.8722580645153,1.0042106658066297
79.82,3395444,139.89,69.83408602150537,1.0143933120267996,0.26249669115805885,3876.9,774236992,3995.2,3494.2578494623654,1.0099923251195475,0.32026512714601163,1942.4,2369809920,1901.3,1711.6995698924734,1.0108596825332319,0.18654317540919552,3271.12,3380.16,3018.0915913978497,1.0054030724624479
73.46,5219858,139.89,70.36694623655913,1.0076303742972976,0.020410680170781514,3959.7,981625984,3995.2,3532.446021505376,1.0109288363046494,0.31106817797235775,1999.4,2175269888,1942.4,1733.0761290322578,1.0124884994515289,0.1804684533578016,3351.28,3380.16,3039.4045376344084,1.00706172943767
80.58,8179265,139.89,71.34202150537635,1.0138570070319552,0.11437180884216347,3903.9,754153024,3995.2,3565.3045161290324,1.0093019099014156,0.2969115537616277,2001.5,2091820032,1999.4,1753.8513978494625,1.0119875108018512,0.16036628434043876,3372.85,3380.16,3061.9243010752693,1.0074092682175135
86.87,5153427,139.89,72.69174193548386,1.01891901016578,0.3409044434473161,4020.6,678257024,3995.2,3604.28494623656,1.010933268092861,0.34717130134423757,2071.2,1831600000,2001.5,1778.4875268817204,1.0140468736761086,0.17959190804138725,3397.16,3380.16,3085.9194838709677,1.0078366348858696
90.9,4433105,139.89,74.24215053763439,1.0213285383025565,0.39287236484548016,4357.6,935972992,4020.6,3663.318279569892,1.016378653245763,0.39893202273717454,2164.4,2001350016,2071.2,1808.3621505376348,1.0167977695678836,0.20544858028771995,3508.01,3397.16,3116.8475913978496,1.0100223313305912
80.83,5940645,139.89,75.07756989247312,1.0112526287127857,0.15575889360768835,4101.6,1243518976,4357.6,3703.517634408602,1.0109734813551143,0.27655449285591505,2074.5,3437110016,2164.4,1831.3819354838708,1.012729632136678,0.15648451485262438,3426.96,3508.01,3141.9391612903223,1.0080503037625974
74.91,3148502,139.89,75.49318279569894,1.0055357799116442,0.04584608707317339,3941.2,961612992,4357.6,3732.0081720430103,1.0076928316392255,0.26637774479543797,1984.0,2410500096,2164.4,1847.8623655913977,1.0089989039359901,0.12090360293740321,3340.97,3508.01,3161.2695483870975,1.0061523747292538
81.05,3779903,139.89,76.27858064516127,1.0104035599027237,0.24290305925691613,3905.3,1110301056,4357.6,3757.3088172043017,1.0067793648874679,0.29266042059948716,1963.3,2988819968,2164.4,1862.5868817204303,1.0079684052249855,0.1316741849487908,3319.47,3508.01,3179.29711827957,1.0057026361139214
77.09,2201045,139.89,76.76075268817203,1.0063211984141887,0.2835205198176687,4041.0,847931008,4357.6,3790.3324731182797,1.0087891779783356,0.3546382162415138,2005.2,2595620096,2164.4,1879.541505376344,1.0091027290175334,0.17782063297014927,3298.46,3508.01,3196.0085161290317,1.0052563183709313
81.53,2257252,139.89,77.47965591397849,1.0093655051654702,0.3226430214102196,4047.2,768291968,4357.6,3821.748387096774,1.0082884322684886,0.3765986335837951,2021.4,2334060032,2164.4,1896.5606451612905,1.0090549422485557,0.1709939530948319,3348.44,3508.01,3215.2041290322577,1.0060061206991011
82.67,2113479,139.89,78.2143870967742,1.0094828916588303,0.4410613821220384,4252.4,635449984,4357.6,3864.2756989247314,1.0111277110684578,0.4017842258819575,2114.1,2124440064,2164.4,1918.5636559139784,1.0116015329163475,0.1488531870267411,3477.13,3508.01,3241.893569892472,1.0083010097614697
80.02,2584011,139.89,78.70954838709676,1.006330821076561,0.7116886311331494,4317.4,758828032,4357.6,3908.151397849463,1.011354184417261,0.3401497733253205,2130.5,2361230080,2164.4,1940.2544086021505,1.0113057247912052,0.1906183887571824,3483.81,3508.01,3267.366430107527,1.0078574017517483
85.13,3377756,139.89,79.45277419354841,1.0094426384305553,0.4155546889235522,4246.8,1232258944,4357.6,3943.741075268817,1.0091065247469526,0.37200632099721376,2083.5,2057490048,2164.4,1957.0230107526884,1.0086424759950003,0.14296995452449957,3465.39,3508.01,3289.1156559139777,1.006656500356385
91.38,7238705,139.89,80.53221505376344,1.0135859429852694,0.41442252774365995,3956.0,1090397952,4357.6,3957.4808602150533,1.003483947014777,0.25597353255289845,1948.7,2894279936,2164.4,1963.588387096774,1.0033547772857103,0.12356911206028531,3269.96,3508.01,3296.2695698924726,1.0021750265806653
100.83,5588369,139.89,82.1468817204301,1.0200499472861726,0.5242082390239173,4355.1,822729024,4357.6,3994.459139784946,1.0093438934706265,0.42850058773509425,2137.7,2440580096,2164.4,1981.0718279569894,1.008903821684373,0.16794885300969997,3509.44,3508.01,3317.1935698924735,1.0063477818049582
94.12,4994789,139.89,83.23447311827957,1.013239594432213,0.3144637094990723,4195.0,961084992,4357.6,4018.293978494623,1.0059669752213214,0.19970661321585603,2129.2,2489210112,2164.4,1996.6337634408603,1.0078553110817388,0.10811551451985846,3585.15,3509.44,3341.454516129033,1.007313696269267
85.22,54977708,139.89,83.67931182795698,1.0053444047041096,0.26897594218687204,4171.5,810352000,4357.6,4038.6245161290326,1.0050594948361709,0.18666252353934887,2109.7,1958790016,2164.4,2009.7372043010753,1.0065627663421024,0.09957891516989781,3557.54,3585.15,3362.4060215053764,1.0062701752411147
91.36,9642616,139.89,84.46460215053763,1.0093845217584387,0.5077868072146852,4279.1,766940992,4357.6,4063.8219354838707,1.0062391091952736,0.21231939854859028,2153.9,1546610048,2164.4,2024.5068817204303,1.0073490590649097,0.09388857292940855,3638.35,3585.15,3387.0209677419343,1.0073206347119072
85.11,8318128,139.89,84.76470967741938,1.0035530567745632,0.32901249946674604,4271.9,1346444032,4357.6,4086.2744086021507,1.0055249647929287,0.12354302338111345,2213.9,2578439936,2164.4,2041.8739784946235,1.008578433064863,0.06676582947664422,3699.12,3638.35,3413.8196989247317,1.0079121834314075
84.86,4393742,139.89,84.98393548387098,1.0025862862892576,0.37556504862541273,4262.8,1006764992,4357.6,4106.362795698925,1.0049160641425563,0.0816314068999946,2182.2,2076589952,2213.9,2056.016344086021,1.0069261696560843,0.05076699149159003,3663.46,3699.12,3436.663333333334,1.0066915175443498
82.28,5182599,139.89,84.97217204301076,0.999861580417602,0.2552165810828284,4425.9,1165693056,4357.6,4135.136774193548,1.0070071690998081,0.16565431877620052,2252.1,2566830080,2213.9,2073.503870967742,1.0085055388455557,0.07395626169897684,3709.41,3699.12,3460.7515698924735,1.0070091929941172
77.35,3830355,139.89,84.58546236559141,0.9954489844366505,0.039929530665409274,4472.9,739318976,4425.9,4164.8894623655915,1.007195091673321,0.23100250470977723,2270.6,1429090048,2252.1,2090.9858064516134,1.0084311081974071,0.104881255136964,3703.06,3709.41,3482.808709677419,1.0063735114582728
79.98,3104671,139.89,84.33337634408603,0.9970197476675623,-0.17199040921157227,4431.9,552267008,4472.9,4189.916129032258,1.006008962997172,0.25128805034926127,2291.3,1424579968,2270.6,2108.615913978495,1.0084314812049344,0.11037736361927308,3756.07,3709.41,3506.869182795699,1.0069083533216812
82.53,3569941,139.89,84.23531182795699,0.9988371802436922,-0.10568324087522751,4404.3,860542016,4472.9,4211.288387096774,1.0051008796850196,0.23357947146889257,2301.2,2472829952,2291.3,2125.7877419354836,1.0081436490368647,0.06108718203334207,3824.68,3756.07,3534.1472043010754,1.0077784542517865
90.08,6069657,139.89,84.60905376344085,1.004436879586167,-0.249959798426452,4283.2,788521024,4472.9,4222.990537634409,1.002778757819932,0.12153229861808534,2240.9,2412689920,2301.2,2137.8733333333334,1.0056852296019199,0.03286570573152936,3768.25,3824.68,3556.099913978494,1.0062116002555588
91.0,5171493,139.89,85.05752688172042,1.0053005334338505,-0.19962352918748072,4469.3,589267968,4472.9,4245.438064516129,1.005315552256552,0.11137354468308969,2339.1,1942419968,2301.2,2155.3326881720427,1.0081666928374502,0.03326767298407529,3841.47,3824.68,3581.3345376344087,1.0070961514767123
92.04,8106421,139.89,85.57724731182795,1.0061102226829406,-0.12016697158939182,4464.9,946420992,4472.9,4265.9580645161295,1.0048334234743663,0.11871519585127666,2269.1,2957319936,2339.1,2167.085806451613,1.0054530413536937,0.03902489668033793,3714.24,3841.47,3596.570623655914,1.0042543040482248
114.78,9145968,139.89,87.55683870967742,1.0231322163312428,0.18020037509856102,4746.6,860745024,4472.9,4303.372043010752,1.0087703577786733,0.10110716515257301,2379.9,2065459968,2339.1,2185.088817204301,1.0083074748120686,0.03138304366924727,3886.83,3841.47,3621.6851397849455,1.006982906428653
135.26,11063117,139.89,90.79088172043012,1.0369364981469489,0.5141241176119531,4827.5,658691008,4746.6,4344.3894623655915,1.0095314602002532,0.1699030522759195,2434.5,1929389952,2379.9,2205.5851612903225,1.0093800965547228,0.07536254453241176,3934.83,3886.83,3648.3872043010747,1.007372828803587
127.36,9205363,139.89,93.39552688172044,1.028688400331993,0.4959381415957531,4754.3,545004032,4827.5,4378.484516129032,1.007848065662344,0.15842591441031728,2387.8,1625479936,2434.5,2221.8741935483868,1.0073853562963466,0.07565039699467624,3906.71,3934.83,3671.7479784946236,1.0064030413674319
117.9,7650569,139.89,95.28068817204301,1.0201847064122247,0.3279432829642619,4510.1,1027969984,4827.5,4394.7408602150535,1.003712778708281,0.13023322782655455,2293.4,2749929984,2434.5,2230.9167741935485,1.0040697986733085,0.015614039040802385,3811.15,3934.83,3687.4573978494623,1.0042784579570407
116.6,5724933,139.89,97.00008602150538,1.01804560695823,0.43040248893254396,4398.2,1039904000,4827.5,4402.416129032258,1.00174646675682,0.09845776300500053,2262.3,2716219904,2434.5,2237.198064516129,1.0028155646123782,-0.014920283179556515,3841.94,3934.83,3703.9919139784947,1.0044839883814456
117.7,7106521,139.89,98.69767741935482,1.017500926725705,0.2871041939674315,4483.5,941651008,4827.5,4414.651612903226,1.0027792656378574,0.0586010190387003,2304.3,2544179968,2434.5,2245.6236559139784,1.003766135654901,-0.017855288581594353,3943.34,3934.83,3726.013182795699,1.0059452799381388
115.4,3578610,139.89,100.16705376344088,1.0148876486509693,0.15521019103971367,4380.4,845440000,4827.5,4418.989032258065,1.0009825054693242,0.010887493253888936,2273.1,2710459904,2434.5,2251.3851612903227,1.0025656593709151,-0.054394196313690024,3913.1,3943.34,3744.856623655914,1.0050572662885955
96.13,10107407,139.89,100.33184946236558,1.0016452086063536,-0.1500831623538461,4460.0,1109581952,4827.5,4427.688172043011,1.0019685814382981,-0.07972834170643206,2330.6,2324590080,2434.5,2260.4221505376345,1.004013968557087,-0.05620190436827932,3974.54,3943.34,3766.5543870967736,1.0057940171337394
98.89,9084854,139.89,100.66346236559137,1.0033051608736683,-0.013282420927606342,4592.4,862033984,4827.5,4444.709032258064,1.0038441867524739,0.0017671966136063588,2380.0,1728429952,2434.5,2272.2888172043013,1.0052497568491108,-0.025748998570663595,4019.87,3974.54,3790.1733763440857,1.0062707150408408
100.01,5909029,139.89,101.02849462365593,1.003626263685813,0.09274208432598341,4819.9,969028992,4827.5,4475.35182795699,1.0068942186038572,0.07870156082506141,2491.0,1936809984,2434.5,2290.659784946237,1.0080847855267527,0.01973559271274028,4128.8,4019.87,3819.5450322580646,1.007749422782952
97.47,4875929,139.89,101.17567741935484,1.0014568443907552,-0.04718420219300379,4917.5,1282023936,4827.5,4510.401720430107,1.0078317624670678,0.08334108687293829,2517.3,2057059968,2491.0,2309.6372043010747,1.008284695736815,0.021292944868531727,4185.47,4128.8,3850.8785591397855,1.0082034709938206
99.1,4863831,139.89,101.39270967741935,1.0021451030880173,0.063514377478191,4906.9,1019318976,4917.5,4542.590967741935,1.0071366697041695,-0.01180790884886096,2505.7,2049590016,2517.3,2326.6748387096777,1.0073767578634754,-0.017708555658551894,4180.17,4185.47,3880.007784946237,1.0075643065235893
95.06,2962097,139.89,101.30176344086021,0.9991030298248417,-0.03914646617144557,4767.3,1011310976,4917.5,4563.911612903225,1.0046934987791536,-0.004540759310230014,2452.6,2264250112,2517.3,2339.2103225806454,1.0053877248605652,-0.035374425460594994,4181.17,4185.47,3907.305376344086,1.0070354475843475
87.75,5838585,139.89,100.71010752688173,0.9941594707349405,-0.12339241993185057,4670.8,1094899968,4917.5,4577.457849462365,1.0029681198296745,-0.05775613392036116,2440.4,2120150016,2517.3,2350.031397849463,1.0046259522559218,-0.06292362596404666,4232.6,4185.47,3936.1302150537635,1.0073771655740529
87.57,5902108,139.89,100.09591397849461,0.9939013713372992,-0.09219172472142478,4618.6,1499974016,4917.5,4586.736559139785,1.0020270442639925,-0.10201438256531459,2386.0,2354180096,2517.3,2356.6410752688175,1.0028125911106565,-0.07814560301268902,4173.85,4232.6,3959.540064516129,1.0059474275959759
86.06,4712961,139.89,99.36806451612904,0.9927284797806837,-0.2068030746690872,4634.3,947548032,4917.5,4596.380430107527,1.002102556107899,-0.10665309232682119,2389.2,2013330048,2517.3,2362.9077419354835,1.0026591519312933,-0.0525231530948147,4155.86,4232.6,3980.3053118279568,1.0052443584288786
76.95,7734205,139.89,98.05047311827956,0.9867402932293643,-0.31933866620339924,4743.9,1059716992,4917.5,4612.261935483871,1.0034552199535782,-0.07757682229866658,2426.9,1951810048,2517.3,2370.9492473118275,1.0034032244397986,-0.0402819119112372,4204.11,4232.6,4002.6985806451607,1.0056260178712069
70.88,8961675,139.89,96.37230107526884,0.9828846104496985,-0.4347599157352574,4759.9,827214976,4917.5,4627.48129032258,1.0032997594350879,-0.16726714114326713,2455.6,1412610048,2517.3,2379.813978494624,1.0037388953782318,-0.05657793124575683,4229.89,4232.6,4024.7461505376345,1.005508176408557
72.9,5319802,139.89,94.88886021505377,0.9846071864668203,-0.43423037555985855,4920.9,911868992,4917.5,4652.217204301075,1.0053454379232662,-0.04836462956290011,2489.5,1649369984,2517.3,2390.1821505376342,1.004356715330149,-0.015512975907786997,4247.44,4232.6,4046.376623655914,1.0053743695401485
67.73,4935456,139.89,93.11750537634408,0.9813323204146922,-0.4444596035923979,4972.0,1124103936,4920.9,4678.688817204301,1.0056901068330928,-0.01645234497655812,2491.9,2223960064,2517.3,2399.930322580645,1.0040784222410908,0.010002789962085146,4166.45,4247.44,4061.3576559139788,1.0037023326426122
70.65,5946922,139.89,91.5721505376344,0.9834042500122402,-0.42979115182607963,5082.5,1112032000,4972.0,4710.567956989247,1.00681369097849,-0.04088065331127866,2550.5,1800039936,2517.3,2412.6372043010747,1.0052946877669207,0.007581301341469393,4280.7,4247.44,4082.4001720430106,1.0051811531787629
64.21,5710471,139.89,89.65584946236561,0.9790733201741153,-0.5285737425290948,5248.2,746259968,5082.5,4751.409677419355,1.0086702327199226,0.016581588367788003,2633.3,1771680000,2550.5,2429.8331182795696,1.0071274346378474,0.012851505502002203,4352.34,4280.7,4106.683225806452,1.005948229654147
59.94,5176907,139.89,87.50901075268816,0.9760546721429635,-0.5310090041615394,5285.4,695649024,5248.2,4792.551827956989,1.008658935627706,-0.040949449413547834,2656.4,1567229952,2633.3,2447.617419354839,1.0073191450645227,0.02456507989955825,4369.55,4352.34,4130.67182795699,1.0058413568399414
60.93,6301047,139.89,85.47963440860215,0.9768095156529505,-0.4041191530510876,5253.0,764076992,5285.4,4829.404516129032,1.0076895753024655,-0.09965111370028246,2640.2,1878550016,2656.4,2463.3367741935485,1.0064223087784907,0.0057921312651714185,4327.16,4369.55,4150.40711827957,1.0047777434626999
55.0,6319905,139.89,83.11359139784946,0.972320389211742,-0.48389683071400247,5462.9,961457024,5285.4,4878.020430107527,1.0100666477235711,-0.07046772708154059,2713.4,2061810048,2656.4,2482.9440860215054,1.00795965538832,0.0036214694889098453,4411.8,4369.55,4174.274559139784,1.0057506264277294
53.45,6492307,139.89,80.69561290322581,0.9709075440736373,-0.5570990813491224,5395.0,734212992,5462.9,4920.126666666666,1.0086318286613265,-0.055352588979014516,2693.6,2224369920,2713.4,2500.3217204301077,1.0069988021504128,0.005401973531223847,4395.26,4411.8,4195.550731182796,1.0050969747537153
49.08,4692640,139.89,78.05275268817206,0.9672490223449546,-0.6390314830083962,5494.2,660990016,5462.9,4966.561720430108,1.0094377760796351,-0.06764896456966585,2718.6,2352310016,2713.4,2518.447096774193,1.0072492176490662,0.02141207275860446,4436.52,4411.8,4218.11423655914,1.0053779603256003
45.2,4862825,139.89,75.23150537634409,0.9638546083941573,-0.8026098210192866,5525.0,904336000,5494.2,5012.64,1.0092777019925772,-0.0013232626093779842,2720.6,1946099968,2718.6,2535.803870967742,1.0068918557851705,0.028369499029929468,4468.0,4436.52,4241.392924731183,1.0055187429421142
46.82,12520979,139.89,72.61129032258064,0.9651713063475751,-0.7635947364125608,5638.3,874372992,5525.0,5063.357419354839,1.0101179058050924,-0.019037795399060142,2732.6,2171470080,2720.6,2552.9032258064517,1.0067431693099294,0.011984824052936993,4441.67,4468.0,4261.46806451613,1.0047331478458152
61.97,22479476,139.89,71.06350537634408,0.9786839630674455,-0.4921725206038873,5697.2,864784000,5638.3,5115.360860215054,1.0102705451251437,-0.002149340236459185,2771.7,1973010048,2732.6,2571.6789247311826,1.007354645775419,0.00742141370481586,4509.37,4468.0,4284.620193548388,1.0054328998086455
64.6,5601104,139.89,69.75006451612904,0.9815173645986192,-0.6107224544982195,5732.7,903158976,5697.2,5167.004516129032,1.0100957991674915,-0.0807112059174191,2796.1,1830089984,2771.7,2590.947956989247,1.0074927830503095,0.008010094007757207,4535.43,4509.37,4307.743655913979,1.005396852304531
63.11,4876554,139.89,68.44840860215054,0.9813382837276443,-0.6909764853680369,5622.4,648371968,5732.7,5209.411397849463,1.008207246885126,-0.05988709263981096,2746.4,1463980032,2796.1,2606.1154838709676,1.0058540453662164,-0.004989475252288322,4458.58,4535.43,4324.514215053764,1.0038931191081348
54.74,7711241,139.89,66.76191397849462,0.9753610835065795,-0.7610683351461602,5657.8,1285927936,5732.7,5252.392688172044,1.0082506999428618,-0.04102930585435405,2727.7,2240069888,2796.1,2619.405806451613,1.0050996675561379,0.007636789074330075,4432.99,4535.43,4338.507462365591,1.0032357963498226
53.72,7565534,139.89,65.16578494623656,0.9760922217902229,-0.767638255761377,5697.3,1041203008,5732.7,5295.97935483871,1.0082984402070354,0.025825058990564642,2753.6,1845880064,2796.1,2633.636129032258,1.0054326529114335,0.031598315820551726,4455.48,4535.43,4352.819892473119,1.0032989294663386
53.57,4012526,139.89,63.69800000000001,0.977476141084658,-0.7635815266032258,5469.6,991280000,5732.7,5322.322580645161,1.0049741934477865,0.01715820706436877,2661.5,2120470016,2796.1,2640.9348387096775,1.002771343237952,0.042382094300789985,4357.05,4535.43,4359.396344086021,1.0015108485476907
55.78,3193100,139.89,62.50834408602151,0.9813234965936372,-0.7314319342586159,5515.3,934145024,5732.7,5349.310107526881,1.005070629687096,0.07880523865318367,2668.5,1831629952,2796.1,2647.826666666667,1.0026096168129452,0.04443798970680346,4391.36,4535.43,4367.078580645161,1.0017622248478422
58.06,2621700,139.89,61.59894623655914,0.9854515767013298,-0.7205330579949824,5744.1,752248000,5732.7,5388.840000000001,1.0073897178661408,0.1072556969405547,2737.9,1791309952,2796.1,2658.4126881720426,1.0039980039625112,0.06181152627633102,4471.37,4535.43,4378.959268817204,1.0027205116538773
55.2,3526920,139.89,60.62834408602151,0.9842432020377392,-0.6077779363479199,5856.9,839547008,5744.1,5432.714623655914,1.0081417566036313,0.12082624040734369,2782.0,1857330048,2796.1,2670.844301075269,1.0046763292089815,0.05018063072805723,4544.9,4535.43,4394.383247311828,1.0035222932089045
50.39,4286080,139.89,59.43544086021505,0.9803243310733686,-0.6485016645723173,6101.6,978764992,5856.9,5489.372258064516,1.010428973051869,0.13759762650816287,2836.9,2368130048,2796.1,2685.8470967741932,1.005617248333377,0.04632082598180931,4605.38,4544.9,4412.482580645161,1.0041187425662985
48.45,6057143,139.89,58.22167741935483,0.9795784565018228,-0.6944487925883416,6162.8,874942016,6101.6,5546.732688172044,1.010449360584584,0.08394547679098818,2931.7,2399820032,2836.9,2705.983440860215,1.007497204181953,0.03916985569674547,4697.53,4605.38,4435.267913978494,1.0051638353051586
53.3,3386825,139.89,57.43169892473119,0.9864315401129093,-0.648372072227443,6190.8,1080209024,6162.8,5603.011612903227,1.010146319986033,0.09524121810004194,2936.4,2316699904,2931.7,2725.4752688172043,1.0072032325337485,0.047652981941293415,4682.85,4697.53,4455.883075268817,1.004648008122655
56.52,4276547,139.89,56.94445161290322,0.9915160560988011,-0.6257138632793133,6238.1,911392000,6190.8,5659.603870967742,1.0101003285329961,0.13146944332982136,3005.8,2480750080,2936.4,2748.543225806452,1.0084638291358479,0.07571677828137235,4697.96,4697.53,4476.403440860216,1.0046052298152282
54.45,2091738,139.89,56.41522580645162,0.9907062796907912,-0.5914075739255876,5955.1,857326016,6238.1,5695.075268817204,1.0062674700664866,0.13195357972156252,2908.6,2044780032,3005.8,2764.2647311827955,1.0057199411050668,0.08704133541636394,4594.62,4697.96,4489.143182795699,1.0028459771563922
41.04,10121930,139.89,55.10817204301076,0.9768315424647048,-0.6821918877416837,5720.9,1388157056,6238.1,5712.882580645161,1.003126791304315,0.09697945929633,2895.7,3252819968,3005.8,2778.173333333333,1.0050315738552966,0.11431195193096255,4538.43,4697.96,4497.368623655913,1.0018322963927142
50.91,5950088,139.89,54.5383440860215,0.9896598283727408,-0.6084139033408813,6029.1,1093100032,6238.1,5748.315483870968,1.006202281024618,0.13506590408681918,3068.9,2615810048,3005.8,2802.276989247312,1.0086760806551471,0.1572727221790169,4712.02,4697.96,4516.135720430108,1.0041729060578848
49.21,5671033,139.89,53.93767741935484,0.9889863420546974,-0.6429755006324949,5715.1,1311256064,6238.1,5760.456989247313,1.002112184936685,0.05477844674031762,2944.9,3316379904,3068.9,2816.9120430107528,1.005222557876897,0.12075105295958477,4620.64,4712.02,4527.849978494624,1.002593867587177
49.56,3013850,139.89,53.43883870967742,0.9907515723044756,-0.5930167610373751,5874.6,747123008,6238.1,5780.564516129032,1.0034906131439316,0.07826226223221289,3041.1,1755000064,3068.9,2836.558494623656,1.006974463992104,0.12899434486249373,4725.78,4712.02,4545.347935483872,1.0038645178334873
45.43,4463021,139.89,52.73245161290323,0.9867813913282838,-0.5970792004075068,5870.4,640998976,6238.1,5797.969462365591,1.0030109423029525,0.0658936297435373,3055.4,1630649984,3068.9,2855.8066666666664,1.0067857483212468,0.11747221953872922,4766.18,4725.78,4564.33047311828,1.0041762562302916
49.38,2527213,139.89,52.33563440860215,0.9924748955877487,-0.5145335583385142,5405.8,1232411008,6238.1,5783.012043010753,0.9974202314358627,0.010072328976971301,2912.0,2609730048,3068.9,2864.513333333334,1.0030487591363564,0.06857422556085258,4677.02,4766.18,4576.407440860215,1.002645945076296
51.51,3176080,139.89,52.12681720430107,0.9960100377752036,-0.4217684205524055,5329.8,1204809984,6238.1,5762.108602150539,0.9963853713765861,-0.02390112429110469,2910.2,2528079872,3068.9,2872.1952688172046,1.0026817593740893,0.048721683573694996,4662.85,4766.18,4586.646387096775,1.0022373327482037
47.91,2296803,139.89,51.72062365591399,0.9922075896789347,-0.48275573365608015,5053.5,1131072000,6238.1,5722.609892473119,0.9931450945470416,-0.056651475670211004,2708.3,2292640000,3068.9,2865.9518279569893,0.9978262477736111,0.03448451358022875,4397.93,4766.18,4578.7261935483875,0.9982732059810261
45.46,2951979,139.89,51.20526881720429,0.9900357961238395,-0.4433013647154185,5189.7,1800502016,6238.1,5691.960645161291,0.9946441837050364,-0.05983822755287238,2769.6,3906190080,3068.9,2863.3238709677416,0.9990830421629519,0.03349181504681131,4431.85,4766.18,4572.742279569893,0.9986931050852252
48.16,2042635,139.89,50.904430107526885,0.9941248485433919,-0.4123925383425927,5232.8,1751774976,6238.1,5664.217849462365,0.9951259684617619,-0.02938767976562373,2798.9,3243249920,3068.9,2862.2931182795696,0.9996400153337095,0.02366611416765374,4500.54,4766.18,4571.018989247312,0.9996231385419903
48.13,1934860,139.89,50.626989247311826,0.9945497698406797,-0.4472088955494359,5098.5,1543190016,6238.1,5627.92365591398,0.9935923732961948,-0.014255006452716046,2717.5,2838710016,3068.9,2855.7043010752695,0.9976980634295552,0.008137198130121703,4418.64,4766.18,4563.730129032258,0.9984054189597114
52.05,2141628,139.89,50.629978494623664,1.0000590445403978,-0.2743351921010897,4887.5,1515554048,6238.1,5578.348817204302,0.9911912737733065,-0.07148368783304737,2670.9,2940369920,3068.9,2845.9427956989243,0.9965817520488134,-0.0013989866017731778,4348.87,4766.18,4551.743247311828,0.9973734464173997
48.63,2660173,139.89,50.41866666666667,0.9958263496402742,-0.2801943249518696,5056.2,1388835968,6238.1,5540.895268817204,0.993285907781244,-0.05231757493677325,2705.5,2701250048,3068.9,2838.504946236559,0.997386507742318,0.0068386690867501265,4384.62,4766.18,4542.198150537634,0.9979029799671081
41.33,3400382,139.89,49.746752688172045,0.9866733092539545,-0.3619398686421226,4901.5,1443747968,6238.1,5494.189677419356,0.9915707500084515,-0.1074665235054808,2624.0,2960100096,3068.9,2825.7834408602153,0.9955182373759078,-0.010532808523308734,4328.87,4766.18,4529.079161290323,0.997111753205712
31.2,4472167,139.89,48.437956989247304,0.9736908314975116,-0.4272542361914038,4691.9,1502050048,6238.1,5435.236129032259,0.9892698374376496,-0.1323334820559917,2524.1,2983980032,3068.9,2806.8202150537636,0.993289214759968,-0.013209257219907511,4204.31,4766.18,4508.155548387097,0.9953801618037373
42.78,16742748,139.89,47.90636559139785,0.9890253133928117,-0.17877289576747124,5093.2,1663041024,6238.1,5403.964516129032,0.9942465033421106,-0.09916377544494914,2722.7,3298520064,3068.9,2801.0924731182795,0.9979593484809733,-0.008445433675453584,4463.09,4766.18,4504.4944946236565,0.9991879042938635
38.27,5292781,139.89,47.09249462365591,0.9830112145286997,-0.5492857786724133,5097.7,1250657024,6238.1,5374.155483870967,0.9944838586247015,-0.11472588197764166,2786.1,2699249920,3068.9,2799.4763440860215,0.9994230361732903,-0.002271307481712892,4543.04,4766.18,4505.945440860215,1.0003221107803084
37.93,5180986,139.89,46.30765591397851,0.9833341020485427,-0.5234857208101091,5204.7,1141704960,6238.1,5352.538924731182,0.9959776825950308,-0.10583693381106063,2789.4,2801019904,3068.9,2798.042150537635,0.9994876922066456,-0.0046958663957185065,4545.86,4766.18,4507.505913978494,1.0003463142505298
37.72,3785683,139.89,45.566623655913986,0.9839976296912746,-0.5413350246669367,4982.2,1115398016,6238.1,5317.703010752687,0.9934917028220874,-0.17659671816533373,2677.0,2637179904,3068.9,2789.370752688172,0.996900905210525,-0.031930757327107706,4488.28,4766.18,4505.329118279569,0.99951707313524
39.58,3527785,139.89,45.0001935483871,0.9875691885401878,-0.41231916172039407,4771.8,785747008,6238.1,5270.669677419353,0.9911553290512408,-0.2021085946576423,2574.9,1943859968,3068.9,2774.261505376344,0.9945832775018283,-0.04690440279421526,4392.59,4766.18,4496.914903225807,0.9981323861514084
37.85,2954627,139.89,44.35475268817204,0.985656931463616,-0.3967078286384109,4579.4,1142942976,6238.1,5213.1288172043005,0.989082817983914,-0.27088520156436435,2509.6,2356460032,3068.9,2755.2679569892475,0.9931536560809829,-0.047381146917839345,4271.78,4766.18,4480.793376344086,0.9964149806637086
39.57,2779637,139.89,43.85440860215054,0.9887194932741689,-0.30927737572358815,4577.9,1338204032,6238.1,5157.895268817205,0.9894049139540126,-0.20000477987254817,2478.0,3027109888,3068.9,2734.7604301075266,0.9925569755095145,-0.01727809666895952,4131.93,4766.18,4456.044322580645,0.9944766357908621
37.21,3224737,139.89,43.23191397849462,0.9858054265580634,-0.45703565104235255,4443.3,1368017024,6238.1,5095.895483870969,0.9879796347705886,-0.19989127388336925,2461.5,3285600000,3068.9,2713.5830107526886,0.9922562067515343,-0.01653818554514963,4123.34,4766.18,4431.225204301075,0.9944302353201917
39.13,4502562,139.89,42.77322580645161,0.9893900563303495,-0.3635820761818954,4286.7,2083979008,6238.1,5026.097849462366,0.9863031660226315,-0.1875164633565083,2375.3,3504839936,3068.9,2687.2894623655916,0.9903103946763715,-0.032360559170075076,4023.89,4766.18,4400.566344086023,0.9930811775972718
40.74,3028069,139.89,42.45911827956989,0.9926564452187204,-0.31833548134389655,4161.1,1349480960,6238.1,4951.331182795699,0.985124311363205,-0.1783083854533336,2285.8,3260610048,3068.9,2656.001505376344,0.9883570573890819,-0.03676481672388765,3901.36,4766.18,4362.964645161291,0.9914552591678875
40.11,2564867,139.89,42.135462365591394,0.9923772342174559,-0.16470596207271915,4462.3,1851694976,6238.1,4899.643655913979,0.9895608827255755,-0.20632409658452022,2470.3,2907089920,3068.9,2637.6838709677418,0.9931033042068977,-0.03213476930395032,4158.24,4766.18,4343.319806451613,0.9954973646803522
34.7,4617099,139.89,41.4848817204301,0.9845597838818884,-0.25834981831161885,4454.4,1395811968,6238.1,4850.971827956989,0.9900662514715244,-0.18659225851281824,2442.4,2374089984,3068.9,2618.3546236559137,0.9926718862997269,-0.041516836998229834,4108.54,4766.18,4321.430107526882,0.9949601457179793
32.67,5188482,139.89,40.73290322580645,0.9818734328401538,-0.3677443835367701,4180.6,1223938944,6238.1,4788.309462365592,0.9870825129863127,-0.1784633589104957,2286.4,2273639936,3068.9,2590.01311827957,0.9891758338919074,-0.05436930020876851,3900.86,4766.18,4287.408344086021,0.9921271980352978
29.64,4539967,139.89,39.8298064516129,0.9778288139888495,-0.48718910040150665,4028.2,1600963968,6238.1,4720.137849462366,0.9857629057939905,-0.16234569296885815,2174.4,3285469952,3068.9,2555.843655913979,0.9868072242088534,-0.05881894407574362,3674.84,4766.18,4240.486344086022,0.9890558593363931
32.62,2763575,139.89,39.17677419354839,0.9836044330554845,-0.4684909425772189,4410.5,1334754944,6238.1,4681.383225806452,0.9917895144396413,-0.13740756623634554,2332.8,2160740096,3068.9,2533.6815053763444,0.9913288316809389,-0.04933865482074096,3911.74,4766.18,4211.0484731182805,0.993057902188791
