76.78,16184896,80.09,70.67705376344087,1.0086783927479133,0.12177585971888494,528.04,512532000,558.57,530.7783440860215,1.0000506889359788,0.023043780192053887,1005.72,0,1059.33,969.9837634408603,1.0035943765199353,-0.04163742275670934,2762.13,2872.87,2648.7425161290316,1.0045994448259068
72.35,18447780,80.09,70.96881720430108,1.0041281211556548,0.029181568120207446,498.13,701577024,558.57,528.8602150537635,0.9963861957564206,0.016461206428978636,949.09,0,1059.33,969.612430107527,0.9996171757225955,-0.04003933635689849,2619.55,2872.87,2650.9461505376344,1.0008319549352889
79.73,19173038,80.09,71.71735483870968,1.0105474159482433,0.1313841031583367,520.39,445948992,558.57,528.4316774193549,0.9991896958360442,0.04024142517521567,987.19,0,1059.33,971.6491182795698,1.0021005178036104,-0.05038050056689558,2732.22,2872.87,2660.074129032258,1.0034432908012003
82.79,12164906,80.09,72.62767741935482,1.0126931979392217,0.18281689408940793,516.21,304673984,558.57,527.7499784946236,0.9987099582521994,0.04693787979127695,986.16,0,1059.33,973.5093548387098,1.0019145147400883,-0.044372948239891574,2747.3,2872.87,2669.616559139785,1.0035872797691539
81.28,11458475,82.79,73.39632258064516,1.0105833642022193,0.18491298836107628,504.0,556179968,558.57,526.2950107526882,0.9972430738015648,0.05167515739398043,966.5,0,1059.33,973.9681290322582,1.0004712581253257,-0.03442576603356384,2691.25,2872.87,2674.9510322580645,1.0019982169724024
84.52,12616530,82.79,74.33279569892473,1.0127591285959947,0.30273498673422194,520.49,374500000,558.57,525.9396989247313,0.999324880873469,0.040618782687492305,999.36,0,1059.33,976.4438924731182,1.0025419347585018,-0.04080265597631838,2786.57,2872.87,2685.9740645161287,1.0041208351574045
84.6,10838864,84.52,75.2211182795699,1.0119506144265473,0.30516277426812666,521.84,430102016,558.57,525.6610752688173,0.9994702364995767,0.04581903279595123,989.91,0,1059.33,978.1135053763442,1.0017098912862235,-0.03555916926720348,2752.01,2872.87,2694.024946236559,1.0029973788007818
80.6,14208916,84.6,75.80008602150538,1.007696877621304,0.2683322676654305,490.56,379972992,558.57,523.3365161290322,0.9955778366534058,0.03256532373834764,922.73,0,1059.33,975.2570967741937,0.9970796757365583,-0.04589450022118968,2588.26,2872.87,2690.809247311828,0.9988063588909141
83.51,12537275,84.6,76.52535483870967,1.0095681793421518,0.27897018687343245,504.07,322276000,558.57,521.934494623656,0.997320994308315,0.021516864463660745,940.73,0,1059.33,973.5354623655915,0.9982346866131026,-0.06289432957278751,2640.87,2872.87,2690.6754623655916,0.999950280776547
80.97,13150232,84.6,77.04236559139784,1.0067560712887624,0.14587220824543,496.91,391584992,558.57,520.1058924731182,0.9964964910934727,0.01073596867160509,924.95,0,1059.33,970.7887956989247,0.9971786680887899,-0.08635289761967557,2604.47,2872.87,2687.839913978495,0.9989461574140928
83.57,9616963,84.6,77.69212903225805,1.0084338459219477,0.16388228004808547,509.5,379721984,558.57,519.1525806451613,0.9981670812775763,0.03133428091364798,946.91,0,1059.33,969.5167096774193,0.9986896366880815,-0.07190990333740876,2656.3,2872.87,2688.040623655914,1.0000746732260262
85.45,9706573,84.6,78.42367741935483,1.0094159909917393,0.22160403545839746,501.01,432288000,558.57,517.7050107526882,0.9972116677322991,0.0075768994206615314,949.72,0,1059.33,968.4454193548386,0.9988950264478297,-0.06206052160239106,2670.14,2872.87,2688.798602150537,1.0002819817855255
84.84,8884261,85.45,79.07008602150538,1.0082425183748271,0.25830407171444625,507.18,424519008,558.57,516.7161505376345,0.9980899156961683,0.0029545668665734715,966.38,0,1059.33,968.4387096774195,0.9999930717030769,-0.03854854510878836,2669.91,2872.87,2689.180623655914,1.0001420788842539
81.56,21792494,85.45,79.45954838709677,1.00492553360174,0.19626631318934717,486.17,486456000,558.57,514.4132473118281,0.9955431948016135,-0.057983382408451356,936.97,0,1059.33,966.4914193548386,0.9979892477416258,-0.06833567789440875,2663.42,2872.87,2688.8201720430106,0.9998659622898765
84.45,11753461,85.45,79.99716129032258,1.0067658691011778,0.22893575730293825,499.81,467088992,558.57,513.0976774193548,0.9974425816221724,-0.02756630311656727,960.18,0,1059.33,966.0902150537636,0.9995848858116683,-0.060895318670574294,2727.72,2872.87,2692.3627526881723,1.0013175223400939
84.4,11910833,85.45,80.49066666666667,1.0061690361055822,0.22847113022992138,497.32,346329984,558.57,511.706623655914,0.9972889104264958,-0.01867033127911799,961.78,0,1059.33,965.7769247311827,0.9996757131811304,-0.06237760132660375,2712.97,2872.87,2694.5783440860214,1.0008229171182959
83.67,8248458,85.45,80.89737634408601,1.005052879970589,0.2594428147346892,493.27,290049984,558.57,510.1569677419354,0.9969715930137723,-0.027782022604174728,958.6,0,1059.33,965.2770107526882,0.9994823711711339,-0.04538475780594675,2721.33,2872.87,2697.037032258064,1.0009124574824253
85.42,7831742,85.45,81.37479569892473,1.0059015431206084,0.23773117424231827,498.43,340680000,558.57,509.01086021505375,0.9977534217910332,-0.011837949233875822,962.68,0,1059.33,965.0220215053764,0.999735838267698,-0.036660838955825614,2734.62,2872.87,2700.0515053763443,1.00111769808209
86.78,9659909,85.45,81.90397849462367,1.0065030307130582,0.19568661096897833,510.49,413192992,558.57,508.6943225806452,0.9993781318648588,0.03814436383824704,982.32,0,1059.33,965.9934193548385,1.0010066069248313,-0.029637459452613868,2779.03,2872.87,2705.615483870967,1.0020606934658631
89.2,13550291,86.78,82.55133333333333,1.0079038265369753,0.1712464924620103,509.51,473932000,558.57,508.3315483870968,0.999286852285459,0.041971400230074396,989.86,0,1059.33,967.3573118279571,1.0014119065883798,-0.02354684390798889,2779.66,2872.87,2710.797032258065,1.0019151089347273
85.82,21683052,89.2,82.94103225806452,1.0047206860143327,0.07460482604223562,508.59,481764992,558.57,507.9257419354839,0.9992016894231718,0.01985505599979598,983.37,0,1059.33,968.1928172043009,1.000863698827856,-0.017727428658048883,2754.88,2872.87,2713.948021505376,1.0011623847930387
85.19,14534421,89.2,83.25883870967742,1.0038317156534062,0.06802095378019901,502.48,391572992,558.57,507.144,0.998460912942697,-0.02347042883172812,965.78,0,1059.33,967.8104731182796,0.9996050951016913,-0.024745024407739846,2718.37,2872.87,2714.415655913979,1.0001723077984168
86.86,7590755,89.2,83.65666666666668,1.0047782068925617,0.11221141057224626,517.19,241078000,558.57,507.3619139784946,1.0004296885667476,-0.018936880743100515,995.69,0,1059.33,969.3493763440861,1.0015900873864778,-0.0013797624351803428,2759.82,2872.87,2717.393720430108,1.0010971291407196
86.14,13269392,89.2,83.97582795698924,1.003815132768728,0.08717538359213273,521.28,335136992,558.57,507.8589247311828,1.0009795980718987,-0.010964515010729925,1011.6,0,1059.33,971.8334193548386,1.002562587928948,-0.0036494118517140794,2801.31,2872.87,2722.815612903226,1.00199525465609
85.29,9826703,89.2,84.2096559139785,1.0027844674197082,0.03706353376442073,518.01,295020000,558.57,508.17027956989244,1.0006130734807397,-0.008523092062969861,1003.27,0,1059.33,973.6898494623656,1.001910234892683,0.0007628781556576758,2801.83,2872.87,2728.0011612903227,1.0019044801868047
85.2,14212054,89.2,84.4090752688172,1.0023681293157451,0.07998434391930531,535.12,375400992,558.57,509.59937634408607,1.0028122399747643,0.03915408920558683,1017.08,0,1059.33,976.344494623656,1.002726376538439,0.009222884077286997,2818.82,2872.87,2734.0280215053763,1.002209258669158
91.63,17963780,89.2,84.99503225806454,1.0069418719181704,0.12956170943895895,551.97,447744000,558.57,512.0914623655915,1.0048902846769239,2.4653387233897206e-05,1038.48,0,1059.33,980.24911827957,1.0039992274012044,0.016393976717083536,2840.35,2872.87,2741.1316344086026,1.0025982224203083
91.7,10646769,91.63,85.54621505376343,1.0064848824814299,0.12110252878969585,552.25,435447008,558.57,514.5617634408602,1.0048239450504743,-0.03496599477638607,1036.36,0,1059.33,983.9069247311826,1.0037315070051094,0.01488566187117124,2833.28,2872.87,2747.570086021505,1.002348829779673
91.47,11016765,91.7,86.04748387096775,1.005859625897993,0.1040657265255358,568.06,373684000,558.57,518.0322150537634,1.0067444801760945,-0.03916711963082564,1052.91,0,1059.33,988.5638494623655,1.0047330947817603,0.014933896519669476,2850.13,2872.87,2754.9944731182795,1.0027021647726282
89.6,8782805,91.7,86.39617204301075,1.0040522762125836,-0.005431029614563654,569.93,323971008,568.06,521.5828602150538,1.0068541010734668,-0.017992503790678294,1060.95,0,1059.33,993.6754408602152,1.0051707245825645,0.0008957556712663184,2874.69,2872.87,2763.9177204301077,1.0032389347415744
90.6,8838838,91.7,86.78892473118279,1.0045459501142773,0.07571700887409949,567.29,290579008,569.93,524.938752688172,1.0064340543547283,0.0007361869537076959,1071.38,0,1060.95,999.4564516129032,1.0058178058095946,0.014821883249833245,2901.52,2874.69,2774.5680215053767,1.0038533350673013
89.43,7976800,91.7,87.07647311827958,1.0033131921842267,0.13619518512557893,574.08,263480000,569.93,528.6483010752688,1.007066630855696,0.04661063291366796,1068.04,0,1071.38,1004.8807741935484,1.0054272725658948,0.029081224013176588,2871.68,2901.52,2782.9933978494623,1.0030366443636565
89.01,9901091,91.7,87.30019354838711,1.0025692408304554,0.05992045636992316,577.41,304156000,574.08,532.4093548387096,1.0071144724305192,0.02099480929518549,1078.92,0,1071.38,1010.7512258064517,1.005841938430571,0.029689676195209458,2904.98,2901.52,2793.0249462365587,1.0036045893586554
89.83,12539616,91.7,87.55686021505377,1.0029400469372889,-0.00403129522466239,588.99,358864992,577.41,536.7948817204301,1.008237133404707,0.05663079415745376,1091.93,0,1078.92,1017.2637634408604,1.0064432646413193,0.040872862671032406,2929.67,2904.98,2804.277870967742,1.0040289381397562
91.56,8785038,91.7,87.90999999999998,1.0040332623175252,0.021564683022609277,582.73,276911008,588.99,540.6200215053764,1.0071258872154047,0.060871449371978414,1101.36,0,1091.93,1024.1572258064516,1.0067764749058536,0.05677360359791028,2913.98,2929.67,2814.126344086021,1.0035119462376532
91.95,11361203,91.7,88.26619354838708,1.004051797843102,-0.027441734486080893,589.34,392591008,588.99,544.7023010752688,1.0075511068911676,0.10464534697956851,1092.32,0,1101.36,1030.177440860215,1.0058782137176476,0.05749198429637725,2885.57,2929.67,2821.662924731183,1.0026781244776022
88.9,11289278,91.95,88.40963440860216,1.0016250939850084,-0.09540845715591728,568.37,456889984,589.34,547.2836129032258,1.0047389405604885,0.1039965362523152,1054.06,0,1101.36,1033.5293548387097,1.0032537248881084,0.05930970497673971,2767.13,2929.67,2821.3453118279567,0.9998874376877399
91.47,10414752,91.95,88.70963440860214,1.003393295334912,-0.014649800186173456,580.45,382563008,589.34,550.5442150537634,1.0059577924017142,0.1260184153017876,1058.82,0,1101.36,1037.0504086021504,1.0034068251152772,0.07812692565380575,2767.78,2929.67,2821.0371182795698,0.9998907636200735
88.85,12631676,91.95,88.8172258064516,1.0012128490728964,-0.07593344125449808,560.04,510100000,589.34,552.2947311827958,1.0031796104312192,0.09692525699437149,1011.7,0,1101.36,1037.2387956989246,1.0001816566438928,0.06869363621907243,2658.69,2929.67,2813.304795698925,0.9972590496840537
92.77,15670768,91.95,89.16623655913979,1.0039295390001117,-0.009900815290657228,568.69,487094016,589.34,554.4829462365591,1.0039620422397966,0.10991936350158116,1033.3,0,1101.36,1038.6681075268818,1.0013779968835375,0.07160821082002222,2723.06,2929.67,2809.6870537634413,0.9987140597275438
95.27,12124307,92.77,89.6511612903226,1.0054384344332081,0.01886023303080253,587.64,503579008,589.34,557.739376344086,1.0058729130077477,0.06790638782968683,1074.78,0,1101.36,1042.5405376344086,1.0037282651498245,0.08809046955584399,2781.01,2929.67,2809.5529892473123,0.9999522848938107
92.27,12195083,95.27,89.91737634408601,1.002969454605293,-0.014960177111410289,586.33,429633984,589.34,560.7432473118279,1.0053857968347721,0.06437265712807183,1063.52,0,1101.36,1045.4115268817204,1.0027538394370987,0.09505829881992511,2736.27,2929.67,2806.2642795698926,0.9988294544754962
89.24,7909419,95.27,89.97344086021504,1.000623511476964,-0.08001343006316719,575.42,297676000,589.34,562.8597634408602,1.003774483489866,0.0719302882528281,1035.74,0,1101.36,1046.2455268817205,1.000797771957315,0.08576224413957323,2632.56,2929.67,2796.142387096774,0.996393107895501
93.87,11799398,95.27,90.31875268817203,1.003837930667712,0.05855615273811554,601.29,435097984,589.34,566.4985591397849,1.0064648353555778,0.1553503044615301,1096.84,0,1101.36,1050.8723010752688,1.004422264253151,0.1342989834271917,2760.17,2929.67,2794.333720430108,0.9993531564504681
88.09,9301893,95.27,90.26468817204301,0.9994014032023264,-0.06784523269228493,583.26,460144000,601.29,568.7265591397849,1.0039329314506698,0.0894348937893239,1046.01,0,1101.36,1051.8759139784945,1.0009550284103965,0.12408513271856503,2633.08,2929.67,2784.117634408602,0.9963439993058762
88.45,9504109,95.27,90.22602150537634,0.9995716301972597,-0.051601586790612775,563.07,478407008,601.29,569.4725161290322,1.0013116267866506,0.03919774273924359,1026.67,0,1101.36,1051.4472043010753,0.9995924332217118,0.10912779296356656,2599.95,2929.67,2771.9676559139784,0.9956359679833698
81.68,16211356,95.27,89.74187096774193,0.9946340254224159,-0.16230740880013317,535.6,735396992,601.29,568.304817204301,0.9979495078486516,0.08248034805252336,958.02,0,1101.36,1046.4499139784944,0.9952472265824295,0.1113659357459913,2416.62,2929.67,2748.2329892473126,0.9914376105305457
84.49,7463133,95.27,89.44329032258064,0.9966728948043816,-0.19633424265178168,545.43,328716992,601.29,567.6802795698925,0.9989010516618866,0.1087992414667166,987.48,0,1101.36,1043.3545161290324,0.997042000951872,0.11677223290625016,2485.74,2929.67,2729.6129677419353,0.9932247296432909
84.76,9925236,95.27,89.16412903225806,0.9968789018235379,-0.15242440243360955,547.1,463827008,601.29,567.0624086021505,0.9989115863453807,0.1047514868897711,994.77,0,1101.36,1040.6761075268817,0.9974328873256926,0.10158639602052144,2531.94,2929.67,2714.508817204301,0.9944665596492498
86.06,11000842,95.27,88.97318279569893,0.9978584859333954,-0.13561416054005027,551.41,493483008,601.29,566.643870967742,0.9992619196263772,0.06469741214409619,1017.28,0,1101.36,1039.423182795699,0.9987960473752393,0.09368017942556872,2596.26,2929.67,2704.085720430108,0.996160227328004
84.59,13521674,95.27,88.6941505376344,0.9968638611175095,-0.09642793850782305,556.3,484504992,601.29,566.4507096774192,0.9996591134216402,0.07979365671496108,1042.81,0,1101.36,1039.7583870967742,1.0003224906915908,0.09099825868066758,2670.71,2929.67,2698.860258064516,0.9980675677822962
84.69,11762341,95.27,88.42421505376343,0.996956558214553,-0.08149007122006335,542.09,398944000,601.29,565.2381720430108,0.997859411924651,0.060354515796794184,1029.15,0,1101.36,1039.0844731182794,0.9993518552128476,0.08533673468364833,2664.76,2929.67,2693.4319354838713,0.9979886611155859
87.14,11143116,95.27,88.3134193548387,0.9987469982192393,-0.06767875924537314,563.25,517224000,601.29,565.3056129032258,1.0001193140583045,0.05926846015302312,1050.21,0,1101.36,1039.6329892473118,1.0005278840587293,0.07406522866502274,2706.53,2929.67,2690.8137419354844,0.9990279340220578
86.83,10886060,95.27,88.18202150537634,0.9985121417512506,-0.047517295430340445,558.23,401729984,601.29,564.950129032258,0.9993711651488084,0.01796744381996418,1040.39,0,1101.36,1039.4307096774196,0.999805431751412,0.06181211861254565,2707.88,2929.67,2688.397247311828,0.9991019465279234
95.37,18432640,95.27,88.60010752688173,1.0047411707553098,0.08353648794197022,573.52,423281984,601.29,565.5016344086022,1.0009762018769495,0.02623264392065283,1073.62,0,1101.36,1041.310387096774,1.0018083720269704,0.07948244387169046,2775.6,2929.67,2690.5507096774195,1.0008010208936737
94.61,8173067,95.37,88.94748387096774,1.0039207214729464,0.018292440850065983,575.99,362480992,601.29,566.0931182795699,1.0010459454667824,-0.008073269170731034,1070.06,0,1101.36,1042.8090967741934,1.001439253555895,0.06136722919699489,2792.67,2929.67,2693.861870967742,1.001230663030588
95.75,8982809,95.37,89.34817204301076,1.0045047724185687,-0.025250868812060512,585.96,692755008,601.29,567.239935483871,1.0020258455142264,0.024841385615373524,1073.74,0,1101.36,1044.4312903225807,1.0015555997290446,0.0468603305268831,2803.69,2929.67,2697.9402365591395,1.001513947554383
92.41,13909036,95.75,89.52451612903226,1.0019736731260334,-0.05620324504368601,572.02,764627008,601.29,567.4143010752689,1.0003073930104183,-0.02526969821583447,1032.22,0,1101.36,1043.2989462365592,0.9989158271142262,0.027844672000949533,2743.07,2929.67,2698.18647311828,1.0000912683519834
96.91,12656863,95.75,89.98965591397848,1.0051956693547028,-0.03437848070250493,576.76,742566976,601.29,567.8519569892472,1.0007713163259173,-0.038240761200746265,1065.44,0,1101.36,1044.3187311827958,1.0009774618769771,0.021601664226786443,2822.48,2929.67,2703.749935483871,1.0020619265647572
97.93,8787514,96.91,90.50890322580646,1.0057700777556515,0.05621637437115701,577.4,506772000,601.29,568.3121935483872,1.0008104868768617,-0.06173951553714763,1049.44,0,1101.36,1044.279311827957,0.9999622535212078,0.01488618119794094,2800.71,2929.67,2707.9683440860217,1.0015602066399665
100.67,9296382,97.93,91.18701075268818,1.0074921637840417,0.076961227722675,584.55,438432000,601.29,569.2176559139785,1.0015932481756864,-0.04584826999740388,1062.47,0,1101.36,1045.1052903225805,1.0007909555281504,0.014816325850099843,2834.4,2929.67,2714.519397849463,1.002419176641318
102.12,10507813,100.67,91.93701075268817,1.0082248556434654,0.14851460977245767,577.73,392999008,601.29,569.6460000000001,1.000752513702924,-0.09354486658350125,1065.28,0,1101.36,1046.1317204301076,1.000982130812112,-0.00991785908201126,2892.74,2929.67,2724.9786666666664,1.0038530831002679
101.67,8025131,102.12,92.63068817204302,1.0075451378468336,0.12695872092919758,567.32,360064000,601.29,569.3948817204301,0.9995591678348134,-0.11896813536082929,1039.31,0,1101.36,1045.4886021505376,0.9993852415838174,-0.03754913313588182,2907.41,2929.67,2736.3390967741934,1.0041689978150998
99.03,9257529,102.12,93.12681720430108,1.0053559899213595,0.15074400882685524,549.31,483350016,601.29,568.0035268817204,0.9975564324805559,-0.1377166755050352,993.64,0,1101.36,1041.9842150537636,0.9966480867514331,-0.08160442412475577,2905.03,2929.67,2747.540752688172,1.0040936651189114
103.35,10501335,102.12,93.88187096774193,1.0081078016634502,0.16797279234162532,564.3,416712000,601.29,567.6646021505376,0.9994033052346638,-0.135411798413005,1030.02,0,1101.36,1041.038301075269,0.999092199320461,-0.07366264795704724,2939.88,2929.67,2761.043784946237,1.0049145885260677
103.75,11865375,103.35,94.63737634408602,1.0080474043450165,0.15851051031415386,576.13,444489984,601.29,568.1285376344086,1.0008172704130458,-0.16817502703947973,1043.06,0,1101.36,1041.0870967741937,1.0000468721456977,-0.06591405246958104,2945.64,2939.88,2774.8627311827954,1.0050049717834617
102.29,7745115,103.75,95.27331182795699,1.0067197074606,0.23299637482370894,564.22,526232992,601.29,567.8524946236558,0.9995141187381605,-0.17888152296666016,1027.08,0,1101.36,1040.2108602150538,0.9991583446170307,-0.06689175975438655,2881.4,2945.64,2784.407978494624,1.0034398989198863
101.97,8897614,103.75,95.8598064516129,1.0061559172490506,0.16422855580891393,564.79,448912000,601.29,567.6221505376344,0.9995943592954116,-0.1775101448563129,1021.94,0,1101.36,1039.0610322580644,0.998894620311163,-0.06798053821535344,2859.53,2945.64,2792.2965161290326,1.002833111273684
102.4,6883961,103.75,96.4514623655914,1.0061720958541382,0.21172394606276546,568.45,407847008,601.29,567.6616129032259,1.0000695222438978,-0.15052028675180873,1033.95,0,1101.36,1038.7653548387098,0.9997154378711401,-0.04095936975679337,2826.06,2945.64,2797.828387096774,1.001981118744298
101.05,9111198,103.75,96.92688172043012,1.0049291046831066,0.16034150437049643,548.75,433935008,601.29,566.4120215053764,0.9977987037181207,-0.17517042488734935,1007.0,0,1101.36,1036.6831182795697,0.9979954697666411,-0.03610221764870292,2752.06,2945.64,2798.2261290322585,1.0001421609478691
110.06,15421581,103.75,97.96578494623655,1.0107184220452174,0.2135625662052072,572.89,420320000,601.29,566.7627311827956,1.0006191776729723,-0.15392456346743633,1050.52,0,1101.36,1037.4651827956989,1.0007543910982433,-0.0557722295432328,2873.34,2945.64,2806.386021505376,1.0029160947317504
110.79,9924126,110.06,99.01997849462366,1.0107608339887812,0.21820628067300119,570.67,361585984,601.29,567.0019354838709,1.0004220536882797,-0.1524416289222409,1052.28,0,1101.36,1038.4129677419357,1.0009135583168998,-0.06564730653538875,2886.98,2945.64,2815.2273548387097,1.0031504337840849
112.88,12878427,110.79,100.16918279569893,1.0116057821719044,0.30734959110654425,585.38,459478016,601.29,568.2238494623656,1.002155043752103,-0.13522410619960246,1085.15,914767872,1101.36,1041.505569892473,1.002978200625963,-0.0730519593011929,2950.46,2945.64,2827.840064516129,1.0044801744540246
113.49,9051059,112.88,101.30690322580645,1.0113579885385307,0.260710905931243,581.02,635369024,601.29,569.1430537634408,1.0016176799019345,-0.12481579563086564,1072.47,1264445312,1101.36,1043.6738494623655,1.0020818703543912,-0.08800779879360121,2941.76,2950.46,2839.2078279569896,1.0040199456763852
114.18,5855032,113.49,102.44694623655914,1.011253359588059,0.33323130546531754,588.6,277267008,601.29,570.5948817204301,1.002550901653616,-0.10547812741297435,1085.09,577807552,1101.36,1046.7087311827959,1.002907883264483,-0.09834697266814985,2990.41,2950.46,2853.323784946237,1.0049717941921161
113.31,8814829,114.18,103.47475268817206,1.01003257285229,0.298911904438003,563.81,472811008,601.29,570.435870967742,0.999721324607384,-0.13167872537674685,1069.57,932012160,1101.36,1048.6582795698923,1.00186255099343,-0.11737902070096662,3013.77,2990.41,2868.1783870967743,1.0052060695771394
114.09,7416859,114.18,104.49941935483871,1.009902576619386,0.42216819187391197,559.58,410728000,601.29,570.0023655913978,0.9992400453786179,-0.13756056132024685,1061.01,825691904,1101.36,1049.9633118279569,1.0012444780949994,-0.12422149979380936,2976.61,3013.77,2879.745634408602,1.004032959513211
115.11,8602788,114.18,105.5201935483871,1.0097682283772529,0.41467015392893836,563.91,434651008,601.29,569.7966451612904,0.9996390884625644,-0.1587861820396581,1064.81,899301248,1101.36,1051.2920215053764,1.0012654820053724,-0.13897696057778886,3025.86,3013.77,2893.2860215053765,1.0047019385792229
116.36,9350252,115.11,106.55576344086023,1.0098139498957446,0.4237827652677538,556.83,700404992,601.29,569.0944086021506,0.9987675663500247,-0.2086353548546076,1052.76,1223475712,1101.36,1051.6770107526881,1.0003662058109797,-0.09973018945007883,2932.05,3025.86,2899.612602150538,1.002186641969766
125.07,14145500,116.36,108.08531182795699,1.014354440695699,0.49026766918037756,557.82,573881984,601.29,568.4351182795699,0.9988415097519583,-0.18875828206612355,1057.12,1048724672,1101.36,1052.2185806451612,1.0005149583825983,-0.08501151559685294,2918.65,3025.86,2904.214215053764,1.0015869750668807
125.37,7993683,125.07,109.55032258064516,1.0135542075783626,0.5144506098107913,548.87,492886016,601.29,567.184623655914,0.9978001101912201,-0.19233828358138683,1045.86,906450432,1101.36,1051.9480215053763,0.9997428679318522,-0.07869021150357836,2888.68,3025.86,2906.1889677419354,1.0006799610985773
123.07,9388449,125.37,110.77924731182796,1.0112179015290268,0.5298708487460528,540.89,425152992,601.29,565.4352688172044,0.9969157223843026,-0.16041041573218673,1025.47,802831872,1101.36,1050.3554193548387,0.9984860448254291,-0.07200594398614024,2847.11,3025.86,2905.0130322580644,0.9995953685404069
126.42,7872968,125.37,112.14176344086022,1.0122993806339644,0.5415821537680743,550.88,447708992,601.29,564.3330107526882,0.9980506025617718,-0.1679251487711979,1046.74,788636416,1101.36,1050.1429892473118,0.9997977540710388,-0.08456313017345207,2926.46,3025.86,2908.564301075269,1.0012224622670434
128.43,7260903,126.42,113.54948387096773,1.0125530434595842,0.564395986308333,555.85,411713984,601.29,563.5780000000001,0.9986621183976441,-0.15060380196865142,1053.74,628475712,1101.36,1050.3896344086022,1.0002348681692073,-0.08718378372441449,2978.71,3025.86,2915.0135698924737,1.0022173375416938
121.02,14617736,128.43,114.38967741935485,1.0073993603470877,0.3457228260288484,554.71,602340992,601.29,562.754559139785,0.9985389052443226,-0.13036181224655752,1055.71,917624320,1101.36,1050.7346666666667,1.0003284802579557,-0.10019175173422767,3007.39,3025.86,2922.730731182796,1.0026473843449746
125.62,10523719,128.43,115.47148387096776,1.0094572034471867,0.45231083235047265,562.42,494348992,601.29,562.4689892473118,0.9994925498375177,-0.14177265346628187,1066.2,861253888,1101.36,1051.7949892473118,1.0010091249620694,-0.07500847822428158,2992.07,3025.86,2928.961032258065,1.0021316712514081
123.9,8192464,128.43,116.37563440860217,1.0078300763731827,0.42848493502952933,551.08,309092000,601.29,561.4809892473119,0.998243458717036,-0.1935776300031642,1034.11,798872768,1101.36,1050.7932903225806,0.9990476291150159,-0.09329834811664584,2961.79,3025.86,2932.808967741935,1.0013137544137634
127.05,8406600,128.43,117.42247311827958,1.0089953426677092,0.47490691046520084,559.02,325704000,601.29,561.0802580645162,0.9992862960804196,-0.1557967960343687,1043.45,855209984,1101.36,1050.4793978494622,0.999701280474467,-0.06529066686693752,2952.01,3025.86,2935.6859354838707,1.0009809598148327
128.47,8507564,128.43,118.48643010752687,1.0090609315320378,0.42742258322295035,556.61,254191008,601.29,560.5519999999999,0.9990584982149638,-0.13728515424626597,1040.49,726030016,1101.36,1049.9503870967742,0.9994964101592368,-0.07577930797325183,2970.27,3025.86,2939.291634408602,1.001228230472868
128.12,9552351,128.47,119.45993548387098,1.0082161761094552,0.3906953049295785,554.97,280756992,601.29,559.9612688172043,0.9989461616713604,-0.1507478858888247,1061.63,756080000,1101.36,1050.8389032258065,1.0008462458226137,-0.05461391576877972,2986.2,3025.86,2943.607247311829,1.0014682493062976
124.36,10649666,128.47,120.12593548387098,1.0055750909064396,0.2993800679817915,555.5,347779008,601.29,559.4529677419355,0.999092256726358,-0.13852679867862072,1065.01,894400000,1101.36,1051.9192688172043,1.0010280982061868,-0.0639902361633582,3022.55,3025.86,2949.86911827957,1.0021272780101556
125.34,9539574,128.47,120.80421505376346,1.0056464040605415,0.28701847021676075,571.65,377363008,601.29,560.0490752688172,1.0010655185712711,-0.08139426112142223,1097.41,894590016,1101.36,1055.084494623656,1.003009000690719,-0.030048267277594798,3066.91,3025.86,2958.588301075269,1.002955786323423
117.86,17684952,128.47,120.94997849462366,1.0012066088985003,0.19995289228046176,567.6,382688000,601.29,560.3969677419354,1.0006211821222117,-0.027945808638378145,1100.18,924840000,1101.36,1058.3593333333336,1.003103863933519,-0.005293258589636585,3093.08,3066.91,2968.621311827956,1.0033911479840032
117.92,12062889,128.47,121.06479569892473,1.0009492949542456,0.17588141136537105,573.39,343072992,601.29,561.117806451613,1.0012863001607273,-0.039170554868415586,1126.75,801459968,1101.36,1063.2174623655915,1.0045902453724833,0.05980441645983392,3120.46,3093.08,2980.0214838709676,1.003840224415822
119.81,10797849,128.47,121.26092473118281,1.001620033562406,0.15462964053007555,581.45,597859968,601.29,562.3068602150538,1.002119080431541,-0.025216281404584207,1135.88,1338060032,1126.75,1068.3783655913978,1.0048540429483952,0.04480975245343877,3110.29,3120.46,2990.30223655914,1.0034498921379646
120.52,7971032,128.47,121.4674623655914,1.00170324970609,0.17252005769488077,585.68,311225984,601.29,563.731935483871,1.002534337333662,-0.04325407960924399,1148.69,642070016,1135.88,1074.1380645161291,1.0053910666017118,0.03495438171189713,3140.98,3120.46,3002.1965161290314,1.0039776178556379
121.72,12222425,128.47,121.71535483870967,1.0020408137972963,0.11741150378251786,595.77,312211008,601.29,565.787440860215,1.0036462461091187,-0.008733987286330791,1159.11,782380032,1148.69,1080.3428602150539,1.0057765346037892,0.03674977047391326,3145.91,3140.98,3013.9887741935486,1.0039278768065862
124.45,8640896,128.47,122.09759139784946,1.0031404136285542,0.2034965298565583,603.98,308032992,601.29,568.3047741935484,1.0044492562958025,0.045889351150578905,1163.7,976540032,1159.11,1086.5598494623657,1.0057546446376053,0.030562421483722346,3168.8,3145.91,3026.6889677419354,1.0042137494529273
132.68,13670355,128.47,122.96245161290322,1.0070833519740423,0.2862829868379735,622.92,479264992,603.98,571.9597634408603,1.0064313893060262,0.04789245661069974,1190.45,1261619968,1163.7,1094.1977849462364,1.0070294659678893,0.011534104504773213,3221.22,3168.8,3042.106,1.0050936955935603
133.25,4300308,132.68,123.7989677419355,1.006803020906461,0.3205401891427655,623.23,153635008,622.92,575.5176129032258,1.0062204541119497,0.07339325890910775,1192.49,351809984,1190.45,1101.6307741935482,1.006793094767302,0.006893415026451466,3240.02,3221.22,3057.8861290322575,1.0051872383908573
134.16,4908921,133.25,124.62494623655915,1.0066719336169705,0.20465422132954436,618.43,204248992,623.23,578.6056129032257,1.0053656046848374,0.04451031630772606,1180.33,471340000,1192.49,1107.8803440860215,1.0056730168027925,-0.0022478771723084545,3234.85,3240.02,3072.2833333333333,1.004708221200386
135.57,8651768,134.16,125.49006451612902,1.0069417745459062,0.2231050599044735,624.9,385668992,623.23,582.0130967741935,1.0058891303419446,0.06252057733659733,1198.13,768230016,1192.49,1114.9991397849462,1.0064255997833391,0.007542961932885284,3265.35,3240.02,3087.870838709677,1.005073589797928
140.16,9325721,135.57,126.59802150537635,1.0088290415143177,0.22900471857399207,639.89,368896992,624.9,586.2710537634408,1.007315912670775,0.0445081848915565,1217.69,901840000,1198.13,1123.0662150537635,1.0072350506659342,-0.006368978561376748,3329.62,3265.35,3106.7910967741936,1.0061272828601933
136.31,10778005,140.16,127.3989247311828,1.0063263486765663,0.16366224016245567,625.95,363376000,639.89,589.5124301075269,1.0055288016068316,-0.011565215210763258,1193.25,758192000,1217.69,1129.2714838709678,1.005525292038909,-0.007619010086907796,3295.47,3329.62,3122.692731182796,1.005118346845114
134.21,9517228,140.16,128.01526881720432,1.0048379064997763,0.1819814262067817,616.52,442520000,639.89,592.0487956989247,1.0043024802563283,0.003915358137168479,1153.96,1004976000,1217.69,1132.682172043011,1.003020255289146,-0.015151936536782484,3225.52,3329.62,3133.320795698925,1.0034034935330007
138.9,9712046,140.16,128.89111827956992,1.0068417577876296,0.2457958732863359,631.95,404862016,639.89,595.5206021505376,1.0058640545793431,0.05742284044947721,1199.27,1036518976,1217.69,1138.867978494624,1.0054612022721745,0.017095152306545902,3327.71,3329.62,3150.0361505376345,1.0053347090606408
144.17,11755918,140.16,130.05193548387095,1.0090061845982528,0.24412410566875398,621.63,331560000,639.89,598.1800645161292,1.0044657772644436,-0.02984326747215782,1209.53,886390016,1217.69,1145.4367956989247,1.0057678478351666,0.004406141006102926,3380.16,3329.62,3169.4602365591404,1.0061663057480121
142.23,7076106,144.17,131.02290322580643,1.0074659999355096,0.17190517427108842,617.88,305185984,639.89,600.4641505376344,1.003818392081242,-0.03666733900212904,1203.41,684537024,1217.69,1151.291376344086,1.0051112210356303,0.027089238515551006,3337.75,3380.16,3185.2803440860216,1.0049914200987282
133.23,14295273,144.17,131.35490322580645,1.0025339081322893,0.07649346121975231,563.3,635953024,639.89,599.11088172043,0.997746295401661,0.03875030014622216,1075.66,1603106048,1217.69,1148.6059569892473,0.9976674720144554,0.01419108361592114,2954.22,3380.16,3175.6858494623652,0.9969878649326832
137.05,14610441,144.17,131.8970752688172,1.0041275356282569,0.0410516383491466,592.56,601504000,639.89,599.6314408602151,1.0008688861372208,0.0608506624303895,1129.02,1582723968,1217.69,1149.313870967742,1.0006163244881217,0.049609214316936656,2972.37,3380.16,3167.2146451612903,0.9973324803829355
125.48,19102432,144.17,131.66703225806452,0.998255889978729,-0.06473485216079111,556.64,728648000,639.89,597.7598709677419,0.9968787996009878,0.10111469966313136,1053.92,1870640000,1217.69,1145.022,0.9962657102849299,0.06920871579148324,2711.02,3380.16,3141.766623655914,0.9919651730758904
100.94,26038332,144.17,129.85352688172043,0.9862265796893662,-0.28430769535779077,496.42,760984000,639.89,591.9864301075269,0.9903415382319524,0.2125854667750381,916.59,1988199040,1217.69,1131.8527956989249,0.9884987325124975,0.08425950845255692,2304.92,3380.16,3090.5006666666673,0.9836824426730999
111.77,21592460,144.17,128.78632258064516,0.9917814762008941,-0.21562009977030838,520.92,647180032,639.89,587.8892688172043,0.9930789607971616,0.1461175071543671,990.69,1692722048,1217.69,1123.6983870967742,0.9927955219679294,0.0780076441375317,2541.47,3380.16,3055.6620000000003,0.9887271771067945
114.61,12615177,144.17,127.9338494623656,0.993380716979897,-0.18847976816473844,554.33,497500000,639.89,586.0120215053764,0.9968068011930125,0.2575037672589142,1010.87,1319353984,1217.69,1116.9664516129035,0.9940091259708367,0.12383722309520873,2488.65,3380.16,3018.2435268817203,0.9877543808450411
128.75,10935860,144.17,128.02335483870968,1.0006996223182545,0.0031056817408423587,589.3,395318016,639.89,586.3941720430108,1.0006521206453285,0.13561374745990917,1106.01,1028777024,1217.69,1116.4647741935485,0.9995508572181102,0.11999078344645053,2789.82,3380.16,3001.3092688172046,0.9943893665591619
130.72,12001615,144.17,128.22333333333336,1.0015620469786597,-0.05361369946166428,616.9,391524992,639.89,588.4825806451612,1.0035614416065466,0.2138673570855909,1173.93,1168333952,1217.69,1120.2368602150539,1.0033785983299206,0.14031489425380161,2874.56,3380.16,2990.31,0.9963351764739862
125.91,12175021,144.17,128.10202150537634,0.9990539020878388,-0.0713218165555769,622.22,383784000,639.89,590.7970537634409,1.0039329509392483,0.2859047269773638,1168.43,1090572032,1217.69,1123.422430107527,1.0028436574492483,0.17211055944613518,2836.74,3380.16,2977.123440860215,0.9955902367514455
127.53,13019769,144.17,128.08090322580645,0.9998351448375152,-0.06964465259289199,605.46,426500992,639.89,591.877247311828,1.001828366511827,0.24827958741472367,1137.89,1176935040,1217.69,1124.3488172043012,1.000824611536985,0.13159809795537258,2830.71,3380.16,2963.816774193548,0.9955303611250926
125.47,12389359,144.17,127.9258494623656,0.9987894076358325,-0.0865777237548001,604.87,433534016,639.89,592.819505376344,1.0015919822375257,0.23464706170166572,1157.47,969673984,1217.69,1126.3353333333332,1.0017668147986063,0.1260528224288373,2929.8,3380.16,2957.1638709677422,0.9977552919992444
127.49,10825678,144.17,127.9075698924731,0.9998571080827735,-0.049678350410150784,619.61,422776992,639.89,594.6089462365592,1.0030185256119049,0.3402218294166578,1167.63,1077079040,1217.69,1128.7257634408602,1.0021223076616559,0.14086849720810968,2863.7,3380.16,2946.333483870968,0.9963375762827679
130.11,11417439,144.17,128.05967741935484,1.0011891987863548,0.01562008696254047,600.1,329206016,639.89,595.0006666666667,1.0006587866405086,0.251518942880411,1158.51,921249984,1217.69,1130.2998494623657,1.0013945690552035,0.10999240107001085,2955.45,3380.16,2941.685892473118,0.998422584740223
139.39,9791657,144.17,128.79812903225806,1.0057664647278863,0.07231013214974902,616.73,397460992,639.89,596.3693763440859,1.0023003498216012,0.1953446802970974,1198.14,927134016,1217.69,1134.2296344086021,1.0034767632218173,0.09915782879305002,3044.31,3380.16,2942.9155053763443,1.0004179959887534
141.01,7994696,144.17,129.61088172043011,1.0063102833424582,0.1865609475382548,611.47,461398016,639.89,597.3017849462365,1.0015634749856983,0.09526902773301815,1200.89,1037033984,1217.69,1138.1202150537636,1.0034301525256744,0.05893452532271892,3193.93,3380.16,2953.846623655914,1.0037143840044336
134.07,9263444,144.17,129.9261075268817,1.0024320936812352,0.14994102424221856,577.71,484473984,639.89,595.9617849462365,0.9977565779413826,0.084389374043082,1134.51,1083065984,1217.69,1137.5116344086023,0.9994652756034805,0.0322519146203889,3041.31,3380.16,2954.71440860215,1.000293781315281
137.4,9174928,144.17,130.42144086021506,1.0038124234055952,0.19686522320746513,590.51,530380992,639.89,595.4383010752688,0.9991216150360799,0.08824329994273039,1169.95,1136642944,1217.69,1139.172817204301,1.0014603655430412,0.03402935912350458,3097.74,3380.16,2959.393053763441,1.001583450890438
132.66,7559021,144.17,130.57313978494622,1.001163144063818,0.08855686417305275,576.3,439876000,639.89,593.978559139785,0.9975484581142199,0.10552953593552628,1137.37,1059713024,1217.69,1138.658795698925,0.9995487765353832,0.03214811035405829,3009.05,3380.16,2958.376752688172,0.9996565846250208
137.66,6539542,144.17,131.021311827957,1.0034323448432725,0.17600475920552627,595.88,331323008,639.89,593.8022150537635,0.9997031137179817,0.06991002295750326,1184.43,706768000,1217.69,1141.205247311828,1.0022363605520126,0.026898527554131246,3130.01,3380.16,2965.448043010753,1.002390260238543
137.1,6154246,144.17,131.39907526881723,1.0028832213293382,0.12858168622665078,591.65,325147008,639.89,593.3527311827957,0.9992430411009378,0.04168890816891058,1173.97,762638976,1217.69,1143.0224086021506,1.0015923176787023,0.003700330174169375,3185.04,3380.16,2976.103849462366,1.0035933209070136
144.66,7415784,144.17,132.23737634408604,1.0063798095500582,0.12320408783628745,619.96,358448992,639.89,594.7562150537636,1.0023653449242076,0.08146812879120136,1233.67,842268032,1217.69,1148.6690967741936,1.0049401377694323,0.035215949459849405,3224.73,3380.16,2989.2853763440853,1.004429121948853
144.22,6120503,144.66,133.0215268817204,1.00592987065619,0.11993402895110017,612.2,429096992,639.89,595.6654193548388,1.0015287007988525,0.07911924331406184,1224.52,842203008,1233.67,1153.6325161290324,1.0043210175748416,0.03438749533347896,3215.63,3380.16,3001.8722580645153,1.0042106658066297
151.68,7953379,144.66,134.26337634408603,1.0093357029608436,0.1480410690402646,614.69,411031008,639.89,596.7589892473118,1.0018358794332183,0.053519063913284315,1228.58,863617024,1233.67,1158.7889892473117,1.004469770959284,0.02966613200288637,3271.12,3380.16,3018.0915913978497,1.0054030724624479
158.88,8768832,151.68,135.93206451612903,1.0124284687118739,0.20766571437954673,627.24,352038016,639.89,598.6702795698925,1.0032027843015678,0.05991640897739636,1239.1,821912000,1233.67,1164.5204086021506,1.0049460422976246,0.007879244920347528,3351.28,3380.16,3039.4045376344084,1.00706172943767
157.05,6889593,158.88,137.43255913978496,1.0110385627482166,0.17218293628277193,629.69,277416992,639.89,600.7346021505375,1.003448179492271,0.0796234558349922,1243.21,673443968,1239.1,1170.4288817204301,1.0050737394335336,0.007974251439353264,3372.85,3380.16,3061.9243010752693,1.0074092682175135
158.37,8009327,158.88,138.98189247311828,1.011273408157651,0.19587401677984817,639.18,262322000,639.89,603.43311827957,1.0044920271270743,0.12554011250201935,1243.13,649537024,1243.21,1176.2773118279572,1.004996826546975,0.01094429134047159,3397.16,3380.16,3085.9194838709677,1.0078366348858696
160.0,6763000,158.88,140.58894623655917,1.0115630441839876,0.21948405188064046,638.84,300481984,639.89,606.0812473118281,1.0043884383406203,0.10651762918972663,1255.85,771142976,1243.21,1182.8391182795701,1.0055784519395479,0.0007162777238021167,3508.01,3397.16,3116.8475913978496,1.0100223313305912
157.24,7803024,160.0,141.96247311827955,1.0097698070757941,0.17120519783727883,624.05,403156000,639.89,607.7271827956989,1.002715701056865,0.08169547560340396,1229.65,952924032,1255.85,1187.4914838709678,1.0039332192514605,-0.004493238293406199,3426.96,3508.01,3141.9391612903223,1.0080503037625974
158.59,5448559,160.0,143.38365591397852,1.0100109751857793,0.1898288880121265,618.51,271079008,639.89,609.0326881720429,1.0021481767037939,0.14641907975706125,1216.07,633918976,1255.85,1191.2023870967741,1.0031249935483406,0.01700118466210887,3340.97,3508.01,3161.2695483870975,1.0061523747292538
160.87,8629908,160.0,144.92092473118282,1.0107213671419186,0.20931934325290025,628.6,398880000,639.89,610.9958709677419,1.0032234440512402,0.16994292429746638,1226.34,901916032,1255.85,1195.561806451613,1.0036596798344768,0.024530930998440503,3319.47,3508.01,3179.29711827957,1.0057026361139214
160.84,6627743,160.87,146.4161720430108,1.0103176771373874,0.2799299745365401,615.97,326059008,639.89,612.1211612903226,1.0018417314683294,0.14769668918049206,1201.81,817011968,1255.85,1198.2893333333334,1.0022813767276622,0.0007519990287201406,3298.46,3508.01,3196.0085161290317,1.0052563183709313
163.55,7351494,160.87,148.0268817204301,1.0110009000709714,0.24454273826999906,613.56,294337984,639.89,612.977698924731,1.00139929427142,0.08855868445395731,1214.11,733280000,1255.85,1201.53911827957,1.0027120202574085,-0.051155686842284,3348.44,3508.01,3215.2041290322577,1.0060061206991011
165.43,11324720,163.55,149.70189247311825,1.0113155849344422,0.35340160780344454,632.36,347631008,639.89,615.0019784946237,1.0033023706628212,0.08618637461494694,1263.33,721617984,1255.85,1207.7813978494623,1.0051952362390253,-0.08389475855550788,3477.13,3508.01,3241.893569892472,1.0083010097614697
163.55,7412554,165.43,151.1696989247312,1.009804862365895,0.6366864741216199,624.43,341696992,639.89,616.3518064516128,1.0021948351455603,-0.0738395419689648,1257.6,774230976,1263.33,1213.2036559139783,1.0044894366432293,-0.13942475008650956,3483.81,3508.01,3267.366430107527,1.0078574017517483
163.49,6863555,165.43,152.4989892473118,1.008793364887513,0.4661282749532695,617.96,308248000,639.89,617.0089247311827,1.0010661415650794,0.04729802925195048,1255.97,759193024,1263.33,1217.7873978494622,1.0037782130915445,-0.09576467134998423,3465.39,3508.01,3289.1156559139777,1.006656500356385
158.55,8780703,165.43,153.39834408602152,1.0058974478660394,0.38218751822805874,583.32,378207008,639.89,615.2225161290322,0.9971047280994699,-0.1102095039138471,1184.32,967664000,1263.33,1217.1780645161289,0.9994996389891951,-0.14236445752139537,3269.96,3508.01,3296.2695698924726,1.0021750265806653
169.25,10987337,165.43,154.89352688172045,1.0097470595566564,0.30723983967404256,615.35,448344992,639.89,615.4402150537635,1.000353853961817,0.0431165535958149,1282.04,1057603968,1263.33,1222.5002365591397,1.0043725500797014,-0.09878726405389893,3509.44,3508.01,3317.1935698924735,1.0063477818049582
165.78,9671693,169.25,156.07774193548389,1.0076453488896777,0.25676774726957197,632.28,697048000,639.89,616.6941505376344,1.0020374610777774,-0.05804076916309264,1305.4,1303024000,1282.04,1228.9509462365593,1.005276653111803,-0.13520822610247096,3585.15,3509.44,3341.454516129033,1.007313696269267
166.2,6767156,169.25,157.21365591397847,1.0072778729651544,0.2997161461933857,625.92,662708992,639.89,617.504688172043,1.0013143267756017,-0.10830164849435198,1266.25,1240445056,1305.4,1232.5931182795698,1.0029636431414648,-0.17037531001711215,3557.54,3585.15,3362.4060215053764,1.0062701752411147
161.47,6754222,169.25,157.95776344086025,1.0047330972780693,0.255356396835845,624.63,361304000,639.89,618.2240430107528,1.0011649382627996,-0.0854685023920092,1272.68,714640000,1305.4,1236.4397634408604,1.003120774490985,-0.16685748879195317,3638.35,3585.15,3387.0209677419343,1.0073206347119072
157.95,11825985,169.25,158.40178494623657,1.002811014132538,0.2735314383305958,643.9,706382976,639.89,620.1453978494624,1.003107861721703,-0.05174380973918935,1308.88,1225150976,1305.4,1242.3320215053764,1.0047655035358283,-0.1317733110239352,3699.12,3638.35,3413.8196989247317,1.0079121834314075
159.53,7619056,169.25,158.8778924731183,1.0030056954663946,0.22805427765781472,654.17,590835968,643.9,622.6453978494623,1.0040313126706566,-0.11319299200845268,1298.49,1061934976,1308.88,1247.2283440860213,1.0039412351093646,-0.1672018898637342,3663.46,3699.12,3436.663333333334,1.0066915175443498
163.63,9920415,169.25,159.54961290322578,1.0042279037042308,0.23971622613868981,651.27,733000000,654.17,624.8839784946236,1.0035952737350877,-0.024184597440154665,1312.65,1324295936,1308.88,1252.7567956989246,1.0044325897812678,-0.12205814808617865,3709.41,3699.12,3460.7515698924735,1.0070091929941172
160.72,4254979,169.25,159.96150537634412,1.0025815949385486,0.1149458462291999,643.48,279623008,654.17,626.509935483871,1.002602014206164,-0.0016627122607932865,1299.88,555259008,1312.65,1257.1298924731184,1.0034907787283276,-0.13147234150732334,3703.06,3709.41,3482.808709677419,1.0063735114582728
165.5,5012429,169.25,160.6359139784946,1.0042160681131613,0.1243646063175563,655.44,250948992,654.17,628.8499784946237,1.0037350453332323,0.07849078099843287,1324.01,491950016,1312.65,1262.8409677419356,1.004542947632549,-0.07347864354594957,3756.07,3709.41,3506.869182795699,1.0069083533216812
168.11,8491021,169.25,161.4260430107527,1.0049187570368845,0.18474603543882906,663.05,437947008,655.44,631.5864301075269,1.0043515173832938,0.13739407430613015,1368.54,995977984,1324.01,1271.1601720430108,1.0065876895932118,-0.051293616213429205,3824.68,3756.07,3534.1472043010754,1.0077784542517865
161.56,9754694,169.25,161.72038709677418,1.0018233990038514,0.0589730028712534,675.3,525436992,663.05,634.9296774193548,1.005293412195792,0.1064963702742634,1363.26,1006081024,1368.54,1278.6354408602153,1.0058806663248347,-0.05122206509967864,3768.25,3824.68,3556.099913978494,1.0062116002555588
163.33,6601643,169.25,162.07696774193548,1.0022049207991812,0.18245514336969593,680.52,356619008,675.3,638.4273548387096,1.0055087634800297,0.08592805653834956,1370.9,696924032,1368.54,1286.1878924731184,1.0059066496763316,-0.07131424170213774,3841.47,3824.68,3581.3345376344087,1.0070961514767123
154.25,9498660,169.25,161.78178494623657,0.9981787492707236,0.03405735074091898,665.87,536700000,680.52,640.7557419354838,1.0036470666225799,0.08233154052353231,1340.92,1089232000,1370.9,1291.3039354838709,1.0039776793427244,-0.05453173135215739,3714.24,3841.47,3596.570623655914,1.0042543040482248
159.28,8460711,169.25,161.77544086021507,0.9999607861538701,0.03246592500144341,663.08,540513024,680.52,642.7536129032258,1.0031179915168722,0.03376163573657576,1347.65,1092056960,1370.9,1296.5176344086024,1.0040375459111242,-0.0723970103037308,3886.83,3841.47,3621.6851397849455,1.006982906428653
166.71,9272979,169.25,162.20075268817203,1.0026290259244262,0.030366893323932498,670.0,387960000,680.52,645.0443225806451,1.0035639001188537,-0.018240812827091224,1365.94,835689984,1370.9,1302.5378279569888,1.0046433564716861,-0.11298780354531068,3934.83,3886.83,3648.3872043010747,1.007372828803587
160.0,9918782,169.25,162.14574193548387,0.9996608477348196,-0.002287774257960118,658.68,326190016,680.52,646.4970967741936,1.0022522083253693,-0.0216414627583279,1332.52,734072000,1370.9,1306.117440860215,1.0027481834511023,-0.12671496091032441,3906.71,3934.83,3671.7479784946236,1.0064030413674319
155.24,11836849,169.25,161.74969892473118,0.9975574874429309,-0.05912284146020963,647.4,565107008,680.52,647.1221720430107,1.0009668647731538,0.020120673914176823,1311.27,1092728064,1370.9,1308.0938279569891,1.0015131771730055,-0.09778489993867012,3811.15,3934.83,3687.4573978494623,1.0042784579570407
145.68,16748248,169.25,160.7292258064516,0.9936910354389319,-0.18034708236297647,642.61,549624000,680.52,647.3678709677419,1.0003796793485773,0.012221227354273223,1315.13,1039792000,1370.9,1310.1414193548387,1.0015653245616545,-0.08505067908954866,3841.94,3934.83,3703.9919139784947,1.0044839883814456
152.57,10727907,169.25,160.1816559139785,0.9965932151435078,-0.11827942205004105,655.06,399959008,680.52,648.3837419354838,1.0015692329096026,-0.04957623231523045,1332.42,881809024,1370.9,1313.1409892473116,1.0022895008494197,-0.09738403537419171,3943.34,3934.83,3726.013182795699,1.0059452799381388
153.12,12524503,169.25,159.67920430107532,0.9968632387395657,-0.0935816087643041,653.45,574372992,680.52,649.2411827956988,1.0013224280696111,-0.05627615820095122,1337.41,1078305024,1370.9,1316.2706451612905,1.0023833357877077,-0.07603309706098038,3913.1,3943.34,3744.856623655914,1.0050572662885955
156.15,8840650,169.25,159.38352688172043,0.9981483035273812,-0.08754343303359657,662.09,417664000,680.52,650.6253548387097,1.0021319843529495,-0.06683342627676869,1365.45,823524992,1370.9,1321.0065806451614,1.0035979952157108,-0.045718359706216516,3974.54,3943.34,3766.5543870967736,1.0057940171337394
157.89,6293360,169.25,159.20838709677417,0.9989011424933756,-0.06570599334761451,659.13,316404992,680.52,651.768559139785,1.001757085383429,-0.06167997919660917,1357.4,653168000,1370.9,1324.9874623655917,1.003013521490927,-0.06912204843366476,4019.87,3974.54,3790.1733763440857,1.0062707150408408
159.85,9938323,169.25,159.1583010752688,0.9996854058858412,-0.08511284281773657,656.75,357745984,680.52,652.6827741935483,1.0014026682339048,-0.0824248382626922,1375.56,746526976,1370.9,1329.8652258064517,1.0036813657331907,-0.10465677252010797,4128.8,4019.87,3819.5450322580646,1.007749422782952
167.63,10884535,169.25,159.60744086021504,1.0028219689573956,-0.03148273019944958,673.02,428632992,680.52,654.5644301075268,1.0028829562972663,-0.10518017744509178,1415.24,855958976,1375.56,1336.9599999999998,1.005334957299335,-0.10684943523796675,4185.47,4128.8,3850.8785591397855,1.0082034709938206
170.54,7559734,169.25,160.22978494623658,1.0038992172461847,-0.009505394717903348,680.1,390632992,680.52,656.8073333333333,1.0034265583686515,-0.12197433949174652,1440.34,829728000,1415.24,1345.267892473118,1.0062140172279785,-0.06883396037404999,4180.17,4185.47,3880.007784946237,1.0075643065235893
173.03,7535354,170.54,160.9919139784946,1.004756475411321,0.0032307815553984653,665.7,411072000,680.52,657.9832903225806,1.0017904139152638,-0.09748677454288446,1412.92,862056000,1440.34,1351.2937849462364,1.0044793252755333,-0.08494235030138797,4181.17,4185.47,3907.305376344086,1.0070354475843475
171.55,10358722,173.03,161.63817204301074,1.004014226854912,0.013120023977413187,689.44,510256000,680.52,660.5787311827957,1.0039445391674653,-0.06588259158511467,1444.6,1011828992,1440.34,1358.936,1.0056554800583706,-0.07378239762711858,4232.6,4185.47,3936.1302150537635,1.0073771655740529
172.29,7231475,173.03,162.31901075268817,1.004212115870107,0.041113340269124166,695.58,413104992,689.44,663.4475483870968,1.0043428846084168,-0.05783467565431355,1436.47,855516992,1444.6,1365.6638709677418,1.004950837248952,-0.05583926917415205,4173.85,4232.6,3959.540064516129,1.0059474275959759
176.02,9244178,173.03,163.2216989247312,1.0055611980867625,0.045717696212894676,702.33,332664000,695.58,666.5988387096775,1.0047498710790954,-0.06136839267918304,1447.14,769729024,1444.6,1372.6954623655915,1.0051488448565802,-0.04703836557464025,4155.86,4232.6,3980.3053118279568,1.0052443584288786
176.68,10601526,176.02,164.14002150537632,1.0056262285388209,0.07190990288810162,690.78,359952000,702.33,668.8235268817206,1.003337371808732,-0.09252129273243836,1437.44,892344000,1447.14,1378.690129032258,1.004367076916198,-0.07195025739105998,4204.11,4232.6,4002.6985806451607,1.0056260178712069
175.2,5025659,176.68,164.92387096774195,1.0047754926262145,-0.030079714127134727,688.8,297568992,702.33,670.689376344086,1.0027897485470714,-0.14085267414077696,1420.85,697768000,1447.14,1383.0701290322581,1.0031769285264083,-0.09701641014315121,4229.89,4232.6,4024.7461505376345,1.005508176408557
182.2,7163979,176.68,166.1465376344086,1.0074135215205189,0.06780305495493577,707.62,488089984,702.33,673.6114623655915,1.0043568395811393,-0.10224789200610918,1448.24,958392000,1447.14,1388.9187096774192,1.0042286942089143,-0.075309062459463,4247.44,4232.6,4046.376623655914,1.0053743695401485
185.39,11866409,182.2,167.5396989247312,1.0083851358575293,0.09175082564802195,696.4,442827008,707.62,675.6476559139786,1.0030228012172424,-0.09574749450494568,1437.17,929857024,1448.24,1393.7459139784946,1.0034755124741581,-0.03617916476674443,4166.45,4247.44,4061.3576559139788,1.0037023326426122
187.23,8357989,185.39,169.0103010752688,1.0087776339576586,0.139764046291861,706.86,405056992,707.62,678.2071182795698,1.0037881613932766,-0.09698447938176669,1466.12,896588992,1448.24,1400.0732903225805,1.004539834901488,-0.024555592738412457,4280.7,4247.44,4082.4001720430106,1.0051811531787629
192.7,7207852,187.23,170.77840860215056,1.0104615370520778,0.18698397660159038,720.99,304454016,707.62,681.5013548387096,1.0048572721670872,-0.0922348459869895,1495.32,706662016,1466.12,1407.8685376344083,1.0055677423215692,-0.03414555174430056,4352.34,4280.7,4106.683225806452,1.005948229654147
197.5,8525661,192.7,172.78146236559138,1.0117289637480296,0.22301479995256157,722.57,262720992,720.99,684.7317419354839,1.0047401037046197,-0.1762787473042542,1501.46,580069696,1495.32,1415.6589677419356,1.0055334925806476,-0.03642622661394679,4369.55,4352.34,4130.67182795699,1.0058413568399414
199.68,10687133,197.5,174.84350537634407,1.011934399573431,0.19069913771367686,720.78,303392992,722.57,687.6995483870969,1.004334261536093,-0.1797984313265577,1498.96,694866688,1501.46,1422.8516129032257,1.0050807753316202,-0.02460166297821975,4327.16,4369.55,4150.40711827957,1.0047777434626999
203.59,8282308,199.68,177.08027956989247,1.0127930070306805,0.2305895088568497,737.62,366588000,722.57,691.6043225806452,1.005678023495444,-0.14550238983885255,1531.58,944710912,1501.46,1431.7481075268818,1.0062525807631504,-0.013145841293975336,4411.8,4369.55,4174.274559139784,1.0057506264277294
202.7,7644233,203.59,179.16744086021504,1.0117865258367111,0.16736530852345388,739.75,382815008,737.62,695.4440645161291,1.0055519345529194,-0.14403230033965042,1538.58,868772096,1531.58,1440.597935483871,1.0061811347334524,-0.008114500215930853,4395.26,4411.8,4195.550731182796,1.0050969747537153
201.88,9753141,203.59,181.12169892473116,1.0109074397397952,0.16511460128252686,753.63,395520000,739.75,699.9979784946237,1.0065482102887213,-0.1785005561692352,1548.95,956175104,1538.58,1449.6553548387096,1.0062872638726894,-0.02814493502788351,4436.52,4411.8,4218.11423655914,1.0053779603256003
201.48,5564556,203.59,182.97752688172045,1.0102463038277953,0.23002687898441354,768.33,495097984,753.63,705.3054838709678,1.0075821724339236,-0.15348568923684947,1557.13,1000698624,1548.95,1458.8525376344087,1.0063443926620217,-0.0434856946588158,4468.0,4436.52,4241.392924731183,1.0055187429421142
207.05,5530499,203.59,185.10686021505373,1.0116371303603295,0.23432106154781307,782.03,499951008,768.33,711.2967956989248,1.0084946338359295,-0.13143466457246467,1584.73,977025984,1557.13,1469.4134408602151,1.0072391848753484,-0.00026444705200878715,4441.67,4468.0,4261.46806451613,1.0047331478458152
203.82,4653933,207.05,186.93378494623653,1.009869567929899,0.27532197487682053,756.07,444625984,782.03,715.3949677419354,1.0057615499855916,-0.14268468607565743,1566.06,839281024,1584.73,1478.309978494624,1.0060544822764113,-0.046176445335295524,4509.37,4468.0,4284.620193548388,1.0054328998086455
209.69,5299037,207.05,189.03281720430107,1.0112287474341155,0.29117354257611994,763.06,358691008,782.03,719.7501290322582,1.006087771771822,-0.13767870738170584,1592.61,839248000,1584.73,1488.4352473118277,1.0068492190166465,0.014897059747352337,4535.43,4509.37,4307.743655913979,1.005396852304531
207.0,4071154,209.69,190.84989247311827,1.0096124857878692,0.17417596947966008,729.94,297360992,782.03,721.7535053763442,1.0027834331155725,-0.13508520358688814,1549.18,651900992,1592.61,1495.2317849462365,1.0045662299698181,0.0010432453359059402,4458.58,4535.43,4324.514215053764,1.0038931191081348
198.49,10357802,209.69,192.03129032258065,1.0061901939485178,0.22685545450182376,710.83,548590016,782.03,722.3950752688172,1.0008889044357858,-0.15189429881305716,1545.73,1104976000,1592.61,1501.4116774193546,1.0041330665488364,0.025293286776390644,4432.99,4535.43,4338.507462365591,1.0032357963498226
204.73,7121047,209.69,193.5324946236559,1.0078174983803603,0.36633107156297906,714.02,364225984,782.03,723.1303010752688,1.0010177613768727,-0.1345024315611909,1539.56,794862976,1592.61,1506.7349892473121,1.0035455377815545,0.005033937550317669,4455.48,4535.43,4352.819892473119,1.0032989294663386
196.19,9232922,209.69,194.3763010752688,1.004360024673137,0.3612623622309239,711.38,475884000,782.03,723.551935483871,1.0005830683736738,-0.11942474980932194,1485.0,987523968,1592.61,1508.0473548387097,1.0008709996122498,-0.004909555142142086,4357.05,4535.43,4359.396344086021,1.0015108485476907
197.88,8176117,209.69,195.2205161290322,1.004343199500625,0.309847981390998,709.12,436985984,782.03,723.6798709677419,1.0001768158961324,-0.06880067872909756,1480.1,924926016,1592.61,1508.6782795698925,1.0004183719623647,-0.002778424621505682,4391.36,4535.43,4367.078580645161,1.0017622248478422
202.22,6074365,209.69,196.24729032258065,1.0052595609001966,0.3526241956688302,708.28,314067008,782.03,723.6373548387097,0.9999412500875902,-0.12015441837085716,1491.56,763875008,1592.61,1509.7309677419357,1.000697755238011,-0.02740684698743112,4471.37,4535.43,4378.959268817204,1.0027205116538773
208.51,4518702,209.69,197.5742795698925,1.0067618220110484,0.3259323923288795,724.4,315592000,782.03,724.5169247311827,1.0012154843673997,-0.09826896510676186,1534.41,738278016,1592.61,1513.216666666667,1.0023088212398163,-0.019763972572825583,4544.9,4535.43,4394.383247311828,1.0035222932089045
216.2,7270394,209.69,199.2847956989247,1.0086575850498147,0.34384005214020075,741.35,420180992,782.03,726.3560430107527,1.0025384062356477,-0.06629209595505481,1559.32,893368000,1592.61,1517.9461075268819,1.0031254221318042,0.003101008807849359,4605.38,4544.9,4412.482580645161,1.0041187425662985
216.73,9985490,216.2,200.90410752688172,1.008125616519202,0.4018821316421607,752.65,662680000,782.03,728.7473763440861,1.0032922329983258,-0.04864818370831259,1548.87,1305160960,1592.61,1521.5671182795697,1.002385467267074,-0.011754722019708286,4697.53,4605.38,4435.267913978494,1.0051638353051586
216.85,6493299,216.73,202.40883870967744,1.0074897980002444,0.3252072674701899,759.55,484920992,782.03,731.3776344086021,1.0036092864961124,-0.03512143577296123,1558.37,897025024,1592.61,1525.428322580645,1.0025376496736083,-0.017700131906094763,4682.85,4697.53,4455.883075268817,1.004648008122655
226.43,6964251,216.85,204.42578494623652,1.009964714235884,0.3834228384274512,754.52,457196992,782.03,733.4972903225806,1.002898168899699,-0.0303969188620552,1547.73,910998016,1592.61,1528.2952688172045,1.0018794368729889,-0.04930938330962986,4697.96,4697.53,4476.403440860216,1.0046052298152282
219.32,4908773,226.43,205.8638279569893,1.0070345480690266,0.3140666489137237,752.84,369496000,782.03,735.3485161290324,1.0025238345538232,0.013697677853962142,1534.35,772281984,1592.61,1530.0680430107527,1.0011599683841985,-0.012941218267697785,4594.62,4697.96,4489.143182795699,1.0028459771563922
223.33,10447850,226.43,207.46103225806448,1.0077585475647954,0.35512317428367557,737.77,717436032,782.03,736.0400860215053,1.000940465476307,-0.05774246963617102,1517.43,1426366976,1592.61,1530.488064516129,1.0002745116514882,-0.021840483957026535,4538.43,4697.96,4497.368623655913,1.0018322963927142
231.45,6246149,226.43,209.4707526881721,1.0096872188874857,0.3799782089869712,742.69,477764000,782.03,736.9451397849464,1.0012296256421755,-0.10260201858580209,1565.37,1024244992,1592.61,1533.8443655913977,1.0021929612867186,-0.03920464852886729,4712.02,4697.96,4516.135720430108,1.0041729060578848
234.31,9346276,231.45,211.5377634408602,1.009867777368257,0.4242573263599744,787.44,761676032,782.03,740.6359784946237,1.0050082950689578,-0.057256733237994295,1603.75,1519144960,1592.61,1539.3995913978492,1.0036217662828586,-0.003616909254002154,4620.64,4712.02,4527.849978494624,1.002593867587177
242.51,4941329,234.31,214.0084516129033,1.0116796553572989,0.44600806559638506,791.23,414244992,787.44,744.3883010752689,1.0050663520131333,-0.014670604690597333,1625.57,894587008,1603.75,1546.02576344086,1.0043043872949153,0.0067927901126501045,4725.78,4712.02,4545.347935483872,1.0038645178334873
244.03,4683781,242.51,216.43563440860214,1.011341527764002,0.48046872388641315,799.27,305176992,791.23,748.4433118279569,1.005447440195971,-0.007029219251499352,1643.92,643782976,1625.57,1553.4312258064517,1.004789999326473,0.030211768935487937,4766.18,4725.78,4564.33047311828,1.0041762562302916
211.09,17496044,244.03,216.58963440860214,1.0007115279349483,0.2210002467789588,783.83,528064000,799.27,751.2646236559141,1.0037695731705674,0.019232491325064105,1567.5,1083789952,1643.92,1555.4266451612903,1.0012845237830228,-0.01879033859762047,4677.02,4766.18,4576.407440860215,1.002645945076296
206.18,11528191,244.03,216.36473118279568,0.9989616159313415,0.157989821204071,769.34,445060000,799.27,752.9872043010754,1.0022929079726643,0.008874538894301676,1563.07,1043144000,1643.92,1556.8797849462362,1.0009342387115885,-0.03153947616122377,4662.85,4766.18,4586.646387096775,1.0022373327482037
200.33,10070833,244.03,215.71769892473114,0.9970095299056948,0.0852069112536451,751.93,362247008,799.27,753.4296989247312,1.0005876522484423,0.012815235626887134,1509.42,858723968,1643.92,1554.60088172043,0.9985362368707967,0.0021480273563772023,4397.93,4766.18,4578.7261935483875,0.9982732059810261
195.3,18869356,244.03,214.71797849462365,0.9953656077591653,0.028170487340229644,767.91,536361984,799.27,754.8062365591397,1.0018270286350182,0.01638563684500549,1520.3,1277963008,1643.92,1552.9307956989248,0.9989257139622506,-0.0015628794649242828,4431.85,4766.18,4572.742279569893,0.9986931050852252
199.54,10883237,244.03,213.98621505376343,0.9965919787155665,0.026748236690353866,761.51,445873984,799.27,755.6689677419354,1.0011429836440255,0.03445523582381815,1540.71,1097234944,1643.92,1552.52376344086,0.9997378941423583,-0.0038366928025828084,4500.54,4766.18,4571.018989247312,0.9996231385419903
198.87,14734973,244.03,213.2068387096774,0.996357819853535,0.04069465976176678,746.57,508727008,799.27,755.4840860215052,0.9997553403297972,0.0509374402920687,1518.33,1089154944,1643.92,1550.5884516129029,0.9987534414135679,-0.008218594073772012,4418.64,4766.18,4563.730129032258,0.9984054189597114
191.32,14912058,244.03,211.94210752688173,0.9940680552722896,-0.04676369409996972,734.1,438660992,799.27,754.4392258064516,0.998616965950195,0.02907287887379162,1484.43,1004057024,1643.92,1546.4243870967741,0.9973145262936808,-0.016521182988303296,4348.87,4766.18,4551.743247311828,0.9973734464173997
194.71,9063833,244.03,210.92247311827958,0.9951890899807495,-0.017337378649649793,742.67,438448992,799.27,753.9548387096776,0.999357950806102,0.014428592408668561,1524.66,897788992,1643.92,1544.9572043010755,0.9990512418143812,-0.006626513688770763,4384.62,4766.18,4542.198150537634,0.9979029799671081
196.84,7764748,244.03,210.05744086021502,0.995898814169605,-0.012666961904624241,756.15,609833984,799.27,754.3338494623656,1.0005026968900905,0.0037546904087415456,1542.57,1171026944,1643.92,1544.6754408602153,0.9998176237891406,0.02014559435990726,4328.87,4766.18,4529.079161290323,0.997111753205712
185.29,10454704,244.03,208.45808602150535,0.9923861071897283,-0.10175217505479206,758.05,475428000,799.27,754.8300215053764,1.0006577618694488,0.005074180670001538,1499.91,1038068992,1643.92,1541.6551397849462,0.9980447018219004,0.022270365068195352,4204.31,4766.18,4508.155548387097,0.9953801618037373
195.9,10183859,244.03,207.57806451612907,0.9957784247079506,-0.08858852927555039,794.98,564758016,799.27,757.7308817204301,1.0038430641765792,0.014073768308424217,1593.48,1215836032,1643.92,1544.7946666666667,1.0020364650956624,0.0006989348413701801,4463.09,4766.18,4504.4944946236565,0.9991879042938635
189.43,12190106,244.03,206.30460215053768,0.9938651399965605,-0.08759904345652969,797.11,417180992,799.27,760.7413118279569,1.003972954224449,0.04478193543447251,1589.78,882424000,1643.92,1547.6766666666667,1.001865620112619,0.00767961574556475,4543.04,4766.18,4505.945440860215,1.0003221107803084
191.11,12475151,244.03,205.17047311827957,0.9945026479272113,-0.12285369131834767,801.2,403750016,799.27,763.9273548387096,1.0041880767630418,0.036249226967017156,1609.25,917030976,1643.92,1551.7637849462362,1.0026408088766836,0.008148586195176444,4545.86,4766.18,4507.505913978494,1.0003463142505298
200.09,12743379,244.03,204.6556559139785,0.9974907831693487,-0.05371929043445023,837.64,452811008,801.2,769.3823440860216,1.0071407172589908,0.08481562022179312,1664.58,977635968,1643.92,1559.3847956989246,1.0049111925581846,0.06782970736449734,4488.28,4766.18,4505.329118279569,0.99951707313524
187.3,7336000,244.03,203.33053763440859,0.9935251323807689,-0.13070712609082746,819.11,321206016,837.64,773.4102365591398,1.0052352286273258,0.10681834383010957,1615.79,188436992,1664.58,1563.6098924731182,1.0027094638769387,0.054438350422507,4392.59,4766.18,4496.914903225807,0.9981323861514084
181.95,9753949,244.03,201.68432258064513,0.9919037490732289,-0.26373873866828845,788.62,381548992,837.64,775.2381720430108,1.002363474644457,0.029809415894640257,1557.49,876480000,1664.58,1563.9230322580647,1.0002002672063242,0.0528763102223182,4271.78,4766.18,4480.793376344086,0.9964149806637086
177.25,10758222,244.03,199.78387096774196,0.9905770979688158,-0.20611073667287916,799.1,482168992,837.64,777.5818064516128,1.0030231153381235,0.08633321869433064,1518.45,1095500032,1664.58,1561.6789032258064,0.9985650642736439,0.0741932388921751,4131.93,4766.18,4456.044322580645,0.9944766357908621
169.21,15607259,244.03,197.4054408602151,0.9880949843648245,-0.285874921697159,794.16,487929984,837.64,779.4180860215054,1.0023615258930403,0.11440040469360668,1511.65,1065182016,1664.58,1558.924129032258,0.9982360175399321,0.08234961122078155,4123.34,4766.18,4431.225204301075,0.9944302353201917
165.33,13827755,244.03,194.83834408602146,0.9869958155002859,-0.3386353990546207,796.37,514083008,837.64,781.214064516129,1.0023042556066297,0.1905764636323597,1497.4,1088742016,1664.58,1555.1821505376342,0.9975996404026752,0.10399207405021016,4023.89,4766.18,4400.566344086023,0.9930811775972718
162.56,12367918,244.03,192.17187096774197,0.9863144334818292,-0.35265232203881147,812.47,429991008,837.64,783.8593118279568,1.0033860723097277,0.23280692616819187,1510.91,913745024,1664.58,1552.2992258064517,0.9981462462579153,0.12628074179184667,3901.36,4766.18,4362.964645161291,0.9914552591678875
172.1,8973840,244.03,190.21969892473123,0.9898415307444323,-0.2931430597176744,835.59,393065984,837.64,787.8067741935484,1.0050359322215439,0.18946258249623127,1559.34,867961984,1664.58,1552.5913548387095,1.0001881911859527,0.0971036199144033,4158.24,4766.18,4343.319806451613,0.9954973646803522
169.01,8609897,244.03,188.16301075268817,0.9891878276347347,-0.4034213559628168,811.86,378230016,837.64,790.0206021505376,1.0028101154109208,0.16928810243903136,1510.43,833420032,1664.58,1549.7279569892473,0.9981557298766747,0.10056482080896534,4108.54,4766.18,4321.430107526882,0.9949601457179793
161.49,7131946,244.03,185.72378494623652,0.9870366349013322,-0.366327841885841,788.04,308647008,837.64,790.5703225806453,1.000695830499371,0.18375332317930437,1459.09,750729984,1664.58,1543.6349677419353,0.9960683491448723,0.10328259569250353,3900.86,4766.18,4287.408344086021,0.9921271980352978
158.83,12108908,244.03,183.23199999999997,0.9865833826994326,-0.4429997301176679,763.75,513254016,837.64,789.4916774193547,0.9986356113675383,0.2041457580288243,1393.22,1165408000,1664.58,1533.5058064516131,0.993438111015884,0.11794955828962106,3674.84,4766.18,4240.486344086022,0.9890558593363931
174.61,9008448,244.03,181.90365591397855,0.9927504797959886,-0.35722342249046324,834.12,359881984,837.64,792.9331827956988,1.0043591407924573,0.22993125930600444,1506.72,843795968,1664.58,1531.031505376344,0.9983865068753836,0.13061837633622453,3911.74,4766.18,4211.0484731182805,0.993057902188791
