[0.7572031642003884, 1.9285580155488968, 0.23338769302898874, 1.0043830937495664, 1.2074243407148502, 1.196984119740193, 0.8856602548528437, 0.9364505183473069, 1.35883221101366, 0.9937698753772201, -0.08774750138596282, 0.8609841200014317, 0.9956379742754186, 0.8592904983188708, 0.9769064817481626]
18143.341230502356
[0.06141116864764706, 1.174929079578909, -0.09269081742934057, 1.00291895606588, 1.1371811430085752, 1.2953181945088068, 0.9014474611234939, 1.0047195366892088, 1.46158882880756, 0.9958234219838251, -0.12532403035382364, 0.9440772106873313, 0.9906852372103273, 0.8510665615115849, 0.9782192732996087]
12356.384355020777
[0.6256222610854825, 1.0305753385646907, -0.09183703229927917, 1.017438973296306, 1.1764903337027446, 1.2816018989541162, 0.9165638373316658, 0.9547684631667659, 1.4020477723245521, 0.987116822984977, -0.1563166186639975, 0.9504811597097881, 1.0021188380155284, 0.8040703777393603, 0.9752331248317885]
6440.1394906557225
[0.08456324691408967, 1.2466032890985492, 0.2740112843715009, 0.9938447855577754, 1.3178275511411677, 1.2228454111471199, 0.9906660154323219, 0.9672296951711332, 1.2506757712486654, 0.9984292216014917, -0.15006229139788868, 0.8643563410704082, 0.9956110922084795, 0.8023083903540037, 0.9793704763709368]
5087.809282297521
[0.3118934416819138, 0.4043409266801544, 0.16262195948729527, 0.9737326865836213, 1.0423683950239764, 1.1835704121362363, 0.9928852026042363, 1.0056754037903886, 1.2123121012887248, 0.9891225204294347, -0.00022249530920744054, 0.9313025124534655, 1.0088568581630017, 0.8314668819913849, 0.9958584789420567]
5528.999630582177
[0.7275070540732423, 0.4176174116313385, 0.32943116266716743, 1.083577550149599, 1.1509319495435442, 1.1579971824128636, 0.8587625219705699, 0.8734160624207811, 1.2322009266889975, 0.995060445476465, -0.08462017529341372, 0.8436978729325296, 0.993351380014172, 0.7807698258050643, 0.9823133135515387]
13668.974996691517
[0.5873549355669813, 0.4556653108123151, 0.24187841735764262, 1.0734767670425927, 1.0868062783309356, 1.1852781274247504, 0.9520954958244541, 0.839459897713074, 1.3024997015146365, 0.9894468417470383, -0.36492188830021366, 0.869660349056312, 0.9946371619323433, 0.8101746980074871, 0.9803595328023518]
4075.965753763167
[0.6434730388386559, 2.2778520145749233, -0.07943723396567001, 1.0395560256686098, 1.0129781182106197, 1.0555678109445306, 0.8026171585667112, 0.9385806972122067, 1.233480785913815, 0.9856790419169673, -0.12180783446775162, 0.8893547597256538, 1.001837036973015, 0.8885272174166826, 0.9879957247145166]
2960.5443690072993
[0.9295600702383889, 1.1800243658195282, 0.11163866380492501, 1.023111700398223, 1.2247089550182853, 1.0781458556494976, 0.873956960078488, 0.816794348001929, 1.2304460337337788, 1.0035851233202977, -0.2580426321492872, 0.8556611407053692, 1.0009791568702016, 0.8470581011493051, 0.9854166643746229]
1896.025758719775
[0.23090845741082155, 2.2250871039459588, 0.08384573079518856, 0.9104304641751431, 1.2838575542584318, 1.1586404320195542, 0.8593087678143709, 0.9629371857996338, 1.33236273369118, 0.9933933977692454, -0.5387602642456791, 0.962325972801778, 0.9914404071753123, 0.8692385439219319, 0.9799898123381776]
6346.4558922630285
[0.8303821428632738, 2.457322967298952, 0.2866638948997895, 1.0332668138011507, 1.2422180256851258, 1.0371717558261262, 0.855999640800476, 0.8607447799666388, 1.4649240685219809, 1.0008516355403931, 0.011787289700602206, 0.9450294932531355, 0.9901739417959098, 0.9083230372978665, 0.971670293726453]
4357.19741080832
[0.6905208166656058, 1.9170613479467016, 0.007671484125047562, 0.9399097220323183, 1.1405935928618258, 1.1498390703184653, 0.8263097707531646, 1.0439377872925615, 1.3110181011297604, 0.9976598321584565, -0.03867878109585363, 0.9792736547786585, 0.9997994271381773, 0.82980829588915, 0.9843024748767313]
11612.39240717981
[0.5042670195279559, 1.3365651825202276, 0.20648880425389807, 0.9067378926048635, 1.0895202003703393, 1.2859052092410548, 0.92351871309712, 0.8141434703583036, 1.2603841458937453, 0.9869965380459158, -0.055086317074938065, 0.9361154605860869, 0.9941745818379435, 0.873784504413716, 0.9882630377866601]
19258.95136617967
[0.8583194904666995, 0.8927850680203444, 0.31571956257036926, 1.0116112745506016, 1.0741085293851313, 1.2310842483394304, 0.8927876259328492, 0.9098382339603803, 1.318825720770667, 0.9906107494690525, -0.14996280978881618, 0.959145162850203, 0.9966007744021701, 0.8091856296799724, 0.9841831360971958]
7267.584333347692
[0.9342862985670002, 1.0598868766535614, 0.28755626852604166, 1.025308181043734, 1.18708417581725, 1.146027039332822, 0.8232554302639594, 1.0336872810898798, 1.20926781330949, 0.9989161239479415, -0.214714136758026, 0.829110206369014, 0.9945695698653116, 0.7834726584159267, 0.9820859681251838]
6655.94902704421
[0.9554983290074787, 2.1838070325901264, 0.18057908661275576, 1.0065317228348256, 1.331396277264251, 1.1659366994276674, 0.890412094774418, 1.0206751926157487, 1.4216490095240117, 0.9852307805684529, -0.10154849312443973, 0.9142113196095321, 0.9967428155865738, 0.8503494191850296, 0.9843886961133896]
4228.488794524104
[0.7980173462580556, 2.3178677375291503, 0.2543611920191774, 1.0122840715979864, 1.0164299311278069, 1.007705270836793, 0.9188054051973374, 1.0856325165245015, 1.3680033317580578, 0.9936542090471718, -0.21761426223818098, 0.9059170532826523, 0.9895093660420998, 0.7950470334033931, 0.9862008759898929]
9672.173720379604
[0.8404486907657727, 1.4820956369654914, -0.04877303128837132, 0.9113103690286172, 1.142056341874995, 1.0554332073179642, 0.9738995206799862, 0.8348337282938352, 1.4844842795918858, 1.0024977479299089, 0.02777099886051292, 0.9867670611440369, 0.9956549013216833, 0.8885659452847111, 0.992700639493303]
2443.248212774316
[0.6467389147034803, 0.8381464596743211, -0.05330253853709552, 0.9240804472023101, 1.1546332250102957, 1.1776834356265415, 0.8624565217705892, 0.8555437041518127, 1.4349878258305053, 0.9913947453880729, -0.32331870991470807, 0.9051149822918855, 0.9993779022123778, 0.8009718255397582, 0.9884421598907057]
3416.306465016871
[0.38887994118881464, 1.7371678382638363, 0.0627039122327703, 0.9477909008256687, 1.2383505101073355, 1.2461781315317502, 0.8579996096728909, 0.8658189185260289, 1.3790452070298502, 1.0013864559441592, -0.02554603018937084, 0.8994511219778044, 1.0051984133573104, 0.8166206936514073, 0.9852733407694618]
5189.970340103507
[0.22129154652528116, 1.9603429757540753, 0.33754171267006594, 1.0276805947043985, 1.3038618504986528, 1.2321761784136465, 0.9719495741046997, 0.9135677423456232, 1.4676546143496534, 0.9847000997819364, -0.04774007364837707, 0.9411276238677737, 0.9944065446518902, 0.7868651785116052, 0.9864070754207803]
29998.709802127953
[0.9304442939046226, 2.373376371969552, 0.0911018686086785, 0.9003406667140383, 1.2629743056892546, 1.0278833712852635, 0.9344858033399456, 0.8861705478030958, 1.3372067399134666, 0.9920578312240125, -0.002028063557213097, 0.8991896402834103, 1.0019653259875936, 0.7875543179842565, 0.9811728797016942]
7864.513314866529
[0.4806521844851023, 0.6496953310945119, 0.2752036368863541, 0.9525504853346088, 1.190558447131698, 1.0310232003265576, 0.8777721180096485, 1.0133740347449942, 1.2632599674868543, 0.9984892512248232, -0.10567591669013608, 0.8826772264207191, 0.993035314110623, 0.8546963538271898, 0.9872700834754797]
6902.477582273819
