[0.1311561314474392, 2.166432214841685, 0.25146901816322365, 1.019843648002446, 1.1934267812151205, 1.2786738091502223, 0.835987957253868, 1.0398283914059328, 1.375353113341787, 0.9926400407782232, 0.0004990519449557333, 0.8714069785758805, 1.0082556906218882, 0.8480226467941392, 0.9877011908614405]
0.2446620828993528
[5831.960302442085, 73543.60889462638, 60545.19049833741, 4161.057017496324, 48743.52583447308, 2433.993780602606]
32543.222721329646
[0.8507146258055638, 0.5548025715731254, 0.39738817669007054, 1.0680869839182883, 1.2323981601253167, 1.1840443039547266, 0.8432063951490716, 1.0310422503552288, 1.4740753195301517, 0.9923002080919948, -0.05379846107726932, 0.8545963167544874, 0.9982575136351792, 0.7917490850982014, 0.9822623743425681]
0.10466503440274237
[8471.600948147394, 7101.359545181521, 33812.99367049162, 3576.7860034949035, 7039.85041399967, 14031.645837461338]
12339.039403129407
[0.16054190922562983, 2.305550259875662, 0.054645902414068775, 1.0343593280403036, 1.065638592149612, 1.2825812117061357, 0.9955224255430711, 0.814848045555616, 1.2072077626062154, 0.9992937400478883, -0.11413190507006606, 1.0006418478785324, 1.0061757216190705, 0.8103364941247059, 0.9968060647827721]
0.1436297849138454
[2490.210065822731, 11485.039700896756, 8216.93771487343, 3327.3121239663596, 9829.11379075065, 3128.80873144031]
6412.903687958373
[0.07634498157807912, 1.5306759760443915, -0.04220337956880246, 1.0559460147553938, 1.0451522939545659, 1.0174539062705306, 0.8871123173590099, 0.8228243053695784, 1.3701238213531273, 0.9826747447562397, 0.018220181386450773, 0.9062360384987588, 1.0015890422912594, 0.8289139238442794, 0.9886774367431658]
0.09640966767440744
[6350.139403353924, 7119.367950149137, 12393.58781457235, 2030.5582627002436, 4503.860613040972, 10312.572027356347]
7118.347678528829
[0.037601278282377915, 1.2581156879213389, 0.3653945806135408, 1.0483345334797172, 0.9848208048175359, 1.2713540715672393, 0.8907654470401271, 0.8411189012531264, 1.4030112088653026, 0.9943903031797667, -0.35197672745520286, 0.9050781671663224, 0.983834073564253, 0.8345995538375638, 0.9805402983736783]
0.30222001710603247
[1956.717717933557, 193392.4290807046, 50682.11852062033, 948.3222402070462, 35846.04391108809, 2442.081389989728]
47544.61881009056
[0.6539231838953087, 1.8529257421415928, 0.09668409234736816, 1.0040763627471079, 1.2025747904251238, 1.1677346191215527, 0.8641167510353476, 0.9518619539936617, 1.309808073589435, 0.9803467942617112, -0.2906528748114014, 0.9529012791872662, 1.0074688636172684, 0.8977011194870095, 0.9840557802236829]
0.17600246142631412
[7663.74901942992, 42856.52010113441, 36364.637645500814, 9494.01403699578, 38414.91711154422, 6965.62849892208]
23626.577735587867
[0.29145150069238246, 0.8108045615733614, 0.08857268483804827, 1.0031342558788525, 1.1081191817129104, 1.0455204429871432, 0.840190861017478, 1.0491160464908635, 1.3484677683202495, 0.99750651642243, -0.2811281987195318, 0.9488984856346575, 0.9894799386004273, 0.7998671661395587, 0.9817212508721815]
0.1786842687383643
[2799.4138025140737, 29268.20908711766, 11091.164688583855, 3945.472965542032, 12622.082268766106, 1861.8732862068773]
10264.702683121768
[0.7409243017291323, 1.7862071258216294, 0.3093687292462376, 1.0584864811702221, 1.0039669829019844, 1.1565827077669901, 0.9371363628222944, 1.0783704226233486, 1.2671538101989364, 0.9847297478685764, -0.3883037827650822, 0.962577686544568, 0.9977907978735935, 0.8547913296387131, 0.9964822313127835]
0.13486321015312833
[11737.97004495314, 5671.700326037857, 29674.98127235668, 4224.418449005757, 50252.678071650545, 10576.29115504579]
18689.67321984163
[0.1311561314474392, 0.5548025715731254, 0.39738817669007054, 1.0680869839182883, 1.2323981601253167, 1.1840443039547266, 0.8432063951490716, 1.0310422503552288, 1.4740753195301517, 0.970946412455219, 0.009994856536847466, 0.9153331381834308, 0.9944842148054598, 0.8715031340412197, 0.9877011908614405]
0.11444728285964545
[13882.352207541202, 9896.554736316215, 32430.085282852084, 9003.270824585214, 18721.784140479096, 8090.220123431221]
15337.377885867505
[0.9403244955179653, 1.3213555443929195, 0.032689509901066754, 1.0436240161490677, 1.1093632031517837, 1.0615170318344438, 0.8257493220124711, 0.9380267496808304, 1.3131506130343107, 0.9923002080919948, -0.05379846107726932, 0.8545963167544874, 0.9982575136351792, 0.8480226467941392, 0.9818091684684337]
nan
[nan, 11506.740271082286, nan, 11591.343812780791, 10069.321674820983, nan]
nan
[0.625788252305201, 1.3597779562641898, 0.1037899189421436, 1.0502892307603933, 1.023144802871144, 1.0309780085066755, 0.9146524183883017, 0.8554673133001587, 1.4509761540316681, 0.9819340659354571, -0.03265249129233552, 0.8784479127504783, 0.9940606794394172, 0.7917490850982014, 0.9819000814980321]
0.1035695884733759
[3789.8440062383975, 6253.408255686866, 6630.801931300175, 3752.3740429694585, 6289.9725519268695, 4052.6957419702494]
5128.182755015336
[0.8507146258055638, 2.166432214841685, 0.25146901816322365, 1.019843648002446, 1.1934267812151205, 1.2786738091502223, 0.835987957253868, 1.0398283914059328, 1.375353113341787, 0.9926400407782232, 0.0004990519449557333, 0.8714069785758805, 1.0082556906218882, 0.8756789984743872, 0.9822623743425681]
0.10944214798347618
[12083.909411960925, 105.15278191925319, 7091.398709623366, 6149.864212012542, 10256.074451824368, 4349.039165555712]
6672.57312214936
[0.4626252041379273, 1.6350075878669807, 0.34986934921025603, 1.0231080328602544, 1.3134819959206854, 1.0918649461157521, 0.9709616206883986, 0.9479732247778043, 1.3760676111206622, 0.99293555294531, -0.01056921290707218, 0.8975750881923816, 0.9877456890613939, 0.895359554828437, 0.9770200675634669]
0.19625661645898687
[2562.43094849833, 13251.63650040982, 23600.084941540998, 1433.090844881268, 11508.29790112019, 1833.211465201402]
9031.458766942002
[0.10684256968972883, 1.1421709856192384, 0.27350824408318475, 0.9877448522578813, 1.0760547872425865, 1.2745231615209662, 0.9038554056254413, 1.0764846753295985, 1.2709398376771783, 0.992549883242513, -0.3044455098712273, 0.9467020070162686, 1.0014235121991226, 0.8164237632733558, 0.9867262709280287]
0.2115799144723638
[15364.05427448327, 166428.56766428702, 58976.41947228287, 17874.18918086127, 91448.64039567177, 6632.637059926201]
59454.0846745854
[0.07455540395472571, 2.0885293456748895, 0.314702709895333, 0.9262038819377997, 1.2173154018130445, 1.1784287233808821, 0.8485702211180023, 0.8260935252855891, 1.238952498221345, 0.9870457504100693, -0.4419402358096215, 0.8911612671555801, 0.9931610518490452, 0.8118325710962232, 0.9880656092521786]
0.10864214366890519
[23551.6008110056, 20871.67310534979, 40965.78501603408, 6204.1197204125965, 15282.748141803868, 21314.651073951307]
21365.09631142621
[0.2715150632179021, 0.8394699783381769, 0.01810971225532912, 1.0051522915864572, 1.3584998094982754, 1.1840443039547266, 0.9568548726192876, 0.8390786867961815, 1.405167478380278, 0.9956056683426838, 0.014300142797771682, 0.8211324905301434, 0.9935755854051134, 0.8097930235721102, 0.993202551431734]
-1.0
[1061.4897092113797, 14525.544649774547, 95234.21230035143, -1, 0, 0]
18470.04110988956
[0.1311561314474392, 0.584451122143536, 0.39738817669007054, 1.0680869839182883, 1.2323981601253167, 1.2329064549621824, 0.8432063951490716, 1.0310422503552288, 1.4740753195301517, 0.9923002080919948, -0.05379846107726932, 0.8545963167544874, 0.9982575136351792, 0.8480226467941392, 0.987670227803277]
0.12418627959433581
[19001.20680228943, 19505.869828467476, 65558.6575728929, 10719.33810848842, 22299.162949687012, 16518.005820297916]
25600.373513687195
[0.3635637617391334, 1.263676344815737, 0.26627781073551404, 0.9393232485698455, 1.151453023038223, 1.07224193630503, 0.9045107138859212, 0.8893606097786283, 1.3892826198982975, 0.9848689669231955, -0.19750423506786494, 0.8530573466614162, 0.9878711176633878, 0.7533229273996144, 0.9856277702958907]
0.13940351429887152
[6772.686805794051, 25078.277600690286, 15866.247767599001, 5290.246937818322, 13678.263682050178, 6653.288183208879]
12223.168496193452
[0.2146479573628387, 0.45708435059640085, 0.056785969131157216, 1.0370942028844343, 1.2383526824858733, 1.0485828990691273, 0.9385176221854228, 0.9261857950503847, 1.353598372197917, 0.9898923197860731, -0.14918189075158236, 0.9335985170391197, 0.9950343913109655, 0.802112431338447, 0.9857419204666419]
0.16300526900203324
[8628.605902049845, 40084.71195080139, 43247.79660535179, 4068.771621333331, 15776.448024925345, 11925.410174697414]
20621.957379859854
[0.4691417633076027, 1.1988750327125073, 0.06131770256099653, 1.0676565033906857, 1.0012747028991549, 1.0580417182456276, 0.908098430784694, 0.9972593608891784, 1.2227982794724843, 0.996081984747891, -0.2352098399019485, 0.8747768142570037, 1.0019996399126543, 0.8223940494796127, 0.9868503548058271]
0.12556760044226997
[3380.6012286216533, 11434.873106279223, 9389.775056273722, 2167.899545813899, 5185.634703419367, 5439.237838597892]
6166.336913167626
[0.3564181019098759, 0.6708443082080455, 0.099958501670902, 0.9667693686814529, 1.30729147447172, 1.2944651445618511, 0.8248137185585971, 0.8045738600632126, 1.4803916144377458, 0.9907355019866096, -0.17005275444619442, 0.9375692664550528, 0.9990916618271474, 0.8286152389975192, 0.9839776965258563]
0.15037672065050223
[14189.017745637619, 34447.41447283231, 100445.40845737486, 10836.512628292658, 21149.380781941636, 16309.689343650556]
32896.237238288275
[0.6136091118930658, 0.9936903317597561, 0.01169272054319545, 0.9845391271878885, 1.2618199772854872, 1.0739193021289166, 0.8021918701423401, 0.8906339826011165, 1.4629542554632005, 0.999538193622794, -0.296370735273927, 0.8977186936797814, 0.9930564577394159, 0.877925485128301, 0.9901041671830119]
0.09589911820142312
[4769.67301876566, 2864.64188424926, 11859.935851454864, 8815.471826736746, 5480.6551597275475, 1441.5626019291503]
5871.990057143871
[0.1521957325636063, 1.606374753101183, 0.08274252459150647, 0.8995447529385359, 1.312724718736749, 1.1865300833510648, 0.9760870206169197, 0.9060266918328423, 1.4052277716102919, 0.9940280737135043, -0.2632536631159758, 0.9073162052603819, 0.997649815194141, 0.7967242862897111, 0.9768934186210467]
0.2398768610751106
[3052.36488499125, 55231.14249653453, 53094.23161083926, 4536.664809439957, 25855.901503851775, 1554.4449412680667]
23887.458374487473
[0.5446816803414041, 2.2817789615575905, 0.24985506204503247, 1.0788707097891581, 1.0288185416311715, 1.0851076044582828, 0.9968195893671093, 0.9972851097412878, 1.3166222969218802, 1.002387903217674, -0.014516210845598296, 0.8944241399071949, 1.005039832439783, 0.7529489303977452, 0.9842157226191451]
0.15014996455828186
[2280.3516236570063, 8182.253857467335, 7162.815748003055, 956.2896976362912, 6554.042324216293, 3070.998285854951]
4701.125256139155
[0.42767589675522955, 1.8442235811007477, 0.09844424258129061, 1.0461323335956367, 1.1702801846717734, 1.2596965457233749, 0.8105118847344838, 0.9006363746978036, 1.2477421098326185, 1.0021631014438466, -0.21399683752381185, 0.8890030565582407, 0.9821769264377379, 0.8731402540383914, 0.9800038420586866]
0.09105076263688106
[1770.8688720486682, 4766.26931195188, 8243.475035841946, 4290.131050663109, 3578.151992731264, 7361.874980202779]
5001.79520723994
[0.0818720035973981, 1.142788542586184, -0.08471271965202967, 0.9188502623052172, 1.3014097676053684, 1.0979005374206192, 0.954146952924167, 0.9548107319382536, 1.3019689134603158, 0.9907684633680209, -0.30669900939603806, 0.9184559294339121, 0.9937560324816176, 0.8238184589566169, 0.9904593323085539]
0.15839022545395606
[3028.913633724375, 10802.160248819511, 73739.90777728698, 2374.907138423182, 6365.9124856007365, 11497.599884576202]
17968.233528071833
[0.071789410943644, 0.3942503814298487, 0.08240873748261598, 0.9668456849390964, 1.0045586298380815, 1.0118075299354001, 0.9871270164438548, 1.0150431059988865, 1.3910617623297488, 0.9875385758386853, -0.25692153424186176, 0.935704315778364, 0.9918909879966671, 0.8215260403344679, 0.9848384947529445]
0.12334151752787255
[4160.547321383272, 14223.526962791108, 7294.346761348013, 5167.609419704103, 8921.53490559635, 3673.1324328246433]
7240.116300607914
[0.3926717647456015, 0.8442387327535, -0.0748349114194998, 1.0340425385293983, 1.3155623638806095, 1.0882883698379413, 0.9673915532972774, 1.0210107382452613, 1.3167496720947733, 0.9966047103150603, 0.1805572236264841, 0.8982864516455752, 0.9848181341946828, 0.8549217904534694, 0.9819548038172642]
-1.0
[-1, 0, 0, 0, 0, 0]
-0.16666666666666666
[0.4709221818641848, 0.5021529119494483, 0.11076263927210825, 0.9243474883379316, 1.2021105821944458, 1.1302997569624813, 0.8859121058998406, 0.8619124917053289, 1.3562476476732985, 0.9996578481874346, -0.0436239788851861, 0.8760847813436599, 0.9982265868191067, 0.8356425003061159, 0.9920532215386799]
0.10418139167850016
[3958.0504341324745, 4065.551187690502, 12444.044423239691, 1720.0093037520521, 3238.2850019700286, 5065.907949932834]
5081.974716786263
[0.6429411428109544, 0.34017987236484104, 0.2804425235981821, 0.9466785059606854, 1.387484183847385, 1.184926133397603, 0.9286370198885577, 0.9702178844519577, 1.3108015181725445, 0.9962641060050526, -0.4386271754085764, 0.9510365257677821, 1.0054902219874131, 0.866259130735439, 0.9846602309217326]
0.20633529286338229
[7537.5709920582785, 12551.853545017195, 59820.619236539744, 552.9232886328834, 3355.7962094632617, 87347.88132682665]
28527.774099756334
[0.18236566944260268, 1.3473557829943315, 0.11077980319352385, 1.0174905821552351, 1.1202063913348206, 1.2878917058246635, 0.9883233875599098, 0.9473299319649378, 1.247371304329522, 0.9892876799914887, -0.039438250540591746, 0.8991675206949598, 0.9837430804232833, 0.8985429145727123, 0.9813010286320475]
0.17657122009784257
[1793.2004365507282, 19018.166512444288, 6650.236749260515, 1534.1916219560449, 5769.658160440549, 1178.639355805238]
5990.6821394095605
[0.7877439995353241, 1.5813369816838447, 0.1119885911447073, 1.0311307206680231, 1.023144802871144, 1.0309780085066755, 0.9146524183883017, 0.8554673133001587, 1.4509761540316681, 0.9819340659354571, -0.03265249129233552, 0.8784479127504783, 0.9940606794394172, 0.8756789984743872, 0.9819000814980321]
0.07951868304049518
[5833.285408384342, 3772.8655133378884, 4117.886391228816, 5510.949208787798, 7972.637802120304, 2993.4375719852665]
5033.510315974069
[0.625788252305201, 1.3597779562641898, 0.1037899189421436, 1.0502892307603933, 1.251476300233637, 1.0503464383099343, 0.8578005256489936, 1.0984459868943999, 1.3796409268992853, 0.9832961879014868, -0.09822649363380279, 0.8865180062923158, 0.9999129781526013, 0.8508749836913293, 0.9927412727660542]
0.23578669315627696
[3054.6036708425736, 33549.30128176506, 36432.09380291884, 3358.917981001748, 30894.70860889601, 1134.173263312747]
18070.633101456162
[0.36808968780799034, 2.032744408153096, 0.14339128011574134, 0.9257802360783058, 1.2415699358793444, 1.0578836919719277, 0.9358223108999942, 0.8340237955778482, 1.2958582555885232, 0.9908431382390985, 0.17091573969771504, 0.9120671890672771, 0.999211833674615, 0.8383700520066696, 0.9797176031986317]
0.020621301336836373
[1259.0375634130196, 265.4894424134875, 558.4931271620009, 1175.5863053145356, 604.6649504562097, 930.0348140509527]
798.8843671350343
[0.6136091118930658, 1.739955002354029, 0.14861638778563316, 1.0198326500089119, 1.139070432672563, 1.2944651445618511, 0.8248137185585971, 0.8045738600632126, 1.4803916144377458, 0.9907355019866096, -0.17262082453872132, 0.9375692664550528, 0.9988954739239251, 0.8333800913661319, 0.9901041671830119]
0.15105307929396994
[5054.465889281901, 17629.40163647121, 26407.24755822946, 5320.004511656792, 15347.507035935501, 6414.725228266446]
12695.558643306884
[0.670401454963284, 0.9936903317597561, 0.01169272054319545, 0.9845391271878885, 1.30729147447172, 1.215202474754767, 0.8566876931782132, 0.8912032515922607, 1.338078179719324, 0.9831114621308941, -0.1345709256321629, 0.831280340568703, 1.0041390107408532, 0.8179812656252309, 0.9874311020154294]
0.13357902217438036
[6325.591087869798, 9774.641800756346, 15136.511132726902, 12856.111063213712, 15004.747342233713, 1404.195514788474]
10083.632990264823
[0.19130944473818134, 1.5420062452976429, 0.2717666473619884, 0.9051201354810835, 1.0490558944564568, 1.1824151591576262, 0.9684556243055026, 1.0409363759408343, 1.4448546496247148, 0.9880233408057797, -0.0794018599350963, 0.8733716102601791, 0.9975712339731213, 0.8567418062140397, 0.9851203005212321]
0.17971273467966511
[5062.741112652392, 53032.862708248256, 17309.539028836283, 5345.083804702595, 19445.82719535802, 3940.3859977983534]
17356.07330793265
[0.19130944473818134, 1.5420062452976429, 0.2717666473619884, 0.9051201354810835, 1.0490558944564568, 1.1824151591576262, 0.9684556243055026, 1.0409363759408343, 1.4448546496247148, 0.9880233408057797, -0.0794018599350963, 0.8733716102601791, 0.9975712339731213, 0.8567418062140397, 0.9851203005212321]
0.17971273467966511
[5062.741112652392, 53032.862708248256, 17309.539028836283, 5345.083804702595, 19445.82719535802, 3940.3859977983534]
17356.07330793265
[0.1311561314474392, 0.5548025715731254, 0.39738817669007054, 1.0680869839182883, 1.0490558944564568, 1.1824151591576262, 0.9684556243055026, 1.0409363759408343, 1.4448546496247148, 0.9880233408057797, -0.05379846107726932, 0.8545963167544874, 0.9982575136351792, 0.8480226467941392, 0.9877011908614405]
0.15127415715974749
[10948.79243817335, 48073.98326876807, 44573.3783116149, 9354.938006185757, 27291.651373338464, 17467.453343359957]
26285.03279024008
[0.19130944473818134, 1.5420062452976429, 0.2717666473619884, 0.9051201354810835, 1.2323981601253167, 1.1840443039547266, 0.8432063951490716, 1.0310422503552288, 1.4740753195301517, 0.9923002080919948, -0.0794018599350963, 0.8733716102601791, 0.9975712339731213, 0.8567418062140397, 0.9851203005212321]
0.28700152021418807
[4714.751404883087, 241368.3619196915, 94752.9960530019, 2390.6795955821917, 47801.80034288629, 3876.9838732104763]
65817.59553154258
[0.0818720035973981, 1.142788542586184, 0.07909500892697859, 1.0040763627471079, 1.2025747904251238, 1.1677346191215527, 0.8641167510353476, 0.9518619539936617, 1.309808073589435, 0.9803467942617112, -0.25692153424186176, 0.935704315778364, 0.9918909879966671, 0.8238184589566169, 0.9904593323085539]
0.19368185439939922
[3965.357452406469, 60303.64452868218, 42340.876339402304, 5530.915588050146, 15754.097648897372, 5825.475001971714]
22286.727759901696
[0.6539231838953087, 1.8529257421415928, 0.08240873748261598, 0.9668456849390964, 1.0045586298380815, 1.0118075299354001, 0.9871270164438548, 1.0150431059988865, 1.3910617623297488, 0.9875385758386853, -0.2906528748114014, 0.9529012791872662, 1.0074688636172684, 0.8929362671183968, 0.9840557802236829]
0.1358111432649792
[1832.1938463447025, 8256.421628162501, 5312.883933700412, 1815.2218759187062, 4849.525774137868, 2337.795042303124]
4067.340350094553
[0.03392967398163549, 0.5780259559270704, 0.2448895502370497, 1.0248901903402583, 1.0345193832539914, 1.2692618786711052, 0.8160412729073936, 0.8906339826011165, 1.4629542554632005, 0.999538193622794, -0.296370735273927, 0.8594733015310625, 0.9866396988803947, 0.8376165817332727, 0.9833204999341487]
0.1393654182080978
[4000.1333840248726, 18295.43436482535, 10874.534319878303, 3356.4254032820168, 9042.16608589904, 5164.524420107061]
8455.536329669441
[0.3564181019098759, 0.6708443082080455, 0.099958501670902, 0.9667693686814529, 1.2618199772854872, 1.0739193021289166, 0.8021918701423401, 0.8711378519645543, 1.477616087909193, 0.9712480591359, -0.08608603317395254, 0.8977186936797814, 0.9930564577394159, 0.877925485128301, 0.9839776965258563]
0.1098158313008033
[10503.189803404797, 12395.910453983619, 30397.876615618417, 17841.32529438529, 15989.376160227128, 6687.690106638277]
15635.894739042918
[0.9504765949006222, 2.1600657467127644, 0.3280966303199402, 1.0924069436053938, 1.0425155507479313, 1.2209950149800168, 0.8993789380298616, 0.9579761547094467, 1.215696116535008, 0.9936314139320604, -0.21895217127290778, 0.8256790342733293, 0.9906377126862188, 0.8149727201465253, 0.9763710979393693]
0.08639723795463161
[21567.40758006733, 2066.743488281824, 15710.39292537719, 4448.166250599256, 4290.971833091013, 52023.2620707722]
16684.4906913648
[0.19130944473818134, 1.5420062452976429, 0.2717666473619884, 0.9051201354810835, 1.2093742017594336, 1.0675737013899402, 0.939201319485688, 1.0625366409195607, 1.4448546496247148, 0.9880233408057797, -0.0794018599350963, 0.8733716102601791, 0.9975712339731213, 0.8567418062140397, 0.9851203005212321]
0.24550076562881581
[4751.564116143628, 136713.0406401924, 36223.59510923032, 8554.351013782223, 48782.93472522018, 1557.6716375304638]
39430.52620701653
[0.6924176601240333, 1.40769419253516, 0.2178645465810861, 1.0977952916219387, 1.0490558944564568, 1.1824151591576262, 0.9684556243055026, 1.0409363759408343, 1.3568330388357306, 0.9930186922300832, -0.07812276081296804, 0.9697768438388416, 1.0008216629098687, 0.8907258999914138, 0.9944532809951758]
0.13322679166479134
[4656.292318769888, 8669.610580721353, 11805.539010379134, 7208.782704365457, 14454.42787289213, 2290.2187708275524]
8180.811876325919
[0.670401454963284, 1.739955002354029, 0.01693559569976008, 0.9336393682180679, 1.0461380939832736, 1.215202474754767, 0.8566876931782132, 0.8912032515922607, 1.338078179719324, 0.9833867396657004, -0.1345709256321629, 0.831280340568703, 1.0041390107408532, 0.8179812656252309, 0.9874311020154294]
nan
[nan, 7052.088592622368, nan, 2629.040782165641, 5757.926204339441, nan]
nan
[0.2304812918097502, 0.39025684423242324, 0.14861638778563316, 1.0198326500089119, 1.139070432672563, 1.2005471119831146, 0.8700889530031324, 0.8189588908637211, 1.437880504565327, 0.9953718619204521, 0.08703391143376102, 0.9357360082577731, 0.9915853013230767, 0.8777911018178883, 0.9617742391338397]
0.12110261539016214
[2653.082168061229, 5596.617795230378, 4164.018205508506, 1367.6644379807176, 5523.679010045528, 2799.4018133455547]
3684.0772383619856
[0.3014219632631846, 2.356716212634013, 0.25401035560219676, 0.9030543963716512, 1.1366998529345582, 1.1424685968638315, 0.8219830230855653, 1.0712834144959458, 1.3824455142340273, 0.9883383920822271, -0.0959852549767292, 0.887126777298524, 0.9960273248969345, 0.843949655112629, 0.9914455830262151]
0.14801836799880208
[4229.118205774785, 9573.139430793934, 9407.118634259494, 2006.8496552441272, 10800.441959516776, 2576.2533734934286]
6432.153543180423
[0.7162429431954181, 0.21871678249035353, -0.017170190595797302, 1.002496358257892, 1.1455426664089006, 1.2351897508690401, 0.855535449578988, 0.879982616873903, 1.3645712692331546, 0.9924241731037107, -0.23613899198221927, 0.9537292318624326, 0.9936059110660871, 0.7971920082185325, 0.9831454386759637]
nan
[nan, 6649.221781506706, nan, 4692.325424547965, 5798.975439119339, nan]
nan
[0.6924176601240333, 1.40769419253516, 0.2178645465810861, 1.0977952916219387, 1.3155623638806095, 1.0882883698379413, 0.9673915532972774, 1.0625366409195607, 1.3568330388357306, 0.9930186922300832, -0.07812276081296804, 0.9697768438388416, 1.0008216629098687, 0.8907258999914138, 0.9944532809951758]
0.13758170357275304
[2923.6436388901743, 3723.3408662424404, 2914.657062803887, 2663.8732029534945, 18790.971864633713, 902.5358315726216]
5319.837077849389
[0.3926717647456015, 0.8442387327535, -0.0748349114194998, 1.0340425385293983, 1.2093742017594336, 1.0675737013899402, 0.939201319485688, 1.0210107382452613, 1.3167496720947733, 0.9996578481874346, -0.0436239788851861, 0.8760847813436599, 0.9982265868191067, 0.8356425003061159, 0.9920532215386799]
0.12426153741587902
[6083.667160024161, 12775.257910639508, 10522.318024126193, 7047.251988722089, 9734.886074802193, 2554.3159841328215]
8119.616190407828
[0.4362479317832968, 2.4296364762935263, 0.03915583321883462, 1.0317924712763913, 1.225044375704306, 1.0153292290997797, 0.8534724318534253, 1.0188253707821446, 1.3978877335835227, 0.9823995017893249, -0.0279313379655322, 0.9114968263887848, 0.9904477491023733, 0.852117686893203, 0.989240777476885]
0.10812177177378746
[4197.0200040164045, 2867.8130576047283, 5747.961042619441, 9292.89093312096, 8907.004725028768, 580.4471267712765]
5265.522814860263
[0.6093842285280616, 1.6206864255490836, 0.1942111275895281, 0.9844382263597917, 1.1630460674560426, 1.0043547493813139, 0.8485224976357939, 1.0940895258537737, 1.4783185576047688, 0.9918772347171553, -0.09434337055944794, 0.9256109511335692, 0.9979779925204332, 0.8008959762071393, 0.9895346961303096]
0.1727019138374816
[8525.065700801577, 22120.338097936263, 25749.034455605462, 7981.180910916416, 33050.68235344025, 2371.377066115346]
16632.946430802553
